C00002 (ATP)	768,179,4
C00008 (ADP)	858,180,4
C00159 (D-Mannose)	219,763,4
C00159 (D-Mannose)	960,848,4
C00275 (D-Mannose 6-phosphate)	223,833,4
C00275 (D-Mannose 6-phosphate)	415,797,4
C00275 (D-Mannose 6-phosphate)	638,754,4
C00275 (D-Mannose 6-phosphate)	858,757,4
C00275 (D-Mannose 6-phosphate)	939,782,4
108664 (Atp6v1h)	788,203,834,220
114143 (Atp6v0b)	788,203,834,220
11972 (Atp6v0d1)	788,203,834,220
11975 (Atp6v0a1)	788,203,834,220
11984 (Atp6v0c)	788,203,834,220
140494 (Atp6v0a4)	788,203,834,220
21871 (Atp6v0a2)	788,203,834,220
242341 (Atp6v0d2)	788,203,834,220
27060 (Tcirg1)	788,203,834,220
54411 (Atp6ap1)	788,203,834,220
13030 (Ctsb)	1049,117,1095,134
13032 (Ctsc)	1049,117,1095,134
13033 (Ctsd)	1049,117,1095,134
13034 (Ctse)	1049,117,1095,134
13035 (Ctsg)	1049,117,1095,134
13036 (Ctsh)	1049,117,1095,134
13038 (Ctsk)	1049,117,1095,134
13039 (Ctsl)	1049,117,1095,134
13040 (Ctss)	1049,117,1095,134
13041 (Ctsw)	1049,117,1095,134
19025 (Ctsa)	1049,117,1095,134
229445 (Ctso)	1049,117,1095,134
26898 (Ctsj)	1049,117,1095,134
56464 (Ctsf)	1049,117,1095,134
64138 (Ctsz)	1049,117,1095,134
64139 (Ctsm)	1049,117,1095,134
16541 (Napsa)	1104,117,1150,134
19141 (Lgmn)	1159,117,1205,134
12751 (Tpp1)	1214,117,1260,134
11605 (Gla)	1049,159,1095,176
12091 (Glb1)	1104,159,1150,176
14387 (Gaa)	1159,159,1204,176
14466 (Gba)	1214,159,1260,176
15211 (Hexa)	1049,205,1095,222
15212 (Hexb)	1049,205,1095,222
110173 (Manba)	1104,205,1150,222
17159 (Man2b1)	1159,205,1205,222
17939 (Naga)	1049,182,1095,199
110006 (Gusb)	1214,182,1260,199
18010 (Neu1)	1214,205,1260,222
14420 (Galc)	1159,182,1205,199
27419 (Naglu)	1104,182,1150,199
15932 (Idua)	1269,159,1315,176
71665 (Fuca1)	1269,182,1315,199
11881 (Arsb)	1049,247,1095,264
11883 (Arsa)	1049,247,1095,264
74008 (Arsg)	1049,247,1095,264
75612 (Gns)	1159,247,1205,264
15931 (Ids)	1214,247,1260,264
27029 (Sgsh)	1269,247,1315,264
50917 (Galns)	1104,247,1150,264
16889 (Lipa)	1049,289,1095,306
192654 (Pla2g15)	1104,289,1150,306
13423 (Dnase2a)	1159,289,1205,306
56629 (Dnase2b)	1159,289,1205,306
11432 (Acp2)	1214,289,1260,306
20597 (Smpd1)	1049,331,1095,348
11886 (Asah1)	1159,331,1205,348
11593 (Aga)	1269,331,1315,348
11432 (Acp2)	1159,520,1205,537
214505 (Gnptg)	127,796,173,813
432486 (Gnptab)	127,796,173,813
14667 (Gm2a)	1104,372,1150,389
19156 (Psap)	1049,372,1095,389
76943 (Psapl1)	1049,372,1095,389
19063 (Ppt1)	1159,372,1205,389
54397 (Ppt2)	1159,372,1205,389
12514 (Cd68)	1049,455,1095,472
16783 (Lamp1)	1049,455,1095,472
16784 (Lamp2)	1049,455,1095,472
239739 (Lamp3)	1049,455,1095,472
12492 (Scarb2)	1104,455,1150,472
12512 (Cd63)	1104,455,1150,472
83429 (Ctns)	1104,497,1150,514
235504 (Slc17a5)	1159,497,1205,514
114128 (Laptm4b)	1269,497,1315,514
16792 (Laptm5)	1269,497,1315,514
17775 (Laptm4a)	1269,497,1315,514
56325 (Abcb9)	1104,520,1150,537
11305 (Abca2)	1049,520,1095,537
18173 (Slc11a1)	1214,497,1260,514
18174 (Slc11a2)	1214,497,1260,514
18145 (Npc1)	1049,497,1095,514
67963 (Npc2)	1049,497,1095,514
12752 (Cln3)	1104,543,1150,560
211286 (Cln5)	1159,543,1205,560
53599 (Cd164)	1214,520,1260,537
100862375 (Gm21685)	1269,520,1315,537
67464 (Entpd4)	1269,520,1315,537
20661 (Sort1)	1049,543,1095,560
72175 (Mfsd8)	1214,543,1260,560
52120 (Hgsnat)	1269,543,1315,560
12757 (Clta)	460,820,506,837
67300 (Cltc)	460,820,506,837
74325 (Cltb)	460,820,506,837
16004 (Igf2r)	460,727,506,744
17113 (M6pr)	460,727,506,744
27426 (Nagpa)	127,816,173,833
108012 (Ap1s2)	530,797,576,814
11764 (Ap1b1)	530,797,576,814
11765 (Ap1g1)	530,797,576,814
11766 (Ap1g2)	530,797,576,814
11767 (Ap1m1)	530,797,576,814
11768 (Ap1m2)	530,797,576,814
11769 (Ap1s1)	530,797,576,814
252903 (Ap1s3)	530,797,576,814
11774 (Ap3b1)	581,797,627,814
11775 (Ap3b2)	581,797,627,814
11776 (Ap3d1)	581,797,627,814
11777 (Ap3s1)	581,797,627,814
11778 (Ap3s2)	581,797,627,814
55946 (Ap3m1)	581,797,627,814
64933 (Ap3m2)	581,797,627,814
108012 (Ap1s2)	731,867,777,884
11764 (Ap1b1)	731,867,777,884
11765 (Ap1g1)	731,867,777,884
11766 (Ap1g2)	731,867,777,884
11767 (Ap1m1)	731,867,777,884
11768 (Ap1m2)	731,867,777,884
11769 (Ap1s1)	731,867,777,884
252903 (Ap1s3)	731,867,777,884
108664 (Atp6v1h)	966,764,1012,781
114143 (Atp6v0b)	966,764,1012,781
11972 (Atp6v0d1)	966,764,1012,781
11975 (Atp6v0a1)	966,764,1012,781
11984 (Atp6v0c)	966,764,1012,781
140494 (Atp6v0a4)	966,764,1012,781
21871 (Atp6v0a2)	966,764,1012,781
242341 (Atp6v0d2)	966,764,1012,781
27060 (Tcirg1)	966,764,1012,781
54411 (Atp6ap1)	966,764,1012,781
106039 (Gga1)	530,817,576,834
260302 (Gga3)	530,817,576,834
74105 (Gga2)	530,817,576,834
11774 (Ap3b1)	1040,801,1086,818
11775 (Ap3b2)	1040,801,1086,818
11776 (Ap3d1)	1040,801,1086,818
11777 (Ap3s1)	1040,801,1086,818
11778 (Ap3s2)	1040,801,1086,818
55946 (Ap3m1)	1040,801,1086,818
64933 (Ap3m2)	1040,801,1086,818
11433 (Acp5)	1269,289,1315,306
108011 (Ap4e1)	581,817,627,834
11781 (Ap4m1)	581,817,627,834
11782 (Ap4s1)	581,817,627,834
67489 (Ap4b1)	581,817,627,834
15586 (Hyal1)	1269,205,1315,222
58911 (Sumf1)	98,714,144,731
94178 (Mcoln1)	646,435,692,452
94178 (Mcoln1)	1049,566,1095,583
56722 (Litaf)	1104,566,1150,583
mmu04140: Autophagy - animal	354,605,478,630
mmu04142: Lysosome	40,45,150,70
mmu04144: Endocytosis	109,409,201,434
mmu00531: Glycosaminoglycan degradation	734,507,854,541
mmu04130: SNARE interactions in vesicular transport	71,853,179,888
mmu00511: Other glycan degradation	733,553,853,587
