C00076 (Calcium cation)	657,748,4
C00080 (H+)	1220,233,4
C00080 (H+)	1081,365,4
C03758 (Dopamine)	676,290,4
C01996 (Acetylcholine)	676,290,4
C00334 (4-Aminobutanoate)	676,290,4
C00025 (L-Glutamate)	676,290,4
C16041 (Leu-enkephalin)	676,290,4
C00037 (Glycine)	676,290,4
C00547 (L-Noradrenaline)	676,290,4
C00780 (Serotonin)	676,290,4
C00002 (ATP)	676,290,4
C00388 (Histamine)	676,290,4
C03758 (Dopamine)	554,161,4
C01996 (Acetylcholine)	554,161,4
C00334 (4-Aminobutanoate)	554,161,4
C00025 (L-Glutamate)	554,161,4
C16041 (Leu-enkephalin)	554,161,4
C00037 (Glycine)	554,161,4
C00547 (L-Noradrenaline)	554,161,4
C00780 (Serotonin)	554,161,4
C00002 (ATP)	554,161,4
C00388 (Histamine)	554,161,4
C03758 (Dopamine)	68,437,4
C01996 (Acetylcholine)	68,437,4
C00334 (4-Aminobutanoate)	68,437,4
C00025 (L-Glutamate)	68,437,4
C16041 (Leu-enkephalin)	68,437,4
C00037 (Glycine)	68,437,4
C00547 (L-Noradrenaline)	68,437,4
C00780 (Serotonin)	68,437,4
C00002 (ATP)	68,437,4
C00388 (Histamine)	68,437,4
12286 (Cacna1a)	633,689,679,706
12287 (Cacna1b)	633,689,679,706
13852 (Stx2)	388,635,434,652
20907 (Stx1a)	388,635,434,652
20908 (Stx3)	388,635,434,652
56216 (Stx1b)	388,635,434,652
116837 (Rims1)	180,648,226,665
12889 (Cplx1)	606,606,652,623
12890 (Cplx2)	606,606,652,623
225644 (Cplx4)	606,606,652,623
235415 (Cplx3)	606,606,652,623
19339 (Rab3a)	180,625,226,642
22318 (Vamp2)	388,612,434,629
20614 (Snap25)	388,662,434,679
108124 (Napa)	1131,636,1177,653
18195 (Nsf)	1131,614,1177,631
20979 (Syt1)	659,610,705,627
20979 (Syt1)	262,336,308,353
22318 (Vamp2)	260,383,306,400
12757 (Clta)	1303,509,1349,526
67300 (Cltc)	1303,509,1349,526
74325 (Cltb)	1303,509,1349,526
11771 (Ap2a1)	1353,529,1399,546
11772 (Ap2a2)	1353,529,1399,546
11773 (Ap2m1)	1353,529,1399,546
232910 (Ap2s1)	1353,529,1399,546
71770 (Ap2b1)	1353,529,1399,546
103967 (Dnm3)	1265,671,1311,688
13429 (Dnm1)	1265,671,1311,688
13430 (Dnm2)	1265,671,1311,688
103967 (Dnm3)	1346,672,1392,689
13429 (Dnm1)	1346,672,1392,689
13430 (Dnm2)	1346,672,1392,689
20979 (Syt1)	387,589,433,606
20910 (Stxbp1)	277,628,323,645
20979 (Syt1)	1077,578,1123,595
20614 (Snap25)	884,627,930,644
22318 (Vamp2)	930,580,976,597
13852 (Stx2)	878,603,924,620
20907 (Stx1a)	878,603,924,620
20908 (Stx3)	878,603,924,620
56216 (Stx1b)	878,603,924,620
208898 (Unc13c)	387,548,433,565
22249 (Unc13b)	387,548,433,565
382018 (Unc13a)	387,548,433,565
20979 (Syt1)	335,517,381,534
110877 (Slc18a1)	530,179,576,196
140919 (Slc17a6)	530,179,576,196
20508 (Slc18a3)	530,179,576,196
214084 (Slc18a2)	530,179,576,196
216227 (Slc17a8)	530,179,576,196
22348 (Slc32a1)	530,179,576,196
72961 (Slc17a7)	530,179,576,196
110877 (Slc18a1)	652,309,698,326
140919 (Slc17a6)	652,309,698,326
20508 (Slc18a3)	652,309,698,326
214084 (Slc18a2)	652,309,698,326
216227 (Slc17a8)	652,309,698,326
22348 (Slc32a1)	652,309,698,326
72961 (Slc17a7)	652,309,698,326
108664 (Atp6v1h)	1014,356,1060,373
110935 (Atp6v1b1)	1014,356,1060,373
114143 (Atp6v0b)	1014,356,1060,373
11964 (Atp6v1a)	1014,356,1060,373
11966 (Atp6v1b2)	1014,356,1060,373
11972 (Atp6v0d1)	1014,356,1060,373
11973 (Atp6v1e1)	1014,356,1060,373
11974 (Atp6v0e)	1014,356,1060,373
11975 (Atp6v0a1)	1014,356,1060,373
11984 (Atp6v0c)	1014,356,1060,373
140494 (Atp6v0a4)	1014,356,1060,373
21871 (Atp6v0a2)	1014,356,1060,373
242341 (Atp6v0d2)	1014,356,1060,373
27060 (Tcirg1)	1014,356,1060,373
338375 (Atp6v1g3)	1014,356,1060,373
66144 (Atp6v1f)	1014,356,1060,373
66237 (Atp6v1g2)	1014,356,1060,373
66290 (Atp6v1g1)	1014,356,1060,373
66335 (Atp6v1c1)	1014,356,1060,373
68775 (Atp6v1c2)	1014,356,1060,373
73834 (Atp6v1d)	1014,356,1060,373
74915 (Atp6v1e2)	1014,356,1060,373
76252 (Atp6v0e2)	1014,356,1060,373
108664 (Atp6v1h)	1154,226,1200,243
110935 (Atp6v1b1)	1154,226,1200,243
114143 (Atp6v0b)	1154,226,1200,243
11964 (Atp6v1a)	1154,226,1200,243
11966 (Atp6v1b2)	1154,226,1200,243
11972 (Atp6v0d1)	1154,226,1200,243
11973 (Atp6v1e1)	1154,226,1200,243
11974 (Atp6v0e)	1154,226,1200,243
11975 (Atp6v0a1)	1154,226,1200,243
11984 (Atp6v0c)	1154,226,1200,243
140494 (Atp6v0a4)	1154,226,1200,243
21871 (Atp6v0a2)	1154,226,1200,243
242341 (Atp6v0d2)	1154,226,1200,243
27060 (Tcirg1)	1154,226,1200,243
338375 (Atp6v1g3)	1154,226,1200,243
66144 (Atp6v1f)	1154,226,1200,243
66237 (Atp6v1g2)	1154,226,1200,243
66290 (Atp6v1g1)	1154,226,1200,243
66335 (Atp6v1c1)	1154,226,1200,243
68775 (Atp6v1c2)	1154,226,1200,243
73834 (Atp6v1d)	1154,226,1200,243
74915 (Atp6v1e2)	1154,226,1200,243
76252 (Atp6v0e2)	1154,226,1200,243
104245 (Slc6a5)	99,429,145,446
13162 (Slc6a3)	99,429,145,446
14411 (Slc6a12)	99,429,145,446
14412 (Slc6a13)	99,429,145,446
14664 (Slc6a9)	99,429,145,446
15567 (Slc6a4)	99,429,145,446
20510 (Slc1a1)	99,429,145,446
20511 (Slc1a2)	99,429,145,446
20512 (Slc1a3)	99,429,145,446
20513 (Slc1a6)	99,429,145,446
20538 (Slc6a2)	99,429,145,446
232333 (Slc6a1)	99,429,145,446
240332 (Slc6a7)	99,429,145,446
242607 (Slc1a7)	99,429,145,446
243616 (Slc6a11)	99,429,145,446
mmu04721: Synaptic vesicle cycle	40,45,262,70
mmu04724: Glutamatergic synapse	365,890,457,924
mmu04725: Cholinergic synapse	475,890,567,924
mmu04726: Serotonergic synapse	585,891,677,925
mmu04727: GABAergic synapse	880,892,972,926
mmu04728: Dopaminergic synapse	990,892,1082,926
mmu04144: Endocytosis	1192,526,1284,551
