15461 (Hras)	346,300,392,317
16653 (Kras)	346,300,392,317
18176 (Nras)	346,300,392,317
19016 (Pparg)	739,401,785,418
109880 (Braf)	424,300,470,317
109880 (Braf)	424,177,470,194
26413 (Mapk1)	579,300,625,317
26417 (Mapk3)	579,300,625,317
26395 (Map2k1)	502,300,548,317
26396 (Map2k2)	502,300,548,317
18510 (Pax8)	685,354,731,371
19016 (Pparg)	685,354,731,371
20181 (Rxra)	739,374,785,391
20182 (Rxrb)	739,374,785,391
20183 (Rxrg)	739,374,785,391
12387 (Ctnnb1)	467,674,513,691
17869 (Myc)	812,662,858,679
12550 (Cdh1)	199,674,245,691
26413 (Mapk1)	579,158,625,175
26417 (Mapk3)	579,158,625,175
12443 (Ccnd1)	812,685,858,702
26395 (Map2k1)	502,158,548,175
26396 (Map2k2)	502,158,548,175
109880 (Braf)	424,142,470,159
15461 (Hras)	346,141,392,158
16653 (Kras)	346,141,392,158
18176 (Nras)	346,141,392,158
19713 (Ret)	255,109,301,126
27057 (Ncoa4)	255,109,301,126
76551 (Ccdc6)	255,109,301,126
108989 (Tpr)	199,156,245,173
18211 (Ntrk1)	199,156,245,173
21787 (Tfg)	199,156,245,173
59069 (Tpm3)	199,156,245,173
16842 (Lef1)	699,674,745,691
21414 (Tcf7)	699,674,745,691
21415 (Tcf7l1)	699,674,745,691
21416 (Tcf7l2)	699,674,745,691
22059 (Trp53)	740,586,786,603
12575 (Cdkn1a)	870,566,916,583
13197 (Gadd45a)	922,566,968,583
17873 (Gadd45b)	922,566,968,583
23882 (Gadd45g)	922,566,968,583
12028 (Bax)	870,588,916,605
12018 (Bak1)	922,588,968,605
107986 (Ddb2)	870,610,916,627
27015 (Polk)	922,610,968,627
mmu05216: Thyroid cancer	40,45,195,70
mmu04010: MAPK signaling pathway	516,221,619,255
mmu03320: PPAR signaling pathway	433,378,536,412
mmu04115: p53 signaling pathway	730,540,833,574
mmu04520: Adherens junction	351,709,454,743
mmu04310: Wnt signaling pathway	525,709,628,743
