211652 (Wwc1)	297,394,343,411
18016 (Nf2)	266,377,312,394
319710 (Frmd6)	266,411,312,428
64010 (Sav1)	378,377,424,394
56274 (Stk3)	391,394,437,411
22601 (Yap1)	771,396,817,413
97064 (Wwtr1)	771,396,817,413
16798 (Lats1)	493,394,539,411
50523 (Lats2)	493,394,539,411
170788 (Crb1)	326,135,372,152
241324 (Crb2)	326,135,372,152
12385 (Ctnna1)	474,767,520,784
12386 (Ctnna2)	474,767,520,784
216033 (Ctnna3)	474,767,520,784
56289 (Rassf1)	355,471,401,488
14219 (Ccn2)	939,414,985,431
11799 (Birc5)	992,443,1038,460
11839 (Areg)	939,443,985,460
19045 (Ppp1ca)	628,440,674,457
19046 (Ppp1cb)	628,440,674,457
19047 (Ppp1cc)	628,440,674,457
434233 (Ppp1ccb)	628,440,674,457
209456 (Trp53bp2)	641,457,687,474
22627 (Ywhae)	559,741,605,758
22628 (Ywhag)	559,741,605,758
22629 (Ywhah)	559,741,605,758
22630 (Ywhaq)	559,741,605,758
22631 (Ywhaz)	559,741,605,758
54401 (Ywhab)	559,741,605,758
232157 (Mob1a)	480,411,526,428
68473 (Mob1b)	480,411,526,428
22601 (Yap1)	373,259,419,276
97064 (Wwtr1)	373,259,419,276
27494 (Amot)	373,242,419,259
56217 (Mpp5)	327,252,373,269
12695 (Patj)	327,235,373,252
12550 (Cdh1)	474,803,520,820
12550 (Cdh1)	474,870,520,887
16897 (Llgl1)	674,236,720,253
217325 (Llgl2)	674,236,720,253
105782 (Scrib)	694,253,740,270
13383 (Dlg1)	680,270,726,287
13385 (Dlg4)	680,270,726,287
23859 (Dlg2)	680,270,726,287
53310 (Dlg3)	680,270,726,287
21676 (Tead1)	784,413,830,430
21677 (Tead2)	784,413,830,430
21678 (Tead3)	784,413,830,430
21679 (Tead4)	784,413,830,430
101543 (Wtip)	499,236,545,253
16475 (Ajuba)	499,236,545,253
29806 (Limd1)	499,236,545,253
11461 (Actb)	421,741,467,758
11465 (Actg1)	421,741,467,758
22601 (Yap1)	589,394,635,411
97064 (Wwtr1)	589,394,635,411
170788 (Crb1)	326,204,372,221
241324 (Crb2)	326,204,372,221
93742 (Pard3)	208,236,254,253
56513 (Pard6a)	208,253,254,270
58220 (Pard6b)	208,253,254,270
93737 (Pard6g)	208,253,254,270
18759 (Prkci)	254,246,300,263
18762 (Prkcz)	254,246,300,263
12550 (Cdh1)	499,135,545,152
12550 (Cdh1)	499,204,545,221
22601 (Yap1)	771,295,817,312
97064 (Wwtr1)	771,295,817,312
22062 (Trp73)	784,312,830,329
22601 (Yap1)	771,513,817,530
97064 (Wwtr1)	771,513,817,530
17126 (Smad2)	784,530,830,547
17127 (Smad3)	784,530,830,547
104318 (Csnk1d)	562,354,608,371
27373 (Csnk1e)	562,354,608,371
103583 (Fbxw11)	562,326,608,343
12234 (Btrc)	562,326,608,343
22627 (Ywhae)	655,722,701,739
22628 (Ywhag)	655,722,701,739
22629 (Ywhah)	655,722,701,739
22630 (Ywhaq)	655,722,701,739
22631 (Ywhaz)	655,722,701,739
54401 (Ywhab)	655,722,701,739
22601 (Yap1)	655,705,701,722
97064 (Wwtr1)	655,705,701,722
16414 (Itgb2)	992,465,1038,482
16415 (Itgb2l)	992,465,1038,482
21803 (Tgfb1)	84,530,130,547
21808 (Tgfb2)	84,530,130,547
21809 (Tgfb3)	84,530,130,547
21812 (Tgfbr1)	160,530,206,547
21813 (Tgfbr2)	160,530,206,547
17126 (Smad2)	260,530,306,547
17127 (Smad3)	260,530,306,547
17128 (Smad4)	332,558,378,575
17128 (Smad4)	784,547,830,564
17131 (Smad7)	939,520,985,537
18787 (Serpine1)	992,520,1038,537
14219 (Ccn2)	939,543,985,560
20890 (Wnt8a)	84,669,130,686
216795 (Wnt9a)	84,669,130,686
22408 (Wnt1)	84,669,130,686
22409 (Wnt10a)	84,669,130,686
22410 (Wnt10b)	84,669,130,686
22411 (Wnt11)	84,669,130,686
22412 (Wnt9b)	84,669,130,686
22413 (Wnt2)	84,669,130,686
22414 (Wnt2b)	84,669,130,686
22415 (Wnt3)	84,669,130,686
22416 (Wnt3a)	84,669,130,686
22417 (Wnt4)	84,669,130,686
22418 (Wnt5a)	84,669,130,686
22419 (Wnt5b)	84,669,130,686
22420 (Wnt6)	84,669,130,686
22421 (Wnt7a)	84,669,130,686
22422 (Wnt7b)	84,669,130,686
22423 (Wnt8b)	84,669,130,686
93735 (Wnt16)	84,669,130,686
14362 (Fzd1)	160,669,206,686
14365 (Fzd3)	160,669,206,686
14366 (Fzd4)	160,669,206,686
14367 (Fzd5)	160,669,206,686
14368 (Fzd6)	160,669,206,686
14369 (Fzd7)	160,669,206,686
14370 (Fzd8)	160,669,206,686
14371 (Fzd9)	160,669,206,686
57265 (Fzd2)	160,669,206,686
93897 (Fzd10)	160,669,206,686
104318 (Csnk1d)	234,686,280,703
27373 (Csnk1e)	234,686,280,703
13542 (Dvl1)	260,669,306,686
13543 (Dvl2)	260,669,306,686
13544 (Dvl3)	260,669,306,686
56637 (Gsk3b)	359,669,405,686
12387 (Ctnnb1)	461,669,507,686
11789 (Apc)	448,686,494,703
23805 (Apc2)	448,686,494,703
12005 (Axin1)	494,686,540,703
12006 (Axin2)	494,686,540,703
16842 (Lef1)	784,667,830,684
21414 (Tcf7)	784,667,830,684
21415 (Tcf7l1)	784,667,830,684
21416 (Tcf7l2)	784,667,830,684
21676 (Tead1)	784,684,830,701
21677 (Tead2)	784,684,830,701
21678 (Tead3)	784,684,830,701
21679 (Tead4)	784,684,830,701
22601 (Yap1)	771,650,817,667
97064 (Wwtr1)	276,728,322,745
22627 (Ywhae)	276,745,322,762
22628 (Ywhag)	276,745,322,762
22629 (Ywhah)	276,745,322,762
22630 (Ywhaq)	276,745,322,762
22631 (Ywhaz)	276,745,322,762
54401 (Ywhab)	276,745,322,762
12005 (Axin1)	939,632,985,649
12006 (Axin2)	939,632,985,649
93960 (Nkd1)	992,632,1038,649
17869 (Myc)	939,657,985,674
12443 (Ccnd1)	992,657,1038,674
12444 (Ccnd2)	992,657,1038,674
12445 (Ccnd3)	992,657,1038,674
20674 (Sox2)	939,682,985,699
20583 (Snai2)	992,682,1038,699
11797 (Birc2)	939,707,985,724
11799 (Birc5)	939,707,985,724
11705 (Amh)	84,592,130,609
12156 (Bmp2)	84,592,130,609
12159 (Bmp4)	84,592,130,609
12160 (Bmp5)	84,592,130,609
12161 (Bmp6)	84,592,130,609
12162 (Bmp7)	84,592,130,609
12163 (Bmp8a)	84,592,130,609
12164 (Bmp8b)	84,592,130,609
14563 (Gdf5)	84,592,130,609
238057 (Gdf7)	84,592,130,609
242316 (Gdf6)	84,592,130,609
12166 (Bmpr1a)	160,592,206,609
12167 (Bmpr1b)	160,592,206,609
12168 (Bmpr2)	160,592,206,609
17125 (Smad1)	260,592,306,609
17128 (Smad4)	333,622,379,639
17125 (Smad1)	784,593,830,610
17128 (Smad4)	784,610,830,627
22601 (Yap1)	771,576,817,593
15901 (Id1)	939,593,985,610
15902 (Id2)	992,593,1038,610
170770 (Bbc3)	939,314,985,331
19052 (Ppp2ca)	492,448,538,465
19053 (Ppp2cb)	492,448,538,465
269643 (Ppp2r2c)	492,448,538,465
51792 (Ppp2r1a)	492,448,538,465
52432 (Ppp2r2d)	492,448,538,465
71978 (Ppp2r2a)	492,448,538,465
72930 (Ppp2r2b)	492,448,538,465
73699 (Ppp2r1b)	492,448,538,465
73246 (Rassf6)	329,442,375,459
22601 (Yap1)	771,447,817,464
97064 (Wwtr1)	771,447,817,464
14633 (Gli2)	992,414,1038,431
11576 (Afp)	939,465,985,482
14164 (Fgf1)	939,488,985,505
17131 (Smad7)	221,487,267,504
22601 (Yap1)	241,470,287,487
mmu04390: Hippo signaling pathway	40,45,278,70
mmu04530: Tight junction	237,166,329,191
mmu04520: Adherens junction	357,832,468,857
mmu04520: Adherens junction	549,166,660,191
mmu04350: TGF-beta signaling pathway	46,477,159,511
mmu04310: Wnt signaling pathway	46,630,159,664
mmu04120: Ubiquitin mediated proteolysis	552,251,665,285
