C04637 (1-Phosphatidyl-D-myo-inositol 4,5-bisphosphate)	583,693,4
C11554 (1-Phosphatidyl-1D-myo-inositol 3,4-bisphosphate)	583,693,4
C04637 (1-Phosphatidyl-D-myo-inositol 4,5-bisphosphate)	269,553,4
C11554 (1-Phosphatidyl-1D-myo-inositol 3,4-bisphosphate)	269,553,4
C05981 (Phosphatidylinositol-3,4,5-trisphosphate)	514,303,4
C01996 (Acetylcholine)	717,109,4
C00681 (1-Acyl-sn-glycerol 3-phosphate)	344,102,4
14061 (F2)	437,93,483,110
19241 (Tmsb4x)	1105,455,1151,472
11867 (Arpc1b)	1014,342,1060,359
56378 (Arpc3)	1014,342,1060,359
56443 (Arpc1a)	1014,342,1060,359
67771 (Arpc5)	1014,342,1060,359
68089 (Arpc4)	1014,342,1060,359
74192 (Arpc5l)	1014,342,1060,359
76709 (Arpc2)	1014,342,1060,359
18643 (Pfn1)	953,496,999,513
18645 (Pfn2)	953,496,999,513
382562 (Pfn4)	953,496,999,513
75477 (Pfn3)	953,496,999,513
242687 (Wasf2)	871,517,917,534
83767 (Wasf1)	871,465,917,482
101314 (Brk1)	871,448,917,465
11789 (Apc)	917,407,963,424
23805 (Apc2)	917,407,963,424
73178 (Wasl)	871,365,917,382
219140 (Spata13)	807,407,853,424
226970 (Arhgef4)	807,407,853,424
329165 (Abi2)	790,474,836,491
105855 (Nckap1l)	790,457,836,474
50884 (Nckap1)	790,457,836,474
20430 (Cyfip1)	790,440,836,457
76884 (Cyfip2)	790,440,836,457
108100 (Baiap2)	790,517,836,534
231637 (Ssh1)	672,701,718,718
237860 (Ssh2)	672,701,718,718
245857 (Ssh3)	672,701,718,718
12631 (Cfl1)	672,655,718,672
12632 (Cfl2)	672,655,718,672
16885 (Limk1)	672,607,718,624
16886 (Limk2)	672,607,718,624
20259 (Scin)	586,790,632,807
227753 (Gsn)	586,790,632,807
22330 (Vcl)	535,790,581,807
108083 (Pip4k2b)	561,607,607,624
117150 (Pip4k2c)	561,607,607,624
18711 (Pikfyve)	561,607,607,624
18717 (Pip5k1c)	561,607,607,624
18718 (Pip4k2a)	561,607,607,624
18719 (Pip5k1b)	561,607,607,624
18720 (Pip5k1a)	561,607,607,624
18643 (Pfn1)	335,673,381,690
18645 (Pfn2)	335,673,381,690
382562 (Pfn4)	335,673,381,690
75477 (Pfn3)	335,673,381,690
13367 (Diaph1)	335,607,381,624
54004 (Diaph2)	335,607,381,624
108083 (Pip4k2b)	305,545,351,562
117150 (Pip4k2c)	305,545,351,562
18711 (Pikfyve)	305,545,351,562
18717 (Pip5k1c)	305,545,351,562
18718 (Pip4k2a)	305,545,351,562
18719 (Pip5k1b)	305,545,351,562
18720 (Pip5k1a)	305,545,351,562
109711 (Actn1)	181,556,227,573
60595 (Actn4)	181,556,227,573
22330 (Vcl)	181,533,227,550
17698 (Msn)	221,509,267,526
19684 (Rdx)	221,509,267,526
22350 (Ezr)	221,509,267,526
19303 (Pxn)	221,480,267,497
20544 (Slc9a1)	305,509,351,526
17931 (Ppp1r12a)	407,607,453,624
19045 (Ppp1ca)	407,607,453,624
19046 (Ppp1cb)	407,607,453,624
19047 (Ppp1cc)	407,607,453,624
232807 (Ppp1r12c)	407,607,453,624
329251 (Ppp1r12b)	407,607,453,624
434233 (Ppp1ccb)	407,607,453,624
17898 (Myl7)	437,683,483,700
17906 (Myl2)	437,683,483,700
17907 (Mylpf)	437,683,483,700
59310 (Myl10)	437,683,483,700
67268 (Myl12a)	437,683,483,700
67938 (Myl12b)	437,683,483,700
98932 (Myl9)	437,683,483,700
107589 (Mylk)	485,607,531,624
213435 (Mylk3)	485,607,531,624
228785 (Mylk2)	485,607,531,624
238564 (Mylk4)	485,607,531,624
216963 (Git1)	305,480,351,497
13800 (Enah)	936,327,982,344
108100 (Baiap2)	871,327,917,344
56419 (Diaph3)	807,327,853,344
19877 (Rock1)	437,525,483,542
19878 (Rock2)	437,525,483,542
18479 (Pak1)	625,509,671,526
18481 (Pak3)	625,509,671,526
214230 (Pak6)	625,509,671,526
224105 (Pak2)	625,509,671,526
241656 (Pak7)	625,509,671,526
70584 (Pak4)	625,509,671,526
54126 (Arhgef7)	531,481,577,498
73341 (Arhgef6)	531,481,577,498
12540 (Cdc42)	695,345,741,362
170758 (Rac3)	587,434,633,451
19353 (Rac1)	587,434,633,451
19354 (Rac2)	587,434,633,451
11848 (Rhoa)	437,434,483,451
67653 (4930544G11Rik)	437,434,483,451
16801 (Arhgef1)	437,385,483,402
69632 (Arhgef12)	437,385,483,402
29875 (Iqgap1)	250,349,296,366
404710 (Iqgap3)	250,349,296,366
544963 (Iqgap2)	250,349,296,366
232906 (Arhgap35)	518,402,564,419
21844 (Tiam1)	512,325,558,342
22324 (Vav1)	512,325,558,342
22325 (Vav2)	512,325,558,342
57257 (Vav3)	512,325,558,342
26413 (Mapk1)	360,302,406,319
26417 (Mapk3)	360,302,406,319
26395 (Map2k1)	360,261,406,278
26396 (Map2k2)	360,261,406,278
109880 (Braf)	360,220,406,237
110157 (Raf1)	360,220,406,237
11836 (Araf)	360,220,406,237
17451 (Mos)	360,220,406,237
18706 (Pik3ca)	492,260,538,277
18707 (Pik3cd)	492,260,538,277
18708 (Pik3r1)	492,260,538,277
18709 (Pik3r2)	492,260,538,277
18710 (Pik3r3)	492,260,538,277
74769 (Pik3cb)	492,260,538,277
73341 (Arhgef6)	543,260,589,277
330662 (Dock1)	634,256,680,273
14163 (Fgd1)	695,222,741,239
30938 (Fgd3)	695,222,741,239
100503710 (Gm5741)	695,184,741,201
14701 (Gng12)	695,184,741,201
12928 (Crk)	634,215,680,232
12929 (Crkl)	634,215,680,232
12927 (Bcar1)	634,198,680,215
14083 (Ptk2)	634,181,680,198
12061 (Bdkrb1)	695,143,741,160
12062 (Bdkrb2)	695,143,741,160
12669 (Chrm1)	695,143,741,160
12671 (Chrm3)	695,143,741,160
12672 (Chrm4)	695,143,741,160
213788 (Chrm5)	695,143,741,160
243764 (Chrm2)	695,143,741,160
20779 (Src)	587,235,633,252
104099 (Itga9)	611,142,657,159
109700 (Itga1)	611,142,657,159
16398 (Itga2)	611,142,657,159
16399 (Itga2b)	611,142,657,159
16400 (Itga3)	611,142,657,159
16401 (Itga4)	611,142,657,159
16402 (Itga5)	611,142,657,159
16403 (Itga6)	611,142,657,159
16404 (Itga7)	611,142,657,159
16407 (Itgae)	611,142,657,159
16408 (Itgal)	611,142,657,159
16409 (Itgam)	611,142,657,159
16410 (Itgav)	611,142,657,159
16411 (Itgax)	611,142,657,159
16412 (Itgb1)	611,142,657,159
16414 (Itgb2)	611,142,657,159
16415 (Itgb2l)	611,142,657,159
16416 (Itgb3)	611,142,657,159
16419 (Itgb5)	611,142,657,159
16420 (Itgb6)	611,142,657,159
16421 (Itgb7)	611,142,657,159
192897 (Itgb4)	611,142,657,159
213119 (Itga10)	611,142,657,159
241226 (Itga8)	611,142,657,159
319480 (Itga11)	611,142,657,159
320910 (Itgb8)	611,142,657,159
381924 (Itgad)	611,142,657,159
14268 (Fn1)	611,90,657,107
15461 (Hras)	518,221,564,238
16653 (Kras)	518,221,564,238
17532 (Mras)	518,221,564,238
18176 (Nras)	518,221,564,238
20130 (Rras)	518,221,564,238
66922 (Rras2)	518,221,564,238
14673 (Gna12)	437,192,483,209
14674 (Gna13)	437,192,483,209
20662 (Sos1)	518,183,564,200
20663 (Sos2)	518,183,564,200
13649 (Egfr)	517,142,563,159
14182 (Fgfr1)	517,142,563,159
14183 (Fgfr2)	517,142,563,159
14184 (Fgfr3)	517,142,563,159
14186 (Fgfr4)	517,142,563,159
18595 (Pdgfra)	517,142,563,159
18596 (Pdgfrb)	517,142,563,159
23920 (Insrr)	517,142,563,159
13645 (Egf)	518,103,564,120
14164 (Fgf1)	518,103,564,120
14165 (Fgf10)	518,103,564,120
14170 (Fgf15)	518,103,564,120
14171 (Fgf17)	518,103,564,120
14172 (Fgf18)	518,103,564,120
14173 (Fgf2)	518,103,564,120
14174 (Fgf3)	518,103,564,120
14175 (Fgf4)	518,103,564,120
14176 (Fgf5)	518,103,564,120
14177 (Fgf6)	518,103,564,120
14178 (Fgf7)	518,103,564,120
14179 (Fgf8)	518,103,564,120
14180 (Fgf9)	518,103,564,120
18590 (Pdgfa)	518,103,564,120
18591 (Pdgfb)	518,103,564,120
54635 (Pdgfc)	518,103,564,120
56636 (Fgf21)	518,103,564,120
64654 (Fgf23)	518,103,564,120
67112 (Fgf22)	518,103,564,120
71785 (Pdgfd)	518,103,564,120
80857 (Fgf20)	518,103,564,120
80903 (Fgf16)	518,103,564,120
16333 (Ins1)	518,81,564,98
16334 (Ins2)	518,81,564,98
14062 (F2r)	437,142,483,159
11461 (Actb)	1094,336,1140,353
11465 (Actg1)	1094,336,1140,353
11461 (Actb)	201,797,247,814
11465 (Actg1)	201,797,247,814
17886 (Myh9)	304,835,350,852
71960 (Myh14)	304,835,350,852
77579 (Myh10)	304,835,350,852
11461 (Actb)	1038,581,1084,598
11465 (Actg1)	1038,581,1084,598
11867 (Arpc1b)	990,635,1036,652
56378 (Arpc3)	990,635,1036,652
56443 (Arpc1a)	990,635,1036,652
67771 (Arpc5)	990,635,1036,652
68089 (Arpc4)	990,635,1036,652
74192 (Arpc5l)	990,635,1036,652
76709 (Arpc2)	990,635,1036,652
12767 (Cxcr4)	379,142,425,159
14745 (Lpar1)	321,143,367,160
381810 (Lpar5)	321,143,367,160
53978 (Lpar2)	321,143,367,160
78134 (Lpar4)	321,143,367,160
20315 (Cxcl12)	379,93,425,110
16644 (Kng1)	695,79,741,96
385643 (Kng2)	695,79,741,96
mmu04810: Regulation of actin cytoskeleton	40,45,347,70
mmu04010: MAPK signaling pathway	839,200,949,234
mmu04520: Adherens junction	72,345,182,370
mmu04510: Focal adhesion	32,579,143,604
mmu04510: Focal adhesion	606,848,718,873
