C00076 (Calcium cation)	195,255,4
C00076 (Calcium cation)	374,263,4
C00076 (Calcium cation)	651,365,4
C00076 (Calcium cation)	193,476,4
C01330 (Sodium cation)	280,486,4
C01330 (Sodium cation)	688,67,4
C00076 (Calcium cation)	414,364,4
C00080 (H+)	839,394,4
C00080 (H+)	838,279,4
C01330 (Sodium cation)	821,317,4
C00076 (Calcium cation)	757,316,4
C01330 (Sodium cation)	773,394,4
C00238 (Potassium cation)	758,90,4
C01330 (Sodium cation)	748,189,4
C00080 (H+)	815,189,4
C01330 (Sodium cation)	825,92,4
12288 (Cacna1c)	212,247,258,264
12289 (Cacna1d)	212,247,258,264
12292 (Cacna1s)	212,247,258,264
12293 (Cacna2d1)	212,247,258,264
12294 (Cacna2d3)	212,247,258,264
12295 (Cacnb1)	212,247,258,264
12296 (Cacnb2)	212,247,258,264
12297 (Cacnb3)	212,247,258,264
12298 (Cacnb4)	212,247,258,264
12299 (Cacng1)	212,247,258,264
12300 (Cacng2)	212,247,258,264
140723 (Cacng5)	212,247,258,264
319734 (Cacna2d4)	212,247,258,264
54376 (Cacng3)	212,247,258,264
54377 (Cacng4)	212,247,258,264
54378 (Cacng6)	212,247,258,264
54652 (Cacna1f)	212,247,258,264
56808 (Cacna2d2)	212,247,258,264
81904 (Cacng7)	212,247,258,264
81905 (Cacng8)	212,247,258,264
20191 (Ryr2)	310,252,356,269
110891 (Slc8a2)	659,131,705,148
110893 (Slc8a3)	659,131,705,148
20541 (Slc8a1)	659,131,705,148
110891 (Slc8a2)	212,473,258,490
110893 (Slc8a3)	212,473,258,490
20541 (Slc8a1)	212,473,258,490
11937 (Atp2a1)	564,302,610,319
11938 (Atp2a2)	564,302,610,319
53313 (Atp2a3)	564,302,610,319
21924 (Tnnc1)	392,392,438,409
21954 (Tnni3)	354,428,400,445
21924 (Tnnc1)	630,392,676,409
21956 (Tnnt2)	432,428,478,445
11464 (Actc1)	376,491,422,508
22003 (Tpm1)	401,474,447,491
22004 (Tpm2)	401,474,447,491
326618 (Tpm4)	401,474,447,491
59069 (Tpm3)	401,474,447,491
140781 (Myh7)	376,545,422,562
17888 (Myh6)	376,545,422,562
17896 (Myl4)	376,545,422,562
17897 (Myl3)	376,545,422,562
17906 (Myl2)	376,545,422,562
21954 (Tnni3)	595,428,641,445
21956 (Tnnt2)	673,428,719,445
11464 (Actc1)	625,491,671,508
22003 (Tpm1)	650,474,696,491
22004 (Tpm2)	650,474,696,491
326618 (Tpm4)	650,474,696,491
59069 (Tpm3)	650,474,696,491
140781 (Myh7)	625,545,671,562
17888 (Myh6)	625,545,671,562
17896 (Myl4)	625,545,671,562
17897 (Myl3)	625,545,671,562
17906 (Myl2)	625,545,671,562
110891 (Slc8a2)	742,346,788,363
110893 (Slc8a3)	742,346,788,363
20541 (Slc8a1)	742,346,788,363
236794 (Slc9a6)	807,346,853,363
110323 (Cox6b1)	856,271,902,288
12857 (Cox4i1)	856,271,902,288
12858 (Cox5a)	856,271,902,288
12859 (Cox5b)	856,271,902,288
12861 (Cox6a1)	856,271,902,288
12862 (Cox6a2)	856,271,902,288
12864 (Cox6c)	856,271,902,288
12865 (Cox7a1)	856,271,902,288
12866 (Cox7a2)	856,271,902,288
12867 (Cox7c)	856,271,902,288
12868 (Cox8a)	856,271,902,288
12869 (Cox8b)	856,271,902,288
17708 (COX1)	856,271,902,288
17709 (COX2)	856,271,902,288
17710 (COX3)	856,271,902,288
17711 (CYTB)	856,271,902,288
20463 (Cox7a2l)	856,271,902,288
22272 (Uqcrq)	856,271,902,288
22273 (Uqcrc1)	856,271,902,288
333182 (Cox6b2)	856,271,902,288
66142 (Cox7b)	856,271,902,288
66152 (Uqcr10)	856,271,902,288
66445 (Cyc1)	856,271,902,288
66576 (Uqcrh)	856,271,902,288
66594 (Uqcr11)	856,271,902,288
66694 (Uqcrfs1)	856,271,902,288
67003 (Uqcrc2)	856,271,902,288
67530 (Uqcrb)	856,271,902,288
75483 (Cox8c)	856,271,902,288
78174 (Cox7b2)	856,271,902,288
84682 (Cox4i2)	856,271,902,288
11928 (Atp1a1)	729,131,775,148
11931 (Atp1b1)	729,131,775,148
11932 (Atp1b2)	729,131,775,148
11933 (Atp1b3)	729,131,775,148
11936 (Fxyd2)	729,131,775,148
232975 (Atp1a3)	729,131,775,148
27222 (Atp1a4)	729,131,775,148
67821 (Atp1b4)	729,131,775,148
98660 (Atp1a2)	729,131,775,148
20544 (Slc9a1)	797,132,843,149
76757 (Trdn)	310,279,356,296
65973 (Asph)	310,225,356,242
12373 (Casq2)	411,245,457,262
15464 (Hrc)	506,285,552,302
15464 (Hrc)	381,285,427,302
mmu04260: Cardiac muscle contraction	40,45,296,70
mmu04020: Calcium signaling pathway	424,164,541,198
