19384 (Ran)	376,695,422,712
19428 (Rasl2-9)	376,695,422,712
75471 (1700009N14Rik)	376,695,422,712
103573 (Xpo1)	376,712,422,731
97112 (Nmd3)	376,729,422,746
17724 (Rnr1)	40,132,86,149
790956 (Rs5-8s1)	95,132,141,149
17725 (Rnr2)	150,132,196,149
236598 (Rn28s1)	150,132,196,149
100861471 (n-R5s100)	205,132,251,149
100861472 (n-R5s103)	205,132,251,149
100861473 (n-R5s104)	205,132,251,149
100861474 (n-R5s105)	205,132,251,149
100861475 (n-R5s108)	205,132,251,149
100861477 (n-R5s110)	205,132,251,149
100861478 (n-R5s111)	205,132,251,149
100861479 (n-R5s113)	205,132,251,149
100861480 (Gm25018)	205,132,251,149
100861481 (n-R5s117)	205,132,251,149
100861482 (n-R5s121)	205,132,251,149
100861483 (n-R5s122)	205,132,251,149
100861484 (n-R5s123)	205,132,251,149
100861486 (n-R5s124)	205,132,251,149
100861487 (n-R5s128)	205,132,251,149
100861488 (Gm26391)	205,132,251,149
100861489 (n-R5s133)	205,132,251,149
100861490 (n-R5s134)	205,132,251,149
100861491 (n-R5s136)	205,132,251,149
100861492 (n-R5s138)	205,132,251,149
100861493 (n-R5s139)	205,132,251,149
100861494 (Gm22109)	205,132,251,149
100861495 (n-R5s141)	205,132,251,149
100861496 (n-R5s142)	205,132,251,149
100861497 (n-R5s143)	205,132,251,149
100861498 (n-R5s144)	205,132,251,149
100861499 (Gm25212)	205,132,251,149
100861500 (n-R5s146)	205,132,251,149
100861501 (Gm22291)	205,132,251,149
100861502 (Gm23284)	205,132,251,149
100861503 (n-R5s149)	205,132,251,149
19804 (Rn5s)	205,132,251,149
21453 (Tcof1)	278,155,324,172
100862468	355,229,401,246
20826 (Nhp2l1)	355,229,401,246
55989 (Nop58)	309,229,355,246
67134 (Nop56)	355,212,401,229
14113 (Fbl)	309,212,355,229
237730 (Fbll1)	309,212,355,229
66181 (Nop10)	486,229,532,246
52530 (Nhp2)	486,212,532,229
68147 (Gar1)	440,229,486,246
245474 (Dkc1)	440,212,486,229
73736 (Fcf1)	277,290,323,307
14000 (Drosha)	540,302,586,319
98956 (Nat10)	445,373,491,390
195434 (Utp14b)	445,290,491,307
72554 (Utp14a)	445,290,491,307
213895 (Bms1)	350,373,396,390
59028 (Rcl1)	332,401,378,418
102614 (Rpp25)	408,481,454,498
117109 (Pop5)	408,481,454,498
208366 (Rpp40)	408,481,454,498
227522 (Rpp38)	408,481,454,498
54364 (Rpp30)	408,481,454,498
66161 (Pop4)	408,481,454,498
67724 (Pop1)	408,481,454,498
69961 (Rpp25l)	408,481,454,498
74097 (Pop7)	408,481,454,498
24127 (Xrn1)	550,582,596,599
24128 (Xrn2)	550,582,596,599
69237 (Gtpbp4)	628,542,674,559
230737 (Gnl2)	628,574,674,591
237107 (Gnl3l)	628,574,674,591
30877 (Gnl3)	628,574,674,591
100019 (Mdn1)	628,616,674,633
67459 (Nvl)	628,595,674,612
104444 (Rexo2)	482,582,528,599
434234 (2610020H08Rik)	482,582,528,599
66932 (Rexo1)	482,582,528,599
170722 (Nxf7)	430,696,476,713
245610 (Nxf3)	430,696,476,713
53319 (Nxf1)	430,696,476,713
83454 (Nxf2)	430,696,476,713
237082 (Nxt2)	430,713,476,730
56488 (Nxt1)	430,713,476,730
67973 (Mphosph10)	65,458,111,475
27993 (Imp4)	86,475,132,492
102462 (Imp3)	40,475,86,492
73674 (Wdr75)	178,350,224,367
105372 (Utp15)	132,333,178,350
21771 (Cirh1a)	86,350,132,367
217995 (Heatr1)	132,350,178,367
72515 (Wdr43)	40,341,86,358
217109 (Utp18)	40,394,86,411
213773 (Tbl3)	86,394,132,411
216987 (Utp6)	132,403,178,420
110816 (Pwp2)	178,403,224,420
225348 (Wdr36)	40,411,86,428
269470 (Wdr3)	86,411,132,428
12995 (Csnk2a1)	65,273,111,290
13000 (Csnk2a2)	65,273,111,290
13001 (Csnk2b)	65,256,111,273
230082 (Nol6)	40,290,86,307
224092 (Lsg1)	550,778,596,795
101592 (Efl1)	487,788,533,805
74778 (Rrp7a)	86,290,132,307
71340 (Riok1)	311,772,357,789
57815 (Spata5)	604,778,650,795
67045 (Riok2)	311,795,357,812
102216272 (Ak6)	243,795,289,812
19782 (Rmrp)	408,498,454,515
16418 (Eif6)	487,713,533,730
14791 (Emg1)	350,351,396,368
66711 (Sbds)	487,771,533,788
68272 (Rbm28)	563,637,609,654
67619 (Nob1)	325,651,371,668
mmu03008: Ribosome biogenesis in eukaryotes	40,45,350,70
mmu03010: Ribosome	370,880,462,905
