C16845 (Peroxynitrite)	551,911,4
C00533 (Nitric oxide)	566,203,4
C00076 (Calcium cation)	299,276,4
C00704 (O2.-)	454,911,4
C00533 (Nitric oxide)	464,878,4
C00272 (Tetrahydrobiopterin)	353,121,4
C00925 (Heparan sulfate)	204,204,4
C00607 (Chondroitin sulfate)	204,204,4
C00518 (Hyaluronate)	204,204,4
19094 (Mapk11)	737,794,783,811
26415 (Mapk13)	737,794,783,811
26416 (Mapk14)	737,794,783,811
29857 (Mapk12)	737,794,783,811
22329 (Vcam1)	1003,715,1049,732
15894 (Icam1)	1057,715,1103,732
14281 (Fos)	853,770,899,787
16476 (Jun)	853,770,899,787
11651 (Akt1)	472,328,518,345
11652 (Akt2)	472,328,518,345
23797 (Akt3)	472,328,518,345
26414 (Mapk10)	737,748,783,765
26419 (Mapk8)	737,748,783,765
26420 (Mapk9)	737,748,783,765
18706 (Pik3ca)	383,328,429,345
18707 (Pik3cd)	383,328,429,345
18708 (Pik3r1)	383,328,429,345
18709 (Pik3r2)	383,328,429,345
18710 (Pik3r3)	383,328,429,345
74769 (Pik3cb)	383,328,429,345
20293 (Ccl12)	1003,691,1049,708
20296 (Ccl2)	1003,691,1049,708
50868 (Keap1)	686,244,732,261
18024 (Nfe2l2)	686,284,732,301
23939 (Mapk7)	596,410,642,427
17258 (Mef2a)	691,410,737,427
17260 (Mef2c)	691,410,737,427
16598 (Klf2)	903,409,949,426
18024 (Nfe2l2)	847,284,893,301
18104 (Nqo1)	1111,207,1157,224
26398 (Map2k4)	624,748,670,765
26400 (Map2k7)	624,748,670,765
26398 (Map2k4)	624,794,670,811
26399 (Map2k6)	624,794,670,811
50868 (Keap1)	507,1033,553,1050
18024 (Nfe2l2)	540,1050,586,1067
237038 (Nox1)	309,893,355,910
13057 (Cyba)	309,910,355,927
17969 (Ncf1)	355,885,401,902
17970 (Ncf2)	355,902,401,919
170758 (Rac3)	355,919,401,936
19353 (Rac1)	355,919,401,936
19354 (Rac2)	355,919,401,936
12159 (Bmp4)	341,797,387,814
11477 (Acvr1)	223,902,269,919
11480 (Acvr2a)	223,902,269,919
11481 (Acvr2b)	223,902,269,919
12166 (Bmpr1a)	223,902,269,919
12167 (Bmpr1b)	223,902,269,919
12168 (Bmpr2)	223,902,269,919
12159 (Bmp4)	140,902,186,919
18762 (Prkcz)	908,911,954,928
23938 (Map2k5)	499,410,545,427
12562 (Cdh5)	223,319,269,336
18613 (Pecam1)	223,372,269,389
16542 (Kdr)	223,336,269,353
15368 (Hmox1)	1003,207,1049,224
103140 (Gstt3)	1057,207,1103,224
14857 (Gsta1)	1057,207,1103,224
14858 (Gsta2)	1057,207,1103,224
14859 (Gsta3)	1057,207,1103,224
14860 (Gsta4)	1057,207,1103,224
14862 (Gstm1)	1057,207,1103,224
14863 (Gstm2)	1057,207,1103,224
14864 (Gstm3)	1057,207,1103,224
14865 (Gstm4)	1057,207,1103,224
14866 (Gstm5)	1057,207,1103,224
14867 (Gstm6)	1057,207,1103,224
14869 (Gstp2)	1057,207,1103,224
14870 (Gstp1)	1057,207,1103,224
14871 (Gstt1)	1057,207,1103,224
14872 (Gstt2)	1057,207,1103,224
14873 (Gsto1)	1057,207,1103,224
211666 (Mgst2)	1057,207,1103,224
225884 (Gstp3)	1057,207,1103,224
56615 (Mgst1)	1057,207,1103,224
66447 (Mgst3)	1057,207,1103,224
68214 (Gsto2)	1057,207,1103,224
68312 (Gstm7)	1057,207,1103,224
75886 (Gstt4)	1057,207,1103,224
22166 (Txn1)	1057,231,1103,248
56551 (Txn2)	1057,231,1103,248
18412 (Sqstm1)	1003,231,1049,248
18127 (Nos3)	1003,276,1049,293
18159 (Nppc)	1057,276,1103,293
11898 (Ass1)	1111,276,1157,293
18127 (Nos3)	1003,322,1049,339
21824 (Thbd)	1003,364,1049,381
18791 (Plat)	1111,364,1157,381
18127 (Nos3)	1057,364,1103,381
12387 (Ctnnb1)	269,328,315,345
17390 (Mmp2)	1003,655,1049,672
17395 (Mmp9)	1003,655,1049,672
13039 (Ctsl)	1057,655,1103,672
20339 (Sele)	1111,715,1157,732
21926 (Tnf)	1003,738,1049,755
16175 (Il1a)	1057,738,1103,755
16176 (Il1b)	1057,738,1103,755
15978 (Ifng)	1111,738,1157,755
18590 (Pdgfa)	1003,804,1049,821
18591 (Pdgfb)	1003,804,1049,821
13614 (Edn1)	1057,804,1103,821
22339 (Vegfa)	1111,804,1157,821
16399 (Itga2b)	223,447,269,464
16410 (Itgav)	223,447,269,464
16416 (Itgb3)	223,447,269,464
20779 (Src)	300,447,346,464
14083 (Ptk2)	378,447,424,464
11461 (Actb)	607,447,653,464
11465 (Actg1)	607,447,653,464
11848 (Rhoa)	531,447,577,464
67653 (4930544G11Rik)	531,447,577,464
15894 (Icam1)	223,985,269,1002
22329 (Vcam1)	223,1009,269,1026
20339 (Sele)	223,1032,269,1049
18127 (Nos3)	340,144,386,161
22059 (Trp53)	974,874,1020,891
170930 (Sumo2)	1023,906,1069,923
20610 (Sumo3)	1023,906,1069,923
22218 (Sumo1)	1023,906,1069,923
59004 (Pias4)	828,876,874,893
18762 (Prkcz)	603,902,649,919
59004 (Pias4)	908,894,954,911
22059 (Trp53)	974,960,1020,977
170930 (Sumo2)	1020,960,1066,977
20610 (Sumo3)	1020,960,1066,977
22218 (Sumo1)	1020,960,1066,977
12043 (Bcl2)	706,959,752,976
105787 (Prkaa1)	383,288,429,305
108079 (Prkaa2)	383,288,429,305
18127 (Nos3)	490,254,536,271
26408 (Map3k5)	475,771,521,788
21937 (Tnfrsf1a)	223,742,269,759
16177 (Il1r1)	223,765,269,782
16178 (Il1r2)	223,765,269,782
26409 (Map3k7)	475,712,521,729
12675 (Chuk)	624,712,670,729
16150 (Ikbkb)	624,712,670,729
16151 (Ikbkg)	624,712,670,729
18033 (Nfkb1)	853,712,899,729
19697 (Rela)	853,712,899,729
723893 (Mir10a)	475,677,521,694
12389 (Cav1)	317,161,363,178
12390 (Cav2)	317,161,363,178
12391 (Cav3)	317,161,363,178
12313 (Calm1)	340,178,386,195
12314 (Calm2)	340,178,386,195
12315 (Calm3)	340,178,386,195
494124 (Calm5)	340,178,386,195
70405 (Calml3)	340,178,386,195
75600 (Calml4)	340,178,386,195
80796 (Calm4)	340,178,386,195
15516 (Hsp90ab1)	363,127,409,144
15519 (Hsp90aa1)	363,127,409,144
22027 (Hsp90b1)	363,127,409,144
14733 (Gpc1)	223,220,269,237
15529 (Sdc2)	223,220,269,237
20969 (Sdc1)	223,220,269,237
20971 (Sdc4)	223,220,269,237
63873 (Trpv4)	223,266,269,283
19252 (Dusp1)	568,504,614,521
18024 (Nfe2l2)	480,524,526,541
16598 (Klf2)	726,360,772,377
16800 (Arhgef2)	454,447,500,464
12562 (Cdh5)	223,601,269,618
18613 (Pecam1)	223,635,269,652
16542 (Kdr)	223,618,269,635
16410 (Itgav)	223,659,269,676
16416 (Itgb3)	223,659,269,676
23939 (Mapk7)	737,847,783,864
mmu05418: Fluid shear stress and atherosclerosis	40,45,402,70
mmu04010: MAPK signaling pathway	510,793,614,827
mmu04151: PI3K-Akt signaling pathway	542,318,651,352
mmu04514: Cell adhesion molecules (CAMs)	40,273,149,307
mmu04510: Focal adhesion	347,471,466,496
mmu04270: Vascular smooth muscle contraction	952,132,1061,166
mmu04670: Leukocyte transendothelial migration	66,1016,215,1050
mmu04210: Apoptosis	517,954,609,979
mmu04064: NF-kappa B signaling pathway	277,699,386,733
