C00836 (Sphinganine)	312,366,4
C12144 (Phytosphingosine)	350,294,4
C12145 (Phytoceramide)	457,294,4
C12126 (Dihydroceramide)	457,366,4
C01290 (Lactosylceramide)	313,453,4
C06124 (Sphingosine 1-phosphate)	619,146,4
C01190 (Glucosylceramide)	457,454,4
C01120 (Sphinganine 1-phosphate)	312,146,4
C00346 (Ethanolamine phosphate)	457,146,4
C06062 (Ceramide phosphoethanolamine)	763,283,4
C05681 (Ceramide 2-aminoethylphosphonate)	763,308,4
C02934 (3-Dehydrosphinganine)	205,366,4
C00065 (L-Serine)	113,307,4
C00154 (Palmitoyl-CoA)	95,366,4
C00319 (Sphingosine)	619,221,4
C00195 (N-Acylsphingosine)	620,365,4
C02686 (Galactosylceramide)	620,526,4
C01747 (Psychosine)	763,149,4
C03640 (Sphingosyl-phosphocholine)	886,366,4
C02960 (Ceramide 1-phosphate)	763,454,4
C00550 (Sphingomyelin)	763,365,4
C06125 (Sulfatide)	763,526,4
C06128 (GM4)	475,526,4
C06126 (Digalactosylceramide)	619,633,4
C06127 (Digalactosylceramide sulfate)	762,634,4
66190 (Acer3)	376,414,422,431
433323 (Sgpp2)	682,456,728,473
81535 (Sgpp1)	682,456,728,473
433323 (Sgpp2)	523,178,569,195
81535 (Sgpp1)	523,178,569,195
433323 (Sgpp2)	233,222,279,239
81535 (Sgpp1)	233,222,279,239
11886 (Asah1)	376,393,422,410
54447 (Asah2)	376,393,422,410
11886 (Asah1)	376,275,422,292
54447 (Asah2)	376,275,422,292
545975 (Cers3)	376,346,422,363
67260 (Cers4)	376,346,422,363
76893 (Cers2)	376,346,422,363
93898 (Cers1)	376,346,422,363
13244 (Degs1)	509,356,555,373
619326 (9130409I23Rik)	509,356,555,373
70059 (Degs2)	509,356,555,373
13244 (Degs1)	436,331,482,348
619326 (9130409I23Rik)	436,331,482,348
70059 (Degs2)	436,331,482,348
13244 (Degs1)	313,331,359,348
619326 (9130409I23Rik)	313,331,359,348
70059 (Degs2)	313,331,359,348
20597 (Smpd1)	682,366,728,383
20598 (Smpd2)	682,366,728,383
238011 (Enpp7)	682,366,728,383
58994 (Smpd3)	682,366,728,383
77626 (Smpd4)	682,366,728,383
545975 (Cers3)	504,272,550,289
67260 (Cers4)	504,272,550,289
76893 (Cers2)	504,272,550,289
93898 (Cers1)	504,272,550,289
223753 (Cerk)	682,413,728,430
19012 (Plpp1)	682,435,728,452
50784 (Plpp2)	682,435,728,452
67916 (Plpp3)	682,435,728,452
19012 (Plpp1)	473,178,519,195
50784 (Plpp2)	473,178,519,195
67916 (Plpp3)	473,178,519,195
19012 (Plpp1)	182,222,228,239
50784 (Plpp2)	182,222,228,239
67916 (Plpp3)	182,222,228,239
20773 (Sptlc2)	124,358,170,375
228677 (Sptlc3)	124,358,170,375
268656 (Sptlc1)	124,358,170,375
70750 (Kdsr)	233,367,279,384
53897 (Gal3st1)	682,625,728,642
11605 (Gla)	614,568,660,585
53897 (Gal3st1)	682,518,728,535
18010 (Neu1)	527,517,573,534
23956 (Neu2)	527,517,573,534
241159 (Neu4)	527,517,573,534
50877 (Neu3)	527,517,573,534
22239 (Ugt8a)	575,484,621,501
12091 (Glb1)	376,456,422,473
14466 (Gba)	510,445,556,462
230101 (Gba2)	510,445,556,462
22234 (Ugcg)	510,416,556,433
11886 (Asah1)	617,258,663,275
171168 (Acer1)	617,258,663,275
230379 (Acer2)	617,258,663,275
54447 (Asah2)	617,258,663,275
20698 (Sphk1)	598,178,644,195
56632 (Sphk2)	598,178,644,195
20698 (Sphk1)	288,222,334,239
56632 (Sphk2)	288,222,334,239
20397 (Sgpl1)	509,129,555,146
20397 (Sgpl1)	376,138,422,155
14420 (Galc)	620,463,666,480
11883 (Arsa)	682,564,728,581
56386 (B4galt6)	376,436,422,453
208449 (Sgms1)	682,327,728,344
74442 (Sgms2)	682,327,728,344
241447 (Cers6)	376,367,422,384
71949 (Cers5)	376,367,422,384
241447 (Cers6)	554,272,600,289
71949 (Cers5)	554,272,600,289
mmu00604: Glycosphingolipid biosynthesis - ganglio series	97,605,267,639
mmu00603: Glycosphingolipid biosynthesis - globo and isoglobo series	97,561,267,595
mmu00601: Glycosphingolipid biosynthesis - lacto and neolacto series	97,517,267,551
mmu00260: Glycine	52,167,178,201
serine and threonine metabolism	52,167,178,201
mmu00600: Sphingolipid metabolism	40,45,254,70
