C05825 (2-Amino-5-oxohexanoate)	647,666,4
C05161 ((2R,5S)-2,5-Diaminohexanoate)	446,666,4
C00877 (Crotonoyl-CoA)	912,400,4
C01144 ((S)-3-Hydroxybutanoyl-CoA)	1015,400,4
C00332 (Acetoacetyl-CoA)	1123,400,4
C00024 (Acetyl-CoA)	1225,400,4
C00322 (2-Oxoadipate)	818,266,4
C00527 (Glutaryl-CoA)	818,400,4
C00489 (Glutarate)	698,400,4
C00956 (L-2-Aminoadipate)	818,83,4
C00408 (L-Pipecolate)	728,246,4
C00450 ((S)-2,3,4,5-Tetrahydropyridine-2-carboxylate)	728,179,4
C04076 (L-2-Aminoadipate 6-semialdehyde)	726,83,4
C03273 (5-Oxopentanoate)	590,400,4
C04092 (Delta1-Piperideine-2-carboxylate)	627,246,4
C03239 (6-Amino-2-oxohexanoate)	554,246,4
C00449 (N6-(L-1,3-Dicarboxypropyl)-L-lysine)	405,83,4
C00431 (5-Aminopentanoate)	454,400,4
C05548 (6-Acetamido-2-oxohexanoate)	454,246,4
C02727 (N6-Acetyl-L-lysine)	339,246,4
C00047 (L-Lysine)	203,401,4
C00990 (5-Aminopentanamide)	362,401,4
C03087 (5-Acetamidopentanoate)	454,323,4
C01142 ((3S)-3,6-Diaminohexanoate)	292,626,4
C01186 ((3S,5S)-3,5-Diaminohexanoate)	446,626,4
C03656 ((S)-5-Amino-3-oxohexanoic acid)	647,626,4
C00739 (D-Lysine)	203,560,4
C02188 (Protein lysine)	203,719,4
C05544 (Protein N6-methyl-L-lysine)	323,719,4
C01211 (Procollagen 5-hydroxy-L-lysine)	322,778,4
C05545 (Protein N6,N6-dimethyl-L-lysine)	442,719,4
C04487 (5-(D-Galactosyloxy)-L-lysine-procollagen)	442,778,4
C05546 (Protein N6,N6,N6-trimethyl-L-lysine)	549,719,4
C03793 (N6,N6,N6-Trimethyl-L-lysine)	632,719,4
C01259 ((3S)-3-Hydroxy-N6,N6,N6-trimethyl-L-lysine)	715,719,4
C01181 (4-Trimethylammoniobutanoate)	924,719,4
C00487 (Carnitine)	1020,719,4
C01149 (4-Trimethylammoniobutanal)	809,719,4
C00037 (Glycine)	788,752,4
C04020 (D-Lysopine)	340,353,4
C01028 (N6-Hydroxy-L-lysine)	310,156,4
C03955 (N6-Acetyl-N6-hydroxy-L-lysine)	400,156,4
C05554 (Aerobactin)	580,156,4
C20333 (N2-Citryl-N6-acetyl-N6-hydroxy-L-lysine)	490,156,4
C05231 (L-3-Aminobutyryl-CoA)	912,626,4
C00136 (Butanoyl-CoA)	1015,465,4
C00164 (Acetoacetate)	873,665,4
C03366 (5-Phosphooxy-L-lysine)	584,122,4
C16741 (L-Hydroxylysine)	462,122,4
C03196 ((S)-2-Hydroxyglutarate)	698,455,4
C00026 (2-Oxoglutarate)	698,510,4
C00042 (Succinate)	698,570,4
C12455 (5-Aminopentanal)	454,494,4
C01672 (Cadaverine)	264,494,4
30956 (Aass)	249,85,295,102
74147 (Ehhadh)	935,392,981,409
93747 (Echs1)	935,392,981,409
97212 (Hadha)	935,392,981,409
15107 (Hadh)	1047,392,1093,409
74147 (Ehhadh)	1047,392,1093,409
30956 (Aass)	530,64,576,81
110695 (Aldh7a1)	745,75,791,92
23923 (Aadat)	796,136,842,153
13382 (Dld)	796,315,842,332
209692 (Dhtkd1)	796,315,842,332
78920 (Dlst)	796,315,842,332
110446 (Acat1)	1145,392,1191,409
110460 (Acat2)	1145,392,1191,409
270076 (Gcdh)	838,392,884,409
19193 (Pipox)	680,197,726,214
170442 (Bbox1)	944,711,990,728
56752 (Aldh9a1)	845,721,891,738
192289 (Tmlhe)	646,711,692,728
73582 (Camkmt)	356,711,402,728
107303348 (Gm45935)	237,730,283,747
107823 (Nsd2)	237,730,283,747
110147 (Ehmt2)	237,730,283,747
110593 (Prdm2)	237,730,283,747
12180 (Smyd1)	237,730,283,747
14055 (Ezh1)	237,730,283,747
14056 (Ezh2)	237,730,283,747
18193 (Nsd1)	237,730,283,747
192195 (Ash1l)	237,730,283,747
208043 (Setd1b)	237,730,283,747
208266 (Dot1l)	237,730,283,747
20937 (Suv39h1)	237,730,283,747
213389 (Prdm9)	237,730,283,747
214162 (Kmt2a)	237,730,283,747
225518 (Prdm6)	237,730,283,747
226830 (Smyd2)	237,730,283,747
231051 (Kmt2c)	237,730,283,747
233904 (Setd1a)	237,730,283,747
234135 (Nsd3)	237,730,283,747
239122 (Setdb2)	237,730,283,747
381022 (Kmt2d)	237,730,283,747
64707 (Suv39h2)	237,730,283,747
67956 (Kmt5a)	237,730,283,747
69188 (Kmt2e)	237,730,283,747
69726 (Smyd3)	237,730,283,747
73251 (Setd7)	237,730,283,747
75410 (Kmt2b)	237,730,283,747
77683 (Ehmt1)	237,730,283,747
84505 (Setdb1)	237,730,283,747
234407 (Colgalt1)	356,769,402,786
26433 (Plod3)	356,769,402,786
269132 (Colgalt2)	356,769,402,786
73582 (Camkmt)	237,711,283,728
107303348 (Gm45935)	356,730,402,747
107823 (Nsd2)	356,730,402,747
110147 (Ehmt2)	356,730,402,747
110593 (Prdm2)	356,730,402,747
12180 (Smyd1)	356,730,402,747
14055 (Ezh1)	356,730,402,747
14056 (Ezh2)	356,730,402,747
18193 (Nsd1)	356,730,402,747
192195 (Ash1l)	356,730,402,747
208043 (Setd1b)	356,730,402,747
208266 (Dot1l)	356,730,402,747
20937 (Suv39h1)	356,730,402,747
213389 (Prdm9)	356,730,402,747
214162 (Kmt2a)	356,730,402,747
225888 (Kmt5b)	356,730,402,747
226830 (Smyd2)	356,730,402,747
231051 (Kmt2c)	356,730,402,747
232811 (Kmt5c)	356,730,402,747
233904 (Setd1a)	356,730,402,747
234135 (Nsd3)	356,730,402,747
239122 (Setdb2)	356,730,402,747
381022 (Kmt2d)	356,730,402,747
64707 (Suv39h2)	356,730,402,747
69188 (Kmt2e)	356,730,402,747
69726 (Smyd3)	356,730,402,747
73251 (Setd7)	356,730,402,747
74729 (Setmar)	356,730,402,747
75410 (Kmt2b)	356,730,402,747
77683 (Ehmt1)	356,730,402,747
84505 (Setdb1)	356,730,402,747
18822 (Plod1)	237,770,283,787
26432 (Plod2)	237,770,283,787
26433 (Plod3)	237,770,283,787
73582 (Camkmt)	473,711,519,728
107303348 (Gm45935)	473,730,519,747
107823 (Nsd2)	473,730,519,747
110147 (Ehmt2)	473,730,519,747
110593 (Prdm2)	473,730,519,747
12180 (Smyd1)	473,730,519,747
14055 (Ezh1)	473,730,519,747
14056 (Ezh2)	473,730,519,747
18193 (Nsd1)	473,730,519,747
192195 (Ash1l)	473,730,519,747
208043 (Setd1b)	473,730,519,747
208266 (Dot1l)	473,730,519,747
20937 (Suv39h1)	473,730,519,747
213389 (Prdm9)	473,730,519,747
214162 (Kmt2a)	473,730,519,747
226830 (Smyd2)	473,730,519,747
231051 (Kmt2c)	473,730,519,747
233904 (Setd1a)	473,730,519,747
234135 (Nsd3)	473,730,519,747
235626 (Setd2)	473,730,519,747
239122 (Setdb2)	473,730,519,747
381022 (Kmt2d)	473,730,519,747
64707 (Suv39h2)	473,730,519,747
69188 (Kmt2e)	473,730,519,747
69726 (Smyd3)	473,730,519,747
73251 (Setd7)	473,730,519,747
74729 (Setmar)	473,730,519,747
75410 (Kmt2b)	473,730,519,747
77683 (Ehmt1)	473,730,519,747
84505 (Setdb1)	473,730,519,747
110695 (Aldh7a1)	845,700,891,717
11669 (Aldh2)	845,700,891,717
11671 (Aldh3a2)	845,700,891,717
56752 (Aldh9a1)	845,700,891,717
72535 (Aldh1b1)	845,700,891,717
72947 (Phykpl)	641,114,687,131
235386 (Hykk)	496,114,542,131
map00311: Penicillin and cephalosporin biosynthesis	887,66,1057,100
mmu00020: Citrate cycle (TCA cycle)	1281,387,1361,412
mmu00310: Lysine degradation	40,45,213,70
map00300: Lysine biosynthesis	39,383,118,417
mmu00780: Biotin metabolism	96,331,173,365
mmu00020: Citrate cycle (TCA cycle)	736,557,810,582
