C00025 (L-Glutamate)	122,555,4
C00334 (4-Aminobutanoate)	197,555,4
C00334 (4-Aminobutanoate)	445,533,4
C00334 (4-Aminobutanoate)	635,641,4
C00334 (4-Aminobutanoate)	686,792,4
C00076 (Calcium cation)	665,497,4
C00064 (L-Glutamine)	123,449,4
C00334 (4-Aminobutanoate)	715,148,4
C00025 (L-Glutamate)	444,148,4
C00064 (L-Glutamine)	342,148,4
C00698 (Cl-)	710,597,4
C00238 (Potassium cation)	803,810,4
C00575 (3',5'-Cyclic AMP)	991,763,4
C00575 (3',5'-Cyclic AMP)	468,458,4
C00076 (Calcium cation)	709,717,4
C00698 (Cl-)	705,677,4
C00238 (Potassium cation)	798,639,4
C00698 (Cl-)	798,650,4
C00026 (2-Oxoglutarate)	514,148,4
C00042 (Succinate)	615,148,4
242425 (Gabbr2)	734,753,780,770
54393 (Gabbr1)	734,753,780,770
14412 (Slc6a13)	695,210,741,227
243616 (Slc6a11)	695,210,741,227
22348 (Slc32a1)	221,547,267,564
104110 (Adcy4)	912,753,958,770
104111 (Adcy3)	912,753,958,770
11512 (Adcy6)	912,753,958,770
11513 (Adcy7)	912,753,958,770
11514 (Adcy8)	912,753,958,770
11515 (Adcy9)	912,753,958,770
210044 (Adcy2)	912,753,958,770
224129 (Adcy5)	912,753,958,770
432530 (Adcy1)	912,753,958,770
14415 (Gad1)	129,561,175,578
14417 (Gad2)	129,561,175,578
14411 (Slc6a12)	600,785,646,802
14412 (Slc6a13)	600,785,646,802
232333 (Slc6a1)	600,785,646,802
243616 (Slc6a11)	600,785,646,802
12286 (Cacna1a)	600,488,646,505
12287 (Cacna1b)	600,488,646,505
100503710 (Gm5741)	825,753,871,770
14677 (Gnai1)	825,753,871,770
14678 (Gnai2)	825,753,871,770
14679 (Gnai3)	825,753,871,770
14681 (Gnao1)	825,753,871,770
14688 (Gnb1)	825,753,871,770
14693 (Gnb2)	825,753,871,770
14695 (Gnb3)	825,753,871,770
14696 (Gnb4)	825,753,871,770
14697 (Gnb5)	825,753,871,770
14699 (Gngt1)	825,753,871,770
14700 (Gng10)	825,753,871,770
14701 (Gng12)	825,753,871,770
14702 (Gng2)	825,753,871,770
14704 (Gng3)	825,753,871,770
14706 (Gng4)	825,753,871,770
14707 (Gng5)	825,753,871,770
14708 (Gng7)	825,753,871,770
14709 (Gng8)	825,753,871,770
14710 (Gngt2)	825,753,871,770
64337 (Gng13)	825,753,871,770
66066 (Gng11)	825,753,871,770
110886 (Gabra5)	734,589,780,606
14394 (Gabra1)	734,589,780,606
14395 (Gabra2)	734,589,780,606
14396 (Gabra3)	734,589,780,606
14397 (Gabra4)	734,589,780,606
14399 (Gabra6)	734,589,780,606
14400 (Gabrb1)	734,589,780,606
14401 (Gabrb2)	734,589,780,606
14402 (Gabrb3)	734,589,780,606
14403 (Gabrd)	734,589,780,606
14404 (Gabre)	734,589,780,606
14405 (Gabrg1)	734,589,780,606
14406 (Gabrg2)	734,589,780,606
14407 (Gabrg3)	734,589,780,606
216643 (Gabrp)	734,589,780,606
57249 (Gabrq)	734,589,780,606
242425 (Gabbr2)	509,312,555,329
54393 (Gabbr1)	509,312,555,329
268860 (Abat)	656,127,702,144
14645 (Glul)	376,124,422,141
16522 (Kcnj6)	734,801,780,818
14660 (Gls)	64,483,110,500
216456 (Gls2)	64,483,110,500
268860 (Abat)	213,630,259,647
100503710 (Gm5741)	508,371,554,388
14677 (Gnai1)	508,371,554,388
14678 (Gnai2)	508,371,554,388
14679 (Gnai3)	508,371,554,388
14681 (Gnao1)	508,371,554,388
14688 (Gnb1)	508,371,554,388
14693 (Gnb2)	508,371,554,388
14695 (Gnb3)	508,371,554,388
14696 (Gnb4)	508,371,554,388
14697 (Gnb5)	508,371,554,388
14699 (Gngt1)	508,371,554,388
14700 (Gng10)	508,371,554,388
14701 (Gng12)	508,371,554,388
14702 (Gng2)	508,371,554,388
14704 (Gng3)	508,371,554,388
14706 (Gng4)	508,371,554,388
14707 (Gng5)	508,371,554,388
14708 (Gng7)	508,371,554,388
14709 (Gng8)	508,371,554,388
14710 (Gngt2)	508,371,554,388
64337 (Gng13)	508,371,554,388
66066 (Gng11)	508,371,554,388
104110 (Adcy4)	445,412,491,429
104111 (Adcy3)	445,412,491,429
11512 (Adcy6)	445,412,491,429
11513 (Adcy7)	445,412,491,429
11514 (Adcy8)	445,412,491,429
11515 (Adcy9)	445,412,491,429
210044 (Adcy2)	445,412,491,429
224129 (Adcy5)	445,412,491,429
432530 (Adcy1)	445,412,491,429
18747 (Prkaca)	491,506,537,523
18749 (Prkacb)	491,506,537,523
268566 (Gphn)	811,610,857,627
110886 (Gabra5)	1105,536,1151,553
14394 (Gabra1)	1105,536,1151,553
14395 (Gabra2)	1105,536,1151,553
14396 (Gabra3)	1105,536,1151,553
14397 (Gabra4)	1105,536,1151,553
14399 (Gabra6)	1105,536,1151,553
14400 (Gabrb1)	1105,536,1151,553
14401 (Gabrb2)	1105,536,1151,553
14402 (Gabrb3)	1105,536,1151,553
14403 (Gabrd)	1105,536,1151,553
14404 (Gabre)	1105,536,1151,553
14405 (Gabrg1)	1105,536,1151,553
14406 (Gabrg2)	1105,536,1151,553
14407 (Gabrg3)	1105,536,1151,553
216643 (Gabrp)	1105,536,1151,553
57249 (Gabrq)	1105,536,1151,553
56486 (Gabarap)	1088,519,1134,536
57436 (Gabarapl1)	1088,519,1134,536
93739 (Gabarapl2)	1088,519,1134,536
18195 (Nsf)	1088,553,1134,570
110886 (Gabra5)	947,539,993,556
14394 (Gabra1)	947,539,993,556
14395 (Gabra2)	947,539,993,556
14396 (Gabra3)	947,539,993,556
14397 (Gabra4)	947,539,993,556
14399 (Gabra6)	947,539,993,556
14400 (Gabrb1)	947,539,993,556
14401 (Gabrb2)	947,539,993,556
14402 (Gabrb3)	947,539,993,556
14403 (Gabrd)	947,539,993,556
14404 (Gabre)	947,539,993,556
14405 (Gabrg1)	947,539,993,556
14406 (Gabrg2)	947,539,993,556
14407 (Gabrg3)	947,539,993,556
216643 (Gabrp)	947,539,993,556
57249 (Gabrq)	947,539,993,556
70827 (Trak2)	928,522,974,539
227120 (Plcl1)	928,556,974,573
110886 (Gabra5)	802,441,848,458
14394 (Gabra1)	802,441,848,458
14395 (Gabra2)	802,441,848,458
14396 (Gabra3)	802,441,848,458
14397 (Gabra4)	802,441,848,458
14399 (Gabra6)	802,441,848,458
14400 (Gabrb1)	802,441,848,458
14401 (Gabrb2)	802,441,848,458
14402 (Gabrb3)	802,441,848,458
14403 (Gabrd)	802,441,848,458
14404 (Gabre)	802,441,848,458
14405 (Gabrg1)	802,441,848,458
14406 (Gabrg2)	802,441,848,458
14407 (Gabrg3)	802,441,848,458
216643 (Gabrp)	802,441,848,458
57249 (Gabrq)	802,441,848,458
110886 (Gabra5)	1009,443,1055,460
14394 (Gabra1)	1009,443,1055,460
14395 (Gabra2)	1009,443,1055,460
14396 (Gabra3)	1009,443,1055,460
14397 (Gabra4)	1009,443,1055,460
14399 (Gabra6)	1009,443,1055,460
14400 (Gabrb1)	1009,443,1055,460
14401 (Gabrb2)	1009,443,1055,460
14402 (Gabrb3)	1009,443,1055,460
14403 (Gabrd)	1009,443,1055,460
14404 (Gabre)	1009,443,1055,460
14405 (Gabrg1)	1009,443,1055,460
14406 (Gabrg2)	1009,443,1055,460
14407 (Gabrg3)	1009,443,1055,460
216643 (Gabrp)	1009,443,1055,460
57249 (Gabrq)	1009,443,1055,460
15114 (Hap1)	989,460,1035,477
12286 (Cacna1a)	734,708,780,725
12287 (Cacna1b)	734,708,780,725
12288 (Cacna1c)	734,708,780,725
12289 (Cacna1d)	734,708,780,725
12292 (Cacna1s)	734,708,780,725
54652 (Cacna1f)	734,708,780,725
14408 (Gabrr1)	734,670,780,687
14409 (Gabrr2)	734,670,780,687
328699 (Gabrr3)	734,670,780,687
57138 (Slc12a5)	734,634,780,651
110886 (Gabra5)	854,375,900,392
14394 (Gabra1)	854,375,900,392
14395 (Gabra2)	854,375,900,392
14396 (Gabra3)	854,375,900,392
14397 (Gabra4)	854,375,900,392
14399 (Gabra6)	854,375,900,392
14400 (Gabrb1)	854,375,900,392
14401 (Gabrb2)	854,375,900,392
14402 (Gabrb3)	854,375,900,392
14403 (Gabrd)	854,375,900,392
14404 (Gabre)	854,375,900,392
14405 (Gabrg1)	854,375,900,392
14406 (Gabrg2)	854,375,900,392
14407 (Gabrg3)	854,375,900,392
216643 (Gabrp)	854,375,900,392
57249 (Gabrq)	854,375,900,392
18747 (Prkaca)	789,500,835,517
18749 (Prkacb)	789,500,835,517
18750 (Prkca)	789,521,835,538
18751 (Prkcb)	789,521,835,538
18752 (Prkcg)	789,521,835,538
20779 (Src)	839,500,885,517
209837 (Slc38a5)	318,210,364,227
76257 (Slc38a3)	318,210,364,227
105727 (Slc38a1)	100,386,146,403
67760 (Slc38a2)	100,386,146,403
mmu04727: GABAergic synapse	40,45,220,70
mmu00250: Alanine	135,476,271,510
aspartate and glutamate metabolism	135,476,271,510
mmu00020: Citrate cycle (TCA cycle)	521,103,613,137
mmu04721: Synaptic vesicle cycle	400,595,492,629
mmu04144: Endocytosis	863,443,955,468
