C00777 (Retinoate)	686,142,4
C15493 (9-cis-Retinoic acid)	686,142,4
C00076 (Calcium cation)	580,451,4
C00165 (Diacylglycerol)	455,492,4
C01245 (D-myo-Inositol 1,4,5-trisphosphate)	454,450,4
C05981 (Phosphatidylinositol-3,4,5-trisphosphate)	556,323,4
C05981 (Phosphatidylinositol-3,4,5-trisphosphate)	544,552,4
18750 (Prkca)	593,484,639,501
18751 (Prkcb)	593,484,639,501
18752 (Prkcg)	593,484,639,501
56484 (Foxo3)	710,338,756,355
12371 (Casp9)	710,316,756,333
12015 (Bad)	710,292,756,309
11651 (Akt1)	623,316,669,333
11652 (Akt2)	623,316,669,333
23797 (Akt3)	623,316,669,333
18607 (Pdpk1)	579,338,625,355
18706 (Pik3ca)	456,315,502,332
18707 (Pik3cd)	456,315,502,332
18708 (Pik3r1)	456,315,502,332
18709 (Pik3r2)	456,315,502,332
18710 (Pik3r3)	456,315,502,332
74769 (Pik3cb)	456,315,502,332
12567 (Cdk4)	973,261,1019,278
12571 (Cdk6)	973,261,1019,278
12443 (Ccnd1)	573,253,619,270
13555 (E2f1)	1056,308,1102,325
13557 (E2f3)	1056,308,1102,325
242705 (E2f2)	1056,308,1102,325
15461 (Hras)	566,390,612,407
16653 (Kras)	566,390,612,407
18176 (Nras)	566,390,612,407
18803 (Plcg1)	375,464,421,481
234779 (Plcg2)	375,464,421,481
21802 (Tgfa)	195,490,241,507
13649 (Egfr)	280,466,326,483
56484 (Foxo3)	699,567,745,584
12015 (Bad)	699,521,745,538
12371 (Casp9)	699,544,745,561
58231 (Stk4)	573,212,619,229
12443 (Ccnd1)	973,278,1019,295
13866 (Erbb2)	280,491,326,508
13645 (Egf)	195,466,241,483
19645 (Rb1)	1056,271,1102,288
218772 (Rarb)	933,125,979,142
18607 (Pdpk1)	568,566,614,583
20662 (Sos1)	484,390,530,407
20663 (Sos2)	484,390,530,407
14784 (Grb2)	401,390,447,407
20181 (Rxra)	933,142,979,159
20182 (Rxrb)	933,142,979,159
20183 (Rxrg)	933,142,979,159
56289 (Rassf1)	459,253,505,270
54354 (Rassf5)	470,224,516,241
12443 (Ccnd1)	963,390,1009,407
12578 (Cdkn2a)	909,234,955,251
11651 (Akt1)	612,544,658,561
11652 (Akt2)	612,544,658,561
23797 (Akt3)	612,544,658,561
18706 (Pik3ca)	428,544,474,561
18707 (Pik3cd)	428,544,474,561
74769 (Pik3cb)	428,544,474,561
14198 (Fhit)	384,166,430,183
26413 (Mapk1)	815,390,861,407
26417 (Mapk3)	815,390,861,407
26395 (Map2k1)	731,390,777,407
26396 (Map2k2)	731,390,777,407
109880 (Braf)	649,390,695,407
110157 (Raf1)	649,390,695,407
11836 (Araf)	649,390,695,407
16653 (Kras)	342,315,388,332
11682 (Alk)	415,642,461,659
78798 (Eml4)	415,642,461,659
16453 (Jak3)	525,609,571,626
20848 (Stat3)	636,609,682,626
20850 (Stat5a)	636,609,682,626
20851 (Stat5b)	636,609,682,626
22059 (Trp53)	963,483,1009,500
12575 (Cdkn1a)	1093,462,1139,479
13197 (Gadd45a)	1145,462,1191,479
17873 (Gadd45b)	1145,462,1191,479
23882 (Gadd45g)	1145,462,1191,479
12028 (Bax)	1093,484,1139,501
12018 (Bak1)	1145,484,1191,501
107986 (Ddb2)	1093,506,1139,523
27015 (Polk)	1145,506,1191,523
mmu05223: Non-small cell lung cancer	40,45,300,70
mmu04110: Cell cycle	1024,212,1128,246
mmu04115: p53 signaling pathway	1024,547,1128,581
mmu04110: Cell cycle	1024,592,1128,626
mmu04020: Calcium signaling pathway	651,466,755,500
mmu04010: MAPK signaling pathway	729,416,833,450
mmu04012: ErbB signaling pathway	328,348,432,382
mmu04151: PI3K-Akt signaling pathway	766,571,870,605
mmu04014: Ras signaling pathway	328,242,432,276
