C00965 (1,3-beta-D-Glucan)	104,265,4
C00159 (D-Mannose)	104,447,4
C01019 (6-Deoxy-L-galactose)	104,559,4
C00159 (D-Mannose)	104,362,4
C01245 (D-myo-Inositol 1,4,5-trisphosphate)	373,219,4
C00076 (Calcium cation)	559,205,4
C00027 (Hydrogen peroxide)	560,264,4
C16844 (Hydroxyl radical)	560,264,4
C21790 (Trehalose dimycolate)	104,767,4
C21791 (Rhodocytin)	104,828,4
C01245 (D-myo-Inositol 1,4,5-trisphosphate)	462,829,4
C00076 (Calcium cation)	652,814,4
C21790 (Trehalose dimycolate)	104,716,4
C00165 (Diacylglycerol)	374,328,4
C21790 (Trehalose dimycolate)	103,661,4
C00159 (D-Mannose)	103,676,4
C00584 (Prostaglandin E2)	1248,358,4
G13115 (Mannose-capped lipoarabinomannan)	104,380,4
G13115 (Mannose-capped lipoarabinomannan)	104,465,4
56644 (Clec7a)	156,256,202,273
381809 (Clec4b2)	156,364,202,381
56620 (Clec4n)	156,364,202,381
69810 (Clec4b1)	156,364,202,381
56619 (Clec4e)	156,661,202,678
17474 (Clec4d)	156,708,202,725
14127 (Fcer1g)	156,381,202,398
170776 (Cd209c)	156,450,202,467
170779 (Cd209d)	156,450,202,467
170780 (Cd209e)	156,450,202,467
170786 (Cd209a)	156,450,202,467
69142 (Cd209f)	156,450,202,467
69165 (Cd209b)	156,450,202,467
70192 (Cd209g)	156,450,202,467
16985 (Lsp1)	156,488,202,505
16706 (Ksr1)	515,471,561,488
12795 (Plk3)	515,505,561,522
20779 (Src)	361,516,407,533
18033 (Nfkb1)	1123,505,1169,522
110157 (Raf1)	515,488,561,505
18479 (Pak1)	361,450,407,467
15461 (Hras)	361,488,407,505
16653 (Kras)	361,488,407,505
17532 (Mras)	361,488,407,505
18176 (Nras)	361,488,407,505
20130 (Rras)	361,488,407,505
66922 (Rras2)	361,488,407,505
19697 (Rela)	1123,488,1169,505
14127 (Fcer1g)	156,678,202,695
14127 (Fcer1g)	156,725,202,742
20963 (Syk)	253,256,299,273
83430 (Il23a)	1292,652,1338,669
19247 (Ptpn11)	253,240,299,257
16151 (Ikbkg)	783,312,829,329
12675 (Chuk)	783,329,829,346
16150 (Ikbkb)	783,329,829,346
18033 (Nfkb1)	957,330,1003,347
19697 (Rela)	957,313,1003,330
16159 (Il12a)	1243,141,1289,158
16160 (Il12b)	1243,141,1289,158
216799 (Nlrp3)	608,256,654,273
12362 (Casp1)	783,256,829,273
16985 (Lsp1)	156,126,202,143
66824 (Pycard)	654,256,700,273
16176 (Il1b)	956,227,1002,244
16176 (Il1b)	1243,290,1289,307
12370 (Casp8)	783,284,829,301
66824 (Pycard)	829,284,875,301
16193 (Il6)	1243,486,1289,503
16159 (Il12a)	1292,506,1338,523
16160 (Il12b)	1292,506,1338,523
69632 (Arhgef12)	253,489,299,506
11848 (Rhoa)	253,450,299,467
67653 (4930544G11Rik)	253,450,299,467
170776 (Cd209c)	156,552,202,569
170779 (Cd209d)	156,552,202,569
170780 (Cd209e)	156,552,202,569
170786 (Cd209a)	156,552,202,569
69142 (Cd209f)	156,552,202,569
69165 (Cd209b)	156,552,202,569
70192 (Cd209g)	156,552,202,569
16985 (Lsp1)	156,588,202,605
74256 (Cyld)	361,621,407,638
56489 (Ikbke)	361,556,407,573
20846 (Stat1)	515,556,561,573
20847 (Stat2)	1124,573,1170,590
20846 (Stat1)	1124,556,1170,573
16391 (Irf9)	1124,539,1170,556
239114 (Il17d)	1243,556,1289,573
12051 (Bcl3)	515,621,561,638
17164 (Mapkapk2)	253,588,299,605
12051 (Bcl3)	1124,610,1170,627
18033 (Nfkb1)	1124,627,1170,644
16153 (Il10)	1243,585,1289,602
16193 (Il6)	1243,632,1289,649
16159 (Il12a)	1243,652,1289,669
16160 (Il12b)	1243,652,1289,669
20963 (Syk)	253,382,299,399
19247 (Ptpn11)	253,399,299,416
18033 (Nfkb1)	957,451,1003,468
19697 (Rela)	957,434,1003,451
83430 (Il23a)	1292,434,1338,451
16193 (Il6)	1243,434,1289,451
16176 (Il1b)	1243,454,1289,471
18035 (Nfkbia)	886,442,932,459
18033 (Nfkb1)	1124,452,1170,469
19697 (Rela)	1124,435,1170,452
20963 (Syk)	253,757,299,774
332579 (Card9)	361,757,407,774
12042 (Bcl10)	407,757,453,774
240354 (Malt1)	453,757,499,774
18033 (Nfkb1)	957,765,1003,782
19697 (Rela)	957,748,1003,765
18035 (Nfkbia)	886,756,932,773
83430 (Il23a)	1292,747,1338,764
16193 (Il6)	1243,747,1289,764
16159 (Il12a)	1243,767,1289,784
16160 (Il12b)	1243,767,1289,784
16176 (Il1b)	1292,767,1338,784
18033 (Nfkb1)	1124,765,1170,782
19697 (Rela)	1124,748,1170,765
15461 (Hras)	258,126,304,143
16653 (Kras)	258,126,304,143
17532 (Mras)	258,126,304,143
18176 (Nras)	258,126,304,143
20130 (Rras)	258,126,304,143
66922 (Rras2)	258,126,304,143
18753 (Prkcd)	444,320,490,337
18035 (Nfkbia)	887,320,933,337
234779 (Plcg2)	350,256,396,273
26413 (Mapk1)	444,256,490,273
26417 (Mapk3)	444,256,490,273
18018 (Nfatc1)	956,197,1002,214
18019 (Nfatc2)	956,197,1002,214
18021 (Nfatc3)	956,197,1002,214
73181 (Nfatc4)	956,197,1002,214
83430 (Il23a)	1292,330,1338,347
16183 (Il2)	1243,187,1289,204
19055 (Ppp3ca)	782,197,828,214
19056 (Ppp3cb)	782,197,828,214
19057 (Ppp3cc)	782,197,828,214
19058 (Ppp3r1)	782,197,828,214
19059 (Ppp3r2)	782,197,828,214
16438 (Itpr1)	444,212,490,229
16439 (Itpr2)	444,212,490,229
16440 (Itpr3)	444,212,490,229
53859 (Map3k14)	444,167,490,184
18033 (Nfkb1)	1124,330,1170,347
19697 (Rela)	1124,313,1170,330
18018 (Nfatc1)	1124,197,1170,214
18019 (Nfatc2)	1124,197,1170,214
18021 (Nfatc3)	1124,197,1170,214
73181 (Nfatc4)	1124,197,1170,214
18033 (Nfkb1)	725,505,771,522
19697 (Rela)	725,488,771,505
21926 (Tnf)	1292,454,1338,471
16153 (Il10)	1243,506,1289,523
18033 (Nfkb1)	725,598,771,615
208650 (Cblb)	253,316,299,333
16151 (Ikbkg)	783,434,829,451
12675 (Chuk)	783,451,829,468
16150 (Ikbkb)	783,451,829,468
56619 (Clec4e)	156,751,202,768
17474 (Clec4d)	156,768,202,785
14127 (Fcer1g)	156,785,202,802
20963 (Syk)	253,820,299,837
56760 (Clec1b)	156,820,202,837
234779 (Plcg2)	361,820,407,837
18018 (Nfatc1)	957,806,1003,823
18019 (Nfatc2)	957,806,1003,823
18021 (Nfatc3)	957,806,1003,823
73181 (Nfatc4)	957,806,1003,823
16438 (Itpr1)	530,821,576,838
16439 (Itpr2)	530,821,576,838
16440 (Itpr3)	530,821,576,838
18018 (Nfatc1)	1124,805,1170,822
18019 (Nfatc2)	1124,805,1170,822
18021 (Nfatc3)	1124,805,1170,822
73181 (Nfatc4)	1124,805,1170,822
239114 (Il17d)	1243,805,1289,822
332579 (Card9)	423,381,469,398
12042 (Bcl10)	469,381,515,398
240354 (Malt1)	515,381,561,398
332579 (Card9)	543,320,589,337
12042 (Bcl10)	589,320,635,337
240354 (Malt1)	635,320,681,337
110157 (Raf1)	444,126,490,143
16159 (Il12a)	1292,310,1338,327
16160 (Il12b)	1292,310,1338,327
20963 (Syk)	253,678,299,695
332579 (Card9)	361,678,407,695
12042 (Bcl10)	407,678,453,695
240354 (Malt1)	453,678,499,695
18706 (Pik3ca)	639,678,685,695
18707 (Pik3cd)	639,678,685,695
18708 (Pik3r1)	639,678,685,695
18709 (Pik3r2)	639,678,685,695
18710 (Pik3r3)	639,678,685,695
74769 (Pik3cb)	639,678,685,695
11651 (Akt1)	783,678,829,695
11652 (Akt2)	783,678,829,695
23797 (Akt3)	783,678,829,695
17246 (Mdm2)	957,678,1003,695
17246 (Mdm2)	1124,678,1170,695
16362 (Irf1)	1124,693,1170,710
16159 (Il12a)	1243,686,1289,703
16160 (Il12b)	1243,686,1289,703
16151 (Ikbkg)	639,748,685,765
12675 (Chuk)	639,765,685,782
16150 (Ikbkb)	639,765,685,782
12675 (Chuk)	653,168,699,185
18034 (Nfkb2)	782,168,828,185
19698 (Relb)	782,151,828,168
19697 (Rela)	1124,132,1170,149
19698 (Relb)	1124,149,1170,166
19697 (Rela)	957,126,1003,143
16176 (Il1b)	1292,141,1338,158
16193 (Il6)	1243,310,1289,327
18034 (Nfkb2)	957,168,1003,185
19698 (Relb)	957,151,1003,168
12313 (Calm1)	653,197,699,214
12314 (Calm2)	653,197,699,214
12315 (Calm3)	653,197,699,214
494124 (Calm5)	653,197,699,214
70405 (Calml3)	653,197,699,214
75600 (Calml4)	653,197,699,214
80796 (Calm4)	653,197,699,214
19055 (Ppp3ca)	828,806,874,823
19056 (Ppp3cb)	828,806,874,823
19057 (Ppp3cc)	828,806,874,823
19058 (Ppp3r1)	828,806,874,823
19059 (Ppp3r2)	828,806,874,823
12313 (Calm1)	718,806,764,823
12314 (Calm2)	718,806,764,823
12315 (Calm3)	718,806,764,823
494124 (Calm5)	718,806,764,823
70405 (Calml3)	718,806,764,823
75600 (Calml4)	718,806,764,823
80796 (Calm4)	718,806,764,823
16153 (Il10)	1243,330,1289,347
16153 (Il10)	1243,207,1289,224
21926 (Tnf)	1292,290,1338,307
19225 (Ptgs2)	1292,207,1338,224
20299 (Ccl22)	1292,605,1338,622
20295 (Ccl17)	1243,605,1289,622
13654 (Egr2)	1292,187,1338,204
13655 (Egr3)	1292,187,1338,204
19094 (Mapk11)	783,357,829,374
26415 (Mapk13)	783,357,829,374
26416 (Mapk14)	783,357,829,374
29857 (Mapk12)	783,357,829,374
26414 (Mapk10)	783,381,829,398
26419 (Mapk8)	783,381,829,398
26420 (Mapk9)	783,381,829,398
26413 (Mapk1)	783,405,829,422
26417 (Mapk3)	783,405,829,422
16159 (Il12a)	1243,381,1289,398
16160 (Il12b)	1243,381,1289,398
16476 (Jun)	1124,381,1170,398
16476 (Jun)	957,381,1003,398
mmu04625: C-type lectin receptor signaling pathway	40,45,393,70
mmu04659: Th17 cell differentiation	1366,369,1496,394
mmu04658: Th1 and Th2 cell differentiation	1360,688,1510,713
map00571: Lipoarabinomannan (LAM) biosynthesis	31,394,140,426
