C04549 (1-Phosphatidyl-1D-myo-inositol 3-phosphate)	916,962,4
C01194 (1-Phosphatidyl-D-myo-inositol)	822,933,4
C00338 (Lipopolysaccharide)	259,653,4
C00076 (Calcium cation)	614,1091,4
C06124 (Sphingosine 1-phosphate)	578,1091,4
C01561 (Calcidiol)	740,895,4
C01673 (Calcitriol)	846,867,4
C21790 (Trehalose dimycolate)	259,368,4
C19190 (Trehalose-6,6'-dibehenate)	259,368,4
C00076 (Calcium cation)	643,221,4
C01561 (Calcidiol)	700,895,4
G13114 (Lipoarabinomannan)	259,499,4
G13108 (Triacylated phosphatidyl-myo-inositol dimannoside)	259,514,4
G13109 (Tetraacylated phosphatidyl-myo-inositol dimannoside)	259,514,4
G13106 (Triacylated phosphatidyl-myo-inositol hexamannoside)	259,514,4
G13112 (Tetraacylated phosphatidyl-myo-inositol hexamannoside)	259,514,4
G13101 (Lipomannan)	259,528,4
G13115 (Mannose-capped lipoarabinomannan)	259,712,4
G13115 (Mannose-capped lipoarabinomannan)	259,814,4
G13106 (Triacylated phosphatidyl-myo-inositol hexamannoside)	259,789,4
G13112 (Tetraacylated phosphatidyl-myo-inositol hexamannoside)	259,789,4
G13108 (Triacylated phosphatidyl-myo-inositol dimannoside)	259,954,4
G13109 (Tetraacylated phosphatidyl-myo-inositol dimannoside)	259,954,4
G13106 (Triacylated phosphatidyl-myo-inositol hexamannoside)	259,954,4
G13112 (Tetraacylated phosphatidyl-myo-inositol hexamannoside)	259,954,4
G13105 (Triacylated phosphatidyl-myo-inositol pentamannoside)	259,1050,4
G13113 (Tetraacylated phosphatidyl-myo-inositol pentamannoside)	259,1050,4
G13106 (Triacylated phosphatidyl-myo-inositol hexamannoside)	259,1050,4
G13115 (Mannose-capped lipoarabinomannan)	259,1088,4
G13101 (Lipomannan)	259,801,4
17533 (Mrc1)	471,1044,517,1061
17534 (Mrc2)	471,1044,517,1061
18779 (Pla2r1)	471,1044,517,1061
170776 (Cd209c)	471,792,517,809
170779 (Cd209d)	471,792,517,809
170780 (Cd209e)	471,792,517,809
170786 (Cd209a)	471,792,517,809
69142 (Cd209f)	471,792,517,809
69165 (Cd209b)	471,792,517,809
70192 (Cd209g)	471,792,517,809
110157 (Raf1)	698,721,744,738
16153 (Il10)	1260,783,1306,800
19344 (Rab5b)	841,971,887,988
19345 (Rab5c)	841,971,887,988
271457 (Rab5a)	841,971,887,988
225326 (Pik3c3)	841,954,887,971
108664 (Atp6v1h)	1112,954,1158,971
114143 (Atp6v0b)	1112,954,1158,971
11972 (Atp6v0d1)	1112,954,1158,971
11975 (Atp6v0a1)	1112,954,1158,971
11984 (Atp6v0c)	1112,954,1158,971
140494 (Atp6v0a4)	1112,954,1158,971
21871 (Atp6v0a2)	1112,954,1158,971
242341 (Atp6v0d2)	1112,954,1158,971
27060 (Tcirg1)	1112,954,1158,971
54411 (Atp6ap1)	1112,954,1158,971
216238 (Eea1)	950,954,996,971
16783 (Lamp1)	1112,974,1158,991
16784 (Lamp2)	1112,974,1158,991
19349 (Rab7)	1024,954,1070,971
13033 (Ctsd)	1112,934,1158,951
12313 (Calm1)	649,1083,695,1100
12314 (Calm2)	649,1083,695,1100
12315 (Calm3)	649,1083,695,1100
494124 (Calm5)	649,1083,695,1100
70405 (Calml3)	649,1083,695,1100
75600 (Calml4)	649,1083,695,1100
80796 (Calm4)	649,1083,695,1100
108058 (Camk2d)	759,978,805,995
12322 (Camk2a)	759,978,805,995
12323 (Camk2b)	759,978,805,995
12325 (Camk2g)	759,978,805,995
19344 (Rab5b)	950,971,996,988
19345 (Rab5c)	950,971,996,988
271457 (Rab5a)	950,971,996,988
20698 (Sphk1)	499,1083,545,1100
56632 (Sphk2)	499,1083,545,1100
14129 (Fcgr1)	471,1171,517,1188
14130 (Fcgr2b)	471,1171,517,1188
14131 (Fcgr3)	471,1171,517,1188
246256 (Fcgr4)	471,1171,517,1188
12721 (Coro1a)	893,1039,939,1056
19055 (Ppp3ca)	759,1123,805,1140
19056 (Ppp3cb)	759,1123,805,1140
19057 (Ppp3cc)	759,1123,805,1140
19058 (Ppp3r1)	759,1123,805,1140
19059 (Ppp3r2)	759,1123,805,1140
16414 (Itgb2)	471,954,517,971
16415 (Itgb2l)	471,954,517,971
16409 (Itgam)	471,937,517,954
12914 (Crebbp)	909,236,955,253
328572 (Ep300)	909,236,955,253
20846 (Stat1)	772,259,818,276
16451 (Jak1)	594,259,640,276
16452 (Jak2)	594,259,640,276
15980 (Ifngr2)	408,267,454,284
15978 (Ifng)	337,250,383,267
170767 (Rfxap)	1057,240,1103,257
19727 (Rfxank)	1057,240,1103,257
53970 (Rfx5)	1057,240,1103,257
12912 (Creb1)	1057,278,1103,295
18044 (Nfya)	1057,259,1103,276
18045 (Nfyb)	1057,259,1103,276
18046 (Nfyc)	1057,259,1103,276
24088 (Tlr2)	408,564,454,581
12608 (Cebpb)	923,387,969,404
12611 (Cebpg)	923,387,969,404
12265 (Ciita)	987,259,1033,276
26413 (Mapk1)	835,596,881,613
26417 (Mapk3)	835,596,881,613
18033 (Nfkb1)	835,510,881,527
19697 (Rela)	835,510,881,527
22034 (Traf6)	700,596,746,613
12475 (Cd14)	408,657,454,674
17874 (Myd88)	484,597,530,614
266632 (Irak4)	562,596,608,613
21898 (Tlr4)	408,621,454,638
21897 (Tlr1)	408,581,454,598
21899 (Tlr6)	408,581,454,598
12367 (Casp3)	1087,101,1133,118
21926 (Tnf)	337,102,383,119
21937 (Tnfrsf1a)	408,101,454,118
71609 (Tradd)	607,84,653,101
14082 (Fadd)	607,101,653,118
11651 (Akt1)	694,162,740,179
11652 (Akt2)	694,162,740,179
23797 (Akt3)	694,162,740,179
12370 (Casp8)	693,101,739,118
12122 (Bid)	788,129,834,146
13063 (Cycs)	987,145,1033,162
13067 (Cyct)	987,145,1033,162
11783 (Apaf1)	987,179,1033,196
12015 (Bad)	788,162,834,179
12371 (Casp9)	987,162,1033,179
12043 (Bcl2)	884,162,930,179
12028 (Bax)	884,129,930,146
16149 (Cd74)	1159,270,1205,287
100504404 (H2-Ea-ps)	1159,248,1205,265
14960 (H2-Aa)	1159,248,1205,265
14961 (H2-Ab1)	1159,248,1205,265
14969 (H2-Eb1)	1159,248,1205,265
14998 (H2-DMa)	1159,248,1205,265
14999 (H2-DMb1)	1159,248,1205,265
15000 (H2-DMb2)	1159,248,1205,265
15001 (H2-Oa)	1159,248,1205,265
15002 (H2-Ob)	1159,248,1205,265
13040 (Ctss)	743,307,789,324
16153 (Il10)	337,307,383,324
16154 (Il10ra)	408,299,454,316
21926 (Tnf)	1259,472,1305,489
16159 (Il12a)	1259,518,1305,535
16160 (Il12b)	1259,518,1305,535
16175 (Il1a)	1259,587,1305,604
16176 (Il1b)	1259,587,1305,604
117149 (Tirap)	484,580,530,597
81897 (Tlr9)	622,674,668,691
15962 (Ifna1)	1260,663,1306,680
15964 (Ifna11)	1260,663,1306,680
15965 (Ifna2)	1260,663,1306,680
15967 (Ifna4)	1260,663,1306,680
15968 (Ifna5)	1260,663,1306,680
15969 (Ifna6)	1260,663,1306,680
15970 (Ifna7)	1260,663,1306,680
15972 (Ifna9)	1260,663,1306,680
15974 (Ifnab)	1260,663,1306,680
230396 (Ifna13)	1260,663,1306,680
242517 (Ifna15)	1260,663,1306,680
242519 (Ifna12)	1260,663,1306,680
404549 (Ifna14)	1260,663,1306,680
16193 (Il6)	1259,495,1305,512
69632 (Arhgef12)	514,743,560,760
11848 (Rhoa)	535,726,581,743
67653 (4930544G11Rik)	535,726,581,743
16985 (Lsp1)	557,765,603,782
16706 (Ksr1)	603,773,649,790
12795 (Plk3)	603,756,649,773
16411 (Itgax)	471,900,517,917
16414 (Itgb2)	471,917,517,934
16415 (Itgb2l)	471,917,517,934
12946 (Cr1l)	471,880,517,897
16803 (Lbp)	337,528,383,545
22337 (Vdr)	918,859,964,876
13115 (Cyp27b1)	770,847,816,864
12796 (Camp)	1259,858,1305,875
16173 (Il18)	1259,541,1305,558
83430 (Il23a)	1259,564,1305,581
257632 (Nod2)	645,484,691,501
192656 (Ripk2)	718,484,764,501
56644 (Clec7a)	408,415,454,432
20963 (Syk)	508,395,554,412
20779 (Src)	449,432,495,449
332579 (Card9)	666,395,712,412
240354 (Malt1)	666,378,712,395
12042 (Bcl10)	666,412,712,429
56619 (Clec4e)	408,359,454,376
14127 (Fcer1g)	431,376,477,393
15979 (Ifngr1)	408,250,454,267
15510 (Hspd1)	218,661,264,678
15526 (Hspa9)	217,621,263,638
26414 (Mapk10)	835,618,881,635
26419 (Mapk8)	835,618,881,635
26420 (Mapk9)	835,618,881,635
19094 (Mapk11)	835,573,881,590
26415 (Mapk13)	835,573,881,590
26416 (Mapk14)	835,573,881,590
29857 (Mapk12)	835,573,881,590
108058 (Camk2d)	690,223,736,240
12322 (Camk2a)	690,223,736,240
12323 (Camk2b)	690,223,736,240
12325 (Camk2g)	690,223,736,240
21803 (Tgfb1)	1260,806,1306,823
21808 (Tgfb2)	1260,806,1306,823
21809 (Tgfb3)	1260,806,1306,823
108960 (Irak2)	631,596,677,613
16179 (Irak1)	631,596,677,613
16155 (Il10rb)	408,316,454,333
12266 (C3)	337,880,383,897
12266 (C3)	337,909,383,926
18126 (Nos2)	1259,405,1305,422
12475 (Cd14)	408,528,454,545
17874 (Myd88)	705,674,751,691
15977 (Ifnb1)	1260,686,1306,703
mmu05152: Tuberculosis	40,45,171,70
mmu04620: Toll-like receptor signaling pathway	579,554,695,588
mmu04210: Apoptosis	1264,126,1359,160
mmu04630: JAK-STAT signaling pathway	770,216,887,250
mmu04612: Antigen processing and presentation	1259,282,1375,316
mmu04621: NOD-like receptor signaling pathway	576,440,692,474
mmu04010: MAPK signaling pathway	802,639,918,673
map00517	50,515,197,549
