C00575 (3',5'-Cyclic AMP)	827,202,4
C00788 (L-Adrenaline)	327,88,4
C00547 (L-Noradrenaline)	327,134,4
C00942 (3',5'-Cyclic GMP)	753,642,4
C00212 (Adenosine)	327,263,4
C00584 (Prostaglandin E2)	327,190,4
C01245 (D-myo-Inositol 1,4,5-trisphosphate)	735,545,4
C00076 (Calcium cation)	568,309,4
C00076 (Calcium cation)	761,455,4
C00533 (Nitric oxide)	325,616,4
C00020 (AMP)	960,274,4
C02135 (Angiotensin II)	327,543,4
C00873 (Angiotensin I)	158,776,4
C00002 (ATP)	208,373,4
C00008 (ADP)	247,337,4
C00020 (AMP)	286,301,4
C00238 (Potassium cation)	486,754,4
C00076 (Calcium cation)	369,398,4
C00238 (Potassium cation)	487,454,4
C00698 (Cl-)	487,354,4
C00076 (Calcium cation)	690,400,4
C00001 (H2O)	382,225,4
14683 (Gnas)	513,151,559,168
11512 (Adcy6)	646,194,692,211
224129 (Adcy5)	646,194,692,211
18747 (Prkaca)	995,194,1041,211
18749 (Prkacb)	995,194,1041,211
11554 (Adrb1)	410,121,456,138
11555 (Adrb2)	410,121,456,138
11556 (Adrb3)	410,121,456,138
18160 (Npr1)	410,672,456,689
14677 (Gnai1)	513,255,559,272
14678 (Gnai2)	513,255,559,272
14679 (Gnai3)	513,255,559,272
11539 (Adora1)	410,255,456,272
109305 (Orai1)	410,299,456,316
11607 (Agtr1a)	410,536,456,553
11608 (Agtr1b)	410,536,456,553
14682 (Gnaq)	517,536,563,553
18795 (Plcb1)	618,536,664,553
18796 (Plcb2)	618,536,664,553
18797 (Plcb3)	618,536,664,553
18798 (Plcb4)	618,536,664,553
16438 (Itpr1)	636,447,682,464
16439 (Itpr2)	636,447,682,464
16440 (Itpr3)	636,447,682,464
234889 (Gucy1a2)	486,608,532,625
239134 (Gucy1b2)	486,608,532,625
54195 (Gucy1b1)	486,608,532,625
60596 (Gucy1a1)	486,608,532,625
19092 (Prkg2)	680,746,726,763
18576 (Pde3b)	884,262,930,279
54611 (Pde3a)	884,262,930,279
12912 (Creb1)	1120,194,1166,211
19701 (Ren1)	1244,194,1290,211
19702 (Ren2)	1244,194,1290,211
13030 (Ctsb)	989,826,1035,843
19701 (Ren1)	166,812,212,829
19702 (Ren2)	166,812,212,829
11606 (Agt)	135,857,181,874
11421 (Ace)	105,622,151,639
217246 (Ace3)	105,622,151,639
19217 (Ptger2)	410,181,456,198
19219 (Ptger4)	410,181,456,198
13617 (Ednra)	410,496,456,513
16531 (Kcnma1)	410,745,456,762
18573 (Pde1a)	835,235,881,252
18574 (Pde1b)	835,235,881,252
18575 (Pde1c)	835,235,881,252
12722 (Clca3a1)	410,344,456,361
229927 (Clca3b)	410,344,456,361
229933 (Clca2)	410,344,456,361
23844 (Clca1)	410,344,456,361
80797 (Clca3a2)	410,344,456,361
99663 (Clca4a)	410,344,456,361
99709 (Clca4b)	410,344,456,361
12288 (Cacna1c)	410,390,456,407
12289 (Cacna1d)	410,390,456,407
12292 (Cacna1s)	410,390,456,407
54652 (Cacna1f)	410,390,456,407
16518 (Kcnj2)	410,446,456,463
12313 (Calm1)	824,530,870,547
12314 (Calm2)	824,530,870,547
12315 (Calm3)	824,530,870,547
494124 (Calm5)	824,530,870,547
70405 (Calml3)	824,530,870,547
75600 (Calml4)	824,530,870,547
80796 (Calm4)	824,530,870,547
19055 (Ppp3ca)	911,530,957,547
19056 (Ppp3cb)	911,530,957,547
19057 (Ppp3cc)	911,530,957,547
19058 (Ppp3r1)	911,530,957,547
19059 (Ppp3r2)	911,530,957,547
11826 (Aqp1)	410,218,456,235
11517 (Adcyap1r1)	409,151,455,168
11516 (Adcyap1)	307,151,353,168
230899 (Nppa)	307,672,353,689
13614 (Edn1)	307,496,353,513
13615 (Edn2)	307,496,353,513
13616 (Edn3)	307,496,353,513
mmu04924: Renin secretion	40,45,199,70
mmu04024: cAMP signaling pathway	903,150,1031,184
mmu04022: cGMP-PKG signaling pathway	574,632,702,666
mmu04614: Renin-angiotensin system	167,614,295,648
mmu04020: Calcium signaling pathway	553,562,681,596
