16149 (Cd74)	466,567,512,584
16149 (Cd74)	348,567,394,584
14998 (H2-DMa)	534,544,580,561
14999 (H2-DMb1)	534,544,580,561
15000 (H2-DMb2)	534,544,580,561
18044 (Nfya)	313,762,359,779
18045 (Nfyb)	313,762,359,779
18046 (Nfyc)	313,762,359,779
170767 (Rfxap)	313,722,359,739
19727 (Rfxank)	313,722,359,739
53970 (Rfx5)	313,722,359,739
12912 (Creb1)	313,742,359,759
12265 (Ciita)	207,752,253,769
13030 (Ctsb)	404,554,450,571
13039 (Ctsl)	404,554,450,571
13040 (Ctss)	404,554,450,571
19141 (Lgmn)	288,555,334,572
16149 (Cd74)	434,773,480,790
16149 (Cd74)	232,567,278,584
13030 (Ctsb)	332,444,378,461
19141 (Lgmn)	282,444,328,461
65972 (Ifi30)	232,444,278,461
12504 (Cd4)	746,563,792,580
16641 (Klrc1)	746,368,792,385
16642 (Klrc2)	746,368,792,385
16643 (Klrd1)	746,368,792,385
245615 (Kir3dl2)	746,368,792,385
245616 (Kir3dl1)	746,368,792,385
58179 (Klrc3)	746,368,792,385
12525 (Cd8a)	746,200,792,217
12526 (Cd8b1)	746,200,792,217
21356 (Tapbp)	340,261,386,278
12317 (Calr)	264,280,310,297
14827 (Pdia3)	264,263,310,280
12010 (B2m)	644,313,690,330
12010 (B2m)	485,314,531,331
12010 (B2m)	264,314,310,331
100529082 (Gm11127)	434,731,480,748
110557 (H2-Q6)	434,731,480,748
110558 (H2-Q9)	434,731,480,748
110696 (H2-M10.3)	434,731,480,748
14963 (H2-Bl)	434,731,480,748
14964 (H2-D1)	434,731,480,748
14972 (H2-K1)	434,731,480,748
14980 (H2-L)	434,731,480,748
14985 (H2-M10.1)	434,731,480,748
14990 (H2-M2)	434,731,480,748
14991 (H2-M3)	434,731,480,748
14997 (H2-M9)	434,731,480,748
15006 (H2-Q1)	434,731,480,748
15007 (H2-Q10)	434,731,480,748
15013 (H2-Q2)	434,731,480,748
15015 (H2-Q4)	434,731,480,748
15018 (H2-Q7)	434,731,480,748
15019 (H2-Q8)	434,731,480,748
15024 (H2-T10)	434,731,480,748
15033 (H2-T18)	434,731,480,748
15039 (H2-T22)	434,731,480,748
15040 (H2-T23)	434,731,480,748
15042 (H2-T24)	434,731,480,748
15043 (H2-T3)	434,731,480,748
15051 (H2-T9)	434,731,480,748
224753 (H2-M10.4)	434,731,480,748
224754 (H2-M11)	434,731,480,748
224756 (H2-M1)	434,731,480,748
224761 (H2-M10.5)	434,731,480,748
240095 (H2-M5)	434,731,480,748
333715 (H2-M10.2)	434,731,480,748
399549 (H2-M10.6)	434,731,480,748
547349	434,731,480,748
630294 (Gm7030)	434,731,480,748
667803 (H2-T-ps)	434,731,480,748
667977 (Gm8909)	434,731,480,748
69717 (Gm10499)	434,731,480,748
100504404 (H2-Ea-ps)	434,752,480,769
14960 (H2-Aa)	434,752,480,769
14961 (H2-Ab1)	434,752,480,769
14969 (H2-Eb1)	434,752,480,769
14998 (H2-DMa)	434,752,480,769
14999 (H2-DMb1)	434,752,480,769
15000 (H2-DMb2)	434,752,480,769
15001 (H2-Oa)	434,752,480,769
15002 (H2-Ob)	434,752,480,769
100504404 (H2-Ea-ps)	644,584,690,601
14960 (H2-Aa)	644,584,690,601
14961 (H2-Ab1)	644,584,690,601
14969 (H2-Eb1)	644,584,690,601
14998 (H2-DMa)	644,584,690,601
14999 (H2-DMb1)	644,584,690,601
15000 (H2-DMb2)	644,584,690,601
15001 (H2-Oa)	644,584,690,601
15002 (H2-Ob)	644,584,690,601
100504404 (H2-Ea-ps)	232,584,278,601
14960 (H2-Aa)	232,584,278,601
14961 (H2-Ab1)	232,584,278,601
14969 (H2-Eb1)	232,584,278,601
14998 (H2-DMa)	232,584,278,601
14999 (H2-DMb1)	232,584,278,601
15000 (H2-DMb2)	232,584,278,601
15001 (H2-Oa)	232,584,278,601
15002 (H2-Ob)	232,584,278,601
100529082 (Gm11127)	644,296,690,313
110557 (H2-Q6)	644,296,690,313
110558 (H2-Q9)	644,296,690,313
110696 (H2-M10.3)	644,296,690,313
14963 (H2-Bl)	644,296,690,313
14964 (H2-D1)	644,296,690,313
14972 (H2-K1)	644,296,690,313
14980 (H2-L)	644,296,690,313
14985 (H2-M10.1)	644,296,690,313
14990 (H2-M2)	644,296,690,313
14991 (H2-M3)	644,296,690,313
14997 (H2-M9)	644,296,690,313
15006 (H2-Q1)	644,296,690,313
15007 (H2-Q10)	644,296,690,313
15013 (H2-Q2)	644,296,690,313
15015 (H2-Q4)	644,296,690,313
15018 (H2-Q7)	644,296,690,313
15019 (H2-Q8)	644,296,690,313
15024 (H2-T10)	644,296,690,313
15033 (H2-T18)	644,296,690,313
15039 (H2-T22)	644,296,690,313
15040 (H2-T23)	644,296,690,313
15042 (H2-T24)	644,296,690,313
15043 (H2-T3)	644,296,690,313
15051 (H2-T9)	644,296,690,313
224753 (H2-M10.4)	644,296,690,313
224754 (H2-M11)	644,296,690,313
224756 (H2-M1)	644,296,690,313
224761 (H2-M10.5)	644,296,690,313
240095 (H2-M5)	644,296,690,313
333715 (H2-M10.2)	644,296,690,313
399549 (H2-M10.6)	644,296,690,313
547349	644,296,690,313
630294 (Gm7030)	644,296,690,313
667803 (H2-T-ps)	644,296,690,313
667977 (Gm8909)	644,296,690,313
69717 (Gm10499)	644,296,690,313
100529082 (Gm11127)	485,297,531,314
110557 (H2-Q6)	485,297,531,314
110558 (H2-Q9)	485,297,531,314
110696 (H2-M10.3)	485,297,531,314
14963 (H2-Bl)	485,297,531,314
14964 (H2-D1)	485,297,531,314
14972 (H2-K1)	485,297,531,314
14980 (H2-L)	485,297,531,314
14985 (H2-M10.1)	485,297,531,314
14990 (H2-M2)	485,297,531,314
14991 (H2-M3)	485,297,531,314
14997 (H2-M9)	485,297,531,314
15006 (H2-Q1)	485,297,531,314
15007 (H2-Q10)	485,297,531,314
15013 (H2-Q2)	485,297,531,314
15015 (H2-Q4)	485,297,531,314
15018 (H2-Q7)	485,297,531,314
15019 (H2-Q8)	485,297,531,314
15024 (H2-T10)	485,297,531,314
15033 (H2-T18)	485,297,531,314
15039 (H2-T22)	485,297,531,314
15040 (H2-T23)	485,297,531,314
15042 (H2-T24)	485,297,531,314
15043 (H2-T3)	485,297,531,314
15051 (H2-T9)	485,297,531,314
224753 (H2-M10.4)	485,297,531,314
224754 (H2-M11)	485,297,531,314
224756 (H2-M1)	485,297,531,314
224761 (H2-M10.5)	485,297,531,314
240095 (H2-M5)	485,297,531,314
333715 (H2-M10.2)	485,297,531,314
399549 (H2-M10.6)	485,297,531,314
547349	485,297,531,314
630294 (Gm7030)	485,297,531,314
667803 (H2-T-ps)	485,297,531,314
667977 (Gm8909)	485,297,531,314
69717 (Gm10499)	485,297,531,314
100529082 (Gm11127)	264,297,310,314
110557 (H2-Q6)	264,297,310,314
110558 (H2-Q9)	264,297,310,314
110696 (H2-M10.3)	264,297,310,314
14963 (H2-Bl)	264,297,310,314
14964 (H2-D1)	264,297,310,314
14972 (H2-K1)	264,297,310,314
14980 (H2-L)	264,297,310,314
14985 (H2-M10.1)	264,297,310,314
14990 (H2-M2)	264,297,310,314
14991 (H2-M3)	264,297,310,314
14997 (H2-M9)	264,297,310,314
15006 (H2-Q1)	264,297,310,314
15007 (H2-Q10)	264,297,310,314
15013 (H2-Q2)	264,297,310,314
15015 (H2-Q4)	264,297,310,314
15018 (H2-Q7)	264,297,310,314
15019 (H2-Q8)	264,297,310,314
15024 (H2-T10)	264,297,310,314
15033 (H2-T18)	264,297,310,314
15039 (H2-T22)	264,297,310,314
15040 (H2-T23)	264,297,310,314
15042 (H2-T24)	264,297,310,314
15043 (H2-T3)	264,297,310,314
15051 (H2-T9)	264,297,310,314
224753 (H2-M10.4)	264,297,310,314
224754 (H2-M11)	264,297,310,314
224756 (H2-M1)	264,297,310,314
224761 (H2-M10.5)	264,297,310,314
240095 (H2-M5)	264,297,310,314
333715 (H2-M10.2)	264,297,310,314
399549 (H2-M10.6)	264,297,310,314
547349	264,297,310,314
630294 (Gm7030)	264,297,310,314
667803 (H2-T-ps)	264,297,310,314
667977 (Gm8909)	264,297,310,314
69717 (Gm10499)	264,297,310,314
21354 (Tap1)	409,232,455,249
21355 (Tap2)	409,232,455,249
100529082 (Gm11127)	164,297,210,314
110557 (H2-Q6)	164,297,210,314
110558 (H2-Q9)	164,297,210,314
110696 (H2-M10.3)	164,297,210,314
14963 (H2-Bl)	164,297,210,314
14964 (H2-D1)	164,297,210,314
14972 (H2-K1)	164,297,210,314
14980 (H2-L)	164,297,210,314
14985 (H2-M10.1)	164,297,210,314
14990 (H2-M2)	164,297,210,314
14991 (H2-M3)	164,297,210,314
14997 (H2-M9)	164,297,210,314
15006 (H2-Q1)	164,297,210,314
15007 (H2-Q10)	164,297,210,314
15013 (H2-Q2)	164,297,210,314
15015 (H2-Q4)	164,297,210,314
15018 (H2-Q7)	164,297,210,314
15019 (H2-Q8)	164,297,210,314
15024 (H2-T10)	164,297,210,314
15033 (H2-T18)	164,297,210,314
15039 (H2-T22)	164,297,210,314
15040 (H2-T23)	164,297,210,314
15042 (H2-T24)	164,297,210,314
15043 (H2-T3)	164,297,210,314
15051 (H2-T9)	164,297,210,314
224753 (H2-M10.4)	164,297,210,314
224754 (H2-M11)	164,297,210,314
224756 (H2-M1)	164,297,210,314
224761 (H2-M10.5)	164,297,210,314
240095 (H2-M5)	164,297,210,314
333715 (H2-M10.2)	164,297,210,314
399549 (H2-M10.6)	164,297,210,314
547349	164,297,210,314
630294 (Gm7030)	164,297,210,314
667803 (H2-T-ps)	164,297,210,314
667977 (Gm8909)	164,297,210,314
69717 (Gm10499)	164,297,210,314
12330 (Canx)	164,280,210,297
14828 (Hspa5)	164,263,210,280
15516 (Hsp90ab1)	365,207,411,224
15519 (Hsp90aa1)	365,207,411,224
15481 (Hspa8)	365,186,411,203
15482 (Hspa1l)	365,186,411,203
15511 (Hspa1b)	365,186,411,203
15512 (Hspa2)	365,186,411,203
15525 (Hspa4)	365,186,411,203
193740 (Hspa1a)	365,186,411,203
19186 (Psme1)	282,140,328,157
19188 (Psme2)	282,140,328,157
19192 (Psme3)	282,140,328,157
621823 (Psme2b)	282,140,328,157
21926 (Tnf)	306,102,352,119
15978 (Ifng)	257,102,303,119
mmu03050: Proteasome	261,167,350,192
mmu04660: T cell receptor signaling pathway	772,610,889,644
mmu04650: Natural killer cell mediated cytotoxicity	772,391,889,425
mmu04660: T cell receptor signaling pathway	772,246,889,280
mmu04612: Antigen processing and presentation	40,45,369,70
