11792 (Apex1)	886,948,932,965
77622 (Apex2)	886,948,932,965
14156 (Fen1)	932,948,978,965
11545 (Parp1)	932,965,978,982
11546 (Parp2)	932,965,978,982
235587 (Parp3)	932,965,978,982
328417 (Parp4)	932,965,978,982
16881 (Lig1)	840,965,886,982
16882 (Lig3)	931,777,977,794
16881 (Lig1)	510,921,556,938
18973 (Pole)	932,982,978,999
18974 (Pole2)	932,982,978,999
59001 (Pole3)	932,982,978,999
66979 (Pole4)	932,982,978,999
18971 (Pold1)	886,982,932,999
18972 (Pold2)	886,982,932,999
67967 (Pold3)	886,982,932,999
69745 (Pold4)	886,982,932,999
18970 (Polb)	840,948,886,965
18970 (Polb)	839,785,885,802
18970 (Polb)	658,601,704,618
18970 (Polb)	360,591,406,608
18538 (Pcna)	886,965,932,982
18538 (Pcna)	612,915,658,932
18538 (Pcna)	612,788,658,805
77622 (Apex2)	612,449,658,466
11792 (Apex1)	612,424,658,441
70603 (Mutyh)	664,218,710,235
22256 (Ung)	613,218,659,235
18207 (Nthl1)	241,243,287,260
18970 (Polb)	239,618,285,635
16881 (Lig1)	137,852,183,869
22594 (Xrcc1)	239,844,285,861
16882 (Lig3)	239,861,285,878
15289 (Hmgb1)	388,618,434,635
16881 (Lig1)	612,932,658,949
18538 (Pcna)	612,601,658,618
56626 (Poll)	413,591,459,608
14156 (Fen1)	612,805,658,822
22594 (Xrcc1)	885,785,931,802
382913 (Neil2)	308,243,354,260
18294 (Ogg1)	241,218,287,235
17193 (Mbd4)	725,218,771,235
268395 (Mpg)	664,243,710,260
71726 (Smug1)	613,243,659,260
72774 (Neil1)	308,218,354,235
234258 (Neil3)	308,269,354,286
11792 (Apex1)	241,424,287,441
18971 (Pold1)	612,618,658,635
18972 (Pold2)	612,618,658,635
67967 (Pold3)	612,618,658,635
69745 (Pold4)	612,618,658,635
77622 (Apex2)	241,449,287,466
18973 (Pole)	658,618,704,635
18974 (Pole2)	658,618,704,635
59001 (Pole3)	658,618,704,635
66979 (Pole4)	658,618,704,635
11545 (Parp1)	885,768,931,785
11546 (Parp2)	885,768,931,785
235587 (Parp3)	885,768,931,785
328417 (Parp4)	885,768,931,785
11792 (Apex1)	839,768,885,785
77622 (Apex2)	839,768,885,785
22594 (Xrcc1)	239,601,285,618
21665 (Tdg)	725,243,771,260
545124 (Tdg-ps)	725,243,771,260
mmu03410: Base excision repair	40,45,229,70
