C00162 (Fatty acid)	254,597,4
C00162 (Fatty acid)	423,598,4
C02843 (Long-chain acyl-CoA)	536,597,4
C00165 (Diacylglycerol)	616,599,4
C00031 (D-Glucose)	1339,311,4
C00195 (N-Acylsphingosine)	617,645,4
C00369 (Starch)	1227,218,4
C00533 (Nitric oxide)	716,296,4
C00422 (Triacylglycerol)	617,553,4
C00083 (Malonyl-CoA)	532,1134,4
C00162 (Fatty acid)	253,1228,4
C00162 (Fatty acid)	424,1228,4
C02843 (Long-chain acyl-CoA)	479,1228,4
C00165 (Diacylglycerol)	532,1280,4
C00195 (N-Acylsphingosine)	532,1324,4
C00031 (D-Glucose)	254,1024,4
C00024 (Acetyl-CoA)	553,1025,4
C00022 (Pyruvate)	479,1025,4
C00024 (Acetyl-CoA)	617,1134,4
C02571 (O-Acetylcarnitine)	479,1073,4
C00095 (D-Fructose)	254,942,4
C00031 (D-Glucose)	1339,985,4
C00162 (Fatty acid)	532,1228,4
C00083 (Malonyl-CoA)	508,491,4
C00422 (Triacylglycerol)	617,1228,4
C00369 (Starch)	1227,850,4
C00031 (D-Glucose)	254,1690,4
C00031 (D-Glucose)	424,1690,4
C00043 (UDP-N-acetyl-alpha-D-glucosamine)	821,1691,4
C00092 (D-Glucose 6-phosphate)	496,1690,4
C00085 (D-Fructose 6-phosphate)	562,1690,4
C00352 (D-Glucosamine 6-phosphate)	650,1690,4
C06156 (alpha-D-Glucosamine 1-phosphate)	730,1690,4
C05981 (Phosphatidylinositol-3,4,5-trisphosphate)	718,1453,4
C00031 (D-Glucose)	1339,1454,4
G00369	1227,1531,4
C00533 (Nitric oxide)	849,1479,4
C00024 (Acetyl-CoA)	423,491,4
26414 (Mapk10)	503,296,549,313
26419 (Mapk8)	503,296,549,313
26420 (Mapk9)	503,296,549,313
21926 (Tnf)	212,307,258,324
21937 (Tnfrsf1a)	298,307,344,324
225579 (Slc27a6)	298,577,344,594
26457 (Slc27a1)	298,577,344,594
26458 (Slc27a2)	298,577,344,594
26459 (Slc27a5)	298,577,344,594
26568 (Slc27a3)	298,577,344,594
26569 (Slc27a4)	298,577,344,594
16150 (Ikbkb)	503,320,549,337
56717 (Mtor)	1020,165,1066,182
58988 (Rps6kb2)	904,132,950,149
72508 (Rps6kb1)	904,132,950,149
16337 (Insr)	298,165,344,182
16367 (Irs1)	693,165,739,182
18706 (Pik3ca)	790,165,836,182
18707 (Pik3cd)	790,165,836,182
18708 (Pik3r1)	790,165,836,182
18709 (Pik3r2)	790,165,836,182
18710 (Pik3r3)	790,165,836,182
74769 (Pik3cb)	790,165,836,182
11651 (Akt1)	904,165,950,182
11652 (Akt2)	904,165,950,182
23797 (Akt3)	904,165,950,182
56637 (Gsk3b)	1020,210,1066,227
18751 (Prkcb)	693,589,739,606
18753 (Prkcd)	693,589,739,606
18761 (Prkcq)	693,589,739,606
12491 (Cd36)	298,600,344,617
20528 (Slc2a4)	1262,298,1308,315
210789 (Tbc1d4)	1020,292,1066,309
16333 (Ins1)	214,165,260,182
16334 (Ins2)	214,165,260,182
110854 (Ptpa)	693,637,739,654
16193 (Il6)	214,237,260,254
20848 (Stat3)	408,237,454,254
12702 (Socs3)	505,237,551,254
12895 (Cpt1b)	549,513,595,530
18035 (Nfkbia)	607,320,653,337
18033 (Nfkb1)	608,356,654,373
19697 (Rela)	608,356,654,373
18751 (Prkcb)	502,197,548,214
105651 (Ppp1r3e)	1020,100,1066,117
140491 (Ppp1r3a)	1020,100,1066,117
19045 (Ppp1ca)	1020,100,1066,117
19046 (Ppp1cb)	1020,100,1066,117
19047 (Ppp1cc)	1020,100,1066,117
228966 (Ppp1r3d)	1020,100,1066,117
244416 (Ppp1r3b)	1020,100,1066,117
434233 (Ppp1ccb)	1020,100,1066,117
53412 (Ppp1r3c)	1020,100,1066,117
14936 (Gys1)	1123,210,1169,227
232493 (Gys2)	1123,210,1169,227
18127 (Nos3)	693,356,739,373
19246 (Ptpn1)	408,132,454,149
19247 (Ptpn11)	408,132,454,149
19268 (Ptprf)	408,132,454,149
18762 (Prkcz)	790,311,836,328
110651 (Rps6ka3)	904,100,950,117
20111 (Rps6ka1)	904,100,950,117
20112 (Rps6ka2)	904,100,950,117
67071 (Rps6ka6)	904,100,950,117
16337 (Insr)	298,841,344,858
384783 (Irs2)	693,842,739,859
18706 (Pik3ca)	790,841,836,858
18707 (Pik3cd)	790,841,836,858
18708 (Pik3r1)	790,841,836,858
18709 (Pik3r2)	790,841,836,858
18710 (Pik3r3)	790,841,836,858
74769 (Pik3cb)	790,841,836,858
11651 (Akt1)	904,842,950,859
11652 (Akt2)	904,842,950,859
23797 (Akt3)	904,842,950,859
56637 (Gsk3b)	1020,841,1066,858
16333 (Ins1)	213,842,259,859
16334 (Ins2)	213,842,259,859
16367 (Irs1)	693,821,739,838
16193 (Il6)	211,720,257,737
20848 (Stat3)	408,720,454,737
12702 (Socs3)	599,720,645,737
26414 (Mapk10)	504,748,550,765
26419 (Mapk8)	504,748,550,765
26420 (Mapk9)	504,748,550,765
21926 (Tnf)	211,758,257,775
21937 (Tnfrsf1a)	298,758,344,775
16150 (Ikbkb)	504,771,550,788
18035 (Nfkbia)	599,771,645,788
18033 (Nfkb1)	599,804,645,821
19697 (Rela)	599,804,645,821
18754 (Prkce)	608,1258,654,1275
100705 (Acacb)	554,1110,600,1127
26414 (Mapk10)	693,1271,739,1288
26419 (Mapk8)	693,1271,739,1288
26420 (Mapk9)	693,1271,739,1288
26459 (Slc27a5)	298,1219,344,1236
16150 (Ikbkb)	608,1287,654,1304
110854 (Ptpa)	693,1316,739,1333
110854 (Ptpa)	408,976,454,993
208104 (Mlxip)	513,974,559,991
21428 (Mlx)	513,974,559,991
58805 (Mlxipl)	513,974,559,991
170826 (Ppargc1b)	408,935,454,952
20787 (Srebf1)	513,934,559,951
20526 (Slc2a2)	298,934,344,951
20526 (Slc2a2)	298,1016,344,1033
56458 (Foxo1)	1020,974,1066,991
20526 (Slc2a2)	1262,976,1308,993
18534 (Pck1)	1169,964,1215,981
74551 (Pck2)	1169,964,1215,981
14377 (G6pc)	1169,987,1215,1004
14378 (G6pc2)	1169,987,1215,1004
68401 (G6pc3)	1169,987,1215,1004
19017 (Ppargc1a)	790,974,836,991
19013 (Ppara)	790,934,836,951
228775 (Trib3)	790,888,836,905
22259 (Nr1h3)	408,888,454,905
22260 (Nr1h2)	408,888,454,905
20787 (Srebf1)	790,720,836,737
105651 (Ppp1r3e)	1020,887,1066,904
140491 (Ppp1r3a)	1020,887,1066,904
19045 (Ppp1ca)	1020,887,1066,904
19046 (Ppp1cb)	1020,887,1066,904
19047 (Ppp1cc)	1020,887,1066,904
228966 (Ppp1r3d)	1020,887,1066,904
244416 (Ppp1r3b)	1020,887,1066,904
434233 (Ppp1ccb)	1020,887,1066,904
53412 (Ppp1r3c)	1020,887,1066,904
14936 (Gys1)	1123,841,1169,858
232493 (Gys2)	1123,841,1169,858
110078 (Pygb)	1123,887,1169,904
110095 (Pygl)	1123,887,1169,904
19309 (Pygm)	1123,887,1169,904
20525 (Slc2a1)	296,1682,342,1699
20526 (Slc2a2)	296,1682,342,1699
14583 (Gfpt1)	580,1669,626,1686
14584 (Gfpt2)	580,1669,626,1686
16337 (Insr)	296,1445,342,1462
16333 (Ins1)	198,1445,244,1462
16334 (Ins2)	198,1445,244,1462
16367 (Irs1)	447,1445,493,1462
18706 (Pik3ca)	580,1445,626,1462
18707 (Pik3cd)	580,1445,626,1462
18708 (Pik3r1)	580,1445,626,1462
18709 (Pik3r2)	580,1445,626,1462
18710 (Pik3r3)	580,1445,626,1462
74769 (Pik3cb)	580,1445,626,1462
18607 (Pdpk1)	790,1445,836,1462
11651 (Akt1)	904,1445,950,1462
11652 (Akt2)	904,1445,950,1462
23797 (Akt3)	904,1445,950,1462
56637 (Gsk3b)	920,1523,966,1540
56458 (Foxo1)	1123,1667,1169,1684
19211 (Pten)	694,1383,740,1400
76055 (Oga)	579,1620,625,1637
108155 (Ogt)	755,1644,801,1661
18127 (Nos3)	827,1525,873,1542
19017 (Ppargc1a)	920,1696,966,1713
108155 (Ogt)	826,1707,872,1724
74343 (Crtc2)	920,1724,966,1741
12912 (Creb1)	1123,1724,1169,1741
12913 (Creb3)	1123,1724,1169,1741
208647 (Creb3l2)	1123,1724,1169,1741
208677 (Creb3l3)	1123,1724,1169,1741
231991 (Creb5)	1123,1724,1169,1741
26427 (Creb3l1)	1123,1724,1169,1741
78284 (Creb3l4)	1123,1724,1169,1741
22259 (Nr1h3)	920,1604,966,1621
22260 (Nr1h2)	920,1604,966,1621
20787 (Srebf1)	1123,1604,1169,1621
14936 (Gys1)	1123,1523,1169,1540
232493 (Gys2)	1123,1523,1169,1540
208104 (Mlxip)	1123,1633,1169,1650
21428 (Mlx)	1123,1633,1169,1650
58805 (Mlxipl)	1123,1633,1169,1650
20528 (Slc2a4)	1262,1441,1308,1458
228775 (Trib3)	790,371,836,388
105787 (Prkaa1)	437,544,483,561
108079 (Prkaa2)	437,544,483,561
108097 (Prkab2)	437,544,483,561
108099 (Prkag2)	437,544,483,561
19079 (Prkab1)	437,544,483,561
19082 (Prkag1)	437,544,483,561
241113 (Prkag3)	437,544,483,561
100705 (Acacb)	437,498,483,515
12894 (Cpt1a)	513,1062,559,1079
11606 (Agt)	211,414,257,431
mmu05230: Central carbon metabolism in cancer	40,45,217,70
mmu04151: PI3K-Akt signaling pathway	820,195,917,229
mmu04151: PI3K-Akt signaling pathway	844,796,942,830
mmu00061: Fatty acid biosynthesis	537,1178,629,1212
mmu00514: Other types of O-glycan biosynthesis	397,1580,516,1614
mmu00520: Amino sugar and nucleotide sugar metabolism	629,1721,787,1755
mmu04910: Insulin signaling pathway	1271,149,1371,183
mmu04151: PI3K-Akt signaling pathway	669,1475,777,1509
mmu04668: TNF signaling pathway	164,261,262,295
map04688	182,679,280,713
mmu00010: Glycolysis / Gluconeogenesis	197,978,289,1012
mmu04150: mTOR signaling pathway	767,111,866,145
