C00031 (D-Glucose)	113,607,4
C00668 (alpha-D-Glucose 6-phosphate)	310,607,4
C01172 (beta-D-Glucose 6-phosphate)	310,607,4
C00022 (Pyruvate)	784,607,4
C00031 (D-Glucose)	231,607,4
C00158 (Citrate)	997,548,4
C00311 (Isocitrate)	1076,500,4
C00026 (2-Oxoglutarate)	1150,530,4
C00042 (Succinate)	1171,585,4
C00122 (Fumarate)	1154,646,4
C00149 ((S)-Malate)	1086,687,4
C00036 (Oxaloacetate)	1008,653,4
C00085 (D-Fructose 6-phosphate)	381,607,4
C00074 (Phosphoenolpyruvate)	698,607,4
C00197 (3-Phospho-D-glycerate)	551,607,4
C00631 (2-Phospho-D-glycerate)	621,607,4
C00354 (D-Fructose 1,6-bisphosphate)	482,607,4
C00024 (Acetyl-CoA)	947,608,4
C00575 (3',5'-Cyclic AMP)	441,182,4
C00103 (D-Glucose 1-phosphate)	309,406,4
C00182 (Glycogen)	524,406,4
C01245 (D-myo-Inositol 1,4,5-trisphosphate)	426,260,4
C00076 (Calcium cation)	488,258,4
C00665 (beta-D-Fructose 2,6-bisphosphate)	564,490,4
C00149 ((S)-Malate)	1086,756,4
C00036 (Oxaloacetate)	1011,756,4
C00158 (Citrate)	795,547,4
C00024 (Acetyl-CoA)	821,489,4
C00083 (Malonyl-CoA)	843,432,4
C00040 (Acyl-CoA)	945,511,4
C00186 ((S)-Lactate)	831,697,4
20525 (Slc2a1)	155,598,201,615
20526 (Slc2a2)	155,598,201,615
18597 (Pdha1)	880,615,926,632
18598 (Pdha2)	880,615,926,632
68263 (Pdhb)	880,615,926,632
18746 (Pkm)	720,624,766,641
103988 (Gck)	242,626,288,643
18641 (Pfkl)	404,624,450,641
18642 (Pfkm)	404,624,450,641
56421 (Pfkp)	404,624,450,641
18648 (Pgam1)	557,627,603,644
56012 (Pgam2)	557,627,603,644
14526 (Gcg)	60,173,106,190
14527 (Gcgr)	153,173,199,190
14683 (Gnas)	247,173,293,190
210044 (Adcy2)	340,173,386,190
18747 (Prkaca)	567,173,613,190
18749 (Prkacb)	567,173,613,190
14936 (Gys1)	414,376,460,393
232493 (Gys2)	414,376,460,393
110078 (Pygb)	414,419,460,436
110095 (Pygl)	414,419,460,436
19309 (Pygm)	414,419,460,436
14682 (Gnaq)	247,251,293,268
18795 (Plcb1)	336,251,382,268
18796 (Plcb2)	336,251,382,268
18797 (Plcb3)	336,251,382,268
18798 (Plcb4)	336,251,382,268
11909 (Atf2)	696,115,742,132
11911 (Atf4)	696,115,742,132
12912 (Creb1)	696,115,742,132
12913 (Creb3)	696,115,742,132
208647 (Creb3l2)	696,115,742,132
208677 (Creb3l3)	696,115,742,132
231991 (Creb5)	696,115,742,132
26427 (Creb3l1)	696,115,742,132
78284 (Creb3l4)	696,115,742,132
104570 (Ppp4r3b)	696,176,742,193
245509 (4932429P05Rik)	696,176,742,193
245511 (4930415L06Rik)	696,176,742,193
56420 (Ppp4c)	696,176,742,193
68734 (Ppp4r3a)	696,176,742,193
74343 (Crtc2)	811,176,857,193
235344 (Sik2)	696,226,742,243
11909 (Atf2)	998,116,1044,133
11911 (Atf4)	998,116,1044,133
12912 (Creb1)	998,116,1044,133
12913 (Creb3)	998,116,1044,133
208647 (Creb3l2)	998,116,1044,133
208677 (Creb3l3)	998,116,1044,133
231991 (Creb5)	998,116,1044,133
26427 (Creb3l1)	998,116,1044,133
78284 (Creb3l4)	998,116,1044,133
74343 (Crtc2)	998,133,1044,150
12914 (Crebbp)	998,150,1044,167
328572 (Ep300)	998,150,1044,167
19017 (Ppargc1a)	1150,120,1196,137
18534 (Pck1)	1149,270,1195,287
74551 (Pck2)	1149,270,1195,287
14377 (G6pc)	1149,244,1195,261
14378 (G6pc2)	1149,244,1195,261
68401 (G6pc3)	1149,244,1195,261
56458 (Foxo1)	998,294,1044,311
15469 (Prmt1)	981,334,1027,351
19017 (Ppargc1a)	998,277,1044,294
17691 (Sik1)	1150,143,1196,160
11651 (Akt1)	382,119,428,136
11652 (Akt2)	382,119,428,136
23797 (Akt3)	382,119,428,136
18576 (Pde3b)	470,119,516,136
12894 (Cpt1a)	1149,296,1195,313
12895 (Cpt1b)	1149,296,1195,313
78070 (Cpt1c)	1149,296,1195,313
12894 (Cpt1a)	921,457,967,474
12895 (Cpt1b)	921,457,967,474
78070 (Cpt1c)	921,457,967,474
102093 (Phkb)	499,443,545,460
110094 (Phka2)	499,443,545,460
18679 (Phka1)	499,443,545,460
18682 (Phkg1)	499,443,545,460
68961 (Phkg2)	499,443,545,460
12313 (Calm1)	499,460,545,477
12314 (Calm2)	499,460,545,477
12315 (Calm3)	499,460,545,477
494124 (Calm5)	499,460,545,477
70405 (Calml3)	499,460,545,477
75600 (Calml4)	499,460,545,477
80796 (Calm4)	499,460,545,477
14377 (G6pc)	242,576,288,593
14378 (G6pc2)	242,576,288,593
68401 (G6pc3)	242,576,288,593
19055 (Ppp3ca)	696,250,742,267
19056 (Ppp3cb)	696,250,742,267
19057 (Ppp3cc)	696,250,742,267
19058 (Ppp3r1)	696,250,742,267
19059 (Ppp3r2)	696,250,742,267
14120 (Fbp2)	407,577,453,594
14121 (Fbp1)	407,577,453,594
18639 (Pfkfb1)	590,420,636,437
18534 (Pck1)	742,731,788,748
74551 (Pck2)	742,731,788,748
100705 (Acacb)	776,448,822,465
107476 (Acaca)	776,448,822,465
105787 (Prkaa1)	670,384,716,401
108079 (Prkaa2)	670,384,716,401
108097 (Prkab2)	670,384,716,401
108099 (Prkag2)	670,384,716,401
19079 (Prkab1)	670,384,716,401
19082 (Prkag1)	670,384,716,401
241113 (Prkag3)	670,384,716,401
108058 (Camk2d)	700,321,746,338
12322 (Camk2a)	700,321,746,338
12323 (Camk2b)	700,321,746,338
12325 (Camk2g)	700,321,746,338
56458 (Foxo1)	811,321,857,338
16438 (Itpr1)	466,280,512,297
16439 (Itpr2)	466,280,512,297
16440 (Itpr3)	466,280,512,297
106557 (Ldhal6b)	818,637,864,654
16828 (Ldha)	818,637,864,654
16832 (Ldhb)	818,637,864,654
16833 (Ldhc)	818,637,864,654
93759 (Sirt1)	1112,212,1158,229
93759 (Sirt1)	918,308,964,325
19017 (Ppargc1a)	998,225,1044,242
19013 (Ppara)	998,242,1044,259
mmu04922: Glucagon signaling pathway	40,45,325,70
mmu00020: Citrate cycle (TCA cycle)	1028,579,1140,613
mmu00010: Glycolysis / Gluconeogenesis	232,663,344,697
mmu00190: Oxidative phosphorylation	910,680,1022,714
mmu04910: Insulin signaling pathway	228,109,340,143
mmu04024: cAMP signaling pathway	309,197,421,231
mmu04020: Calcium signaling pathway	309,285,421,319
mmu04068: FoxO signaling pathway	784,279,896,313
mmu00061: Fatty acid biosynthesis	754,377,847,411
