20302 (Ccl3)	142,168,188,185
20304 (Ccl5)	142,168,188,185
20305 (Ccl6)	142,168,188,185
20306 (Ccl7)	142,168,188,185
20307 (Ccl8)	142,168,188,185
20308 (Ccl9)	142,168,188,185
12768 (Ccr1)	235,168,281,185
12770 (Ccr1l1)	235,168,281,185
20302 (Ccl3)	142,198,188,215
20302 (Ccl3)	142,222,188,239
20306 (Ccl7)	142,285,188,302
20306 (Ccl7)	142,309,188,326
12768 (Ccr1)	235,356,281,373
12770 (Ccr1l1)	235,356,281,373
100039863 (Gm13306)	142,447,188,464
100039939 (Gm2506)	142,447,188,464
100040048 (Ccl27b)	142,447,188,464
100041579 (Gm20878)	142,447,188,464
100861978	142,447,188,464
100862247 (Gm21586)	142,447,188,464
20293 (Ccl12)	142,447,188,464
20296 (Ccl2)	142,447,188,464
20301 (Ccl27a)	142,447,188,464
20305 (Ccl6)	142,447,188,464
20306 (Ccl7)	142,447,188,464
20307 (Ccl8)	142,447,188,464
621580 (Gm21953)	142,447,188,464
12772 (Ccr2)	235,447,281,464
20293 (Ccl12)	142,480,188,497
20296 (Ccl2)	142,480,188,497
20293 (Ccl12)	142,531,188,548
20296 (Ccl2)	142,531,188,548
12772 (Ccr2)	235,615,281,632
100039863 (Gm13306)	142,710,188,727
100039939 (Gm2506)	142,710,188,727
100040048 (Ccl27b)	142,710,188,727
100041579 (Gm20878)	142,710,188,727
100861978	142,710,188,727
100862247 (Gm21586)	142,710,188,727
20292 (Ccl11)	142,710,188,727
20301 (Ccl27a)	142,710,188,727
20304 (Ccl5)	142,710,188,727
20305 (Ccl6)	142,710,188,727
20306 (Ccl7)	142,710,188,727
541307 (Ccl26)	142,710,188,727
56221 (Ccl24)	142,710,188,727
56838 (Ccl28)	142,710,188,727
621580 (Gm21953)	142,710,188,727
12771 (Ccr3)	235,710,281,727
20304 (Ccl5)	142,745,188,762
20304 (Ccl5)	142,809,188,826
20292 (Ccl11)	142,857,188,874
20292 (Ccl11)	142,886,188,903
541307 (Ccl26)	443,199,489,216
541307 (Ccl26)	443,225,489,242
56838 (Ccl28)	443,278,489,295
56838 (Ccl28)	443,325,489,342
12771 (Ccr3)	536,361,582,378
20295 (Ccl17)	443,437,489,454
20299 (Ccl22)	443,437,489,454
20304 (Ccl5)	443,437,489,454
12773 (Ccr4)	536,437,582,454
20295 (Ccl17)	443,476,489,493
20299 (Ccl22)	443,536,489,553
20299 (Ccl22)	443,564,489,581
12773 (Ccr4)	536,651,582,668
20302 (Ccl3)	443,736,489,753
20303 (Ccl4)	443,736,489,753
20304 (Ccl5)	443,736,489,753
20307 (Ccl8)	443,736,489,753
12774 (Ccr5)	536,736,582,753
12774 (Ccr5)	536,792,582,809
12774 (Ccr5)	536,861,582,878
20303 (Ccl4)	443,924,489,941
20297 (Ccl20)	744,168,790,185
12458 (Ccr6)	837,168,883,185
12458 (Ccr6)	837,207,883,224
20290 (Ccl1)	745,288,791,305
12776 (Ccr8)	838,288,884,305
20290 (Ccl1)	745,326,791,343
12776 (Ccr8)	838,415,884,432
20300 (Ccl25)	745,527,791,544
12769 (Ccr9)	838,527,884,544
252837 (Ackr4)	838,527,884,544
20300 (Ccl25)	745,561,791,578
100039863 (Gm13306)	745,607,791,624
100039939 (Gm2506)	745,607,791,624
100040048 (Ccl27b)	745,607,791,624
100041579 (Gm20878)	745,607,791,624
100861978	745,607,791,624
100862247 (Gm21586)	745,607,791,624
20301 (Ccl27a)	745,607,791,624
56838 (Ccl28)	745,607,791,624
621580 (Gm21953)	745,607,791,624
12777 (Ccr10)	838,607,884,624
12777 (Ccr10)	839,639,885,656
100039053 (Gm2023)	744,775,790,792
100039848 (Gm2457)	744,775,790,792
100041504	744,775,790,792
100041593	744,775,790,792
100042493 (Ccl21b)	744,775,790,792
100504239 (Gm10591)	744,775,790,792
100504346 (Gm13304)	744,775,790,792
100504362 (Gm1987)	744,775,790,792
100862177 (Gm21541)	744,775,790,792
18829 (Ccl21a)	744,775,790,792
24047 (Ccl19)	744,775,790,792
65956 (Ccl21c)	744,775,790,792
12775 (Ccr7)	837,775,883,792
252837 (Ackr4)	837,775,883,792
100039053 (Gm2023)	744,846,790,863
100039848 (Gm2457)	744,846,790,863
24047 (Ccl19)	744,846,790,863
100041504	744,923,790,940
100041593	744,923,790,940
100042493 (Ccl21b)	744,923,790,940
100504239 (Gm10591)	744,923,790,940
100504346 (Gm13304)	744,923,790,940
100504362 (Gm1987)	744,923,790,940
100862177 (Gm21541)	744,923,790,940
18829 (Ccl21a)	744,923,790,940
65956 (Ccl21c)	744,923,790,940
20312 (Cx3cl1)	1341,844,1387,861
13051 (Cx3cr1)	1434,844,1480,861
20312 (Cx3cl1)	1342,883,1388,900
13051 (Cx3cr1)	1434,922,1480,939
14825 (Cxcl1)	1043,168,1089,185
20310 (Cxcl2)	1043,168,1089,185
20311 (Cxcl5)	1043,168,1089,185
330122 (Cxcl3)	1043,168,1089,185
227288 (Cxcr1)	1136,168,1182,185
14825 (Cxcl1)	1043,231,1089,248
20310 (Cxcl2)	1043,231,1089,248
330122 (Cxcl3)	1043,231,1089,248
20311 (Cxcl5)	1043,205,1089,222
20311 (Cxcl5)	1043,258,1089,275
227288 (Cxcr1)	1137,319,1183,336
14825 (Cxcl1)	1043,418,1089,435
20310 (Cxcl2)	1043,418,1089,435
20311 (Cxcl5)	1043,418,1089,435
330122 (Cxcl3)	1043,418,1089,435
57349 (Ppbp)	1043,418,1089,435
12765 (Cxcr2)	1136,418,1182,435
57349 (Ppbp)	1043,506,1089,523
14825 (Cxcl1)	1043,459,1089,476
20310 (Cxcl2)	1043,459,1089,476
330122 (Cxcl3)	1043,459,1089,476
12765 (Cxcr2)	1136,548,1182,565
15945 (Cxcl10)	1043,646,1089,663
17329 (Cxcl9)	1043,646,1089,663
55985 (Cxcl13)	1043,646,1089,663
56066 (Cxcl11)	1043,646,1089,663
56744 (Pf4)	1043,646,1089,663
12766 (Cxcr3)	1136,646,1182,663
55985 (Cxcl13)	1043,673,1089,690
12145 (Cxcr5)	1136,673,1182,690
56744 (Pf4)	1043,717,1089,734
17329 (Cxcl9)	1042,762,1088,779
15945 (Cxcl10)	1042,787,1088,804
15945 (Cxcl10)	1041,815,1087,832
56066 (Cxcl11)	1043,868,1089,885
55985 (Cxcl13)	1043,947,1089,964
20315 (Cxcl12)	1341,168,1387,185
12767 (Cxcr4)	1434,168,1480,185
12778 (Ackr3)	1434,168,1480,185
20315 (Cxcl12)	1341,205,1387,222
12767 (Cxcr4)	1434,316,1480,333
57266 (Cxcl14)	1341,398,1387,415
57266 (Cxcl14)	1341,443,1387,460
16963 (Xcl1)	1341,595,1387,612
23832 (Xcr1)	1434,595,1480,612
16963 (Xcl1)	1341,637,1387,654
23832 (Xcr1)	1434,681,1480,698
16155 (Il10rb)	1733,176,1779,193
16154 (Il10ra)	1733,159,1779,176
16153 (Il10)	1646,168,1692,185
16155 (Il10rb)	1733,238,1779,255
16154 (Il10ra)	1733,221,1779,238
16195 (Il6st)	1733,311,1779,328
16194 (Il6ra)	1733,294,1779,311
16193 (Il6)	1647,303,1693,320
16195 (Il6st)	1733,364,1779,381
16194 (Il6ra)	1733,347,1779,364
16186 (Il2rg)	1733,505,1779,522
16185 (Il2rb)	1733,488,1779,505
16186 (Il2rg)	1733,461,1779,478
16185 (Il2rb)	1733,444,1779,461
16184 (Il2ra)	1733,427,1779,444
16183 (Il2)	1647,469,1693,486
16186 (Il2rg)	1733,566,1779,583
16185 (Il2rb)	1733,549,1779,566
16174 (Il18rap)	1733,663,1779,680
16182 (Il18r1)	1733,646,1779,663
16173 (Il18)	1648,654,1694,671
16173 (Il18)	1647,704,1693,721
213208 (Il20rb)	1733,787,1779,804
237313 (Il20ra)	1733,770,1779,787
329244 (Il19)	1648,778,1694,795
58181 (Il20)	1648,778,1694,795
93672 (Il24)	1648,778,1694,795
213208 (Il20rb)	1733,841,1779,858
237313 (Il20ra)	1733,824,1779,841
213208 (Il20rb)	1733,917,1779,934
230828 (Il22ra1)	1733,900,1779,917
58181 (Il20)	1648,908,1694,925
93672 (Il24)	1648,908,1694,925
213208 (Il20rb)	1733,972,1779,989
230828 (Il22ra1)	1733,955,1779,972
76527 (Il34)	1940,852,1986,869
12977 (Csf1)	1940,877,1986,894
12978 (Csf1r)	2032,865,2078,882
12977 (Csf1)	1940,935,1986,952
230979 (Tnfrsf14)	2032,236,2078,253
17000 (Ltbr)	2032,210,2078,227
50930 (Tnfsf14)	1945,231,1991,248
16992 (Lta)	1945,199,1991,216
21937 (Tnfrsf1a)	2032,157,2078,174
21938 (Tnfrsf1b)	2032,183,2078,200
21926 (Tnf)	1945,168,1991,185
21926 (Tnf)	1944,296,1990,313
16992 (Lta)	1944,320,1990,337
21937 (Tnfrsf1a)	2032,387,2078,404
21938 (Tnfrsf1b)	2032,452,2078,469
230979 (Tnfrsf14)	2032,506,2078,523
21933 (Tnfrsf10b)	2032,569,2078,586
22035 (Tnfsf10)	1945,584,1991,601
21933 (Tnfrsf10b)	2032,649,2078,666
14825 (Cxcl1)	1043,483,1089,500
20310 (Cxcl2)	1043,483,1089,500
330122 (Cxcl3)	1043,483,1089,500
20315 (Cxcl12)	1342,250,1388,267
100039863 (Gm13306)	443,168,489,185
100039939 (Gm2506)	443,168,489,185
100040048 (Ccl27b)	443,168,489,185
100041579 (Gm20878)	443,168,489,185
100861978	443,168,489,185
100862247 (Gm21586)	443,168,489,185
20292 (Ccl11)	443,168,489,185
20301 (Ccl27a)	443,168,489,185
20304 (Ccl5)	443,168,489,185
20305 (Ccl6)	443,168,489,185
20306 (Ccl7)	443,168,489,185
541307 (Ccl26)	443,168,489,185
56221 (Ccl24)	443,168,489,185
56838 (Ccl28)	443,168,489,185
621580 (Gm21953)	443,168,489,185
12771 (Ccr3)	536,168,582,185
mmu04061: Viral protein interaction with cytokine and cytokine receptor	40,45,607,70
