C01245 (D-myo-Inositol 1,4,5-trisphosphate)	893,282,4
C00165 (Diacylglycerol)	875,438,4
C00076 (Calcium cation)	984,254,4
C00076 (Calcium cation)	573,340,4
C00076 (Calcium cation)	600,171,4
C00076 (Calcium cation)	829,813,4
C13856 (2-Arachidonoylglycerol)	449,623,4
C13856 (2-Arachidonoylglycerol)	677,624,4
C13856 (2-Arachidonoylglycerol)	738,438,4
C00025 (L-Glutamate)	522,254,4
C00334 (4-Aminobutanoate)	756,995,4
C00689 (alpha,alpha'-Trehalose 6-phosphate)	848,946,4
C00025 (L-Glutamate)	378,311,4
C00334 (4-Aminobutanoate)	631,908,4
C01330 (Sodium cation)	603,236,4
C00427 (Prostaglandin H2)	918,485,4
C00219 (Arachidonate)	348,498,4
C00116 (Glycerol)	383,497,4
C00219 (Arachidonate)	713,510,4
C00116 (Glycerol)	753,510,4
C11695 (Anandamide)	604,534,4
C00219 (Arachidonate)	778,546,4
C00189 (Ethanolamine)	780,517,4
C19912 (N-Arachidonoyl-phosphatidylethanolamine)	754,367,4
C11695 (Anandamide)	677,366,4
C11695 (Anandamide)	494,646,4
C00157 (Phosphatidylcholine)	828,361,4
C00350 (Phosphatidylethanolamine)	828,374,4
C11695 (Anandamide)	634,646,4
C00238 (Potassium cation)	490,472,4
C00238 (Potassium cation)	751,770,4
C00575 (3',5'-Cyclic AMP)	335,462,4
C00575 (3',5'-Cyclic AMP)	581,816,4
C00025 (L-Glutamate)	206,254,4
C00334 (4-Aminobutanoate)	447,990,4
C19913 (Phospho-anandamide)	716,399,4
C11695 (Anandamide)	419,816,4
C13856 (2-Arachidonoylglycerol)	389,814,4
C00575 (3',5'-Cyclic AMP)	301,913,4
C11695 (Anandamide)	0,0,0
C13856 (2-Arachidonoylglycerol)	0,0,0
C00575 (3',5'-Cyclic AMP)	0,0,0
C11695 (Anandamide)	404,357,4
C13856 (2-Arachidonoylglycerol)	385,374,4
140919 (Slc17a6)	223,246,269,263
216227 (Slc17a8)	223,246,269,263
72961 (Slc17a7)	223,246,269,263
14682 (Gnaq)	701,303,747,320
18795 (Plcb1)	806,303,852,320
18796 (Plcb2)	806,303,852,320
18797 (Plcb3)	806,303,852,320
18798 (Plcb4)	806,303,852,320
16438 (Itpr1)	918,248,964,265
16439 (Itpr2)	918,248,964,265
16440 (Itpr3)	918,248,964,265
18750 (Prkca)	920,429,966,446
18751 (Prkcb)	920,429,966,446
18752 (Prkcg)	920,429,966,446
12286 (Cacna1a)	506,332,552,349
12287 (Cacna1b)	506,332,552,349
12288 (Cacna1c)	618,163,664,180
12289 (Cacna1d)	618,163,664,180
12292 (Cacna1s)	618,163,664,180
54652 (Cacna1f)	618,163,664,180
19225 (Ptgs2)	842,464,888,481
110886 (Gabra5)	877,938,923,955
14394 (Gabra1)	877,938,923,955
14395 (Gabra2)	877,938,923,955
14396 (Gabra3)	877,938,923,955
14397 (Gabra4)	877,938,923,955
14399 (Gabra6)	877,938,923,955
14400 (Gabrb1)	877,938,923,955
14401 (Gabrb2)	877,938,923,955
14402 (Gabrb3)	877,938,923,955
14403 (Gabrd)	877,938,923,955
14404 (Gabre)	877,938,923,955
14405 (Gabrg1)	877,938,923,955
14406 (Gabrg2)	877,938,923,955
14407 (Gabrg3)	877,938,923,955
14408 (Gabrr1)	877,938,923,955
14409 (Gabrr2)	877,938,923,955
216643 (Gabrp)	877,938,923,955
328699 (Gabrr3)	877,938,923,955
57249 (Gabrq)	877,938,923,955
12801 (Cnr1)	444,578,490,595
12801 (Cnr1)	627,669,673,686
12286 (Cacna1a)	765,806,811,823
12287 (Cacna1b)	765,806,811,823
100503710 (Gm5741)	445,524,491,541
14677 (Gnai1)	445,524,491,541
14678 (Gnai2)	445,524,491,541
14679 (Gnai3)	445,524,491,541
14681 (Gnao1)	445,524,491,541
14688 (Gnb1)	445,524,491,541
14693 (Gnb2)	445,524,491,541
14695 (Gnb3)	445,524,491,541
14696 (Gnb4)	445,524,491,541
14697 (Gnb5)	445,524,491,541
14699 (Gngt1)	445,524,491,541
14700 (Gng10)	445,524,491,541
14701 (Gng12)	445,524,491,541
14702 (Gng2)	445,524,491,541
14704 (Gng3)	445,524,491,541
14706 (Gng4)	445,524,491,541
14707 (Gng5)	445,524,491,541
14708 (Gng7)	445,524,491,541
14709 (Gng8)	445,524,491,541
14710 (Gngt2)	445,524,491,541
64337 (Gng13)	445,524,491,541
66066 (Gng11)	445,524,491,541
100503710 (Gm5741)	627,718,673,735
14677 (Gnai1)	627,718,673,735
14678 (Gnai2)	627,718,673,735
14679 (Gnai3)	627,718,673,735
14681 (Gnao1)	627,718,673,735
14688 (Gnb1)	627,718,673,735
14693 (Gnb2)	627,718,673,735
14695 (Gnb3)	627,718,673,735
14696 (Gnb4)	627,718,673,735
14697 (Gnb5)	627,718,673,735
14699 (Gngt1)	627,718,673,735
14700 (Gng10)	627,718,673,735
14701 (Gng12)	627,718,673,735
14702 (Gng2)	627,718,673,735
14704 (Gng3)	627,718,673,735
14706 (Gng4)	627,718,673,735
14707 (Gng5)	627,718,673,735
14708 (Gng7)	627,718,673,735
14709 (Gng8)	627,718,673,735
14710 (Gngt2)	627,718,673,735
64337 (Gng13)	627,718,673,735
66066 (Gng11)	627,718,673,735
108071 (Grm5)	618,303,664,320
14816 (Grm1)	618,303,664,320
231871 (Daglb)	781,442,827,459
269060 (Dagla)	781,442,827,459
23945 (Mgll)	370,525,416,542
66082 (Abhd6)	682,459,728,476
22348 (Slc32a1)	471,982,517,999
14799 (Gria1)	618,229,664,246
14800 (Gria2)	618,229,664,246
14802 (Gria4)	618,229,664,246
53623 (Gria3)	618,229,664,246
16519 (Kcnj3)	505,464,551,481
16521 (Kcnj5)	505,464,551,481
16522 (Kcnj6)	505,464,551,481
16524 (Kcnj9)	505,464,551,481
104110 (Adcy4)	367,453,413,470
104111 (Adcy3)	367,453,413,470
11512 (Adcy6)	367,453,413,470
11513 (Adcy7)	367,453,413,470
11514 (Adcy8)	367,453,413,470
11515 (Adcy9)	367,453,413,470
210044 (Adcy2)	367,453,413,470
224129 (Adcy5)	367,453,413,470
432530 (Adcy1)	367,453,413,470
18747 (Prkaca)	257,454,303,471
18749 (Prkacb)	257,454,303,471
16519 (Kcnj3)	765,760,811,777
16521 (Kcnj5)	765,760,811,777
16522 (Kcnj6)	765,760,811,777
16524 (Kcnj9)	765,760,811,777
14073 (Faah)	693,541,739,558
242864 (Napepld)	698,343,744,360
104110 (Adcy4)	502,807,548,824
104111 (Adcy3)	502,807,548,824
11512 (Adcy6)	502,807,548,824
11513 (Adcy7)	502,807,548,824
11514 (Adcy8)	502,807,548,824
11515 (Adcy9)	502,807,548,824
210044 (Adcy2)	502,807,548,824
224129 (Adcy5)	502,807,548,824
432530 (Adcy1)	502,807,548,824
18747 (Prkaca)	614,807,660,824
18749 (Prkacb)	614,807,660,824
19094 (Mapk11)	602,770,648,787
26413 (Mapk1)	602,770,648,787
26414 (Mapk10)	602,770,648,787
26415 (Mapk13)	602,770,648,787
26416 (Mapk14)	602,770,648,787
26417 (Mapk3)	602,770,648,787
26419 (Mapk8)	602,770,648,787
26420 (Mapk9)	602,770,648,787
29857 (Mapk12)	602,770,648,787
116837 (Rims1)	728,943,774,960
19094 (Mapk11)	430,420,476,437
26413 (Mapk1)	430,420,476,437
26414 (Mapk10)	430,420,476,437
26415 (Mapk13)	430,420,476,437
26416 (Mapk14)	430,420,476,437
26417 (Mapk3)	430,420,476,437
26419 (Mapk8)	430,420,476,437
26420 (Mapk9)	430,420,476,437
29857 (Mapk12)	430,420,476,437
100041273 (Ndufb4c)	365,942,411,959
100042503 (Ndufb4b)	365,942,411,959
104130 (Ndufb11)	365,942,411,959
17716 (ND1)	365,942,411,959
17717 (ND2)	365,942,411,959
17718 (ND3)	365,942,411,959
17719 (ND4)	365,942,411,959
17720 (ND4L)	365,942,411,959
17721 (ND5)	365,942,411,959
17722 (ND6)	365,942,411,959
17991 (Ndufa2)	365,942,411,959
17992 (Ndufa4)	365,942,411,959
17993 (Ndufs4)	365,942,411,959
17995 (Ndufv1)	365,942,411,959
225887 (Ndufs8)	365,942,411,959
226646 (Ndufs2)	365,942,411,959
227197 (Ndufs1)	365,942,411,959
230075 (Ndufb6)	365,942,411,959
407785 (Ndufs6)	365,942,411,959
407790 (Ndufa4l2)	365,942,411,959
54405 (Ndufa1)	365,942,411,959
595136 (Ndufs5)	365,942,411,959
66046 (Ndufb5)	365,942,411,959
66091 (Ndufa3)	365,942,411,959
66108 (Ndufa9)	365,942,411,959
66218 (Ndufb9)	365,942,411,959
66377 (Ndufc1)	365,942,411,959
66414 (Ndufa12)	365,942,411,959
66416 (Ndufa7)	365,942,411,959
66495 (Ndufb3)	365,942,411,959
66916 (Ndufb7)	365,942,411,959
67130 (Ndufa6)	365,942,411,959
67184 (Ndufa13)	365,942,411,959
67264 (Ndufb8)	365,942,411,959
67273 (Ndufa10)	365,942,411,959
68194 (Ndufb4)	365,942,411,959
68197 (Ndufc2)	365,942,411,959
68198 (Ndufb2)	365,942,411,959
68202 (Ndufa5)	365,942,411,959
68342 (Ndufb10)	365,942,411,959
68349 (Ndufs3)	365,942,411,959
68375 (Ndufa8)	365,942,411,959
69875 (Ndufa11)	365,942,411,959
70316 (Ndufab1)	365,942,411,959
72900 (Ndufv2)	365,942,411,959
75406 (Ndufs7)	365,942,411,959
78330 (Ndufv3)	365,942,411,959
100503710 (Gm5741)	365,859,411,876
14677 (Gnai1)	365,859,411,876
14678 (Gnai2)	365,859,411,876
14679 (Gnai3)	365,859,411,876
14681 (Gnao1)	365,859,411,876
14688 (Gnb1)	365,859,411,876
14693 (Gnb2)	365,859,411,876
14695 (Gnb3)	365,859,411,876
14696 (Gnb4)	365,859,411,876
14697 (Gnb5)	365,859,411,876
14699 (Gngt1)	365,859,411,876
14700 (Gng10)	365,859,411,876
14701 (Gng12)	365,859,411,876
14702 (Gng2)	365,859,411,876
14704 (Gng3)	365,859,411,876
14706 (Gng4)	365,859,411,876
14707 (Gng5)	365,859,411,876
14708 (Gng7)	365,859,411,876
14709 (Gng8)	365,859,411,876
14710 (Gngt2)	365,859,411,876
64337 (Gng13)	365,859,411,876
66066 (Gng11)	365,859,411,876
12801 (Cnr1)	379,842,425,859
104110 (Adcy4)	325,885,371,902
104111 (Adcy3)	325,885,371,902
11512 (Adcy6)	325,885,371,902
11513 (Adcy7)	325,885,371,902
11514 (Adcy8)	325,885,371,902
11515 (Adcy9)	325,885,371,902
210044 (Adcy2)	325,885,371,902
224129 (Adcy5)	325,885,371,902
432530 (Adcy1)	325,885,371,902
18747 (Prkaca)	300,930,346,947
18749 (Prkacb)	300,930,346,947
100503710 (Gm5741)	0,0,1,1
14677 (Gnai1)	0,0,1,1
14678 (Gnai2)	0,0,1,1
14679 (Gnai3)	0,0,1,1
14681 (Gnao1)	0,0,1,1
14688 (Gnb1)	0,0,1,1
14693 (Gnb2)	0,0,1,1
14695 (Gnb3)	0,0,1,1
14696 (Gnb4)	0,0,1,1
14697 (Gnb5)	0,0,1,1
14699 (Gngt1)	0,0,1,1
14700 (Gng10)	0,0,1,1
14701 (Gng12)	0,0,1,1
14702 (Gng2)	0,0,1,1
14704 (Gng3)	0,0,1,1
14706 (Gng4)	0,0,1,1
14707 (Gng5)	0,0,1,1
14708 (Gng7)	0,0,1,1
14709 (Gng8)	0,0,1,1
14710 (Gngt2)	0,0,1,1
64337 (Gng13)	0,0,1,1
66066 (Gng11)	0,0,1,1
12801 (Cnr1)	0,0,1,1
104110 (Adcy4)	0,0,1,1
104111 (Adcy3)	0,0,1,1
11512 (Adcy6)	0,0,1,1
11513 (Adcy7)	0,0,1,1
11514 (Adcy8)	0,0,1,1
11515 (Adcy9)	0,0,1,1
210044 (Adcy2)	0,0,1,1
224129 (Adcy5)	0,0,1,1
432530 (Adcy1)	0,0,1,1
18747 (Prkaca)	0,0,1,1
18749 (Prkacb)	0,0,1,1
12801 (Cnr1)	322,346,368,363
mmu04723: Retrograde endocannabinoid signaling	40,45,398,70
mmu04721: Synaptic vesicle cycle	324,235,430,269
mmu04020: Calcium signaling pathway	938,185,1044,219
mmu04721: Synaptic vesicle cycle	593,962,699,996
mmu04724: Glutamatergic synapse	86,393,192,427
mmu04727: GABAergic synapse	104,964,210,998
mmu00190: Oxidative phosphorylation	310,976,416,1010
