C00165 (Diacylglycerol)	632,514,4
C00076 (Calcium cation)	710,446,4
C01245 (D-myo-Inositol 1,4,5-trisphosphate)	633,444,4
C00777 (Retinoate)	303,1012,4
18035 (Nfkbia)	888,507,934,524
18036 (Nfkbib)	888,507,934,524
18037 (Nfkbie)	888,507,934,524
18033 (Nfkb1)	888,476,934,493
19697 (Rela)	888,476,934,493
12675 (Chuk)	781,507,827,524
16150 (Ikbkb)	781,507,827,524
16151 (Ikbkg)	781,507,827,524
18761 (Prkcq)	689,507,735,524
18018 (Nfatc1)	888,438,934,455
18019 (Nfatc2)	888,438,934,455
18021 (Nfatc3)	888,438,934,455
19055 (Ppp3ca)	781,438,827,455
19056 (Ppp3cb)	781,438,827,455
19057 (Ppp3cc)	781,438,827,455
19058 (Ppp3r1)	781,438,827,455
19059 (Ppp3r2)	781,438,827,455
22637 (Zap70)	505,515,551,532
26413 (Mapk1)	689,545,735,562
26417 (Mapk3)	689,545,735,562
19094 (Mapk11)	689,582,735,599
26415 (Mapk13)	689,582,735,599
26416 (Mapk14)	689,582,735,599
29857 (Mapk12)	689,582,735,599
26414 (Mapk10)	689,610,735,627
26419 (Mapk8)	689,610,735,627
26420 (Mapk9)	689,610,735,627
16476 (Jun)	889,596,935,613
16797 (Lat)	382,597,428,614
14281 (Fos)	888,545,934,562
18803 (Plcg1)	517,546,563,563
12504 (Cd4)	382,435,428,452
16818 (Lck)	458,435,504,452
15978 (Ifng)	280,829,326,846
15979 (Ifngr1)	382,829,428,846
15980 (Ifngr2)	382,829,428,846
20846 (Stat1)	689,805,735,822
16189 (Il4)	280,645,326,662
16186 (Il2rg)	382,645,428,662
16190 (Il4ra)	382,645,428,662
20852 (Stat6)	689,646,735,663
16183 (Il2)	280,969,326,986
16184 (Il2ra)	382,969,428,986
16185 (Il2rb)	382,969,428,986
16186 (Il2rg)	382,969,428,986
20850 (Stat5a)	689,969,735,986
20851 (Stat5b)	689,969,735,986
100504404 (H2-Ea-ps)	149,515,195,532
14960 (H2-Aa)	149,515,195,532
14961 (H2-Ab1)	149,515,195,532
14969 (H2-Eb1)	149,515,195,532
14998 (H2-DMa)	149,515,195,532
14999 (H2-DMb1)	149,515,195,532
15000 (H2-DMb2)	149,515,195,532
15001 (H2-Oa)	149,515,195,532
15002 (H2-Ob)	149,515,195,532
16177 (Il1r1)	382,106,428,123
16180 (Il1rap)	382,106,428,123
16186 (Il2rg)	382,186,428,203
60504 (Il21r)	382,186,428,203
16194 (Il6ra)	382,219,428,236
16195 (Il6st)	382,219,428,236
16161 (Il12rb1)	382,259,428,276
209590 (Il23r)	382,259,428,276
20848 (Stat3)	689,220,735,237
19094 (Mapk11)	689,93,735,110
26415 (Mapk13)	689,93,735,110
26416 (Mapk14)	689,93,735,110
29857 (Mapk12)	689,93,735,110
56717 (Mtor)	689,122,735,139
21812 (Tgfbr1)	382,154,428,171
21813 (Tgfbr2)	382,154,428,171
60505 (Il21)	280,186,326,203
16171 (Il17a)	1188,358,1234,375
257630 (Il17f)	1242,358,1288,375
60505 (Il21)	1188,381,1234,398
50929 (Il22)	1242,381,1288,398
19885 (Rorc)	1212,168,1258,185
19883 (Rora)	1212,192,1258,209
19885 (Rorc)	1035,363,1081,380
16364 (Irf4)	1212,98,1258,115
16364 (Irf4)	1035,137,1081,154
16161 (Il12rb1)	1212,271,1258,288
209590 (Il23r)	1212,271,1258,288
57765 (Tbx21)	1212,805,1258,822
57765 (Tbx21)	1035,763,1081,780
12394 (Runx1)	1054,722,1100,739
19885 (Rorc)	1212,722,1258,739
14462 (Gata3)	1212,646,1258,663
14462 (Gata3)	1054,692,1100,709
19885 (Rorc)	1054,862,1100,879
19401 (Rara)	1035,995,1081,1012
20181 (Rxra)	1035,1012,1081,1029
20182 (Rxrb)	1035,1012,1081,1029
20183 (Rxrg)	1035,1012,1081,1029
20371 (Foxp3)	1212,969,1258,986
16171 (Il17a)	1212,850,1258,867
257630 (Il17f)	1264,850,1310,867
60505 (Il21)	1212,873,1258,890
50929 (Il22)	1264,873,1310,890
21803 (Tgfb1)	280,922,326,939
17126 (Smad2)	689,920,735,937
17127 (Smad3)	689,920,735,937
17128 (Smad4)	689,920,735,937
21812 (Tgfbr1)	382,922,428,939
21813 (Tgfbr2)	382,922,428,939
21803 (Tgfb1)	280,154,326,171
17126 (Smad2)	689,155,735,172
17127 (Smad3)	689,155,735,172
17128 (Smad4)	689,155,735,172
50931 (Il27ra)	382,756,428,773
20371 (Foxp3)	1035,902,1081,919
12394 (Runx1)	1092,902,1138,919
16176 (Il1b)	280,106,326,123
239114 (Il17d)	280,756,326,773
16193 (Il6)	280,219,326,236
83430 (Il23a)	280,259,326,276
15516 (Hsp90ab1)	689,315,735,332
15519 (Hsp90aa1)	689,315,735,332
11622 (Ahr)	689,332,735,349
12501 (Cd3e)	382,468,428,485
12502 (Cd3g)	382,485,428,502
12500 (Cd3d)	382,547,428,564
12501 (Cd3e)	382,564,428,581
12503 (Cd247)	428,507,474,524
12503 (Cd247)	428,524,474,541
19883 (Rora)	1035,380,1081,397
15251 (Hif1a)	1212,245,1258,262
15251 (Hif1a)	1035,205,1081,222
16451 (Jak1)	428,177,474,194
16453 (Jak3)	428,177,474,194
16451 (Jak1)	428,209,474,226
16452 (Jak2)	428,209,474,226
16452 (Jak2)	428,244,474,261
54721 (Tyk2)	428,271,474,288
16451 (Jak1)	428,656,474,673
16453 (Jak3)	428,656,474,673
16451 (Jak1)	428,744,474,761
16452 (Jak2)	428,744,474,761
54721 (Tyk2)	428,770,474,787
16451 (Jak1)	428,840,474,857
16452 (Jak2)	428,840,474,857
16451 (Jak1)	428,980,474,997
16453 (Jak3)	428,980,474,997
mmu04514: Cell adhesion molecules (CAMs)	249,568,351,602
mmu04659: Th17 cell differentiation	40,45,274,70
mmu04010: MAPK signaling pathway	761,562,863,596
mmu04020: Calcium signaling pathway	511,428,613,462
mmu04064: NF-kappa B signaling pathway	760,465,862,499
mmu04660: T cell receptor signaling pathway	249,479,351,513
mmu04630: JAK-STAT signaling pathway	503,661,605,695
mmu04350: TGF-beta signaling pathway	498,887,600,921
mmu05321: Inflammatory bowel disease (IBD)	1327,413,1429,447
mmu05323: Rheumatoid arthritis	1328,452,1430,486
mmu04620: Toll-like receptor signaling pathway	43,178,148,212
mmu04066: HIF-1 signaling pathway	664,251,766,285
