C01245 (D-myo-Inositol 1,4,5-trisphosphate)	401,207,4
C00076 (Calcium cation)	679,207,4
C01330 (Sodium cation)	587,89,4
C00080 (H+)	551,165,4
C00165 (Diacylglycerol)	401,228,4
C01330 (Sodium cation)	642,165,4
C00575 (3',5'-Cyclic AMP)	204,363,4
C00575 (3',5'-Cyclic AMP)	759,481,4
C00533 (Nitric oxide)	960,207,4
C00290 (Fibrin)	660,804,4
C00533 (Nitric oxide)	821,633,4
C06124 (Sphingosine 1-phosphate)	821,665,4
23796 (Aplnr)	109,547,155,564
105787 (Prkaa1)	305,601,351,618
108079 (Prkaa2)	305,601,351,618
108097 (Prkab2)	305,601,351,618
108099 (Prkag2)	305,601,351,618
19079 (Prkab1)	305,601,351,618
19082 (Prkag1)	305,601,351,618
241113 (Prkag3)	305,601,351,618
20698 (Sphk1)	655,657,701,674
56632 (Sphk2)	655,657,701,674
18787 (Serpine1)	305,795,351,812
100503710 (Gm5741)	179,409,225,426
14677 (Gnai1)	179,409,225,426
14678 (Gnai2)	179,409,225,426
14679 (Gnai3)	179,409,225,426
14688 (Gnb1)	179,409,225,426
14693 (Gnb2)	179,409,225,426
14695 (Gnb3)	179,409,225,426
14696 (Gnb4)	179,409,225,426
14697 (Gnb5)	179,409,225,426
14699 (Gngt1)	179,409,225,426
14700 (Gng10)	179,409,225,426
14701 (Gng12)	179,409,225,426
14702 (Gng2)	179,409,225,426
14704 (Gng3)	179,409,225,426
14706 (Gng4)	179,409,225,426
14707 (Gng5)	179,409,225,426
14708 (Gng7)	179,409,225,426
14709 (Gng8)	179,409,225,426
14710 (Gngt2)	179,409,225,426
64337 (Gng13)	179,409,225,426
66066 (Gng11)	179,409,225,426
104709 (Pik3r6)	305,409,351,426
30955 (Pik3cg)	305,409,351,426
320207 (Pik3r5)	305,409,351,426
11651 (Akt1)	482,409,528,426
11652 (Akt2)	482,409,528,426
23797 (Akt3)	482,409,528,426
26395 (Map2k1)	482,298,528,315
26396 (Map2k2)	482,298,528,315
26413 (Mapk1)	655,298,701,315
26417 (Mapk3)	655,298,701,315
58988 (Rps6kb2)	816,442,862,459
72508 (Rps6kb1)	816,442,862,459
18795 (Plcb1)	305,199,351,216
18796 (Plcb2)	305,199,351,216
18797 (Plcb3)	305,199,351,216
18798 (Plcb4)	305,199,351,216
16438 (Itpr1)	453,188,499,205
16439 (Itpr2)	453,188,499,205
16440 (Itpr3)	453,188,499,205
20190 (Ryr1)	453,209,499,226
20191 (Ryr2)	453,209,499,226
20192 (Ryr3)	453,209,499,226
56717 (Mtor)	655,336,701,353
15461 (Hras)	305,298,351,315
16653 (Kras)	305,298,351,315
17532 (Mras)	305,298,351,315
18176 (Nras)	305,298,351,315
20130 (Rras)	305,298,351,315
66922 (Rras2)	305,298,351,315
110157 (Raf1)	393,298,439,315
16598 (Klf2)	482,625,528,642
21812 (Tgfbr1)	109,735,155,752
14219 (Ccn2)	655,767,701,784
19017 (Ppargc1a)	482,582,528,599
21780 (Tfam)	704,595,750,612
18181 (Nrf1)	655,595,701,612
107589 (Mylk)	655,251,701,268
213435 (Mylk3)	655,251,701,268
228785 (Mylk2)	655,251,701,268
238564 (Mylk4)	655,251,701,268
17896 (Myl4)	761,251,807,268
17897 (Myl3)	761,251,807,268
17906 (Myl2)	761,251,807,268
18754 (Prkce)	305,249,351,266
110891 (Slc8a2)	637,120,683,137
110893 (Slc8a3)	637,120,683,137
20541 (Slc8a1)	637,120,683,137
12443 (Ccnd1)	933,410,979,427
104110 (Adcy4)	109,354,155,371
104111 (Adcy3)	109,354,155,371
11512 (Adcy6)	109,354,155,371
11513 (Adcy7)	109,354,155,371
11514 (Adcy8)	109,354,155,371
11515 (Adcy9)	109,354,155,371
210044 (Adcy2)	109,354,155,371
224129 (Adcy5)	109,354,155,371
271639 (Adcy10)	109,354,155,371
432530 (Adcy1)	109,354,155,371
18747 (Prkaca)	181,313,227,330
18749 (Prkacb)	181,313,227,330
22227 (Ucp1)	655,569,701,586
18576 (Pde3b)	655,472,701,489
16890 (Lipe)	181,266,227,283
18125 (Nos1)	864,198,910,215
18126 (Nos2)	864,198,910,215
18127 (Nos3)	864,198,910,215
26413 (Mapk1)	655,409,701,426
26417 (Mapk3)	655,409,701,426
105980076 (Gm45929)	655,688,701,705
17258 (Mef2a)	655,688,701,705
17259 (Mef2b)	655,688,701,705
17260 (Mef2c)	655,688,701,705
17261 (Mef2d)	655,688,701,705
15184 (Hdac5)	482,688,528,705
208727 (Hdac4)	482,688,528,705
16598 (Klf2)	816,689,862,706
100503710 (Gm5741)	179,688,225,705
14674 (Gna13)	179,688,225,705
14688 (Gnb1)	179,688,225,705
14693 (Gnb2)	179,688,225,705
14695 (Gnb3)	179,688,225,705
14696 (Gnb4)	179,688,225,705
14697 (Gnb5)	179,688,225,705
14699 (Gngt1)	179,688,225,705
14700 (Gng10)	179,688,225,705
14701 (Gng12)	179,688,225,705
14702 (Gng2)	179,688,225,705
14704 (Gng3)	179,688,225,705
14706 (Gng4)	179,688,225,705
14707 (Gng5)	179,688,225,705
14708 (Gng7)	179,688,225,705
14709 (Gng8)	179,688,225,705
14710 (Gngt2)	179,688,225,705
64337 (Gng13)	179,688,225,705
66066 (Gng11)	179,688,225,705
58988 (Rps6kb2)	816,317,862,334
72508 (Rps6kb1)	816,317,862,334
225326 (Pik3c3)	305,510,351,527
75669 (Pik3r4)	305,510,351,527
56486 (Gabarap)	655,510,701,527
57436 (Gabarapl1)	655,510,701,527
93739 (Gabarapl2)	655,510,701,527
56208 (Becn1)	482,510,528,527
13653 (Egr1)	816,377,862,394
20750 (Spp1)	933,377,979,394
18131 (Notch3)	816,418,862,435
16449 (Jag1)	816,401,862,418
18791 (Plat)	482,795,528,812
17128 (Smad4)	482,726,528,743
17126 (Smad2)	305,735,351,752
17127 (Smad3)	305,735,351,752
11475 (Acta2)	655,719,701,736
12550 (Cdh1)	655,740,701,757
20104 (Rps6)	933,317,979,334
18125 (Nos1)	655,624,701,641
18126 (Nos2)	655,624,701,641
18127 (Nos3)	655,624,701,641
103968 (Plin1)	482,541,528,558
18747 (Prkaca)	816,472,862,489
18749 (Prkacb)	816,472,862,489
16890 (Lipe)	933,472,979,489
20544 (Slc9a1)	546,120,592,137
100503710 (Gm5741)	179,547,225,564
14682 (Gnaq)	179,547,225,564
14688 (Gnb1)	179,547,225,564
14693 (Gnb2)	179,547,225,564
14695 (Gnb3)	179,547,225,564
14696 (Gnb4)	179,547,225,564
14697 (Gnb5)	179,547,225,564
14699 (Gngt1)	179,547,225,564
14700 (Gng10)	179,547,225,564
14701 (Gng12)	179,547,225,564
14702 (Gng2)	179,547,225,564
14704 (Gng3)	179,547,225,564
14706 (Gng4)	179,547,225,564
14707 (Gng5)	179,547,225,564
14708 (Gng7)	179,547,225,564
14709 (Gng8)	179,547,225,564
14710 (Gngt2)	179,547,225,564
64337 (Gng13)	179,547,225,564
66066 (Gng11)	179,547,225,564
12326 (Camk4)	305,688,351,705
12313 (Calm1)	761,199,807,216
12314 (Calm2)	761,199,807,216
12315 (Calm3)	761,199,807,216
494124 (Calm5)	761,199,807,216
70405 (Calml3)	761,199,807,216
75600 (Calml4)	761,199,807,216
80796 (Calm4)	761,199,807,216
30878 (Apln)	35,547,81,564
11607 (Agtr1a)	108,786,154,803
11608 (Agtr1b)	108,786,154,803
mmu04530: Tight junction	40,45,260,70
mmu04140: Autophagy - animal	802,507,877,527
mmu04020: Calcium signaling pathway	689,162,830,182
mmu04150: mTOR signaling pathway	495,330,593,360
mmu04151: PI3K-Akt signaling pathway	317,436,415,466
mmu04152: AMPK signaling pathway	310,628,408,657
mmu04010: MAPK signaling pathway	317,330,415,360
mmu04270: Vascular smooth muscle contraction	893,219,999,249
mmu04923: Regulation of lipolysis in adipocytes	1129,503,1251,533
