G00078 (iso-nLc8Cer)	1120,711,4
G00057	569,502,4
G00090 (V3Fuc,III3Fuc-nLc6Cer)	700,923,4
G00091	623,852,4
G00089 (V3Fuc-nLc6Cer)	700,852,4
G00088 (VI3NeuAc-nLc6Cer)	1077,531,4
G00087 (VI6NeuAc-nLc6Cer)	1077,579,4
G00086	506,994,4
G00067 (nLc6Cer)	966,639,4
G00085	506,923,4
G00084	506,852,4
G00069 (nLc8Cer)	506,781,4
G00064 (3',8'-LD1)	832,118,4
G00062 (Sialyl-3-paragloboside)	832,192,4
G00063 (IV3NeuAc,III3Fuc-nLc4Cer)	963,192,4
G00066 (nLc5Cer)	963,333,4
G00061 (Sialyl-6-paragloboside)	832,236,4
G00060 (III3Fuc-nLc4Cer)	569,335,4
G00083	1077,781,4
G00080	1195,781,4
G00075 (Type IIIAb)	756,923,4
G00074	832,923,4
G00073	832,852,4
G00072	832,781,4
G00071 (VI2Fuc-nLc6)	966,781,4
G00082	966,923,4
G00081	966,852,4
G00079	1120,781,4
G00092 (Lactosylceramide)	506,121,4
G00077	1120,639,4
G00068 (nLc7Cer)	506,639,4
G00076 (III3Fuc-nLc6Cer)	832,579,4
G00056 (III3,IV2Fuc-nLc4Cer)	700,502,4
G00055 (IV2Fuc-nLc4Cer)	700,411,4
G00052 (Type II B antigen)	832,411,4
G00051 (nLc5Cer)	832,340,4
G00050 (Paragloboside)	700,335,4
G00036 (Lc3Cer)	506,192,4
G00054 (Type II A antigen)	569,411,4
G00059 (Type IIIA glycolipid)	493,579,4
G00058 (Type IIIH glycolipid)	569,579,4
G00037 (Lc4Cer)	317,335,4
G00038	448,335,4
G00039 (Type IB glycolipid)	448,411,4
G00044 (IV2Fuc-Lc4Cer)	317,411,4
G00040	448,502,4
G00045 (IV2Fuc,III4Fuc-Lc4Cer)	317,502,4
G00042 (Type IA glycolipid)	185,411,4
G00043	185,502,4
G00046 (Fuc-Lc4Cer)	185,335,4
G00047 (3'-isoLM1)	448,257,4
G00048 (Fuc-3'-isoLM1)	569,257,4
G00428 (IV4Gala-nLc4-Cer)	832,270,4
G00889 (PX2)	832,301,4
14348 (Fut9)	898,560,944,577
14348 (Fut9)	508,937,554,954
14348 (Fut9)	508,866,554,883
14348 (Fut9)	968,866,1014,883
14345 (Fut4)	678,885,724,902
56375 (B4galt4)	965,402,1011,419
57370 (B4galt3)	915,402,961,419
56375 (B4galt4)	638,194,684,211
57370 (B4galt3)	590,194,636,211
53418 (B4galt2)	638,173,684,190
14345 (Fut4)	484,814,530,831
14345 (Fut4)	678,814,724,831
14345 (Fut4)	944,814,990,831
14345 (Fut4)	678,457,724,474
14345 (Fut4)	877,194,923,211
14347 (Fut7)	877,194,923,211
14345 (Fut4)	615,337,661,354
14348 (Fut9)	702,866,748,883
80908 (Abo)	1128,772,1174,789
80908 (Abo)	777,913,823,930
14343 (Fut1)	1097,735,1143,752
14344 (Fut2)	1097,735,1143,752
56546 (Sec1)	1097,735,1143,752
14348 (Fut9)	702,795,748,812
14345 (Fut4)	484,885,530,902
14348 (Fut9)	508,795,554,812
14345 (Fut4)	877,581,923,598
54613 (St3gal6)	999,523,1045,540
14345 (Fut4)	484,956,530,973
14345 (Fut4)	944,885,990,902
80908 (Abo)	877,772,923,789
14343 (Fut1)	809,874,855,891
14344 (Fut2)	809,874,855,891
56546 (Sec1)	809,874,855,891
53625 (B3gnt2)	615,631,661,648
72297 (B3gnt3)	615,631,661,648
80908 (Abo)	999,772,1045,789
14538 (Gcnt2)	999,630,1045,647
14348 (Fut9)	968,795,1014,812
20449 (St8sia1)	808,148,854,165
54613 (St3gal6)	738,184,784,201
14348 (Fut9)	638,316,684,333
231727 (B3gnt4)	877,324,923,341
53625 (B3gnt2)	877,324,923,341
72297 (B3gnt3)	877,324,923,341
14595 (B4galt1)	939,383,985,400
14594 (Ggta1)	738,336,784,353
80908 (Abo)	738,402,784,419
14343 (Fut1)	678,367,724,384
14344 (Fut2)	678,367,724,384
56546 (Sec1)	678,367,724,384
14343 (Fut1)	809,367,855,384
14344 (Fut2)	809,367,855,384
56546 (Sec1)	809,367,855,384
102637973 (Gm34653)	484,144,530,161
108105 (B3gnt5)	484,144,530,161
14348 (Fut9)	702,437,748,454
80908 (Abo)	615,402,661,419
14343 (Fut1)	944,735,990,752
14344 (Fut2)	944,735,990,752
56546 (Sec1)	944,735,990,752
80908 (Abo)	513,570,559,587
14595 (B4galt1)	590,173,636,190
14343 (Fut1)	547,523,593,540
14344 (Fut2)	547,523,593,540
56546 (Sec1)	547,523,593,540
26877 (B3galt1)	337,173,383,190
26878 (B3galt2)	385,173,431,190
93961 (B3galt5)	362,194,408,211
14343 (Fut1)	295,367,341,384
14344 (Fut2)	295,367,341,384
56546 (Sec1)	295,367,341,384
14343 (Fut1)	425,367,471,384
14344 (Fut2)	425,367,471,384
56546 (Sec1)	425,367,471,384
14594 (Ggta1)	362,325,408,342
80908 (Abo)	362,402,408,419
80908 (Abo)	227,402,273,419
20441 (St3gal3)	362,238,408,255
20443 (St3gal4)	362,259,408,276
80908 (Abo)	391,1116,431,1116,431,1120,391,1120
20441 (St3gal3)	400,1074,430,1104,434,1104,404,1074
20443 (St3gal4)	400,1074,430,1104,434,1104,404,1074
14594 (Ggta1)	399,1160,429,1130,433,1130,403,1160
80908 (Abo)	399,1160,429,1130,433,1130,403,1160
14343 (Fut1)	446,1133,446,1163,450,1163,450,1133
14344 (Fut2)	446,1133,446,1163,450,1163,450,1133
56546 (Sec1)	446,1133,446,1163,450,1163,450,1133
26877 (B3galt1)	471,1116,501,1116,501,1120,471,1120
26878 (B3galt2)	471,1116,501,1116,501,1120,471,1120
93961 (B3galt5)	471,1116,501,1116,501,1120,471,1120
102637973 (Gm34653)	559,1116,589,1116,589,1120,559,1120
108105 (B3gnt5)	559,1116,589,1116,589,1120,559,1120
80908 (Abo)	620,1452,660,1452,660,1456,620,1456
231727 (B3gnt4)	668,1358,668,1430,672,1430,672,1358
53625 (B3gnt2)	668,1358,668,1430,672,1430,672,1358
72297 (B3gnt3)	668,1358,668,1430,672,1430,672,1358
54613 (St3gal6)	622,1491,669,1457,669,1461,622,1495
14538 (Gcnt2)	673,1430,673,1390,677,1390,677,1430
14343 (Fut1)	681,1462,681,1502,685,1502,685,1462
14344 (Fut2)	681,1462,681,1502,685,1502,685,1462
56546 (Sec1)	681,1462,681,1502,685,1502,685,1462
14595 (B4galt1)	696,1445,726,1445,726,1449,696,1449
53418 (B4galt2)	696,1445,726,1445,726,1449,696,1449
56375 (B4galt4)	696,1445,726,1445,726,1449,696,1449
57370 (B4galt3)	696,1445,726,1445,726,1449,696,1449
14345 (Fut4)	755,1501,755,1461,759,1461,759,1501
14347 (Fut7)	755,1501,755,1461,759,1461,759,1501
14348 (Fut9)	755,1501,755,1461,759,1461,759,1501
102637973 (Gm34653)	784,1445,814,1445,814,1449,784,1449
108105 (B3gnt5)	784,1445,814,1445,814,1449,784,1449
14594 (Ggta1)	673,1502,673,1462,677,1462,677,1502
80908 (Abo)	673,1502,673,1462,677,1462,677,1502
20449 (St8sia1)	530,1494,560,1494,560,1498,530,1498
14343 (Fut1)	481,1477,498,1460,502,1460,485,1477
14344 (Fut2)	481,1477,498,1460,502,1460,485,1477
56546 (Sec1)	481,1477,498,1460,502,1460,485,1477
80908 (Abo)	482,1434,497,1449,501,1449,486,1434
14345 (Fut4)	597,1377,617,1357,621,1357,601,1377
14348 (Fut9)	597,1377,617,1357,621,1357,601,1377
14595 (B4galt1)	584,1308,619,1338,619,1342,584,1312
56375 (B4galt4)	584,1308,619,1338,619,1342,584,1312
57370 (B4galt3)	584,1308,619,1338,619,1342,584,1312
54613 (St3gal6)	566,1287,566,1257,570,1257,570,1287
53625 (B3gnt2)	531,1272,551,1292,555,1292,535,1272
72297 (B3gnt3)	531,1272,551,1292,555,1292,535,1272
14345 (Fut4)	461,1286,476,1271,480,1271,465,1286
14348 (Fut9)	461,1286,476,1271,480,1271,465,1286
80908 (Abo)	530,1334,550,1314,554,1314,534,1334
80908 (Abo)	522,1302,552,1302,552,1306,522,1306
14343 (Fut1)	571,1348,571,1318,575,1318,575,1348
14344 (Fut2)	571,1348,571,1318,575,1318,575,1348
56546 (Sec1)	571,1348,571,1318,575,1318,575,1348
14343 (Fut1)	386,1362,401,1347,405,1347,390,1362
14344 (Fut2)	386,1362,401,1347,405,1347,390,1362
56546 (Sec1)	386,1362,401,1347,405,1347,390,1362
80908 (Abo)	387,1319,402,1334,406,1334,391,1319
14343 (Fut1)	705,1304,705,1334,709,1334,709,1304
14344 (Fut2)	705,1304,705,1334,709,1334,709,1304
56546 (Sec1)	705,1304,705,1334,709,1334,709,1304
239559 (A4galt)	738,260,784,277
26879 (B3galnt1)	738,294,784,311
239559 (A4galt)	599,1443,660,1443,660,1447,599,1447
26879 (B3galnt1)	661,1403,661,1430,665,1430,665,1403
mmu00600: Sphingolipid metabolism	344,103,424,137
mmu00601: Glycosphingolipid biosynthesis - lacto and neolacto series	40,45,541,70
