C00187 (Cholesterol)	348,409,4
C01953 (Pregnenolone)	459,409,4
C05138 (17alpha-Hydroxypregnenolone)	575,409,4
C01227 (Dehydroepiandrosterone)	687,409,4
C04295 (Androstenediol)	798,409,4
C00535 (Testosterone)	798,489,4
C00410 (Progesterone)	459,489,4
C01176 (17alpha-Hydroxyprogesterone)	575,489,4
C00280 (Androstenedione)	687,489,4
C00280 (Androstenedione)	462,752,4
C00535 (Testosterone)	578,752,4
C00951 (Estradiol-17beta)	742,752,4
C00468 (Estrone)	463,827,4
C14209 (4-Hydroxyestradiol-17beta)	858,724,4
C05301 (2-Hydroxyestradiol)	858,780,4
C00575 (3',5'-Cyclic AMP)	451,245,4
C00575 (3',5'-Cyclic AMP)	451,894,4
C02249 (Arachidonyl-CoA)	539,191,4
C00219 (Arachidonate)	618,192,4
C05356 (5(S)-HPETE)	897,159,4
C05966 (15(S)-HPETE)	897,159,4
C14777 (12(S)-HETE)	897,159,4
C00219 (Arachidonate)	541,148,4
C14768 (5,6-EET)	869,193,4
C14769 (8,9-EET)	869,193,4
C14770 (11,12-EET)	869,193,4
C00639 (Prostaglandin F2alpha)	806,229,4
C02530 (Cholesterol ester)	291,458,4
100043456 (Gm10681)	465,446,511,463
15492 (Hsd3b1)	465,446,511,463
15493 (Hsd3b2)	465,446,511,463
15495 (Hsd3b4)	465,446,511,463
15496 (Hsd3b5)	465,446,511,463
15497 (Hsd3b6)	465,446,511,463
100043456 (Gm10681)	580,446,626,463
15492 (Hsd3b1)	580,446,626,463
15493 (Hsd3b2)	580,446,626,463
15495 (Hsd3b4)	580,446,626,463
15496 (Hsd3b5)	580,446,626,463
15497 (Hsd3b6)	580,446,626,463
100043456 (Gm10681)	693,446,739,463
15492 (Hsd3b1)	693,446,739,463
15493 (Hsd3b2)	693,446,739,463
15495 (Hsd3b4)	693,446,739,463
15496 (Hsd3b5)	693,446,739,463
15497 (Hsd3b6)	693,446,739,463
100043456 (Gm10681)	804,446,850,463
15492 (Hsd3b1)	804,446,850,463
15493 (Hsd3b2)	804,446,850,463
15495 (Hsd3b4)	804,446,850,463
15496 (Hsd3b5)	804,446,850,463
15497 (Hsd3b6)	804,446,850,463
15486 (Hsd17b2)	712,518,758,535
16867 (Lhcgr)	193,236,239,253
12640 (Cga)	108,236,154,253
16866 (Lhb)	108,236,154,253
20845 (Star)	376,358,422,375
13070 (Cyp11a1)	375,381,421,398
13074 (Cyp17a1)	489,387,535,404
13074 (Cyp17a1)	608,387,654,404
14683 (Gnas)	278,236,324,253
104110 (Adcy4)	366,236,412,253
104111 (Adcy3)	366,236,412,253
11512 (Adcy6)	366,236,412,253
11513 (Adcy7)	366,236,412,253
11514 (Adcy8)	366,236,412,253
11515 (Adcy9)	366,236,412,253
210044 (Adcy2)	366,236,412,253
224129 (Adcy5)	366,236,412,253
432530 (Adcy1)	366,236,412,253
12640 (Cga)	108,886,154,903
14308 (Fshb)	108,886,154,903
14309 (Fshr)	193,886,239,903
14683 (Gnas)	276,886,322,903
104110 (Adcy4)	362,886,408,903
104111 (Adcy3)	362,886,408,903
11512 (Adcy6)	362,886,408,903
11513 (Adcy7)	362,886,408,903
11514 (Adcy8)	362,886,408,903
11515 (Adcy9)	362,886,408,903
210044 (Adcy2)	362,886,408,903
224129 (Adcy5)	362,886,408,903
432530 (Adcy1)	362,886,408,903
15486 (Hsd17b2)	496,727,542,744
13075 (Cyp19a1)	467,782,513,799
13075 (Cyp19a1)	610,727,656,744
13078 (Cyp1b1)	765,708,811,725
13076 (Cyp1a1)	767,788,813,805
15485 (Hsd17b1)	640,788,686,805
15490 (Hsd17b7)	640,788,686,805
15485 (Hsd17b1)	717,387,763,404
18747 (Prkaca)	494,236,540,253
18749 (Prkacb)	494,236,540,253
171210 (Acot2)	552,197,598,214
16333 (Ins1)	108,293,154,310
16334 (Ins2)	108,293,154,310
16337 (Insr)	193,293,239,310
16000 (Igf1)	108,318,154,335
16001 (Igf1r)	193,320,239,337
16333 (Ins1)	108,762,154,779
16334 (Ins2)	108,762,154,779
16337 (Insr)	193,762,239,779
16000 (Igf1)	108,790,154,807
16001 (Igf1r)	193,791,239,808
16835 (Ldlr)	193,401,239,418
11689 (Alox5)	715,163,761,180
100066 (Cyp2j11)	715,199,761,216
13109 (Cyp2j5)	715,199,761,216
13110 (Cyp2j6)	715,199,761,216
230459 (Cyp2j13)	715,199,761,216
242546 (Cyp2j12)	715,199,761,216
665095 (Cyp2j8)	715,199,761,216
74519 (Cyp2j9)	715,199,761,216
19225 (Ptgs2)	715,235,761,252
18783 (Pla2g4a)	470,156,516,173
211429 (Pla2g4b)	470,156,516,173
232889 (Pla2g4c)	470,156,516,173
271844 (Pla2g4f)	470,156,516,173
329502 (Pla2g4e)	470,156,516,173
78390 (Pla2g4d)	470,156,516,173
12155 (Bmp15)	108,924,154,941
12161 (Bmp6)	108,955,154,972
13074 (Cyp17a1)	489,518,535,535
13074 (Cyp17a1)	611,518,657,535
18747 (Prkaca)	494,886,540,903
18749 (Prkacb)	494,886,540,903
20778 (Scarb1)	193,447,239,464
mmu04913: Ovarian steroidogenesis	40,45,278,70
mmu00140: Steroid hormone biosynthesis	295,480,418,514
mmu04910: Insulin signaling pathway	297,272,420,306
mmu04910: Insulin signaling pathway	284,772,407,806
mmu00140: Steroid hormone biosynthesis	325,725,448,759
mmu04912: GnRH signaling pathway	46,168,169,202
mmu04912: GnRH signaling pathway	44,819,167,853
mmu04350: TGF-beta signaling pathway	355,941,478,975
