C00024 (Acetyl-CoA)	768,498,4
C00151 (L-Amino acid)	105,215,4
C01879 (5-Oxoproline)	195,143,4
C00097 (L-Cysteine)	415,248,4
C00025 (L-Glutamate)	542,175,4
C00037 (Glycine)	490,304,4
C01419 (Cys-Gly)	332,377,4
C03740 ((5-L-Glutamyl)-L-amino acid)	195,297,4
C00051 (Glutathione)	332,456,4
C00669 (gamma-L-Glutamyl-L-cysteine)	542,456,4
C03646 (Bis-gamma-glutamylcystine)	746,460,4
C00127 (Glutathione disulfide)	66,456,4
C00005 (NADPH)	117,500,4
C00006 (NADP+)	270,500,4
C01322 (RX)	359,498,4
C02320 (R-S-Glutathione)	441,525,4
C05730 (Glutathionylspermidine)	498,684,4
C00025 (L-Glutamate)	523,498,4
C05729 (R-S-Cysteinylglycine)	548,525,4
C00037 (Glycine)	726,498,4
C05726 (S-Substituted L-cysteine)	749,525,4
C05727 (S-Substituted N-acetyl-L-cysteine)	856,525,4
C00077 (L-Ornithine)	207,715,4
C00134 (Putrescine)	207,642,4
C00315 (Spermidine)	384,645,4
C02090 (Trypanothione)	621,684,4
C03170 (Trypanothione disulfide)	849,684,4
C00005 (NADPH)	776,580,4
C00006 (NADP+)	694,580,4
C05422 (Dehydroascorbate)	669,649,4
C00072 (Ascorbate)	801,649,4
C16664 (Tryparedoxin disulfide)	669,718,4
C16663 (Tryparedoxin)	801,718,4
C00750 (Spermine)	368,791,4
C16562 (Glutathionylspermine)	498,864,4
C16563 (Bis(glutathionyl)spermine)	621,864,4
C16564 (Bis(glutathionyl)spermine disulfide)	849,864,4
C01672 (Cadaverine)	188,920,4
C16565 (Aminopropylcadaverine)	294,920,4
C16566 (Glutathionylaminopropylcadaverine)	498,920,4
C16567 (Homotrypanothione)	621,920,4
C16568 (Homotrypanothione disulfide)	849,920,4
16790 (Anpep)	569,506,615,523
14598 (Ggt1)	466,517,512,534
207182 (Ggt7)	466,517,512,534
23887 (Ggt5)	466,517,512,534
71522 (Ggt6)	466,517,512,534
14775 (Gpx1)	194,558,240,575
14776 (Gpx2)	194,558,240,575
14778 (Gpx3)	194,558,240,575
14780 (Gpx5)	194,558,240,575
67305 (Gpx7)	194,558,240,575
69590 (Gpx8)	194,558,240,575
75512 (Gpx6)	194,558,240,575
625249 (Gpx4)	194,537,240,554
66073 (Txndc12)	146,537,192,554
14380 (G6pd2)	194,502,240,519
14381 (G6pdx)	194,502,240,519
15926 (Idh1)	146,481,192,498
269951 (Idh2)	146,481,192,498
14854 (Gss)	435,448,481,465
14629 (Gclc)	519,266,565,283
14630 (Gclm)	519,266,565,283
14598 (Ggt1)	309,421,355,438
207182 (Ggt7)	309,421,355,438
23887 (Ggt5)	309,421,355,438
71522 (Ggt6)	309,421,355,438
16790 (Anpep)	334,314,380,331
75475 (Oplah)	351,135,397,152
110175 (Ggct)	426,94,472,111
14598 (Ggt1)	172,396,218,413
207182 (Ggt7)	172,396,218,413
23887 (Ggt5)	172,396,218,413
71522 (Ggt6)	172,396,218,413
110175 (Ggct)	172,248,218,265
100043497 (Nat8f7)	778,517,824,534
100504710 (Nat8f6)	778,517,824,534
66116 (Nat8f1)	778,517,824,534
68396 (Nat8)	778,517,824,534
93673 (Nat8f2)	778,517,824,534
103140 (Gstt3)	365,517,411,534
14857 (Gsta1)	365,517,411,534
14858 (Gsta2)	365,517,411,534
14859 (Gsta3)	365,517,411,534
14860 (Gsta4)	365,517,411,534
14862 (Gstm1)	365,517,411,534
14863 (Gstm2)	365,517,411,534
14864 (Gstm3)	365,517,411,534
14865 (Gstm4)	365,517,411,534
14866 (Gstm5)	365,517,411,534
14867 (Gstm6)	365,517,411,534
14869 (Gstp2)	365,517,411,534
14870 (Gstp1)	365,517,411,534
14871 (Gstt1)	365,517,411,534
14872 (Gstt2)	365,517,411,534
14873 (Gsto1)	365,517,411,534
211666 (Mgst2)	365,517,411,534
225884 (Gstp3)	365,517,411,534
54486 (Hpgds)	365,517,411,534
56615 (Mgst1)	365,517,411,534
66447 (Mgst3)	365,517,411,534
68214 (Gsto2)	365,517,411,534
68312 (Gstm7)	365,517,411,534
75886 (Gstt4)	365,517,411,534
76263 (Gstk1)	365,517,411,534
14782 (Gsr)	146,449,192,466
110208 (Pgd)	146,502,192,519
18263 (Odc1)	185,674,231,691
332942 (Ldc1)	185,674,231,691
20810 (Srm)	267,634,313,651
20603 (Sms)	346,718,392,735
20810 (Srm)	214,912,260,929
20133 (Rrm1)	713,720,759,737
20135 (Rrm2)	713,720,759,737
382985 (Rrm2b)	713,720,759,737
20133 (Rrm1)	713,781,759,798
20135 (Rrm2)	713,781,759,798
382985 (Rrm2b)	713,781,759,798
66988 (Lap3)	334,333,380,350
66988 (Lap3)	617,506,663,523
68044 (Chac2)	240,407,286,424
69065 (Chac1)	240,407,286,424
mmu00480: Glutathione metabolism	40,45,259,70
mmu00250: Alanine	547,215,621,249
aspartate and glutamate metabolism	547,215,621,249
mmu00430: Taurine and hypotaurine metabolism	451,188,529,233
map00460: Cyanoamino acid metabolism	350,259,462,293
mmu00270: Cysteine and methionine metabolism	288,183,370,228
mmu00220: Arginine biosynthesis	146,761,270,786
