C00076 (Calcium cation)	502,435,4
C00027 (Hydrogen peroxide)	1411,868,4
C00219 (Arachidonate)	863,1034,4
C00584 (Prostaglandin E2)	863,1081,4
C00575 (3',5'-Cyclic AMP)	193,320,4
C01245 (D-myo-Inositol 1,4,5-trisphosphate)	138,320,4
C00076 (Calcium cation)	138,352,4
C02737 (Phosphatidylserine)	495,529,4
C01074 (N-Acetylgalactosamine)	451,435,4
C01498 (Gelatine)	380,326,4
C00533 (Nitric oxide)	1347,771,4
C00062 (L-Arginine)	1222,772,4
C00165 (Diacylglycerol)	88,321,4
C18287 (Monocyte locomotion inhibitory factor)	893,811,4
16176 (Il1b)	359,176,405,193
17831 (Muc2)	374,225,420,242
14268 (Fn1)	374,279,420,296
16772 (Lama1)	374,298,420,315
16773 (Lama2)	374,298,420,315
16774 (Lama3)	374,298,420,315
16775 (Lama4)	374,298,420,315
16776 (Lama5)	374,298,420,315
16777 (Lamb1)	374,298,420,315
16779 (Lamb2)	374,298,420,315
16780 (Lamb3)	374,298,420,315
16782 (Lamc2)	374,298,420,315
226519 (Lamc1)	374,298,420,315
23928 (Lamc3)	374,298,420,315
18033 (Nfkb1)	496,176,542,193
19697 (Rela)	496,176,542,193
16193 (Il6)	1115,420,1161,437
12367 (Casp3)	466,457,512,474
14825 (Cxcl1)	1115,439,1161,456
20310 (Cxcl2)	1115,439,1161,456
330122 (Cxcl3)	1115,439,1161,456
12981 (Csf2)	1115,458,1161,475
16177 (Il1r1)	424,176,470,193
16178 (Il1r2)	424,176,470,193
21926 (Tnf)	1115,513,1161,530
18126 (Nos2)	1278,774,1324,791
21898 (Tlr4)	879,504,925,521
24088 (Tlr2)	879,504,925,521
16159 (Il12a)	1042,580,1088,597
16160 (Il12b)	1042,580,1088,597
19344 (Rab5b)	503,603,549,620
19345 (Rab5c)	503,603,549,620
19349 (Rab7)	503,603,549,620
226421 (Rab7b)	503,603,549,620
271457 (Rab5a)	503,603,549,620
15507 (Hspb1)	496,126,542,143
24088 (Tlr2)	890,613,936,630
12479 (Cd1d1)	972,613,1018,630
12480 (Cd1d2)	972,613,1018,630
12475 (Cd14)	879,521,925,538
18706 (Pik3ca)	1295,860,1341,877
18707 (Pik3cd)	1295,860,1341,877
18708 (Pik3r1)	1295,860,1341,877
18709 (Pik3r2)	1295,860,1341,877
18710 (Pik3r3)	1295,860,1341,877
74769 (Pik3cb)	1295,860,1341,877
18033 (Nfkb1)	953,504,999,521
19697 (Rela)	953,504,999,521
15978 (Ifng)	1243,654,1289,671
16409 (Itgam)	1230,860,1276,877
16414 (Itgb2)	1230,860,1276,877
16415 (Itgb2l)	1230,860,1276,877
11846 (Arg1)	717,737,763,754
11847 (Arg2)	717,737,763,754
18477 (Prdx1)	756,917,802,934
110382 (C8b)	873,1162,919,1179
230558 (C8a)	873,1162,919,1179
69379 (C8g)	873,1162,919,1179
12279 (C9)	873,1181,919,1198
14680 (Gnal)	170,234,216,251
14683 (Gnas)	170,234,216,251
14672 (Gna11)	115,234,161,251
14675 (Gna14)	115,234,161,251
14676 (Gna15)	115,234,161,251
14682 (Gnaq)	115,234,161,251
18750 (Prkca)	63,379,109,396
18751 (Prkcb)	63,379,109,396
18752 (Prkcg)	63,379,109,396
432530 (Adcy1)	170,275,216,292
18795 (Plcb1)	115,275,161,292
18796 (Plcb2)	115,275,161,292
18797 (Plcb3)	115,275,161,292
18798 (Plcb4)	115,275,161,292
18747 (Prkaca)	170,348,216,365
18749 (Prkacb)	170,348,216,365
16153 (Il10)	1386,1009,1432,1026
21803 (Tgfb1)	1386,1071,1432,1088
21808 (Tgfb2)	1386,1071,1432,1088
21809 (Tgfb3)	1386,1071,1432,1088
12826 (Col4a1)	374,260,420,277
12827 (Col4a2)	374,260,420,277
12828 (Col4a3)	374,260,420,277
12829 (Col4a4)	374,260,420,277
12830 (Col4a5)	374,260,420,277
12842 (Col1a1)	374,260,420,277
12843 (Col1a2)	374,260,420,277
94216 (Col4a6)	374,260,420,277
22330 (Vcl)	611,798,657,815
109711 (Actn1)	660,798,706,815
60595 (Actn4)	660,798,706,815
14268 (Fn1)	611,614,657,631
12825 (Col3a1)	660,614,706,631
12826 (Col4a1)	660,614,706,631
12827 (Col4a2)	660,614,706,631
12828 (Col4a3)	660,614,706,631
12829 (Col4a4)	660,614,706,631
12830 (Col4a5)	660,614,706,631
12842 (Col1a1)	660,614,706,631
12843 (Col1a2)	660,614,706,631
94216 (Col4a6)	660,614,706,631
14083 (Ptk2)	605,695,651,712
13035 (Ctsg)	1386,945,1432,962
20248 (Serpinb3a)	798,945,844,962
20706 (Serpinb9b)	798,945,844,962
20707 (Serpinb9c)	798,945,844,962
20708 (Serpinb6b)	798,945,844,962
20709 (Serpinb9f)	798,945,844,962
20710 (Serpinb9e)	798,945,844,962
20719 (Serpinb6a)	798,945,844,962
20723 (Serpinb9)	798,945,844,962
20726 (Serpinb9d)	798,945,844,962
241196 (Serpinb13)	798,945,844,962
241197 (Serpinb10)	798,945,844,962
381286 (Serpinb3c)	798,945,844,962
383548 (Serpinb3b)	798,945,844,962
394252 (Serpinb3d)	798,945,844,962
544923 (Serpinb9h)	798,945,844,962
93806 (Serpinb9g)	798,945,844,962
97848 (Serpinb6c)	798,945,844,962
mmu04620: Toll-like receptor signaling pathway	804,553,915,587
mmu04672: Intestinal immune network for IgA production	715,364,856,389
mmu04210: Apoptosis	687,438,754,463
mmu04144: Endocytosis	473,653,545,678
mmu04612: Antigen processing and presentation	1029,627,1107,661
mmu04610: Complement and coagulation cascades	1003,1194,1121,1219
mmu00590: Arachidonic acid metabolism	700,1007,799,1041
mmu04810: Regulation of actin cytoskeleton	601,832,714,866
mmu04510: Focal adhesion	536,735,628,760
mmu00330: Arginine and proline metabolism	1065,761,1183,795
mmu04210: Apoptosis	1525,823,1592,848
mmu05146: Amoebiasis	40,45,146,70
