C01673 (Calcitriol)	756,171,4
C00951 (Estradiol-17beta)	831,170,4
C01673 (Calcitriol)	756,285,4
C00076 (Calcium cation)	110,829,4
C00076 (Calcium cation)	108,650,4
C00076 (Calcium cation)	953,619,4
C01330 (Sodium cation)	835,612,4
C00076 (Calcium cation)	957,724,4
C00076 (Calcium cation)	497,678,4
C00076 (Calcium cation)	637,739,4
C00076 (Calcium cation)	770,680,4
C00165 (Diacylglycerol)	297,719,4
C01245 (D-myo-Inositol 1,4,5-trisphosphate)	368,707,4
C00951 (Estradiol-17beta)	831,284,4
C00575 (3',5'-Cyclic AMP)	377,539,4
C01330 (Sodium cation)	958,541,4
C00238 (Potassium cation)	841,534,4
194352 (Trpv5)	135,642,181,659
19228 (Pth1r)	629,222,675,239
194352 (Trpv5)	401,586,447,603
22337 (Vdr)	734,308,780,325
110891 (Slc8a2)	873,606,919,623
110893 (Slc8a3)	873,606,919,623
20541 (Slc8a1)	873,606,919,623
11941 (Atp2b2)	873,716,919,733
320707 (Atp2b3)	873,716,919,733
381290 (Atp2b4)	873,716,919,733
67972 (Atp2b1)	873,716,919,733
12307 (Calb1)	614,616,660,633
12307 (Calb1)	525,670,571,687
12307 (Calb1)	615,699,661,716
12307 (Calb1)	693,671,739,688
12062 (Bdkrb2)	135,740,181,757
194352 (Trpv5)	570,536,616,553
194352 (Trpv5)	242,415,288,432
194352 (Trpv5)	384,321,430,338
194352 (Trpv5)	403,452,449,469
194352 (Trpv5)	566,330,612,347
194352 (Trpv5)	566,359,612,376
194352 (Trpv5)	505,330,551,347
194352 (Trpv5)	505,359,551,376
12757 (Clta)	266,486,312,503
67300 (Cltc)	266,486,312,503
74325 (Cltb)	266,486,312,503
11771 (Ap2a1)	287,460,333,477
11772 (Ap2a2)	287,460,333,477
11773 (Ap2m1)	287,460,333,477
232910 (Ap2s1)	287,460,333,477
71770 (Ap2b1)	287,460,333,477
53869 (Rab11a)	435,435,481,452
103967 (Dnm3)	135,438,181,455
13429 (Dnm1)	135,438,181,455
13430 (Dnm2)	135,438,181,455
103967 (Dnm3)	135,398,181,415
13429 (Dnm1)	135,398,181,415
13430 (Dnm2)	135,398,181,415
16591 (Kl)	84,592,130,609
18750 (Prkca)	222,681,268,698
18751 (Prkcb)	222,681,268,698
18752 (Prkcg)	222,681,268,698
14682 (Gnaq)	229,740,275,757
18795 (Plcb1)	320,740,366,757
18796 (Plcb2)	320,740,366,757
18797 (Plcb3)	320,740,366,757
18798 (Plcb4)	320,740,366,757
13646 (Klk1b22)	54,740,100,757
13648 (Klk1b9)	54,740,100,757
16612 (Klk1)	54,740,100,757
16613 (Klk1b11)	54,740,100,757
16616 (Klk1b21)	54,740,100,757
16617 (Klk1b24)	54,740,100,757
16618 (Klk1b26)	54,740,100,757
16622 (Klk1b5)	54,740,100,757
16623 (Klk1b1)	54,740,100,757
16624 (Klk1b8)	54,740,100,757
18050 (Klk1b3)	54,740,100,757
13982 (Esr1)	809,308,855,325
18747 (Prkaca)	255,577,301,594
18749 (Prkacb)	255,577,301,594
11512 (Adcy6)	447,499,493,516
11515 (Adcy9)	447,499,493,516
14683 (Gnas)	547,449,593,466
11928 (Atp1a1)	873,529,919,546
11931 (Atp1b1)	873,529,919,546
11932 (Atp1b2)	873,529,919,546
11933 (Atp1b3)	873,529,919,546
11936 (Fxyd2)	873,529,919,546
232975 (Atp1a3)	873,529,919,546
27222 (Atp1a4)	873,529,919,546
67821 (Atp1b4)	873,529,919,546
98660 (Atp1a2)	873,529,919,546
16591 (Kl)	816,482,862,499
53869 (Rab11a)	594,376,640,393
53869 (Rab11a)	594,313,640,330
53869 (Rab11a)	479,376,525,393
53869 (Rab11a)	479,313,525,330
19226 (Pth)	629,163,675,180
mmu04530: Tight junction	194,104,309,129
mmu04144: Endocytosis	325,377,417,402
mmu04961: Endocrine and other factor-regulated calcium reabsorption	40,45,589,70
