C00076 (Calcium cation)	502,659,4
C00238 (Potassium cation)	181,639,4
C01245 (D-myo-Inositol 1,4,5-trisphosphate)	509,629,4
C00076 (Calcium cation)	179,742,4
C00575 (3',5'-Cyclic AMP)	352,520,4
C00020 (AMP)	542,522,4
C00076 (Calcium cation)	179,764,4
C00076 (Calcium cation)	379,762,4
C00187 (Cholesterol)	754,809,4
C01953 (Pregnenolone)	914,885,4
C00410 (Progesterone)	914,972,4
C05488 (11-Deoxycortisol)	914,1042,4
C00076 (Calcium cation)	179,811,4
C00735 (Cortisol)	716,1123,4
C00238 (Potassium cation)	295,871,4
C00238 (Potassium cation)	296,913,4
C05488 (11-Deoxycortisol)	839,1042,4
C05138 (17alpha-Hydroxypregnenolone)	998,885,4
C01176 (17alpha-Hydroxyprogesterone)	998,972,4
C00575 (3',5'-Cyclic AMP)	460,126,4
C00076 (Calcium cation)	179,217,4
C00076 (Calcium cation)	337,219,4
C07557 (2,3,7,8-Tetrachlorodibenzodioxin)	606,194,4
16438 (Itpr1)	532,652,578,669
16439 (Itpr2)	532,652,578,669
16440 (Itpr3)	532,652,578,669
18795 (Plcb1)	449,587,495,604
18796 (Plcb2)	449,587,495,604
18797 (Plcb3)	449,587,495,604
18798 (Plcb4)	449,587,495,604
12288 (Cacna1c)	214,757,260,774
12289 (Cacna1d)	214,757,260,774
12292 (Cacna1s)	214,757,260,774
54652 (Cacna1f)	214,757,260,774
14672 (Gna11)	366,587,412,604
14682 (Gnaq)	366,587,412,604
12291 (Cacna1g)	214,733,260,750
239556 (Cacna1i)	214,733,260,750
58226 (Cacna1h)	214,733,260,750
11909 (Atf2)	763,672,809,689
11911 (Atf4)	763,672,809,689
12912 (Creb1)	763,672,809,689
12913 (Creb3)	763,672,809,689
12915 (Atf6b)	763,672,809,689
208647 (Creb3l2)	763,672,809,689
208677 (Creb3l3)	763,672,809,689
231991 (Creb5)	763,672,809,689
26427 (Creb3l1)	763,672,809,689
78284 (Creb3l4)	763,672,809,689
104110 (Adcy4)	214,510,260,527
104111 (Adcy3)	214,510,260,527
11512 (Adcy6)	214,510,260,527
11513 (Adcy7)	214,510,260,527
11514 (Adcy8)	214,510,260,527
11515 (Adcy9)	214,510,260,527
210044 (Adcy2)	214,510,260,527
224129 (Adcy5)	214,510,260,527
432530 (Adcy1)	214,510,260,527
18584 (Pde8a)	393,495,439,512
218461 (Pde8b)	393,495,439,512
11607 (Agtr1a)	214,558,260,575
11608 (Agtr1b)	214,558,260,575
17200 (Mc2r)	214,459,260,476
14683 (Gnas)	313,459,359,476
20845 (Star)	965,652,1011,669
20845 (Star)	729,845,775,862
100043456 (Gm10681)	918,914,964,931
15492 (Hsd3b1)	918,914,964,931
15493 (Hsd3b2)	918,914,964,931
15495 (Hsd3b4)	918,914,964,931
15496 (Hsd3b5)	918,914,964,931
15497 (Hsd3b6)	918,914,964,931
18747 (Prkaca)	405,548,451,565
18749 (Prkacb)	405,548,451,565
109305 (Orai1)	214,802,260,819
16835 (Ldlr)	214,1011,260,1028
20778 (Scarb1)	214,1045,260,1062
13070 (Cyp11a1)	781,887,827,904
13079 (Cyp21a1)	1000,1000,1046,1017
17200 (Mc2r)	701,423,747,440
77037 (Mrap)	701,440,747,457
13072 (Cyp11b2)	965,604,1011,621
13072 (Cyp11b2)	772,1084,818,1101
16526 (Kcnk2)	214,628,260,645
320024 (Nceh1)	965,677,1011,694
13074 (Cyp17a1)	965,628,1011,645
16492 (Kcna4)	214,862,260,879
16527 (Kcnk3)	214,905,260,922
18976 (Pomc)	133,459,179,476
26423 (Nr5a1)	763,584,809,601
15370 (Nr4a1)	763,606,809,623
20683 (Sp1)	763,628,809,645
18514 (Pbx1)	763,650,809,667
100043456 (Gm10681)	1000,914,1046,931
15492 (Hsd3b1)	1000,914,1046,931
15493 (Hsd3b2)	1000,914,1046,931
15495 (Hsd3b4)	1000,914,1046,931
15496 (Hsd3b5)	1000,914,1046,931
15497 (Hsd3b6)	1000,914,1046,931
13074 (Cyp17a1)	931,863,977,880
13074 (Cyp17a1)	931,951,977,968
77037 (Mrap)	214,476,260,493
320024 (Nceh1)	664,772,710,789
11789 (Apc)	483,1180,529,1197
23805 (Apc2)	483,1180,529,1197
12005 (Axin1)	438,1180,484,1197
12006 (Axin2)	438,1180,484,1197
13542 (Dvl1)	307,1197,353,1214
13543 (Dvl2)	307,1197,353,1214
13544 (Dvl3)	307,1197,353,1214
14362 (Fzd1)	214,1197,260,1214
14365 (Fzd3)	214,1197,260,1214
14366 (Fzd4)	214,1197,260,1214
14367 (Fzd5)	214,1197,260,1214
14368 (Fzd6)	214,1197,260,1214
14369 (Fzd7)	214,1197,260,1214
14370 (Fzd8)	214,1197,260,1214
14371 (Fzd9)	214,1197,260,1214
57265 (Fzd2)	214,1197,260,1214
93897 (Fzd10)	214,1197,260,1214
12387 (Ctnnb1)	480,1197,526,1214
56637 (Gsk3b)	397,1197,443,1214
16842 (Lef1)	629,1197,675,1214
21414 (Tcf7)	629,1197,675,1214
21415 (Tcf7l1)	629,1197,675,1214
21416 (Tcf7l2)	629,1197,675,1214
13649 (Egfr)	214,279,260,296
26413 (Mapk1)	600,279,646,296
26417 (Mapk3)	600,279,646,296
18976 (Pomc)	811,279,857,296
84092 (Usp8)	336,304,382,321
12918 (Crh)	134,118,180,135
12921 (Crhr1)	214,118,260,135
12922 (Crhr2)	214,118,260,135
14683 (Gnas)	295,118,341,135
104110 (Adcy4)	376,118,422,135
104111 (Adcy3)	376,118,422,135
11512 (Adcy6)	376,118,422,135
11513 (Adcy7)	376,118,422,135
11514 (Adcy8)	376,118,422,135
11515 (Adcy9)	376,118,422,135
210044 (Adcy2)	376,118,422,135
224129 (Adcy5)	376,118,422,135
432530 (Adcy1)	376,118,422,135
18747 (Prkaca)	499,118,545,135
18749 (Prkacb)	499,118,545,135
12288 (Cacna1c)	214,210,260,227
12289 (Cacna1d)	214,210,260,227
12292 (Cacna1s)	214,210,260,227
54652 (Cacna1f)	214,210,260,227
108058 (Camk2d)	376,210,422,227
12322 (Camk2a)	376,210,422,227
12323 (Camk2b)	376,210,422,227
12325 (Camk2g)	376,210,422,227
14677 (Gnai1)	376,155,422,172
14678 (Gnai2)	376,155,422,172
14679 (Gnai3)	376,155,422,172
19416 (Rasd1)	295,155,341,172
11909 (Atf2)	637,240,683,257
11911 (Atf4)	637,240,683,257
12912 (Creb1)	637,240,683,257
12913 (Creb3)	637,240,683,257
12915 (Atf6b)	637,240,683,257
208647 (Creb3l2)	637,240,683,257
208677 (Creb3l3)	637,240,683,257
231991 (Creb5)	637,240,683,257
26427 (Creb3l1)	637,240,683,257
78284 (Creb3l4)	637,240,683,257
12443 (Ccnd1)	972,152,1018,169
12575 (Cdkn1a)	892,238,938,255
12567 (Cdk4)	972,135,1018,152
12571 (Cdk6)	972,135,1018,152
19645 (Rb1)	1057,142,1103,159
13555 (E2f1)	1057,179,1103,196
13557 (E2f3)	1057,179,1103,196
242705 (E2f2)	1057,179,1103,196
12566 (Cdk2)	972,194,1018,211
12447 (Ccne1)	972,211,1018,228
12448 (Ccne2)	972,211,1018,228
12576 (Cdkn1b)	892,191,938,208
12579 (Cdkn2b)	892,116,938,133
12578 (Cdkn2a)	892,136,938,153
11622 (Ahr)	757,183,803,200
11863 (Arnt)	757,200,803,217
11622 (Ahr)	636,186,682,203
114230 (Aipl1)	636,203,682,220
11632 (Aip)	636,203,682,220
12580 (Cdkn2c)	892,95,938,112
17283 (Men1)	757,86,803,103
140858 (Wdr5)	757,103,803,120
213464 (Rbbp5)	757,103,803,120
214162 (Kmt2a)	757,103,803,120
23808 (Ash2l)	757,103,803,120
381022 (Kmt2d)	757,103,803,120
69544 (Wdr5b)	757,103,803,120
233912 (Armc5)	875,483,921,500
17283 (Men1)	875,590,921,607
14194 (Fh1)	615,914,661,931
241489 (Pde11a)	457,495,503,512
109905 (Rap1a)	447,210,493,227
215449 (Rap1b)	447,210,493,227
109880 (Braf)	496,232,542,249
26395 (Map2k1)	546,256,592,273
26396 (Map2k2)	546,256,592,273
15370 (Nr4a1)	668,279,714,296
20890 (Wnt8a)	133,1197,179,1214
216795 (Wnt9a)	133,1197,179,1214
22408 (Wnt1)	133,1197,179,1214
22409 (Wnt10a)	133,1197,179,1214
22410 (Wnt10b)	133,1197,179,1214
22411 (Wnt11)	133,1197,179,1214
22412 (Wnt9b)	133,1197,179,1214
22413 (Wnt2)	133,1197,179,1214
22414 (Wnt2b)	133,1197,179,1214
22415 (Wnt3)	133,1197,179,1214
22416 (Wnt3a)	133,1197,179,1214
22417 (Wnt4)	133,1197,179,1214
22418 (Wnt5a)	133,1197,179,1214
22419 (Wnt5b)	133,1197,179,1214
22420 (Wnt6)	133,1197,179,1214
22421 (Wnt7a)	133,1197,179,1214
22422 (Wnt7b)	133,1197,179,1214
22423 (Wnt8b)	133,1197,179,1214
93735 (Wnt16)	133,1197,179,1214
11606 (Agt)	133,558,179,575
mmu04934: Cushing syndrome	40,45,233,70
mmu04020: Calcium signaling pathway	382,718,507,752
mmu04024: cAMP signaling pathway	543,473,668,507
mmu00140: Steroid hormone biosynthesis	636,1069,761,1103
mmu04310: Wnt signaling pathway	305,1151,407,1185
mmu04927: Cortisol synthesis and secretion	402,1084,527,1118
mmu00020: Citrate cycle (TCA cycle)	615,937,707,962
mmu04110: Cell cycle	1066,211,1158,236
mmu04960: Aldosterone-regulated sodium reabsorption	52,1141,177,1175
