C00165 (Diacylglycerol)	420,477,4
C01245 (D-myo-Inositol 1,4,5-trisphosphate)	515,480,4
C00704 (O2.-)	422,563,4
C00031 (D-Glucose)	114,708,4
C00022 (Pyruvate)	319,711,4
C00186 ((S)-Lactate)	319,865,4
C00024 (Acetyl-CoA)	502,713,4
C00002 (ATP)	745,712,4
C00076 (Calcium cation)	746,483,4
C00007 (Oxygen)	628,788,4
C00338 (Lipopolysaccharide)	107,154,4
C00533 (Nitric oxide)	635,395,4
C00007 (Oxygen)	719,394,4
C14818 (Fe2+)	750,386,4
C00072 (Ascorbate)	783,374,4
C00026 (2-Oxoglutarate)	807,356,4
71745 (Cul2)	723,256,769,273
56438 (Rbx1)	723,239,769,256
67673 (Elob)	677,273,723,290
67923 (Eloc)	677,256,723,273
22339 (Vegfa)	1076,354,1122,371
112405 (Egln1)	665,342,711,359
112406 (Egln2)	665,342,711,359
112407 (Egln3)	665,342,711,359
22346 (Vhl)	677,239,723,256
11863 (Arnt)	924,408,970,425
12914 (Crebbp)	936,476,982,493
328572 (Ep300)	936,476,982,493
15251 (Hif1a)	527,370,573,387
20525 (Slc2a1)	1076,606,1122,623
13645 (Egf)	64,263,110,280
16000 (Igf1)	64,263,110,280
16333 (Ins1)	64,263,110,280
16334 (Ins2)	64,263,110,280
13649 (Egfr)	146,263,192,280
13866 (Erbb2)	146,263,192,280
16001 (Igf1r)	146,263,192,280
16337 (Insr)	146,263,192,280
18706 (Pik3ca)	237,301,283,318
18707 (Pik3cd)	237,301,283,318
18708 (Pik3r1)	237,301,283,318
18709 (Pik3r2)	237,301,283,318
18710 (Pik3r3)	237,301,283,318
74769 (Pik3cb)	237,301,283,318
11651 (Akt1)	237,344,283,361
11652 (Akt2)	237,344,283,361
23797 (Akt3)	237,344,283,361
56717 (Mtor)	310,344,356,361
13058 (Cybb)	313,554,359,571
18803 (Plcg1)	398,517,444,534
234779 (Plcg2)	398,517,444,534
18750 (Prkca)	398,424,444,441
18751 (Prkcb)	398,424,444,441
18752 (Prkcg)	398,424,444,441
20525 (Slc2a1)	148,701,194,718
106557 (Ldhal6b)	1076,800,1122,817
16828 (Ldha)	1076,800,1122,817
16832 (Ldhb)	1076,800,1122,817
16833 (Ldhc)	1076,800,1122,817
228026 (Pdk1)	1076,643,1122,660
106557 (Ldhal6b)	330,799,376,816
16828 (Ldha)	330,799,376,816
16832 (Ldhb)	330,799,376,816
16833 (Ldhc)	330,799,376,816
18597 (Pdha1)	424,686,470,703
18598 (Pdha2)	424,686,470,703
68263 (Pdhb)	424,686,470,703
228026 (Pdk1)	424,644,470,661
108058 (Camk2d)	788,474,834,491
12322 (Camk2a)	788,474,834,491
12323 (Camk2b)	788,474,834,491
12325 (Camk2g)	788,474,834,491
15275 (Hk1)	1076,679,1122,696
15277 (Hk2)	1076,679,1122,696
212032 (Hk3)	1076,679,1122,696
216019 (Hkdc1)	1076,679,1122,696
18641 (Pfkl)	1137,679,1183,696
18642 (Pfkm)	1137,679,1183,696
56421 (Pfkp)	1137,679,1183,696
14433 (Gapdh)	1076,710,1122,727
11674 (Aldoa)	1137,710,1183,727
11676 (Aldoc)	1137,710,1183,727
230163 (Aldob)	1137,710,1183,727
353204 (Aldoart1)	1137,710,1183,727
13806 (Eno1)	1076,740,1122,757
13807 (Eno2)	1076,740,1122,757
13808 (Eno3)	1076,740,1122,757
226265 (Eno4)	1076,740,1122,757
433182 (Eno1b)	1076,740,1122,757
18655 (Pgk1)	1137,740,1183,757
18663 (Pgk2)	1137,740,1183,757
170768 (Pfkfb3)	1076,769,1122,786
13856 (Epo)	1076,285,1122,302
22041 (Trf)	1076,317,1122,334
71775 (1300017J02Rik)	1076,317,1122,334
22042 (Tfrc)	1137,317,1183,334
14254 (Flt1)	1137,354,1183,371
13645 (Egf)	1076,380,1122,397
18787 (Serpine1)	1137,380,1183,397
11600 (Angpt1)	1076,406,1122,423
11601 (Angpt2)	1076,406,1122,423
11602 (Angpt4)	1076,406,1122,423
21687 (Tek)	1137,406,1183,423
21857 (Timp1)	1076,433,1122,450
13614 (Edn1)	1076,474,1122,491
18126 (Nos2)	1137,474,1183,491
18127 (Nos3)	1076,501,1122,518
15368 (Hmox1)	1137,501,1183,518
230899 (Nppa)	1076,529,1122,546
21857 (Timp1)	1076,186,1122,203
17000 (Ltbr)	1076,212,1122,229
21898 (Tlr4)	146,147,192,164
18033 (Nfkb1)	420,149,466,166
19697 (Rela)	420,149,466,166
15978 (Ifng)	64,187,110,204
15979 (Ifngr1)	146,187,192,204
15980 (Ifngr2)	146,187,192,204
16193 (Il6)	64,116,110,133
16194 (Il6ra)	146,116,192,133
20848 (Stat3)	420,117,466,134
13685 (Eif4ebp1)	396,306,442,323
13684 (Eif4e)	468,306,514,323
218268 (Eif4e1b)	468,306,514,323
26987 (Eif4e2)	468,306,514,323
58988 (Rps6kb2)	397,344,443,361
72508 (Rps6kb1)	397,344,443,361
20104 (Rps6)	469,344,515,361
26413 (Mapk1)	312,245,358,262
26417 (Mapk3)	312,245,358,262
26395 (Map2k1)	237,245,283,262
26396 (Map2k2)	237,245,283,262
17346 (Mknk1)	396,245,442,262
17347 (Mknk2)	396,245,442,262
12043 (Bcl2)	1076,836,1122,853
12575 (Cdkn1a)	1076,861,1122,878
12576 (Cdkn1b)	1076,861,1122,878
mmu05211: Renal cell carcinoma	40,45,268,70
mmu04150: mTOR signaling pathway	200,381,315,415
mmu04120: Ubiquitin mediated proteolysis	786,264,886,298
mmu04370: VEGF signaling pathway	1228,412,1328,446
mmu04151: PI3K-Akt signaling pathway	200,423,315,457
mmu00020: Citrate cycle (TCA cycle)	574,696,689,730
mmu04020: Calcium signaling pathway	609,493,724,527
mmu04010: MAPK signaling pathway	287,199,402,233
