C00024 (Acetyl-CoA)	126,156,4
C00136 (Butanoyl-CoA)	72,186,4
C05270 (Hexanoyl-CoA)	126,495,4
C05271 (trans-Hex-2-enoyl-CoA)	126,411,4
C05268 ((S)-Hydroxyhexanoyl-CoA)	126,326,4
C05269 (3-Oxohexanoyl-CoA)	126,241,4
C01944 (Octanoyl-CoA)	268,495,4
C05276 (trans-Oct-2-enoyl-CoA)	268,411,4
C05266 ((S)-3-Hydroxyoctanoyl-CoA)	268,326,4
C05267 (3-Oxooctanoyl-CoA)	268,241,4
C05265 (3-Oxodecanoyl-CoA)	410,241,4
C05264 ((S)-Hydroxydecanoyl-CoA)	410,326,4
C05275 (trans-Dec-2-enoyl-CoA)	410,411,4
C05274 (Decanoyl-CoA)	410,495,4
C01832 (Lauroyl-CoA)	552,495,4
C03221 (2-trans-Dodecenoyl-CoA)	552,411,4
C05262 ((S)-3-Hydroxydodecanoyl-CoA)	552,326,4
C05263 (3-Oxododecanoyl-CoA)	552,241,4
C02593 (Tetradecanoyl-CoA)	693,495,4
C05273 (trans-Tetradec-2-enoyl-CoA)	693,411,4
C05260 ((S)-3-Hydroxytetradecanoyl-CoA)	693,326,4
C05261 (3-Oxotetradecanoyl-CoA)	693,241,4
C05259 (3-Oxopalmitoyl-CoA)	835,241,4
C05258 ((S)-3-Hydroxyhexadecanoyl-CoA)	835,326,4
C05272 (trans-Hexadec-2-enoyl-CoA)	835,411,4
C00154 (Palmitoyl-CoA)	835,495,4
C00249 (Hexadecanoic acid)	835,582,4
C20876 (Very-long-chain acyl-CoA)	463,747,4
C00083 (Malonyl-CoA)	551,720,4
C02843 (Long-chain acyl-CoA)	551,1044,4
C20876 (Very-long-chain acyl-CoA)	551,1044,4
C20879 (Very-long-chain trans-2,3-dehydroacyl-CoA)	551,963,4
C20878 (Very-long-chain (3R)-3-hydroxyacyl-CoA)	551,883,4
C20877 (Very-long-chain 3-oxoacyl-CoA)	551,803,4
C00024 (Acetyl-CoA)	214,720,4
C00040 (Acyl-CoA)	126,749,4
C00040 (Acyl-CoA)	214,1044,4
C00154 (Palmitoyl-CoA)	214,1044,4
C00658 (trans-2,3-Dehydroacyl-CoA)	214,963,4
C00605 (2,3-Dehydroacyl-CoA)	214,963,4
C00640 ((3S)-3-Hydroxyacyl-CoA)	214,883,4
C00264 (3-Oxoacyl-CoA)	214,803,4
C00249 (Hexadecanoic acid)	214,1124,4
C00162 (Fatty acid)	214,1124,4
C00638 (Long-chain fatty acid)	551,1125,4
19063 (Ppt1)	813,530,859,547
54397 (Ppt2)	813,530,859,547
26922 (Mecr)	787,442,833,459
93747 (Echs1)	787,361,833,378
97212 (Hadha)	787,361,833,378
97212 (Hadha)	812,276,858,293
231086 (Hadhb)	812,195,858,212
52538 (Acaa2)	812,195,858,212
26922 (Mecr)	645,442,691,459
93747 (Echs1)	645,361,691,378
97212 (Hadha)	645,361,691,378
97212 (Hadha)	671,276,717,293
231086 (Hadhb)	671,195,717,212
52538 (Acaa2)	671,195,717,212
26922 (Mecr)	504,442,550,459
93747 (Echs1)	504,361,550,378
97212 (Hadha)	504,361,550,378
97212 (Hadha)	529,276,575,293
231086 (Hadhb)	530,195,576,212
52538 (Acaa2)	530,195,576,212
26922 (Mecr)	362,442,408,459
93747 (Echs1)	362,361,408,378
97212 (Hadha)	362,361,408,378
97212 (Hadha)	412,276,458,293
15107 (Hadh)	362,276,408,293
231086 (Hadhb)	387,195,433,212
52538 (Acaa2)	387,195,433,212
26922 (Mecr)	220,442,266,459
93747 (Echs1)	220,361,266,378
97212 (Hadha)	220,361,266,378
97212 (Hadha)	270,276,316,293
15107 (Hadh)	220,276,266,293
231086 (Hadhb)	245,195,291,212
52538 (Acaa2)	245,195,291,212
26922 (Mecr)	78,442,124,459
93747 (Echs1)	78,361,124,378
97212 (Hadha)	78,361,124,378
97212 (Hadha)	128,276,174,293
15107 (Hadh)	78,276,124,293
231086 (Hadhb)	103,195,149,212
52538 (Acaa2)	103,195,149,212
56348 (Hsd17b12)	528,834,574,851
106529 (Tecr)	528,992,574,1009
30963 (Hacd1)	528,914,574,931
57874 (Hacd3)	528,914,574,931
66775 (Hacd4)	528,914,574,931
70757 (Hacd2)	528,914,574,931
93747 (Echs1)	166,914,212,931
97212 (Hadha)	166,914,212,931
15107 (Hadh)	166,834,212,851
231086 (Hadhb)	191,759,237,776
52538 (Acaa2)	191,759,237,776
26922 (Mecr)	166,992,212,1009
97212 (Hadha)	216,834,262,851
19063 (Ppt1)	192,1072,238,1089
54397 (Ppt2)	192,1072,238,1089
171210 (Acot2)	528,1073,573,1089
171281 (Acot3)	528,1073,573,1089
171282 (Acot4)	528,1073,573,1089
217698 (Acot5)	528,1073,573,1089
26897 (Acot1)	528,1073,573,1089
66198 (Them5)	528,1073,573,1089
70025 (Acot7)	528,1073,573,1089
75778 (Them4)	528,1073,573,1089
12686 (Elovl3)	529,759,575,776
170439 (Elovl6)	529,759,575,776
54325 (Elovl1)	529,759,575,776
54326 (Elovl2)	529,759,575,776
68801 (Elovl5)	529,759,575,776
74559 (Elovl7)	529,759,575,776
83603 (Elovl4)	529,759,575,776
mmu00071: Fatty acid degradation	626,570,753,595
mmu00062: Fatty acid elongation	40,45,249,70
mmu00071: Fatty acid degradation	97,1108,174,1142
map00073: Cutin	404,1108,508,1142
suberine and wax biosynthesis	404,1108,508,1142
