50995 (Uba2)	220,340,266,357
56459 (Sae1)	169,340,215,357
67923 (Eloc)	424,951,470,968
67673 (Elob)	424,934,470,951
56438 (Rbx1)	332,977,378,994
56438 (Rbx1)	332,896,378,913
56438 (Rbx1)	332,859,378,876
56438 (Rbx1)	332,820,378,837
103583 (Fbxw11)	470,781,516,798
106052 (Fbxo4)	470,781,516,798
12234 (Btrc)	470,781,516,798
230904 (Fbxo2)	470,781,516,798
27401 (Skp2)	470,781,516,798
50754 (Fbxw7)	470,781,516,798
242521 (Klhl9)	449,859,495,876
246710 (Rhobtb2)	449,859,495,876
50868 (Keap1)	449,859,495,876
67455 (Klhl13)	449,859,495,876
69288 (Rhobtb1)	449,859,495,876
107986 (Ddb2)	470,896,516,913
26374 (Cop1)	470,896,516,913
71991 (Ercc8)	470,896,516,913
76375 (Det1)	470,896,516,913
12702 (Socs3)	470,934,516,951
12703 (Socs1)	470,934,516,951
22346 (Vhl)	470,820,516,837
67345 (Herc4)	267,661,313,678
73998 (Herc3)	216,661,262,678
66799 (Ube2w)	688,380,734,397
67921 (Ube2f)	739,340,785,357
22200 (Uba3)	270,340,316,357
66440 (Cdc26)	915,849,961,866
68999 (Anapc10)	869,849,915,866
52563 (Cdc23)	869,832,915,849
69957 (Cdc16)	869,815,915,832
56317 (Anapc7)	915,815,961,832
59008 (Anapc5)	915,798,961,815
52206 (Anapc4)	869,798,915,815
217232 (Cdc27)	915,781,961,798
17222 (Anapc1)	869,781,915,798
56371 (Fzr1)	823,798,869,815
107995 (Cdc20)	823,781,869,798
99152 (Anapc2)	731,781,777,798
66156 (Anapc11)	685,781,731,798
231672 (Fbxw8)	470,977,516,994
67673 (Elob)	424,820,470,837
67923 (Eloc)	424,837,470,854
26554 (Cul3)	377,859,423,876
71745 (Cul2)	378,820,424,837
21402 (Skp1a)	424,977,470,994
21402 (Skp1a)	424,781,470,798
26965 (Cul1)	378,781,424,798
56438 (Rbx1)	332,781,378,798
66515 (Cul7)	378,977,424,994
75717 (Cul5)	378,934,424,951
19823 (Rnf7)	332,934,378,951
13194 (Ddb1)	424,896,470,913
72584 (Cul4b)	378,896,424,913
99375 (Cul4a)	378,896,424,913
68729 (Trim37)	862,661,908,678
69807 (Trim32)	811,661,857,678
17318 (Mid1)	761,661,807,678
67030 (Fancl)	712,661,758,678
12189 (Brca1)	662,661,708,678
17237 (Mgrn1)	612,661,658,678
11634 (Aire)	912,640,958,657
105193 (Nhlrc1)	862,640,908,657
74126 (Syvn1)	811,640,857,657
17344 (Pias2)	761,640,807,657
229615 (Pias3)	761,640,807,657
56469 (Pias1)	761,640,807,657
59004 (Pias4)	761,640,807,657
11796 (Birc3)	712,640,758,657
11797 (Birc2)	712,640,758,657
11798 (Xiap)	712,640,758,657
329581 (Birc7)	712,640,758,657
68098 (Rchy1)	662,640,708,657
26374 (Cop1)	611,640,657,657
26401 (Map3k1)	912,618,958,635
22034 (Traf6)	862,618,908,635
18854 (Pml)	811,618,857,635
20437 (Siah1a)	761,618,807,635
20438 (Siah1b)	761,618,807,635
50873 (Prkn)	712,618,758,635
12402 (Cbl)	662,618,708,635
208650 (Cblb)	662,618,708,635
80794 (Cblc)	662,618,708,635
17246 (Mdm2)	611,618,657,635
140629 (Ubox5)	476,640,522,657
28000 (Prpf19)	426,640,472,657
22215 (Ube3a)	64,618,110,635
381534 (Ube2u)	636,380,682,397
216080 (Ube2d1)	636,340,682,357
56550 (Ube2d2a)	636,340,682,357
66105 (Ube2d3)	636,340,682,357
73318 (Ube2d2b)	636,340,682,357
93765 (Ube2n)	791,360,837,377
107568 (Wwp1)	64,640,110,657
66313 (Smurf2)	215,618,261,635
75788 (Smurf1)	215,618,261,635
100763 (Ube3c)	165,618,211,635
56228 (Ube2j1)	532,360,578,377
117146 (Ube3b)	115,618,161,635
77891 (Ube2s)	584,380,630,397
68612 (Ube2c)	584,340,630,357
22209 (Ube2a)	480,340,526,357
16396 (Itch)	265,618,311,635
53323 (Ube2k)	791,380,837,397
140499 (Ube2j2)	584,360,630,377
56791 (Ube2l6)	688,360,734,377
22195 (Ube2l3)	636,360,682,377
22213 (Ube2g2)	843,340,889,357
67128 (Ube2g1)	791,340,837,357
22201 (Uba1)	118,340,164,357
22202 (Uba1y)	118,340,164,357
231380 (Uba6)	118,340,164,357
74153 (Uba7)	118,340,164,357
66053 (Ppil2)	376,640,422,657
15204 (Herc2)	165,661,211,678
216150 (Cdc34)	532,380,578,397
67615 (Ube2r2)	532,380,578,397
56424 (Stub1)	476,618,522,635
235439 (Herc1)	115,661,161,678
66894 (Wwp2)	115,640,161,657
63958 (Ube4b)	426,618,472,635
70790 (Ubr5)	64,661,110,678
14897 (Trip12)	165,640,211,657
140630 (Ube4a)	376,618,422,635
59026 (Huwe1)	265,640,311,657
268470 (Ube2z)	739,380,785,397
12211 (Birc6)	843,380,889,397
17999 (Nedd4)	215,640,261,657
83814 (Nedd4l)	215,640,261,657
109161 (Ube2q2)	480,380,526,397
245350	480,380,526,397
70093 (Ube2q1)	480,380,526,397
76980 (Ube2ql1)	480,380,526,397
217342 (Ube2o)	843,360,889,377
22192 (Ube2m)	739,360,785,377
22196 (Ube2i)	480,360,526,377
22214 (Ube2h)	895,340,941,357
22210 (Ube2b)	532,340,578,357
69010 (Anapc13)	915,866,961,883
218793 (Ube2e2)	688,340,734,357
22193 (Ube2e3)	688,340,734,357
22194 (Ube2e1)	688,340,734,357
mmu03050: Proteasome	703,122,793,147
mmu04120: Ubiquitin mediated proteolysis	40,45,320,70
