C05981 (Phosphatidylinositol-3,4,5-trisphosphate)	423,568,4
C00533 (Nitric oxide)	810,274,4
C04637 (1-Phosphatidyl-D-myo-inositol 4,5-bisphosphate)	363,776,4
C05981 (Phosphatidylinositol-3,4,5-trisphosphate)	489,780,4
C00020 (AMP)	563,90,4
13684 (Eif4e)	1076,79,1122,96
218268 (Eif4e1b)	1076,79,1122,96
26987 (Eif4e2)	1076,79,1122,96
13685 (Eif4ebp1)	983,79,1029,96
20104 (Rps6)	1076,141,1122,158
75705 (Eif4b)	1076,114,1122,131
58988 (Rps6kb2)	985,139,1031,156
72508 (Rps6kb1)	985,139,1031,156
74370 (Rptor)	882,124,928,141
56717 (Mtor)	882,107,928,124
56716 (Mlst8)	882,90,928,107
19744 (Rheb)	800,107,846,124
22084 (Tsc2)	718,117,764,134
64930 (Tsc1)	718,100,764,117
11651 (Akt1)	560,562,606,579
11652 (Akt2)	560,562,606,579
23797 (Akt3)	560,562,606,579
18607 (Pdpk1)	465,493,511,510
18706 (Pik3ca)	332,494,378,511
18707 (Pik3cd)	332,494,378,511
18708 (Pik3r1)	332,494,378,511
18709 (Pik3r2)	332,494,378,511
18710 (Pik3r3)	332,494,378,511
74769 (Pik3cb)	332,494,378,511
19211 (Pten)	381,642,427,659
16367 (Irs1)	281,415,327,432
12978 (Csf1r)	186,333,232,350
13649 (Egfr)	186,333,232,350
13836 (Epha2)	186,333,232,350
13866 (Erbb2)	186,333,232,350
13867 (Erbb3)	186,333,232,350
13869 (Erbb4)	186,333,232,350
14182 (Fgfr1)	186,333,232,350
14183 (Fgfr2)	186,333,232,350
14184 (Fgfr3)	186,333,232,350
14186 (Fgfr4)	186,333,232,350
14254 (Flt1)	186,333,232,350
14255 (Flt3)	186,333,232,350
14257 (Flt4)	186,333,232,350
16001 (Igf1r)	186,333,232,350
16337 (Insr)	186,333,232,350
16542 (Kdr)	186,333,232,350
16590 (Kit)	186,333,232,350
17295 (Met)	186,333,232,350
18053 (Ngfr)	186,333,232,350
18211 (Ntrk1)	186,333,232,350
18212 (Ntrk2)	186,333,232,350
18595 (Pdgfra)	186,333,232,350
18596 (Pdgfrb)	186,333,232,350
21687 (Tek)	186,333,232,350
12669 (Chrm1)	186,750,232,767
14062 (F2r)	186,750,232,767
14745 (Lpar1)	186,750,232,767
243764 (Chrm2)	186,750,232,767
381810 (Lpar5)	186,750,232,767
53978 (Lpar2)	186,750,232,767
65086 (Lpar3)	186,750,232,767
67168 (Lpar6)	186,750,232,767
78134 (Lpar4)	186,750,232,767
56637 (Gsk3b)	746,466,792,483
17869 (Myc)	937,488,983,505
12576 (Cdkn1b)	937,601,983,618
19651 (Rbl2)	937,623,983,640
14103 (Fasl)	937,658,983,675
12125 (Bcl2l11)	937,680,983,697
56484 (Foxo3)	752,614,798,631
12015 (Bad)	752,709,798,726
17246 (Mdm2)	752,906,798,923
12048 (Bcl2l1)	858,697,904,714
22059 (Trp53)	858,907,904,924
14936 (Gys1)	849,413,895,430
232493 (Gys2)	849,413,895,430
12443 (Ccnd1)	937,515,983,532
18534 (Pck1)	937,442,983,459
74551 (Pck2)	937,442,983,459
14377 (G6pc)	937,463,983,480
14378 (G6pc2)	937,463,983,480
68401 (G6pc3)	937,463,983,480
12675 (Chuk)	752,865,798,882
16150 (Ikbkb)	752,865,798,882
16151 (Ikbkg)	752,865,798,882
18033 (Nfkb1)	836,865,882,882
19697 (Rela)	836,865,882,882
22627 (Ywhae)	732,658,778,675
22628 (Ywhag)	732,658,778,675
22629 (Ywhah)	732,658,778,675
22630 (Ywhaq)	732,658,778,675
22631 (Ywhaz)	732,658,778,675
54401 (Ywhab)	732,658,778,675
11600 (Angpt1)	98,333,144,350
11601 (Angpt2)	98,333,144,350
11602 (Angpt4)	98,333,144,350
11839 (Areg)	98,333,144,350
12064 (Bdnf)	98,333,144,350
12977 (Csf1)	98,333,144,350
13636 (Efna1)	98,333,144,350
13637 (Efna2)	98,333,144,350
13638 (Efna3)	98,333,144,350
13639 (Efna4)	98,333,144,350
13640 (Efna5)	98,333,144,350
13645 (Egf)	98,333,144,350
13874 (Ereg)	98,333,144,350
14164 (Fgf1)	98,333,144,350
14165 (Fgf10)	98,333,144,350
14170 (Fgf15)	98,333,144,350
14171 (Fgf17)	98,333,144,350
14172 (Fgf18)	98,333,144,350
14173 (Fgf2)	98,333,144,350
14174 (Fgf3)	98,333,144,350
14175 (Fgf4)	98,333,144,350
14176 (Fgf5)	98,333,144,350
14177 (Fgf6)	98,333,144,350
14178 (Fgf7)	98,333,144,350
14179 (Fgf8)	98,333,144,350
14180 (Fgf9)	98,333,144,350
14205 (Vegfd)	98,333,144,350
14256 (Flt3l)	98,333,144,350
15234 (Hgf)	98,333,144,350
16000 (Igf1)	98,333,144,350
16002 (Igf2)	98,333,144,350
16333 (Ins1)	98,333,144,350
16334 (Ins2)	98,333,144,350
17311 (Kitl)	98,333,144,350
18048 (Klk1b4)	98,333,144,350
18049 (Ngf)	98,333,144,350
18205 (Ntf3)	98,333,144,350
18590 (Pdgfa)	98,333,144,350
18591 (Pdgfb)	98,333,144,350
18654 (Pgf)	98,333,144,350
21802 (Tgfa)	98,333,144,350
22339 (Vegfa)	98,333,144,350
22340 (Vegfb)	98,333,144,350
22341 (Vegfc)	98,333,144,350
54635 (Pdgfc)	98,333,144,350
56636 (Fgf21)	98,333,144,350
64654 (Fgf23)	98,333,144,350
67112 (Fgf22)	98,333,144,350
71785 (Pdgfd)	98,333,144,350
78405 (Ntf5)	98,333,144,350
80857 (Fgf20)	98,333,144,350
80903 (Fgf16)	98,333,144,350
14784 (Grb2)	267,333,313,350
20662 (Sos1)	354,333,400,350
20663 (Sos2)	354,333,400,350
15461 (Hras)	439,333,485,350
16653 (Kras)	439,333,485,350
18176 (Nras)	439,333,485,350
75778 (Them4)	515,465,561,482
100039815 (Gm2436)	555,440,601,457
100039830 (Gm2446)	555,440,601,457
19052 (Ppp2ca)	555,440,601,457
19053 (Ppp2cb)	555,440,601,457
19054 (Ppp2r3d)	555,440,601,457
21770 (Ppp2r5d)	555,440,601,457
225849 (Ppp2r5b)	555,440,601,457
226849 (Ppp2r5a)	555,440,601,457
235542 (Ppp2r3a)	555,440,601,457
26931 (Ppp2r5c)	555,440,601,457
26932 (Ppp2r5e)	555,440,601,457
269643 (Ppp2r2c)	555,440,601,457
51792 (Ppp2r1a)	555,440,601,457
52432 (Ppp2r2d)	555,440,601,457
59032 (Ppp2r3c)	555,440,601,457
71978 (Ppp2r2a)	555,440,601,457
72930 (Ppp2r2b)	555,440,601,457
73699 (Ppp2r1b)	555,440,601,457
15516 (Hsp90ab1)	465,606,511,623
15519 (Hsp90aa1)	465,606,511,623
22027 (Hsp90b1)	465,606,511,623
12539 (Cdc37)	465,623,511,640
18127 (Nos3)	709,266,755,283
105787 (Prkaa1)	616,108,662,125
108079 (Prkaa2)	616,108,662,125
74747 (Ddit4)	616,66,662,83
20869 (Stk11)	539,122,585,139
74343 (Crtc2)	489,661,535,678
244650 (Phlpp2)	526,688,572,705
98432 (Phlpp1)	526,688,572,705
12575 (Cdkn1a)	752,539,798,556
12576 (Cdkn1b)	752,563,798,580
12566 (Cdk2)	937,549,983,566
12567 (Cdk4)	937,549,983,566
12571 (Cdk6)	937,549,983,566
12371 (Casp9)	752,741,798,758
104709 (Pik3r6)	400,743,446,760
18706 (Pik3ca)	400,743,446,760
18707 (Pik3cd)	400,743,446,760
18708 (Pik3r1)	400,743,446,760
18709 (Pik3r2)	400,743,446,760
18710 (Pik3r3)	400,743,446,760
30955 (Pik3cg)	400,743,446,760
320207 (Pik3r5)	400,743,446,760
74769 (Pik3cb)	400,743,446,760
19211 (Pten)	400,794,446,811
110157 (Raf1)	744,333,790,350
26395 (Map2k1)	848,333,894,350
26396 (Map2k2)	848,333,894,350
26413 (Mapk1)	938,333,984,350
26417 (Mapk3)	938,333,984,350
104709 (Pik3r6)	330,624,376,641
30955 (Pik3cg)	330,624,376,641
320207 (Pik3r5)	330,624,376,641
12478 (Cd19)	186,506,232,523
20963 (Syk)	232,472,278,489
100503710 (Gm5741)	231,750,277,767
14688 (Gnb1)	231,750,277,767
14693 (Gnb2)	231,750,277,767
14695 (Gnb3)	231,750,277,767
14696 (Gnb4)	231,750,277,767
14697 (Gnb5)	231,750,277,767
14699 (Gngt1)	231,750,277,767
14700 (Gng10)	231,750,277,767
14701 (Gng12)	231,750,277,767
14702 (Gng2)	231,750,277,767
14704 (Gng3)	231,750,277,767
14706 (Gng4)	231,750,277,767
14707 (Gng5)	231,750,277,767
14708 (Gng7)	231,750,277,767
14709 (Gng8)	231,750,277,767
14710 (Gngt2)	231,750,277,767
64337 (Gng13)	231,750,277,767
66066 (Gng11)	231,750,277,767
104099 (Itga9)	186,611,232,628
109700 (Itga1)	186,611,232,628
16398 (Itga2)	186,611,232,628
16399 (Itga2b)	186,611,232,628
16400 (Itga3)	186,611,232,628
16401 (Itga4)	186,611,232,628
16402 (Itga5)	186,611,232,628
16403 (Itga6)	186,611,232,628
16404 (Itga7)	186,611,232,628
16410 (Itgav)	186,611,232,628
213119 (Itga10)	186,611,232,628
241226 (Itga8)	186,611,232,628
319480 (Itga11)	186,611,232,628
16412 (Itgb1)	186,628,232,645
16416 (Itgb3)	186,628,232,645
16419 (Itgb5)	186,628,232,645
16420 (Itgb6)	186,628,232,645
16421 (Itgb7)	186,628,232,645
192897 (Itgb4)	186,628,232,645
320910 (Itgb8)	186,628,232,645
12643 (Chad)	101,620,147,637
12824 (Col2a1)	101,620,147,637
12826 (Col4a1)	101,620,147,637
12827 (Col4a2)	101,620,147,637
12828 (Col4a3)	101,620,147,637
12829 (Col4a4)	101,620,147,637
12830 (Col4a5)	101,620,147,637
12833 (Col6a1)	101,620,147,637
12834 (Col6a2)	101,620,147,637
12835 (Col6a3)	101,620,147,637
12839 (Col9a1)	101,620,147,637
12840 (Col9a2)	101,620,147,637
12841 (Col9a3)	101,620,147,637
12842 (Col1a1)	101,620,147,637
12843 (Col1a2)	101,620,147,637
12845 (Comp)	101,620,147,637
14268 (Fn1)	101,620,147,637
15891 (Ibsp)	101,620,147,637
16772 (Lama1)	101,620,147,637
16773 (Lama2)	101,620,147,637
16774 (Lama3)	101,620,147,637
16775 (Lama4)	101,620,147,637
16776 (Lama5)	101,620,147,637
16777 (Lamb1)	101,620,147,637
16779 (Lamb2)	101,620,147,637
16780 (Lamb3)	101,620,147,637
16782 (Lamc2)	101,620,147,637
19699 (Reln)	101,620,147,637
20750 (Spp1)	101,620,147,637
21825 (Thbs1)	101,620,147,637
21826 (Thbs2)	101,620,147,637
21827 (Thbs3)	101,620,147,637
21828 (Thbs4)	101,620,147,637
21923 (Tnc)	101,620,147,637
21960 (Tnr)	101,620,147,637
22370 (Vtn)	101,620,147,637
22371 (Vwf)	101,620,147,637
226519 (Lamc1)	101,620,147,637
23928 (Lamc3)	101,620,147,637
245026 (Col6a6)	101,620,147,637
329278 (Tnn)	101,620,147,637
665033 (Col6a5)	101,620,147,637
68553 (Col6a4)	101,620,147,637
81877 (Tnxb)	101,620,147,637
94216 (Col4a6)	101,620,147,637
14083 (Ptk2)	232,619,278,636
21898 (Tlr4)	186,404,232,421
24088 (Tlr2)	186,404,232,421
19353 (Rac1)	261,447,307,464
12986 (Csf3r)	186,561,232,578
13857 (Epor)	186,561,232,578
14600 (Ghr)	186,561,232,578
15975 (Ifnar1)	186,561,232,578
15976 (Ifnar2)	186,561,232,578
16184 (Il2ra)	186,561,232,578
16185 (Il2rb)	186,561,232,578
16186 (Il2rg)	186,561,232,578
16188 (Il3ra)	186,561,232,578
16190 (Il4ra)	186,561,232,578
16194 (Il6ra)	186,561,232,578
16197 (Il7r)	186,561,232,578
18414 (Osmr)	186,561,232,578
19116 (Prlr)	186,561,232,578
16451 (Jak1)	232,561,278,578
16452 (Jak2)	232,561,278,578
16453 (Jak3)	232,561,278,578
12985 (Csf3)	101,560,147,577
13856 (Epo)	101,560,147,577
14599 (Gh)	101,560,147,577
15962 (Ifna1)	101,560,147,577
15964 (Ifna11)	101,560,147,577
15965 (Ifna2)	101,560,147,577
15967 (Ifna4)	101,560,147,577
15968 (Ifna5)	101,560,147,577
15969 (Ifna6)	101,560,147,577
15970 (Ifna7)	101,560,147,577
15972 (Ifna9)	101,560,147,577
15974 (Ifnab)	101,560,147,577
15977 (Ifnb1)	101,560,147,577
16183 (Il2)	101,560,147,577
16187 (Il3)	101,560,147,577
16189 (Il4)	101,560,147,577
16193 (Il6)	101,560,147,577
16196 (Il7)	101,560,147,577
18413 (Osm)	101,560,147,577
19109 (Prl)	101,560,147,577
230396 (Ifna13)	101,560,147,577
242517 (Ifna15)	101,560,147,577
242519 (Ifna12)	101,560,147,577
404549 (Ifna14)	101,560,147,577
12189 (Brca1)	938,373,984,390
11909 (Atf2)	752,773,798,790
11911 (Atf4)	752,773,798,790
12912 (Creb1)	752,773,798,790
12913 (Creb3)	752,773,798,790
12915 (Atf6b)	752,773,798,790
208647 (Creb3l2)	752,773,798,790
208677 (Creb3l3)	752,773,798,790
231991 (Creb5)	752,773,798,790
26427 (Creb3l1)	752,773,798,790
78284 (Creb3l4)	752,773,798,790
12043 (Bcl2)	959,765,1005,782
17210 (Mcl1)	959,786,1005,803
12048 (Bcl2l1)	958,853,1004,870
17863 (Myb)	958,874,1004,891
18750 (Prkca)	751,175,797,192
109333 (Pkn2)	752,202,798,219
263803 (Pkn3)	752,202,798,219
320795 (Pkn1)	752,202,798,219
170755 (Sgk3)	751,230,797,247
20393 (Sgk1)	751,230,797,247
27219 (Sgk2)	751,230,797,247
12043 (Bcl2)	858,719,904,736
83490 (Pik3ap1)	226,523,272,540
12443 (Ccnd1)	937,566,983,583
12444 (Ccnd2)	937,566,983,583
12445 (Ccnd3)	937,566,983,583
12447 (Ccne1)	937,566,983,583
12448 (Ccne2)	937,566,983,583
17763 (Mtcp1)	567,714,613,731
21432 (Tcl1)	567,714,613,731
27379 (Tcl1b1)	567,714,613,731
27380 (Tcl1b4)	567,714,613,731
15370 (Nr4a1)	752,825,798,842
20181 (Rxra)	752,808,798,825
12043 (Bcl2)	858,825,904,842
14924 (Magi1)	348,676,394,693
50791 (Magi2)	348,676,394,693
mmu04115: p53 signaling pathway	1128,900,1238,934
mmu04150: mTOR signaling pathway	766,60,876,94
mmu04151: PI3K-Akt signaling pathway	40,45,297,70
mmu04064: NF-kappa B signaling pathway	1127,854,1237,888
mmu04110: Cell cycle	1125,541,1235,566
mmu00010: Glycolysis / Gluconeogenesis	1123,443,1233,477
mmu04370: VEGF signaling pathway	709,287,819,321
mmu04210: Apoptosis	1127,722,1237,747
mmu04012: ErbB signaling pathway	314,267,424,301
mmu04910: Insulin signaling pathway	315,220,425,254
mmu04010: MAPK signaling pathway	857,294,967,328
mmu04510: Focal adhesion	62,586,172,611
mmu04662: B cell receptor signaling pathway	62,435,172,469
mmu04620: Toll-like receptor signaling pathway	62,360,172,394
mmu04630: JAK-STAT signaling pathway	62,520,172,554
mmu04062: Chemokine signaling pathway	62,703,172,737
mmu04068: FoxO signaling pathway	819,579,929,613
