14885 (Gtf2h4)	645,879,691,896
209357 (Gtf2h3)	645,862,691,879
23894 (Gtf2h2)	645,845,691,862
14884 (Gtf2h1)	645,828,691,845
13871 (Ercc2)	599,845,645,862
66467 (Gtf2h5)	599,862,645,879
13872 (Ercc3)	599,828,645,845
66671 (Ccnh)	553,862,599,879
17420 (Mnat1)	553,845,599,862
12572 (Cdk7)	553,828,599,845
13194 (Ddb1)	961,299,1007,316
72584 (Cul4b)	961,282,1007,299
99375 (Cul4a)	961,282,1007,299
56438 (Rbx1)	961,265,1007,282
17420 (Mnat1)	743,471,789,488
16881 (Lig1)	862,890,908,907
106344 (Rfc4)	830,770,876,787
19687 (Rfc1)	830,770,876,787
19718 (Rfc2)	830,770,876,787
69263 (Rfc3)	830,770,876,787
72151 (Rfc5)	830,770,876,787
18538 (Pcna)	830,747,876,764
18973 (Pole)	775,770,821,787
18974 (Pole2)	775,770,821,787
59001 (Pole3)	775,770,821,787
66979 (Pole4)	775,770,821,787
50505 (Ercc4)	829,602,875,619
22592 (Ercc5)	960,454,1006,471
18971 (Pold1)	775,747,821,764
18972 (Pold2)	775,747,821,764
67967 (Pold3)	775,747,821,764
69745 (Pold4)	775,747,821,764
19891 (Rpa2)	1017,471,1063,488
68240 (Rpa3)	1017,471,1063,488
68275 (Rpa1)	1017,471,1063,488
14885 (Gtf2h4)	835,505,881,522
13870 (Ercc1)	829,619,875,636
22590 (Xpa)	1017,454,1063,471
209357 (Gtf2h3)	835,488,881,505
23894 (Gtf2h2)	835,471,881,488
66467 (Gtf2h5)	789,488,835,505
107986 (Ddb2)	721,313,767,330
13194 (Ddb1)	721,296,767,313
72584 (Cul4b)	721,279,767,296
99375 (Cul4a)	721,279,767,296
56438 (Rbx1)	721,262,767,279
13872 (Ercc3)	789,454,835,471
26370 (Cetn2)	813,295,859,312
14884 (Gtf2h1)	835,454,881,471
19358 (Rad23a)	813,278,859,295
19359 (Rad23b)	813,278,859,295
71991 (Ercc8)	961,316,1007,333
13871 (Ercc2)	789,471,835,488
319955 (Ercc6)	1013,265,1059,282
22591 (Xpc)	813,261,859,278
66671 (Ccnh)	743,488,789,505
12572 (Cdk7)	743,454,789,471
mmu03020: RNA polymerase	1074,225,1176,250
mmu03020: RNA polymerase	468,215,570,240
mmu04120: Ubiquitin mediated proteolysis	830,335,960,369
mmu03420: Nucleotide excision repair	40,45,282,70
