C00165 (Diacylglycerol)	370,486,4
C01245 (D-myo-Inositol 1,4,5-trisphosphate)	353,559,4
C00076 (Calcium cation)	407,559,4
C00195 (N-Acylsphingosine)	277,570,4
C05981 (Phosphatidylinositol-3,4,5-trisphosphate)	494,360,4
18211 (Ntrk1)	155,338,201,355
18212 (Ntrk2)	155,361,201,378
18213 (Ntrk3)	155,385,201,402
12064 (Bdnf)	62,351,108,368
78405 (Ntf5)	62,371,108,388
18205 (Ntf3)	62,391,108,408
18706 (Pik3ca)	408,352,454,369
18707 (Pik3cd)	408,352,454,369
18708 (Pik3r1)	408,352,454,369
18709 (Pik3r2)	408,352,454,369
18710 (Pik3r3)	408,352,454,369
74769 (Pik3cb)	408,352,454,369
18803 (Plcg1)	268,478,314,495
234779 (Plcg2)	268,478,314,495
20416 (Shc1)	268,352,314,369
20418 (Shc3)	268,352,314,369
216148 (Shc2)	268,352,314,369
271849 (Shc4)	268,352,314,369
14784 (Grb2)	338,202,384,219
18753 (Prkcd)	459,477,505,494
18049 (Ngf)	62,331,108,348
18053 (Ngfr)	155,857,201,874
11651 (Akt1)	595,352,641,369
11652 (Akt2)	595,352,641,369
23797 (Akt3)	595,352,641,369
15461 (Hras)	478,202,524,219
16653 (Kras)	478,202,524,219
18176 (Nras)	478,202,524,219
26395 (Map2k1)	707,202,753,219
26396 (Map2k2)	707,202,753,219
109880 (Braf)	548,202,594,219
110157 (Raf1)	548,202,594,219
20662 (Sos1)	408,202,454,219
20663 (Sos2)	408,202,454,219
26413 (Mapk1)	777,246,823,263
26417 (Mapk3)	777,246,823,263
110651 (Rps6ka3)	978,290,1024,307
20111 (Rps6ka1)	978,290,1024,307
20112 (Rps6ka2)	978,290,1024,307
67071 (Rps6ka6)	978,290,1024,307
12928 (Crk)	338,115,384,132
12929 (Crkl)	338,115,384,132
107746 (Rapgef1)	408,115,454,132
109905 (Rap1a)	478,115,524,132
215449 (Rap1b)	478,115,524,132
19247 (Ptpn11)	369,277,415,294
109880 (Braf)	548,115,594,132
14388 (Gab1)	338,352,384,369
12015 (Bad)	748,476,794,493
56637 (Gsk3b)	748,513,794,530
56484 (Foxo3)	858,434,904,451
18035 (Nfkbia)	898,352,944,369
18036 (Nfkbib)	898,352,944,369
18037 (Nfkbie)	898,352,944,369
18033 (Nfkb1)	898,381,944,398
19697 (Rela)	898,381,944,398
11911 (Atf4)	1048,290,1094,307
327826 (Frs2)	268,129,314,146
18607 (Pdpk1)	522,393,568,410
14103 (Fasl)	1024,434,1070,451
20661 (Sort1)	155,989,201,1006
77480 (Kidins220)	268,98,314,115
73086 (Rps6ka5)	978,309,1024,326
108058 (Camk2d)	508,550,554,567
12322 (Camk2a)	508,550,554,567
12323 (Camk2b)	508,550,554,567
12325 (Camk2g)	508,550,554,567
12326 (Camk4)	508,550,554,567
11911 (Atf4)	1013,550,1059,567
17179 (Matk)	268,414,314,431
26414 (Mapk10)	597,903,643,920
26419 (Mapk8)	597,903,643,920
26420 (Mapk9)	597,903,643,920
11848 (Rhoa)	539,613,585,630
67653 (4930544G11Rik)	539,613,585,630
22059 (Trp53)	667,859,713,876
26401 (Map3k1)	457,893,503,910
16476 (Jun)	667,903,713,920
26408 (Map3k5)	457,913,503,930
16367 (Irs1)	268,383,314,400
17164 (Mapkapk2)	978,159,1024,176
19094 (Mapk11)	777,159,823,176
26415 (Mapk13)	777,159,823,176
26416 (Mapk14)	777,159,823,176
29857 (Mapk12)	777,159,823,176
23938 (Map2k5)	707,116,753,133
23939 (Mapk7)	777,116,823,133
26406 (Map3k3)	637,116,683,133
11857 (Arhgdib)	455,613,501,630
14570 (Arhgdig)	455,613,501,630
192662 (Arhgdia)	455,613,501,630
23921 (Sh2b2)	268,192,314,209
16923 (Sh2b3)	268,214,314,231
20399 (Sh2b1)	268,214,314,231
11350 (Abl1)	268,320,314,337
26400 (Map2k7)	527,903,573,920
12540 (Cdc42)	387,893,433,910
19353 (Rac1)	387,913,433,930
22062 (Trp73)	597,831,643,848
22034 (Traf6)	387,825,433,842
170936 (Zfp369)	387,857,433,874
65020 (Zfp110)	387,857,433,874
94275 (Maged1)	451,763,497,780
72843 (Prdm4)	451,736,497,753
12070 (Bex3)	387,946,433,963
192656 (Ripk2)	387,997,433,1014
108960 (Irak2)	387,1022,433,1039
16179 (Irak1)	387,1022,433,1039
266632 (Irak4)	387,1022,433,1039
73914 (Irak3)	387,1022,433,1039
22034 (Traf6)	387,1041,433,1058
22627 (Ywhae)	457,946,503,963
16150 (Ikbkb)	574,1032,620,1049
12043 (Bcl2)	1175,290,1221,307
12313 (Calm1)	438,550,484,567
12314 (Calm2)	438,550,484,567
12315 (Calm3)	438,550,484,567
494124 (Calm5)	438,550,484,567
70405 (Calml3)	438,550,484,567
75600 (Calml4)	438,550,484,567
80796 (Calm4)	438,550,484,567
19164 (Psen1)	258,688,304,705
19165 (Psen2)	258,688,304,705
18033 (Nfkb1)	898,1063,944,1080
19697 (Rela)	898,1063,944,1080
12028 (Bax)	737,859,783,876
18035 (Nfkbia)	898,1032,944,1049
18036 (Nfkbib)	898,1032,944,1049
18037 (Nfkbie)	898,1032,944,1049
mmu04210: Apoptosis	873,861,937,886
mmu04120: Ubiquitin mediated proteolysis	749,299,855,333
mmu04010: MAPK signaling pathway	502,66,603,100
mmu04720: Long-term potentiation	1092,577,1198,611
mmu04810: Regulation of actin cytoskeleton	716,606,822,640
mmu04722: Neurotrophin signaling pathway	40,45,332,70
