C00076 (Calcium cation)	197,402,4
C00076 (Calcium cation)	418,410,4
C00076 (Calcium cation)	193,519,4
C01330 (Sodium cation)	280,529,4
C01330 (Sodium cation)	385,108,4
C00076 (Calcium cation)	533,495,4
C00238 (Potassium cation)	598,113,4
C01330 (Sodium cation)	587,212,4
C00080 (H+)	535,210,4
C01330 (Sodium cation)	545,113,4
C00575 (3',5'-Cyclic AMP)	683,275,4
C00076 (Calcium cation)	297,402,4
C00547 (L-Noradrenaline)	677,60,4
C00788 (L-Adrenaline)	685,97,4
C07056 (Isoproterenol)	721,72,4
C00165 (Diacylglycerol)	871,591,4
C01245 (D-myo-Inositol 1,4,5-trisphosphate)	949,625,4
C00076 (Calcium cation)	870,622,4
C00547 (L-Noradrenaline)	1144,566,4
C00788 (L-Adrenaline)	1144,590,4
C01330 (Sodium cation)	326,111,4
C00076 (Calcium cation)	431,218,4
C00238 (Potassium cation)	486,218,4
C00076 (Calcium cation)	374,218,4
12288 (Cacna1c)	215,397,261,414
12289 (Cacna1d)	215,397,261,414
12292 (Cacna1s)	215,397,261,414
12293 (Cacna2d1)	215,397,261,414
12294 (Cacna2d3)	215,397,261,414
12295 (Cacnb1)	215,397,261,414
12296 (Cacnb2)	215,397,261,414
12297 (Cacnb3)	215,397,261,414
12298 (Cacnb4)	215,397,261,414
12299 (Cacng1)	215,397,261,414
12300 (Cacng2)	215,397,261,414
140723 (Cacng5)	215,397,261,414
319734 (Cacna2d4)	215,397,261,414
54376 (Cacng3)	215,397,261,414
54377 (Cacng4)	215,397,261,414
54378 (Cacng6)	215,397,261,414
54652 (Cacna1f)	215,397,261,414
56808 (Cacna2d2)	215,397,261,414
81904 (Cacng7)	215,397,261,414
81905 (Cacng8)	215,397,261,414
20191 (Ryr2)	341,397,387,414
110891 (Slc8a2)	357,151,403,168
110893 (Slc8a3)	357,151,403,168
20541 (Slc8a1)	357,151,403,168
110891 (Slc8a2)	212,516,258,533
110893 (Slc8a3)	212,516,258,533
20541 (Slc8a1)	212,516,258,533
11937 (Atp2a1)	597,428,643,445
11938 (Atp2a2)	597,428,643,445
53313 (Atp2a3)	597,428,643,445
21924 (Tnnc1)	504,524,550,541
21956 (Tnnt2)	530,561,576,578
21954 (Tnni3)	453,560,499,577
11464 (Actc1)	497,623,543,640
22003 (Tpm1)	520,606,566,623
22004 (Tpm2)	520,606,566,623
326618 (Tpm4)	520,606,566,623
59069 (Tpm3)	520,606,566,623
140781 (Myh7)	497,677,543,694
17888 (Myh6)	497,677,543,694
17896 (Myl4)	497,677,543,694
17897 (Myl3)	497,677,543,694
17906 (Myl2)	497,677,543,694
11928 (Atp1a1)	570,151,616,168
11931 (Atp1b1)	570,151,616,168
11932 (Atp1b2)	570,151,616,168
11933 (Atp1b3)	570,151,616,168
11936 (Fxyd2)	570,151,616,168
232975 (Atp1a3)	570,151,616,168
27222 (Atp1a4)	570,151,616,168
67821 (Atp1b4)	570,151,616,168
98660 (Atp1a2)	570,151,616,168
20544 (Slc9a1)	517,151,563,168
11554 (Adrb1)	630,151,676,168
11555 (Adrb2)	739,151,785,168
14683 (Gnas)	646,190,692,207
14683 (Gnas)	709,190,755,207
14677 (Gnai1)	772,190,818,207
14678 (Gnai2)	772,190,818,207
14679 (Gnai3)	772,190,818,207
104110 (Adcy4)	679,228,725,245
104111 (Adcy3)	679,228,725,245
11512 (Adcy6)	679,228,725,245
11513 (Adcy7)	679,228,725,245
11514 (Adcy8)	679,228,725,245
11515 (Adcy9)	679,228,725,245
210044 (Adcy2)	679,228,725,245
224129 (Adcy5)	679,228,725,245
432530 (Adcy1)	679,228,725,245
18747 (Prkaca)	620,298,666,315
18749 (Prkacb)	620,298,666,315
104709 (Pik3r6)	812,250,858,267
30955 (Pik3cg)	812,250,858,267
320207 (Pik3r5)	812,250,858,267
11651 (Akt1)	894,250,940,267
11652 (Akt2)	894,250,940,267
23797 (Akt3)	894,250,940,267
26413 (Mapk1)	753,250,799,267
26417 (Mapk3)	753,250,799,267
11909 (Atf2)	775,413,821,430
11911 (Atf4)	775,413,821,430
12912 (Creb1)	775,413,821,430
12913 (Creb3)	775,413,821,430
12915 (Atf6b)	775,413,821,430
208647 (Creb3l2)	775,413,821,430
208677 (Creb3l3)	775,413,821,430
231991 (Creb5)	775,413,821,430
26427 (Creb3l1)	775,413,821,430
78284 (Creb3l4)	775,413,821,430
18821 (Pln)	566,445,612,462
20266 (Scn1b)	303,151,349,168
20271 (Scn5a)	303,151,349,168
20272 (Scn7a)	303,151,349,168
399548 (Scn4b)	303,151,349,168
58200 (Ppp1r1a)	738,539,784,556
19045 (Ppp1ca)	656,505,702,522
19046 (Ppp1cb)	656,505,702,522
19047 (Ppp1cc)	656,505,702,522
434233 (Ppp1ccb)	656,505,702,522
100039815 (Gm2436)	678,569,724,586
100039830 (Gm2446)	678,569,724,586
19052 (Ppp2ca)	678,569,724,586
19053 (Ppp2cb)	678,569,724,586
19054 (Ppp2r3d)	678,569,724,586
21770 (Ppp2r5d)	678,569,724,586
225849 (Ppp2r5b)	678,569,724,586
226849 (Ppp2r5a)	678,569,724,586
235542 (Ppp2r3a)	678,569,724,586
26931 (Ppp2r5c)	678,569,724,586
26932 (Ppp2r5e)	678,569,724,586
269643 (Ppp2r2c)	678,569,724,586
51792 (Ppp2r1a)	678,569,724,586
52432 (Ppp2r2d)	678,569,724,586
59032 (Ppp2r3c)	678,569,724,586
71978 (Ppp2r2a)	678,569,724,586
72930 (Ppp2r2b)	678,569,724,586
73699 (Ppp2r1b)	678,569,724,586
12313 (Calm1)	280,334,326,351
12314 (Calm2)	280,334,326,351
12315 (Calm3)	280,334,326,351
494124 (Calm5)	280,334,326,351
70405 (Calml3)	280,334,326,351
75600 (Calml4)	280,334,326,351
80796 (Calm4)	280,334,326,351
108058 (Camk2d)	276,255,322,272
12322 (Camk2a)	276,255,322,272
12323 (Camk2b)	276,255,322,272
12325 (Camk2g)	276,255,322,272
11607 (Agtr1a)	1048,517,1094,534
11608 (Agtr1b)	1048,517,1094,534
11609 (Agtr2)	1048,517,1094,534
14682 (Gnaq)	968,539,1014,556
18795 (Plcb1)	887,539,933,556
18796 (Plcb2)	887,539,933,556
18797 (Plcb3)	887,539,933,556
18798 (Plcb4)	887,539,933,556
18750 (Prkca)	810,539,856,556
223864 (Rapgef3)	707,301,753,318
56508 (Rapgef4)	707,301,753,318
19094 (Mapk11)	853,299,899,316
26415 (Mapk13)	853,299,899,316
26416 (Mapk14)	853,299,899,316
29857 (Mapk12)	853,299,899,316
100039815 (Gm2436)	270,430,316,447
100039830 (Gm2446)	270,430,316,447
19052 (Ppp2ca)	270,430,316,447
19053 (Ppp2cb)	270,430,316,447
19054 (Ppp2r3d)	270,430,316,447
21770 (Ppp2r5d)	270,430,316,447
225849 (Ppp2r5b)	270,430,316,447
226849 (Ppp2r5a)	270,430,316,447
235542 (Ppp2r3a)	270,430,316,447
26931 (Ppp2r5c)	270,430,316,447
26932 (Ppp2r5e)	270,430,316,447
269643 (Ppp2r2c)	270,430,316,447
51792 (Ppp2r1a)	270,430,316,447
52432 (Ppp2r2d)	270,430,316,447
59032 (Ppp2r3c)	270,430,316,447
71978 (Ppp2r2a)	270,430,316,447
72930 (Ppp2r2b)	270,430,316,447
73699 (Ppp2r1b)	270,430,316,447
19045 (Ppp1ca)	269,456,315,473
19046 (Ppp1cb)	269,456,315,473
19047 (Ppp1cc)	269,456,315,473
434233 (Ppp1ccb)	269,456,315,473
11548 (Adra1b)	1048,558,1094,575
11549 (Adra1a)	1048,558,1094,575
11550 (Adra1d)	1048,558,1094,575
100039815 (Gm2436)	364,597,410,614
100039830 (Gm2446)	364,597,410,614
19052 (Ppp2ca)	364,597,410,614
19053 (Ppp2cb)	364,597,410,614
19054 (Ppp2r3d)	364,597,410,614
21770 (Ppp2r5d)	364,597,410,614
225849 (Ppp2r5b)	364,597,410,614
226849 (Ppp2r5a)	364,597,410,614
235542 (Ppp2r3a)	364,597,410,614
26931 (Ppp2r5c)	364,597,410,614
26932 (Ppp2r5e)	364,597,410,614
269643 (Ppp2r2c)	364,597,410,614
51792 (Ppp2r1a)	364,597,410,614
52432 (Ppp2r2d)	364,597,410,614
59032 (Ppp2r3c)	364,597,410,614
71978 (Ppp2r2a)	364,597,410,614
72930 (Ppp2r2b)	364,597,410,614
73699 (Ppp2r1b)	364,597,410,614
12916 (Crem)	912,444,958,461
12043 (Bcl2)	909,321,955,338
73086 (Rps6ka5)	775,452,821,469
26413 (Mapk1)	810,493,856,510
26417 (Mapk3)	810,493,856,510
11941 (Atp2b2)	410,151,456,168
320707 (Atp2b3)	410,151,456,168
381290 (Atp2b4)	410,151,456,168
67972 (Atp2b1)	410,151,456,168
16509 (Kcne1)	463,151,509,168
16535 (Kcnq1)	463,151,509,168
11606 (Agt)	1125,517,1171,534
mmu04261: Adrenergic signaling in cardiomyocytes	40,45,406,70
mmu04020: Calcium signaling pathway	319,510,436,544
mmu04260: Cardiac muscle contraction	27,228,144,262
mmu04151: PI3K-Akt signaling pathway	854,200,971,234
