C04549 (1-Phosphatidyl-1D-myo-inositol 3-phosphate)	520,282,4
C04549 (1-Phosphatidyl-1D-myo-inositol 3-phosphate)	1041,627,4
20333 (Sec22b)	644,187,690,204
71116 (Stx18)	644,166,690,183
22319 (Vamp3)	297,183,343,200
14129 (Fcgr1)	897,122,943,139
14130 (Fcgr2b)	897,122,943,139
14131 (Fcgr3)	897,122,943,139
246256 (Fcgr4)	897,122,943,139
50909 (C1ra)	847,167,893,184
667277 (C1rb)	847,167,893,184
16409 (Itgam)	897,167,943,184
16414 (Itgb2)	897,167,943,184
16415 (Itgb2l)	897,167,943,184
16410 (Itgav)	897,243,943,260
16416 (Itgb3)	897,243,943,260
16412 (Itgb1)	947,264,993,281
17533 (Mrc1)	847,383,893,400
17534 (Mrc2)	847,383,893,400
18779 (Pla2r1)	847,383,893,400
20288 (Msr1)	847,423,893,440
16410 (Itgav)	947,243,993,260
16419 (Itgb5)	947,243,993,260
16409 (Itgam)	847,243,893,260
16414 (Itgb2)	847,243,893,260
16415 (Itgb2l)	847,243,893,260
16398 (Itga2)	847,264,893,281
16412 (Itgb1)	847,264,893,281
16402 (Itga5)	897,264,943,281
16412 (Itgb1)	897,264,943,281
11461 (Actb)	439,97,485,114
11465 (Actg1)	439,97,485,114
225326 (Pik3c3)	419,274,465,291
216238 (Eea1)	330,291,376,308
19344 (Rab5b)	330,274,376,291
19345 (Rab5c)	330,274,376,291
271457 (Rab5a)	330,274,376,291
19349 (Rab7)	330,452,376,469
226421 (Rab7b)	330,452,376,469
13058 (Cybb)	833,620,879,637
280408 (Rilp)	330,469,376,486
13057 (Cyba)	788,620,834,637
17972 (Ncf4)	1032,632,1078,649
17969 (Ncf1)	940,637,986,654
17970 (Ncf2)	986,637,1032,654
19353 (Rac1)	862,648,908,665
13058 (Cybb)	986,620,1032,637
13057 (Cyba)	940,620,986,637
17969 (Ncf1)	761,680,807,697
17970 (Ncf2)	807,680,853,697
17972 (Ncf4)	853,680,899,697
19353 (Rac1)	965,654,1011,671
110350 (Dync2h1)	330,486,376,503
13424 (Dync1h1)	330,486,376,503
13426 (Dync1i1)	330,486,376,503
13427 (Dync1i2)	330,486,376,503
234663 (Dync1li2)	330,486,376,503
235661 (Dync1li1)	330,486,376,503
22142 (Tuba1a)	353,516,399,533
22143 (Tuba1b)	353,516,399,533
22144 (Tuba3a)	353,516,399,533
22145 (Tuba4a)	353,516,399,533
22146 (Tuba1c)	353,516,399,533
22147 (Tuba3b)	353,516,399,533
238463 (Tubal3)	353,516,399,533
53857 (Tuba8)	353,516,399,533
22151 (Tubb2a)	353,533,399,550
22152 (Tubb3)	353,533,399,550
22153 (Tubb4a)	353,533,399,550
22154 (Tubb5)	353,533,399,550
227613 (Tubb4b)	353,533,399,550
545486 (Tubb1)	353,533,399,550
67951 (Tubb6)	353,533,399,550
73710 (Tubb2b)	353,533,399,550
15239 (Hgs)	330,397,376,414
17113 (M6pr)	330,655,376,672
108664 (Atp6v1h)	415,349,461,366
110935 (Atp6v1b1)	415,349,461,366
114143 (Atp6v0b)	415,349,461,366
11964 (Atp6v1a)	415,349,461,366
11966 (Atp6v1b2)	415,349,461,366
11972 (Atp6v0d1)	415,349,461,366
11973 (Atp6v1e1)	415,349,461,366
11974 (Atp6v0e)	415,349,461,366
11975 (Atp6v0a1)	415,349,461,366
11984 (Atp6v0c)	415,349,461,366
140494 (Atp6v0a4)	415,349,461,366
21871 (Atp6v0a2)	415,349,461,366
242341 (Atp6v0d2)	415,349,461,366
27060 (Tcirg1)	415,349,461,366
338375 (Atp6v1g3)	415,349,461,366
54411 (Atp6ap1)	415,349,461,366
66144 (Atp6v1f)	415,349,461,366
66237 (Atp6v1g2)	415,349,461,366
66290 (Atp6v1g1)	415,349,461,366
66335 (Atp6v1c1)	415,349,461,366
68775 (Atp6v1c2)	415,349,461,366
73834 (Atp6v1d)	415,349,461,366
74915 (Atp6v1e2)	415,349,461,366
76252 (Atp6v0e2)	415,349,461,366
16783 (Lamp1)	330,605,376,622
16784 (Lamp2)	330,605,376,622
108664 (Atp6v1h)	416,693,462,710
110935 (Atp6v1b1)	416,693,462,710
114143 (Atp6v0b)	416,693,462,710
11964 (Atp6v1a)	416,693,462,710
11966 (Atp6v1b2)	416,693,462,710
11972 (Atp6v0d1)	416,693,462,710
11973 (Atp6v1e1)	416,693,462,710
11974 (Atp6v0e)	416,693,462,710
11975 (Atp6v0a1)	416,693,462,710
11984 (Atp6v0c)	416,693,462,710
140494 (Atp6v0a4)	416,693,462,710
21871 (Atp6v0a2)	416,693,462,710
242341 (Atp6v0d2)	416,693,462,710
27060 (Tcirg1)	416,693,462,710
338375 (Atp6v1g3)	416,693,462,710
54411 (Atp6ap1)	416,693,462,710
66144 (Atp6v1f)	416,693,462,710
66237 (Atp6v1g2)	416,693,462,710
66290 (Atp6v1g1)	416,693,462,710
66335 (Atp6v1c1)	416,693,462,710
68775 (Atp6v1c2)	416,693,462,710
73834 (Atp6v1d)	416,693,462,710
74915 (Atp6v1e2)	416,693,462,710
76252 (Atp6v0e2)	416,693,462,710
17523 (Mpo)	495,646,541,663
18711 (Pikfyve)	330,630,376,647
100226 (Stx12)	200,307,246,324
53331 (Stx7)	200,482,246,499
12491 (Cd36)	897,447,943,464
17167 (Marco)	897,423,943,440
108078 (Olr1)	947,423,993,440
12475 (Cd14)	947,312,993,329
24088 (Tlr2)	847,312,893,329
21899 (Tlr6)	847,329,893,346
21898 (Tlr4)	897,312,943,329
18125 (Nos1)	388,605,434,622
20778 (Scarb1)	847,447,893,464
12266 (C3)	1012,167,1058,184
12845 (Comp)	1012,243,1058,260
21825 (Thbs1)	1012,243,1058,260
21826 (Thbs2)	1012,243,1058,260
21827 (Thbs3)	1012,243,1058,260
21828 (Thbs4)	1012,243,1058,260
140792 (Colec12)	1012,189,1058,206
17194 (Mbl1)	1012,189,1058,206
17195 (Mbl2)	1012,189,1058,206
20387 (Sftpa1)	1012,189,1058,206
20390 (Sftpd)	1012,189,1058,206
71693 (Colec11)	1012,189,1058,206
100046078 (Gm15266)	607,679,653,696
20335 (Sec61g)	607,679,653,696
53421 (Sec61a1)	607,679,653,696
57743 (Sec61a2)	607,679,653,696
66212 (Sec61b)	607,679,653,696
12317 (Calr)	605,289,651,306
12330 (Canx)	605,311,651,328
100504404 (H2-Ea-ps)	696,464,742,481
14960 (H2-Aa)	696,464,742,481
14961 (H2-Ab1)	696,464,742,481
14969 (H2-Eb1)	696,464,742,481
14998 (H2-DMa)	696,464,742,481
14999 (H2-DMb1)	696,464,742,481
15000 (H2-DMb2)	696,464,742,481
15001 (H2-Oa)	696,464,742,481
15002 (H2-Ob)	696,464,742,481
100504404 (H2-Ea-ps)	778,162,824,179
14960 (H2-Aa)	778,162,824,179
14961 (H2-Ab1)	778,162,824,179
14969 (H2-Eb1)	778,162,824,179
14998 (H2-DMa)	778,162,824,179
14999 (H2-DMb1)	778,162,824,179
15000 (H2-DMb2)	778,162,824,179
15001 (H2-Oa)	778,162,824,179
15002 (H2-Ob)	778,162,824,179
170776 (Cd209c)	898,383,944,400
170779 (Cd209d)	898,383,944,400
170780 (Cd209e)	898,383,944,400
170786 (Cd209a)	898,383,944,400
69142 (Cd209f)	898,383,944,400
69165 (Cd209b)	898,383,944,400
70192 (Cd209g)	898,383,944,400
56644 (Clec7a)	950,382,996,399
21354 (Tap1)	621,655,667,672
21355 (Tap2)	621,655,667,672
13039 (Ctsl)	499,693,545,710
13040 (Ctss)	499,693,545,710
100529082 (Gm11127)	727,162,773,179
110557 (H2-Q6)	727,162,773,179
110558 (H2-Q9)	727,162,773,179
110696 (H2-M10.3)	727,162,773,179
14963 (H2-Bl)	727,162,773,179
14964 (H2-D1)	727,162,773,179
14972 (H2-K1)	727,162,773,179
14980 (H2-L)	727,162,773,179
14985 (H2-M10.1)	727,162,773,179
14990 (H2-M2)	727,162,773,179
14991 (H2-M3)	727,162,773,179
14997 (H2-M9)	727,162,773,179
15006 (H2-Q1)	727,162,773,179
15007 (H2-Q10)	727,162,773,179
15013 (H2-Q2)	727,162,773,179
15015 (H2-Q4)	727,162,773,179
15018 (H2-Q7)	727,162,773,179
15019 (H2-Q8)	727,162,773,179
15024 (H2-T10)	727,162,773,179
15033 (H2-T18)	727,162,773,179
15039 (H2-T22)	727,162,773,179
15040 (H2-T23)	727,162,773,179
15042 (H2-T24)	727,162,773,179
15043 (H2-T3)	727,162,773,179
15051 (H2-T9)	727,162,773,179
224753 (H2-M10.4)	727,162,773,179
224754 (H2-M11)	727,162,773,179
224756 (H2-M1)	727,162,773,179
224761 (H2-M10.5)	727,162,773,179
240095 (H2-M5)	727,162,773,179
333715 (H2-M10.2)	727,162,773,179
399549 (H2-M10.6)	727,162,773,179
547349 (H2-K1)	727,162,773,179
630294 (Gm7030)	727,162,773,179
667803 (H2-T-ps)	727,162,773,179
667977 (Gm8909)	727,162,773,179
69717 (Gm10499)	727,162,773,179
21354 (Tap1)	682,291,728,308
21355 (Tap2)	682,291,728,308
100529082 (Gm11127)	665,321,711,338
110557 (H2-Q6)	665,321,711,338
110558 (H2-Q9)	665,321,711,338
110696 (H2-M10.3)	665,321,711,338
14963 (H2-Bl)	665,321,711,338
14964 (H2-D1)	665,321,711,338
14972 (H2-K1)	665,321,711,338
14980 (H2-L)	665,321,711,338
14985 (H2-M10.1)	665,321,711,338
14990 (H2-M2)	665,321,711,338
14991 (H2-M3)	665,321,711,338
14997 (H2-M9)	665,321,711,338
15006 (H2-Q1)	665,321,711,338
15007 (H2-Q10)	665,321,711,338
15013 (H2-Q2)	665,321,711,338
15015 (H2-Q4)	665,321,711,338
15018 (H2-Q7)	665,321,711,338
15019 (H2-Q8)	665,321,711,338
15024 (H2-T10)	665,321,711,338
15033 (H2-T18)	665,321,711,338
15039 (H2-T22)	665,321,711,338
15040 (H2-T23)	665,321,711,338
15042 (H2-T24)	665,321,711,338
15043 (H2-T3)	665,321,711,338
15051 (H2-T9)	665,321,711,338
224753 (H2-M10.4)	665,321,711,338
224754 (H2-M11)	665,321,711,338
224756 (H2-M1)	665,321,711,338
224761 (H2-M10.5)	665,321,711,338
240095 (H2-M5)	665,321,711,338
333715 (H2-M10.2)	665,321,711,338
399549 (H2-M10.6)	665,321,711,338
547349 (H2-K1)	665,321,711,338
630294 (Gm7030)	665,321,711,338
667803 (H2-T-ps)	665,321,711,338
667977 (Gm8909)	665,321,711,338
69717 (Gm10499)	665,321,711,338
100529082 (Gm11127)	602,599,648,616
110557 (H2-Q6)	602,599,648,616
110558 (H2-Q9)	602,599,648,616
110696 (H2-M10.3)	602,599,648,616
14963 (H2-Bl)	602,599,648,616
14964 (H2-D1)	602,599,648,616
14972 (H2-K1)	602,599,648,616
14980 (H2-L)	602,599,648,616
14985 (H2-M10.1)	602,599,648,616
14990 (H2-M2)	602,599,648,616
14991 (H2-M3)	602,599,648,616
14997 (H2-M9)	602,599,648,616
15006 (H2-Q1)	602,599,648,616
15007 (H2-Q10)	602,599,648,616
15013 (H2-Q2)	602,599,648,616
15015 (H2-Q4)	602,599,648,616
15018 (H2-Q7)	602,599,648,616
15019 (H2-Q8)	602,599,648,616
15024 (H2-T10)	602,599,648,616
15033 (H2-T18)	602,599,648,616
15039 (H2-T22)	602,599,648,616
15040 (H2-T23)	602,599,648,616
15042 (H2-T24)	602,599,648,616
15043 (H2-T3)	602,599,648,616
15051 (H2-T9)	602,599,648,616
224753 (H2-M10.4)	602,599,648,616
224754 (H2-M11)	602,599,648,616
224756 (H2-M1)	602,599,648,616
224761 (H2-M10.5)	602,599,648,616
240095 (H2-M5)	602,599,648,616
333715 (H2-M10.2)	602,599,648,616
399549 (H2-M10.6)	602,599,648,616
547349 (H2-K1)	602,599,648,616
630294 (Gm7030)	602,599,648,616
667803 (H2-T-ps)	602,599,648,616
667977 (Gm8909)	602,599,648,616
69717 (Gm10499)	602,599,648,616
22042 (Tfrc)	330,321,376,338
12721 (Coro1a)	398,151,444,168
108664 (Atp6v1h)	415,503,461,520
110935 (Atp6v1b1)	415,503,461,520
114143 (Atp6v0b)	415,503,461,520
11964 (Atp6v1a)	415,503,461,520
11966 (Atp6v1b2)	415,503,461,520
11972 (Atp6v0d1)	415,503,461,520
11973 (Atp6v1e1)	415,503,461,520
11974 (Atp6v0e)	415,503,461,520
11975 (Atp6v0a1)	415,503,461,520
11984 (Atp6v0c)	415,503,461,520
140494 (Atp6v0a4)	415,503,461,520
21871 (Atp6v0a2)	415,503,461,520
242341 (Atp6v0d2)	415,503,461,520
27060 (Tcirg1)	415,503,461,520
338375 (Atp6v1g3)	415,503,461,520
54411 (Atp6ap1)	415,503,461,520
66144 (Atp6v1f)	415,503,461,520
66237 (Atp6v1g2)	415,503,461,520
66290 (Atp6v1g1)	415,503,461,520
66335 (Atp6v1c1)	415,503,461,520
68775 (Atp6v1c2)	415,503,461,520
73834 (Atp6v1d)	415,503,461,520
74915 (Atp6v1e2)	415,503,461,520
76252 (Atp6v0e2)	415,503,461,520
mmu04145: Phagosome	40,45,140,70
mmu04666: Fc gamma R-mediated phagocytosis	280,68,396,102
mmu04144: Endocytosis	90,106,182,131
mmu04142: Lysosome	80,679,172,704
mmu04610: Complement and coagulation cascades	858,190,963,224
mmu04620: Toll-like receptor signaling pathway	943,340,1048,374
mmu04612: Antigen processing and presentation	667,411,767,445
