C00533 (Nitric oxide)	979,342,4
100504404 (H2-Ea-ps)	178,486,224,503
100529082 (Gm11127)	178,486,224,503
110557 (H2-Q6)	178,486,224,503
110558 (H2-Q9)	178,486,224,503
110696 (H2-M10.3)	178,486,224,503
14960 (H2-Aa)	178,486,224,503
14961 (H2-Ab1)	178,486,224,503
14963 (H2-Bl)	178,486,224,503
14964 (H2-D1)	178,486,224,503
14969 (H2-Eb1)	178,486,224,503
14972 (H2-K1)	178,486,224,503
14980 (H2-L)	178,486,224,503
14985 (H2-M10.1)	178,486,224,503
14990 (H2-M2)	178,486,224,503
14991 (H2-M3)	178,486,224,503
14997 (H2-M9)	178,486,224,503
14998 (H2-DMa)	178,486,224,503
14999 (H2-DMb1)	178,486,224,503
15000 (H2-DMb2)	178,486,224,503
15001 (H2-Oa)	178,486,224,503
15002 (H2-Ob)	178,486,224,503
15006 (H2-Q1)	178,486,224,503
15007 (H2-Q10)	178,486,224,503
15013 (H2-Q2)	178,486,224,503
15015 (H2-Q4)	178,486,224,503
15018 (H2-Q7)	178,486,224,503
15019 (H2-Q8)	178,486,224,503
15024 (H2-T10)	178,486,224,503
15033 (H2-T18)	178,486,224,503
15039 (H2-T22)	178,486,224,503
15040 (H2-T23)	178,486,224,503
15042 (H2-T24)	178,486,224,503
15043 (H2-T3)	178,486,224,503
15051 (H2-T9)	178,486,224,503
224753 (H2-M10.4)	178,486,224,503
224754 (H2-M11)	178,486,224,503
224756 (H2-M1)	178,486,224,503
224761 (H2-M10.5)	178,486,224,503
240095 (H2-M5)	178,486,224,503
333715 (H2-M10.2)	178,486,224,503
399549 (H2-M10.6)	178,486,224,503
547349 (H2-K1)	178,486,224,503
630294 (Gm7030)	178,486,224,503
667803 (H2-T-ps)	178,486,224,503
667977 (Gm8909)	178,486,224,503
69717 (Gm10499)	178,486,224,503
16183 (Il2)	630,209,676,226
100504404 (H2-Ea-ps)	374,517,420,534
14960 (H2-Aa)	374,517,420,534
14961 (H2-Ab1)	374,517,420,534
14969 (H2-Eb1)	374,517,420,534
14998 (H2-DMa)	374,517,420,534
14999 (H2-DMb1)	374,517,420,534
15000 (H2-DMb2)	374,517,420,534
15001 (H2-Oa)	374,517,420,534
15002 (H2-Ob)	374,517,420,534
100504404 (H2-Ea-ps)	374,316,420,333
14960 (H2-Aa)	374,316,420,333
14961 (H2-Ab1)	374,316,420,333
14969 (H2-Eb1)	374,316,420,333
14998 (H2-DMa)	374,316,420,333
14999 (H2-DMb1)	374,316,420,333
15000 (H2-DMb2)	374,316,420,333
15001 (H2-Oa)	374,316,420,333
15002 (H2-Ob)	374,316,420,333
21947 (Cd40lg)	709,515,755,532
21939 (Cd40)	793,515,839,532
100504404 (H2-Ea-ps)	793,540,839,557
14960 (H2-Aa)	793,540,839,557
14961 (H2-Ab1)	793,540,839,557
14969 (H2-Eb1)	793,540,839,557
14998 (H2-DMa)	793,540,839,557
14999 (H2-DMb1)	793,540,839,557
15000 (H2-DMb2)	793,540,839,557
15001 (H2-Oa)	793,540,839,557
15002 (H2-Ob)	793,540,839,557
14102 (Fas)	1000,153,1046,170
14103 (Fasl)	923,153,969,170
100529082 (Gm11127)	1000,125,1046,142
110557 (H2-Q6)	1000,125,1046,142
110558 (H2-Q9)	1000,125,1046,142
110696 (H2-M10.3)	1000,125,1046,142
14963 (H2-Bl)	1000,125,1046,142
14964 (H2-D1)	1000,125,1046,142
14972 (H2-K1)	1000,125,1046,142
14980 (H2-L)	1000,125,1046,142
14985 (H2-M10.1)	1000,125,1046,142
14990 (H2-M2)	1000,125,1046,142
14991 (H2-M3)	1000,125,1046,142
14997 (H2-M9)	1000,125,1046,142
15006 (H2-Q1)	1000,125,1046,142
15007 (H2-Q10)	1000,125,1046,142
15013 (H2-Q2)	1000,125,1046,142
15015 (H2-Q4)	1000,125,1046,142
15018 (H2-Q7)	1000,125,1046,142
15019 (H2-Q8)	1000,125,1046,142
15024 (H2-T10)	1000,125,1046,142
15033 (H2-T18)	1000,125,1046,142
15039 (H2-T22)	1000,125,1046,142
15040 (H2-T23)	1000,125,1046,142
15042 (H2-T24)	1000,125,1046,142
15043 (H2-T3)	1000,125,1046,142
15051 (H2-T9)	1000,125,1046,142
224753 (H2-M10.4)	1000,125,1046,142
224754 (H2-M11)	1000,125,1046,142
224756 (H2-M1)	1000,125,1046,142
224761 (H2-M10.5)	1000,125,1046,142
240095 (H2-M5)	1000,125,1046,142
333715 (H2-M10.2)	1000,125,1046,142
399549 (H2-M10.6)	1000,125,1046,142
547349 (H2-K1)	1000,125,1046,142
630294 (Gm7030)	1000,125,1046,142
667803 (H2-T-ps)	1000,125,1046,142
667977 (Gm8909)	1000,125,1046,142
69717 (Gm10499)	1000,125,1046,142
14939 (Gzmb)	960,220,1006,237
18646 (Prf1)	960,195,1006,212
16189 (Il4)	755,439,801,456
16191 (Il5)	755,460,801,477
12519 (Cd80)	374,338,420,355
12524 (Cd86)	374,338,420,355
12487 (Cd28)	454,339,500,356
12487 (Cd28)	455,540,501,557
16153 (Il10)	755,482,801,499
100529082 (Gm11127)	375,131,421,148
110557 (H2-Q6)	375,131,421,148
110558 (H2-Q9)	375,131,421,148
110696 (H2-M10.3)	375,131,421,148
14963 (H2-Bl)	375,131,421,148
14964 (H2-D1)	375,131,421,148
14972 (H2-K1)	375,131,421,148
14980 (H2-L)	375,131,421,148
14985 (H2-M10.1)	375,131,421,148
14990 (H2-M2)	375,131,421,148
14991 (H2-M3)	375,131,421,148
14997 (H2-M9)	375,131,421,148
15006 (H2-Q1)	375,131,421,148
15007 (H2-Q10)	375,131,421,148
15013 (H2-Q2)	375,131,421,148
15015 (H2-Q4)	375,131,421,148
15018 (H2-Q7)	375,131,421,148
15019 (H2-Q8)	375,131,421,148
15024 (H2-T10)	375,131,421,148
15033 (H2-T18)	375,131,421,148
15039 (H2-T22)	375,131,421,148
15040 (H2-T23)	375,131,421,148
15042 (H2-T24)	375,131,421,148
15043 (H2-T3)	375,131,421,148
15051 (H2-T9)	375,131,421,148
224753 (H2-M10.4)	375,131,421,148
224754 (H2-M11)	375,131,421,148
224756 (H2-M1)	375,131,421,148
224761 (H2-M10.5)	375,131,421,148
240095 (H2-M5)	375,131,421,148
333715 (H2-M10.2)	375,131,421,148
399549 (H2-M10.6)	375,131,421,148
547349 (H2-K1)	375,131,421,148
630294 (Gm7030)	375,131,421,148
667803 (H2-T-ps)	375,131,421,148
667977 (Gm8909)	375,131,421,148
69717 (Gm10499)	375,131,421,148
15978 (Ifng)	755,379,801,396
12519 (Cd80)	375,153,421,170
12524 (Cd86)	375,153,421,170
12487 (Cd28)	455,154,501,171
21939 (Cd40)	793,323,839,340
21947 (Cd40lg)	709,323,755,340
21926 (Tnf)	956,310,1002,327
16159 (Il12a)	416,192,462,209
16160 (Il12b)	416,192,462,209
12519 (Cd80)	374,540,420,557
12524 (Cd86)	374,540,420,557
100504404 (H2-Ea-ps)	1007,530,1053,547
100529082 (Gm11127)	1007,530,1053,547
110557 (H2-Q6)	1007,530,1053,547
110558 (H2-Q9)	1007,530,1053,547
110696 (H2-M10.3)	1007,530,1053,547
14960 (H2-Aa)	1007,530,1053,547
14961 (H2-Ab1)	1007,530,1053,547
14963 (H2-Bl)	1007,530,1053,547
14964 (H2-D1)	1007,530,1053,547
14969 (H2-Eb1)	1007,530,1053,547
14972 (H2-K1)	1007,530,1053,547
14980 (H2-L)	1007,530,1053,547
14985 (H2-M10.1)	1007,530,1053,547
14990 (H2-M2)	1007,530,1053,547
14991 (H2-M3)	1007,530,1053,547
14997 (H2-M9)	1007,530,1053,547
14998 (H2-DMa)	1007,530,1053,547
14999 (H2-DMb1)	1007,530,1053,547
15000 (H2-DMb2)	1007,530,1053,547
15001 (H2-Oa)	1007,530,1053,547
15002 (H2-Ob)	1007,530,1053,547
15006 (H2-Q1)	1007,530,1053,547
15007 (H2-Q10)	1007,530,1053,547
15013 (H2-Q2)	1007,530,1053,547
15015 (H2-Q4)	1007,530,1053,547
15018 (H2-Q7)	1007,530,1053,547
15019 (H2-Q8)	1007,530,1053,547
15024 (H2-T10)	1007,530,1053,547
15033 (H2-T18)	1007,530,1053,547
15039 (H2-T22)	1007,530,1053,547
15040 (H2-T23)	1007,530,1053,547
15042 (H2-T24)	1007,530,1053,547
15043 (H2-T3)	1007,530,1053,547
15051 (H2-T9)	1007,530,1053,547
224753 (H2-M10.4)	1007,530,1053,547
224754 (H2-M11)	1007,530,1053,547
224756 (H2-M1)	1007,530,1053,547
224761 (H2-M10.5)	1007,530,1053,547
240095 (H2-M5)	1007,530,1053,547
333715 (H2-M10.2)	1007,530,1053,547
399549 (H2-M10.6)	1007,530,1053,547
547349 (H2-K1)	1007,530,1053,547
630294 (Gm7030)	1007,530,1053,547
667803 (H2-T-ps)	1007,530,1053,547
667977 (Gm8909)	1007,530,1053,547
69717 (Gm10499)	1007,530,1053,547
mmu04660: T cell receptor signaling pathway	470,230,583,264
mmu04612: Antigen processing and presentation	152,565,264,599
mmu04514: Cell adhesion molecules (CAMs)	377,409,490,443
mmu04662: B cell receptor signaling pathway	722,608,834,642
mmu05330: Allograft rejection	40,45,229,70
mmu04210: Apoptosis	1037,207,1149,232
mmu04610: Complement and coagulation cascades	899,609,1011,643
