C00338 (Lipopolysaccharide)	119,1027,4
C01277 (1-Phosphatidyl-1D-myo-inositol 4-phosphate)	634,251,4
268973 (Nlrc4)	597,984,643,1001
66824 (Pycard)	643,984,689,1001
12362 (Casp1)	737,984,783,1001
16176 (Il1b)	896,994,939,1011
16173 (Il18)	896,973,939,990
17940 (Naip1)	597,937,643,954
17948 (Naip2)	597,937,643,954
17951 (Naip5)	597,937,643,954
17952 (Naip6)	597,937,643,954
53880 (Naip7)	597,937,643,954
12369 (Casp7)	737,937,783,954
18033 (Nfkb1)	694,660,740,677
19697 (Rela)	694,660,740,677
18035 (Nfkbia)	694,609,740,626
12176 (Bnip3)	664,505,710,522
94044 (Bcl2l13)	664,526,710,543
11840 (Arf1)	612,169,658,186
19324 (Rab1a)	612,192,658,209
76308 (Rab1b)	612,192,658,209
12747 (Clk1)	593,715,639,732
12750 (Clk4)	593,715,639,732
20333 (Sec22b)	612,290,658,307
20224 (Sar1a)	612,311,658,328
66397 (Sar1b)	612,311,658,328
269523 (Vcp)	612,332,658,349
13063 (Cycs)	662,407,708,424
13067 (Cyct)	662,407,708,424
12371 (Casp9)	733,407,779,424
12367 (Casp3)	804,407,850,424
12370 (Casp8)	804,428,850,445
11783 (Apaf1)	662,377,708,394
16409 (Itgam)	185,456,231,473
16414 (Itgb2)	185,473,231,490
16415 (Itgb2l)	185,473,231,490
12946 (Cr1l)	185,428,231,445
12266 (C3)	108,428,154,445
12266 (C3)	108,464,154,481
15510 (Hspd1)	109,398,155,415
18034 (Nfkb2)	694,579,740,596
67160 (Eef1g)	596,838,642,855
13627 (Eef1a1)	596,794,642,811
13628 (Eef1a2)	596,794,642,811
15499 (Hsf1)	695,794,741,811
56422 (Hbs1l)	694,755,740,772
15481 (Hspa8)	823,794,869,811
15482 (Hspa1l)	823,794,869,811
15511 (Hspa1b)	823,794,869,811
15512 (Hspa2)	823,794,869,811
193740 (Hspa1a)	823,794,869,811
53791 (Tlr5)	185,990,231,1007
24088 (Tlr2)	185,1019,231,1036
21898 (Tlr4)	185,1084,231,1101
12475 (Cd14)	185,1052,231,1069
17874 (Myd88)	288,1019,334,1036
21926 (Tnf)	598,1024,641,1041
16176 (Il1b)	598,1044,641,1061
16193 (Il6)	598,1064,641,1081
16159 (Il12a)	598,1084,641,1101
16160 (Il12b)	598,1084,641,1101
14825 (Cxcl1)	648,1064,691,1081
20310 (Cxcl2)	648,1064,691,1081
330122 (Cxcl3)	648,1064,691,1081
mmu05134: Legionellosis	40,45,175,70
mmu04210: Apoptosis	885,411,958,445
mmu04610: Complement and coagulation cascades	60,496,178,530
mmu04620: Toll-like receptor signaling pathway	323,1043,441,1077
