C00033 (Acetate)	146,958,4
C00031 (D-Glucose)	601,195,4
C00103 (D-Glucose 1-phosphate)	483,143,4
C00631 (2-Phospho-D-glycerate)	483,664,4
C00267 (alpha-D-Glucose)	181,228,4
C00221 (beta-D-Glucose)	181,301,4
C00111 (Glycerone phosphate)	332,448,4
C01172 (beta-D-Glucose 6-phosphate)	332,301,4
C00668 (alpha-D-Glucose 6-phosphate)	483,230,4
C05345 (beta-D-Fructose 6-phosphate)	483,303,4
C00074 (Phosphoenolpyruvate)	483,736,4
C00197 (3-Phospho-D-glycerate)	483,592,4
C00236 (3-Phospho-D-glyceroyl phosphate)	483,520,4
C00186 ((S)-Lactate)	627,868,4
C15972 (Enzyme N6-(lipoyl)lysine)	314,911,4
C00469 (Ethanol)	550,958,4
C00022 (Pyruvate)	483,868,4
C05125 (2-(alpha-Hydroxyethyl)thiamine diphosphate)	378,868,4
C00024 (Acetyl-CoA)	146,868,4
C00084 (Acetaldehyde)	378,958,4
C16255 ([Dihydrolipoyllysine-residue acetyltransferase] S-acetyldihydrolipoyllysine)	265,868,4
C15973 (Enzyme N6-(dihydrolipoyl)lysine)	212,911,4
C05378 (beta-D-Fructose 1,6-bisphosphate)	483,373,4
C06186 (Arbutin)	132,359,4
C06187 (Arbutin 6-phosphate)	239,359,4
C06188 (Salicin 6-phosphate)	239,385,4
C01451 (Salicin)	132,385,4
C00036 (Oxaloacetate)	146,736,4
C01159 (2,3-Bisphospho-D-glycerate)	568,556,4
C00118 (D-Glyceraldehyde 3-phosphate)	483,448,4
C00068 (Thiamin diphosphate)	378,825,4
11674 (Aldoa)	460,398,506,415
11676 (Aldoc)	460,398,506,415
230163 (Aldob)	460,398,506,415
353204 (Aldoart1)	460,398,506,415
110695 (Aldh7a1)	261,939,307,956
11669 (Aldh2)	261,939,307,956
11671 (Aldh3a2)	261,939,307,956
56752 (Aldh9a1)	261,939,307,956
72535 (Aldh1b1)	261,939,307,956
11670 (Aldh3a1)	236,960,282,977
56847 (Aldh1a3)	236,960,282,977
621603 (Aldh3b2)	236,960,282,977
67689 (Aldh3b1)	236,960,282,977
73458 (Aldh3b3)	236,960,282,977
58810 (Akr1a1)	464,939,510,956
11522 (Adh1)	416,932,462,949
11529 (Adh7)	416,932,462,949
11532 (Adh5)	416,932,462,949
26876 (Adh4)	416,932,462,949
18597 (Pdha1)	408,849,454,866
18598 (Pdha2)	408,849,454,866
68263 (Pdhb)	408,849,454,866
18597 (Pdha1)	296,861,342,878
18598 (Pdha2)	296,861,342,878
68263 (Pdhb)	296,861,342,878
235339 (Dlat)	187,861,233,878
106557 (Ldhal6b)	535,860,581,877
16828 (Ldha)	535,860,581,877
16832 (Ldhb)	535,860,581,877
16833 (Ldhc)	535,860,581,877
18746 (Pkm)	460,762,506,779
18770 (Pklr)	460,762,506,779
13806 (Eno1)	460,692,506,709
13807 (Eno2)	460,692,506,709
13808 (Eno3)	460,692,506,709
226265 (Eno4)	460,692,506,709
433182 (Eno1b)	460,692,506,709
12183 (Bpgm)	435,621,481,638
18648 (Pgam1)	435,621,481,638
56012 (Pgam2)	435,621,481,638
14433 (Gapdh)	435,475,481,492
14447 (Gapdhs)	435,475,481,492
21991 (Tpi1)	363,440,409,457
18641 (Pfkl)	435,327,481,344
18642 (Pfkm)	435,327,481,344
56421 (Pfkp)	435,327,481,344
14120 (Fbp2)	385,327,431,344
14121 (Fbp1)	385,327,431,344
14751 (Gpi1)	460,256,506,273
66681 (Pgm1)	460,169,506,186
72157 (Pgm2)	460,169,506,186
14751 (Gpi1)	362,293,408,310
15275 (Hk1)	210,282,256,299
15277 (Hk2)	210,282,256,299
212032 (Hk3)	210,282,256,299
216019 (Hkdc1)	210,282,256,299
103988 (Gck)	210,303,256,320
14751 (Gpi1)	334,255,380,272
319625 (Galm)	158,255,204,272
103988 (Gck)	210,230,256,247
15275 (Hk1)	210,209,256,226
15277 (Hk2)	210,209,256,226
212032 (Hk3)	210,209,256,226
216019 (Hkdc1)	210,209,256,226
14377 (G6pc)	307,184,353,201
14378 (G6pc2)	307,184,353,201
68401 (G6pc3)	307,184,353,201
13382 (Dld)	239,904,285,921
18655 (Pgk1)	460,548,506,565
18663 (Pgk2)	460,548,506,565
18534 (Pck1)	216,717,262,734
74551 (Pck2)	216,717,262,734
12183 (Bpgm)	508,584,554,601
12183 (Bpgm)	508,512,554,529
60525 (Acss2)	73,907,119,924
68738 (Acss1)	73,907,119,924
72141 (Adpgk)	258,230,304,247
72141 (Adpgk)	258,303,304,320
17330 (Minpp1)	548,621,594,638
mmu00030: Pentose phosphate pathway	625,220,687,457
mmu00500: Starch and sucrose metabolism	429,59,539,93
mmu00620: Pyruvate metabolism	345,746,423,780
mmu00020: Citrate cycle (TCA cycle)	40,723,87,877
mmu00010: Glycolysis / Gluconeogenesis	40,45,283,70
mmu00640: Propanoate metabolism	565,912,692,937
map00710: Carbon fixation in photosynthetic organisms	177,579,330,613
