C00002 (ATP)	513,709,4
C00022 (Pyruvate)	513,761,4
C00238 (Potassium cation)	318,728,4
C00031 (D-Glucose)	182,761,4
C00162 (Fatty acid)	182,378,4
C00076 (Calcium cation)	347,657,4
C00031 (D-Glucose)	101,539,4
18746 (Pkm)	409,753,455,770
18770 (Pklr)	409,753,455,770
18706 (Pik3ca)	492,241,538,258
18707 (Pik3cd)	492,241,538,258
18708 (Pik3r1)	492,241,538,258
18709 (Pik3r2)	492,241,538,258
18710 (Pik3r3)	492,241,538,258
74769 (Pik3cb)	492,241,538,258
20528 (Slc2a4)	492,135,538,152
16367 (Irs1)	409,241,455,258
16337 (Insr)	243,241,289,258
16333 (Ins1)	160,241,206,258
16334 (Ins2)	160,241,206,258
12702 (Socs3)	326,304,372,321
12703 (Socs1)	326,304,372,321
216233 (Socs2)	326,304,372,321
67296 (Socs4)	326,304,372,321
26413 (Mapk1)	326,331,372,348
26417 (Mapk3)	326,331,372,348
11450 (Adipoq)	160,135,206,152
16150 (Ikbkb)	326,359,372,376
18753 (Prkcd)	326,457,372,474
18754 (Prkce)	326,457,372,474
18609 (Pdx1)	409,588,455,605
16367 (Irs1)	409,263,455,280
16369 (Irs3)	409,263,455,280
16370 (Irs4)	409,263,455,280
384783 (Irs2)	409,263,455,280
26414 (Mapk10)	326,379,372,396
26419 (Mapk8)	326,379,372,396
26420 (Mapk9)	326,379,372,396
18762 (Prkcz)	326,428,372,445
21926 (Tnf)	160,408,206,425
26414 (Mapk10)	346,580,392,597
26419 (Mapk8)	346,580,392,597
26420 (Mapk9)	346,580,392,597
12286 (Cacna1a)	243,649,289,666
12287 (Cacna1b)	243,649,289,666
12288 (Cacna1c)	243,649,289,666
12289 (Cacna1d)	243,649,289,666
12290 (Cacna1e)	243,649,289,666
12291 (Cacna1g)	243,649,289,666
16333 (Ins1)	575,605,621,622
16334 (Ins2)	575,605,621,622
103988 (Gck)	326,753,372,770
15275 (Hk1)	326,753,372,770
15277 (Hk2)	326,753,372,770
212032 (Hk3)	326,753,372,770
216019 (Hkdc1)	326,753,372,770
56717 (Mtor)	326,408,372,425
378435 (Mafa)	409,622,455,639
20526 (Slc2a2)	243,753,289,770
16514 (Kcnj11)	243,719,289,736
20927 (Abcc8)	243,702,289,719
mmu04930: Type II diabetes mellitus	40,45,272,70
mmu04920: Adipocytokine signaling pathway	295,152,401,186
mmu04910: Insulin signaling pathway	295,203,401,235
mmu04920: Adipocytokine signaling pathway	137,332,243,366
mmu04210: Apoptosis	477,546,547,571
mmu04950: Maturity onset diabetes of the young	660,557,786,591
