C00195 (N-Acylsphingosine)	639,212,4
C00638 (Long-chain fatty acid)	308,688,4
C15493 (9-cis-Retinoic acid)	224,758,4
C00165 (Diacylglycerol)	639,159,4
C00083 (Malonyl-CoA)	474,810,4
C00040 (Acyl-CoA)	711,212,4
C00162 (Fatty acid)	796,113,4
18033 (Nfkb1)	368,238,414,255
19697 (Rela)	368,238,414,255
18035 (Nfkbia)	451,238,497,255
18036 (Nfkbib)	451,238,497,255
18037 (Nfkbie)	451,238,497,255
19247 (Ptpn11)	202,525,248,542
12702 (Socs3)	368,342,414,359
12894 (Cpt1a)	688,802,734,819
12895 (Cpt1b)	688,802,734,819
78070 (Cpt1c)	688,802,734,819
14377 (G6pc)	393,681,439,698
14378 (G6pc2)	393,681,439,698
68401 (G6pc3)	393,681,439,698
18534 (Pck1)	344,681,390,698
74551 (Pck2)	344,681,390,698
14081 (Acsl1)	773,204,819,221
216739 (Acsl6)	773,204,819,221
328845 (Acsbg2)	773,204,819,221
433256 (Acsl5)	773,204,819,221
50790 (Acsl4)	773,204,819,221
74205 (Acsl3)	773,204,819,221
78625 (1700061G19Rik)	773,204,819,221
94180 (Acsbg1)	773,204,819,221
16846 (Lep)	36,473,82,490
18976 (Pomc)	534,473,580,490
105787 (Prkaa1)	451,507,497,524
108079 (Prkaa2)	451,507,497,524
108097 (Prkab2)	451,507,497,524
108099 (Prkag2)	451,507,497,524
19079 (Prkab1)	451,507,497,524
19082 (Prkag1)	451,507,497,524
241113 (Prkag3)	451,507,497,524
105787 (Prkaa1)	285,802,331,819
108079 (Prkaa2)	285,802,331,819
108097 (Prkab2)	285,802,331,819
108099 (Prkag2)	285,802,331,819
19079 (Prkab1)	285,802,331,819
19082 (Prkag1)	285,802,331,819
241113 (Prkag3)	285,802,331,819
11450 (Adipoq)	36,802,82,819
100705 (Acacb)	368,802,414,819
19013 (Ppara)	285,733,331,750
68465 (Adipor2)	119,802,165,819
72674 (Adipor1)	119,802,165,819
18761 (Prkcq)	534,152,580,169
16847 (Lepr)	119,473,165,490
207565 (Camkk2)	202,802,248,819
20869 (Stk11)	202,802,248,819
109648 (Npy)	534,541,580,558
20181 (Rxra)	285,750,331,767
20182 (Rxrb)	285,750,331,767
20183 (Rxrg)	285,750,331,767
20525 (Slc2a1)	368,836,414,853
20528 (Slc2a4)	368,836,414,853
12675 (Chuk)	451,186,497,203
16150 (Ikbkb)	451,186,497,203
16151 (Ikbkg)	451,186,497,203
21938 (Tnfrsf1b)	119,169,165,186
11604 (Agrp)	534,507,580,524
20848 (Stat3)	285,473,331,490
26414 (Mapk10)	451,152,497,169
26419 (Mapk8)	451,152,497,169
26420 (Mapk9)	451,152,497,169
11651 (Akt1)	534,238,580,255
11652 (Akt2)	534,238,580,255
23797 (Akt3)	534,238,580,255
56717 (Mtor)	451,118,497,135
22030 (Traf2)	285,152,331,169
16367 (Irs1)	532,213,578,229
16369 (Irs3)	532,213,578,229
16370 (Irs4)	532,213,578,229
384783 (Irs2)	532,213,578,229
21937 (Tnfrsf1a)	119,135,165,152
12491 (Cd36)	773,152,819,169
19017 (Ppargc1a)	368,525,414,542
71609 (Tradd)	202,135,248,152
16452 (Jak2)	202,473,248,490
21926 (Tnf)	36,152,82,169
mmu04920: Adipocytokine signaling pathway	40,45,330,70
mmu04910: Insulin signaling pathway	553,309,694,334
mmu04010: MAPK signaling pathway	176,616,281,650
