C00388 (Histamine)	1031,148,4
C02166 (Leukotriene C4)	1030,179,4
C00696 (Prostaglandin D2)	1030,239,4
C04598 (2-Acetyl-1-alkyl-sn-glycero-3-phosphocholine)	1030,120,4
C05951 (Leukotriene D4)	1026,507,4
C04598 (2-Acetyl-1-alkyl-sn-glycero-3-phosphocholine)	1027,560,4
C05951 (Leukotriene D4)	1030,209,4
C05951 (Leukotriene D4)	1026,533,4
100504404 (H2-Ea-ps)	142,287,188,304
14960 (H2-Aa)	142,287,188,304
14961 (H2-Ab1)	142,287,188,304
14969 (H2-Eb1)	142,287,188,304
14998 (H2-DMa)	142,287,188,304
14999 (H2-DMb1)	142,287,188,304
15000 (H2-DMb2)	142,287,188,304
15001 (H2-Oa)	142,287,188,304
15002 (H2-Ob)	142,287,188,304
21947 (Cd40lg)	445,274,491,291
21939 (Cd40)	526,274,572,291
100504404 (H2-Ea-ps)	526,298,572,315
14960 (H2-Aa)	526,298,572,315
14961 (H2-Ab1)	526,298,572,315
14969 (H2-Eb1)	526,298,572,315
14998 (H2-DMa)	526,298,572,315
14999 (H2-DMb1)	526,298,572,315
15000 (H2-DMb2)	526,298,572,315
15001 (H2-Oa)	526,298,572,315
15002 (H2-Ob)	526,298,572,315
16153 (Il10)	680,105,726,122
16198 (Il9)	680,81,726,98
14125 (Fcer1a)	818,143,864,160
14126 (Ms4a2)	818,143,864,160
14127 (Fcer1g)	818,143,864,160
14125 (Fcer1a)	818,167,864,184
14126 (Ms4a2)	818,167,864,184
14127 (Fcer1g)	818,167,864,184
16189 (Il4)	680,59,726,76
16189 (Il4)	480,346,526,363
16163 (Il13)	480,372,526,389
19074 (Prg2)	1004,424,1050,441
16189 (Il4)	444,427,490,444
16163 (Il13)	444,450,490,467
16189 (Il4)	181,228,227,245
13861 (Epx)	1004,472,1050,489
20292 (Ccl11)	715,533,761,550
16191 (Il5)	618,455,664,472
16187 (Il3)	875,312,921,329
16191 (Il5)	875,337,921,354
16189 (Il4)	774,328,820,345
21926 (Tnf)	774,375,820,392
16163 (Il13)	774,351,820,368
mmu04060: Cytokine-cytokine receptor interaction	268,435,380,469
mmu04630: JAK-STAT signaling pathway	268,502,381,536
mmu04664: Fc epsilon RI signaling pathway	845,63,958,97
mmu04660: T cell receptor signaling pathway	233,175,346,209
mmu04612: Antigen processing and presentation	133,369,245,403
mmu04514: Cell adhesion molecules (CAMs)	359,175,472,209
mmu04662: B cell receptor signaling pathway	618,349,730,383
mmu05310: Asthma	40,45,123,70
