21374 (Tbp)	186,516,232,533
227606 (Tbpl2)	186,516,232,533
237336 (Tbpl1)	186,516,232,533
270627 (Taf1)	232,506,278,523
319944 (Taf2)	232,523,278,540
209361 (Taf3)	187,576,233,593
228980 (Taf4)	233,576,279,593
72504 (Taf4b)	233,576,279,593
102162 (Taf5l)	233,559,279,576
226182 (Taf5)	233,559,279,576
21343 (Taf6)	279,559,325,576
225895 (Taf6l)	279,559,325,576
24074 (Taf7)	278,506,324,523
619332 (Taf7l2)	278,506,324,523
74469 (Taf7l)	278,506,324,523
63856 (Taf8)	187,559,233,576
108143 (Taf9)	279,576,325,593
407786 (Taf9b)	279,576,325,593
24075 (Taf10)	187,593,233,610
68776 (Taf11)	325,559,371,576
229906 (Gtf2b)	110,503,156,520
71828 (Gtf2a1l)	50,503,96,520
83602 (Gtf2a1)	50,503,96,520
235459 (Gtf2a2)	50,520,96,537
14886 (Gtf2i)	422,578,468,595
57080 (Gtf2ird1)	422,578,468,595
98053 (Gtf2f1)	449,504,495,521
68705 (Gtf2f2)	449,521,495,538
13871 (Ercc2)	567,521,613,538
74197 (Gtf2e1)	385,504,431,521
99169	385,504,431,521
68153 (Gtf2e2)	385,521,431,538
14884 (Gtf2h1)	521,504,567,521
23894 (Gtf2h2)	567,504,613,521
209357 (Gtf2h3)	613,504,659,521
14885 (Gtf2h4)	659,504,705,521
13872 (Ercc3)	521,521,567,538
66464 (Taf12)	233,593,279,610
99730 (Taf13)	325,576,371,593
70439 (Taf15)	325,593,371,610
66467 (Gtf2h5)	613,521,659,538
12572 (Cdk7)	521,538,567,555
17420 (Mnat1)	567,538,613,555
66671 (Ccnh)	613,538,659,555
mmu03022: Basal transcription factors	40,45,401,70
mmu03020: RNA polymerase	461,230,553,255
mmu03420: Nucleotide excision repair	543,577,643,611
