G13045	358,475,4
G12396 (6-(alpha-D-glucosaminyl)-1D-myo-inositol)	477,189,4
G00145	356,272,4
G00143	245,189,4
G00144	356,189,4
G00146	246,272,4
G13046	247,475,4
G13128	246,373,4
C00350 (Phosphatidylethanolamine)	519,397,4
G13044	478,475,4
G00149	478,373,4
G00148	357,373,4
C00350 (Phosphatidylethanolamine)	266,408,4
G10617 (Dolichyl phosphate D-mannose)	341,304,4
C00154 (Palmitoyl-CoA)	393,215,4
G10610 (UDP-N-acetyl-D-glucosamine)	117,219,4
C01194 (1-Phosphatidyl-D-myo-inositol)	104,189,4
66268 (Pigyl)	177,197,223,214
13481 (Dpm2)	155,214,201,231
14755 (Pigq)	131,197,177,214
56176 (Pigp)	177,180,223,197
110417 (Pigh)	131,180,177,197
67292 (Pigc)	177,163,223,180
72084 (Pigx)	281,272,327,289
228812 (Pigu)	402,492,448,509
78928 (Pigt)	423,475,469,492
276846 (Pigs)	377,475,423,492
67556 (Pigm)	281,255,327,272
18701 (Pigf)	478,420,524,437
327942 (Pigl)	275,179,321,196
329777 (Pigk)	423,458,469,475
55981 (Pigb)	398,365,444,382
14731 (Gpaa1)	377,458,423,475
241062 (Pgap1)	286,467,332,484
27392 (Pign)	278,365,324,382
18700 (Piga)	131,163,177,180
14756 (Gpld1)	387,181,433,198
56703 (Pigo)	432,420,478,437
70325 (Pigw)	333,228,379,245
230801 (Pigv)	223,322,269,339
239827 (Pigz)	82,597,112,597,112,601,82,601
55981 (Pigb)	159,597,189,597,189,601,159,601
230801 (Pigv)	236,597,266,597,266,601,236,601
67556 (Pigm)	312,597,342,597,342,601,312,601
18700 (Piga)	390,597,420,597,420,601,390,601
56703 (Pigo)	136,555,136,585,140,585,140,555
433931 (Pigg)	212,555,212,585,216,585,216,555
27392 (Pign)	289,555,289,585,293,585,293,555
329777 (Pigk)	82,548,112,548,112,552,82,552
mmu00564: Glycerophospholipid metabolism	44,102,166,136
mmu00563: Glycosylphosphatidylinositol (GPI)-anchor biosynthesis	40,45,515,70
mmu00510: N-Glycan biosynthesis	419,287,495,321
