C00076 (Calcium cation)	137,370,4
C00416 (Phosphatidate)	629,381,4
C00219 (Arachidonate)	628,351,4
C00165 (Diacylglycerol)	398,323,4
C01245 (D-myo-Inositol 1,4,5-trisphosphate)	429,246,4
C00076 (Calcium cation)	541,180,4
C00575 (3',5'-Cyclic AMP)	615,116,4
18750 (Prkca)	421,361,467,378
18751 (Prkcb)	421,361,467,378
18753 (Prkcd)	421,361,467,378
104110 (Adcy4)	466,108,512,125
104111 (Adcy3)	466,108,512,125
11512 (Adcy6)	466,108,512,125
11513 (Adcy7)	466,108,512,125
11514 (Adcy8)	466,108,512,125
11515 (Adcy9)	466,108,512,125
210044 (Adcy2)	466,108,512,125
224129 (Adcy5)	466,108,512,125
432530 (Adcy1)	466,108,512,125
12640 (Cga)	1017,301,1063,318
16866 (Lhb)	963,301,1009,318
18795 (Plcb1)	329,274,375,291
18796 (Plcb2)	329,274,375,291
18797 (Plcb3)	329,274,375,291
18798 (Plcb4)	329,274,375,291
12540 (Cdc42)	620,414,666,431
11911 (Atf4)	847,108,893,125
108058 (Camk2d)	695,171,741,188
12322 (Camk2a)	695,171,741,188
12323 (Camk2b)	695,171,741,188
12325 (Camk2g)	695,171,741,188
26397 (Map2k3)	622,253,668,270
26399 (Map2k6)	622,253,668,270
19094 (Mapk11)	699,253,745,270
26415 (Mapk13)	699,253,745,270
26416 (Mapk14)	699,253,745,270
29857 (Mapk12)	699,253,745,270
26401 (Map3k1)	547,253,593,270
26405 (Map3k2)	547,253,593,270
26406 (Map3k3)	547,253,593,270
26407 (Map3k4)	547,253,593,270
23939 (Mapk7)	547,297,593,314
18783 (Pla2g4a)	547,341,593,358
211429 (Pla2g4b)	547,341,593,358
232889 (Pla2g4c)	547,341,593,358
271844 (Pla2g4f)	547,341,593,358
329502 (Pla2g4e)	547,341,593,358
78390 (Pla2g4d)	547,341,593,358
16438 (Itpr1)	436,171,482,188
16439 (Itpr2)	436,171,482,188
16440 (Itpr3)	436,171,482,188
12313 (Calm1)	600,171,646,188
12314 (Calm2)	600,171,646,188
12315 (Calm3)	600,171,646,188
494124 (Calm5)	600,171,646,188
70405 (Calml3)	600,171,646,188
75600 (Calml4)	600,171,646,188
80796 (Calm4)	600,171,646,188
14672 (Gna11)	256,255,302,272
14682 (Gnaq)	256,255,302,272
17387 (Mmp14)	168,416,214,433
14715 (Gnrhr)	168,188,214,205
18805 (Pld1)	547,371,593,388
18806 (Pld2)	547,371,593,388
14683 (Gnas)	339,108,385,125
14714 (Gnrh1)	86,188,132,205
20779 (Src)	547,414,593,431
17390 (Mmp2)	123,416,169,433
18747 (Prkaca)	720,108,766,125
18749 (Prkacb)	720,108,766,125
12288 (Cacna1c)	168,360,214,377
12289 (Cacna1d)	168,360,214,377
12292 (Cacna1s)	168,360,214,377
54652 (Cacna1f)	168,360,214,377
13712 (Elk1)	916,540,962,557
26413 (Mapk1)	841,551,887,568
26417 (Mapk3)	841,551,887,568
14308 (Fshb)	1071,301,1117,318
26395 (Map2k1)	644,551,690,568
26396 (Map2k2)	644,551,690,568
110157 (Raf1)	548,551,594,568
15461 (Hras)	432,551,478,568
16653 (Kras)	432,551,478,568
18176 (Nras)	432,551,478,568
20662 (Sos1)	346,551,392,568
20663 (Sos2)	346,551,392,568
14784 (Grb2)	260,551,306,568
13649 (Egfr)	168,492,214,509
15200 (Hbegf)	86,492,132,509
19229 (Ptk2b)	595,511,641,528
26398 (Map2k4)	768,414,814,431
26400 (Map2k7)	768,414,814,431
26414 (Mapk10)	841,414,887,431
26419 (Mapk8)	841,414,887,431
26420 (Mapk9)	841,414,887,431
16476 (Jun)	915,414,961,431
26401 (Map3k1)	694,414,740,431
13653 (Egr1)	916,562,962,579
mmu04912: GnRH signaling pathway	51,28,270,53
mmu04020: Calcium signaling pathway	551,203,662,237
mmu04010: MAPK signaling pathway	681,455,796,489
mmu04060: Cytokine-cytokine receptor interaction	49,524,160,569
mmu04080: Neuroactive ligand-receptor interaction	47,225,162,260
mmu04024: cAMP signaling pathway	557,67,672,101
