D00275 (Cisplatin (JP17/USP/INN))	145,213,4
D01790 (Oxaliplatin (JAN/USAN/INN))	145,246,4
D01363 (Carboplatin (JP17/USP/INN))	145,279,4
11920 (Atm)	1174,495,1220,512
22059 (Trp53)	1174,542,1220,559
12043 (Bcl2)	469,884,515,901
12371 (Casp9)	908,598,954,615
12367 (Casp3)	794,523,840,540
12015 (Bad)	396,801,442,818
11796 (Birc3)	683,568,729,585
11797 (Birc2)	683,568,729,585
11798 (Xiap)	683,568,729,585
11799 (Birc5)	683,568,729,585
11783 (Apaf1)	769,888,815,905
13063 (Cycs)	769,855,815,872
13067 (Cyct)	769,855,815,872
12122 (Bid)	586,679,632,696
12370 (Casp8)	591,523,637,540
14082 (Fadd)	387,523,433,540
14102 (Fas)	221,523,267,540
14103 (Fasl)	131,523,177,540
12028 (Bax)	1342,553,1388,570
12018 (Bak1)	1396,553,1442,570
58801 (Pmaip1)	1452,531,1498,548
170770 (Bbc3)	1452,553,1498,570
14102 (Fas)	1342,522,1388,539
12028 (Bax)	527,765,573,782
12018 (Bak1)	646,765,692,782
12048 (Bcl2l1)	469,861,515,878
170770 (Bbc3)	638,973,684,990
58801 (Pmaip1)	579,973,625,990
20529 (Slc31a1)	221,214,267,231
11977 (Atp7a)	221,338,267,355
11979 (Atp7b)	221,338,267,355
12780 (Abcc2)	221,376,267,393
103140 (Gstt3)	610,318,656,335
14857 (Gsta1)	610,318,656,335
14858 (Gsta2)	610,318,656,335
14859 (Gsta3)	610,318,656,335
14860 (Gsta4)	610,318,656,335
14862 (Gstm1)	610,318,656,335
14863 (Gstm2)	610,318,656,335
14864 (Gstm3)	610,318,656,335
14865 (Gstm4)	610,318,656,335
14866 (Gstm5)	610,318,656,335
14867 (Gstm6)	610,318,656,335
14869 (Gstp2)	610,318,656,335
14870 (Gstp1)	610,318,656,335
14871 (Gstt1)	610,318,656,335
14872 (Gstt2)	610,318,656,335
14873 (Gsto1)	610,318,656,335
211666 (Mgst2)	610,318,656,335
225884 (Gstp3)	610,318,656,335
56615 (Mgst1)	610,318,656,335
66447 (Mgst3)	610,318,656,335
68214 (Gsto2)	610,318,656,335
68312 (Gstm7)	610,318,656,335
75886 (Gstt4)	610,318,656,335
17350 (Mlh1)	1336,131,1382,148
22590 (Xpa)	1208,261,1254,278
13870 (Ercc1)	1261,276,1307,293
21973 (Top2a)	1322,289,1368,306
21974 (Top2b)	1322,289,1368,306
12189 (Brca1)	1374,295,1420,312
17685 (Msh2)	1304,110,1350,127
17686 (Msh3)	1358,110,1404,127
17688 (Msh6)	1358,110,1404,127
13866 (Erbb2)	220,609,266,626
18706 (Pik3ca)	304,609,350,626
18707 (Pik3cd)	304,609,350,626
18708 (Pik3r1)	304,609,350,626
18709 (Pik3r2)	304,609,350,626
18710 (Pik3r3)	304,609,350,626
74769 (Pik3cb)	304,609,350,626
18607 (Pdpk1)	388,609,434,626
11651 (Akt1)	472,609,518,626
11652 (Akt2)	472,609,518,626
23797 (Akt3)	472,609,518,626
26413 (Mapk1)	327,728,373,745
26417 (Mapk3)	327,728,373,745
11977 (Atp7a)	794,375,840,392
11979 (Atp7b)	794,375,840,392
12578 (Cdkn2a)	1263,421,1309,438
17246 (Mdm2)	1260,472,1306,489
12575 (Cdkn1a)	680,649,726,666
80905 (Polh)	1203,129,1249,146
19714 (Rev3l)	1226,152,1272,169
26408 (Map3k5)	792,649,838,666
mmu04115: p53 signaling pathway	1196,602,1320,636
mmu01524: Platinum drug resistance	40,45,292,70
mmu04012: ErbB signaling pathway	329,635,453,669
mmu04210: Apoptosis	824,550,916,575
mmu03420: Nucleotide excision repair	1429,341,1553,375
mmu03430: Mismatch repair	1415,105,1526,130
mmu04110: Cell cycle	779,779,871,804
