C00031 (D-Glucose)	137,509,4
C00195 (N-Acylsphingosine)	669,598,4
C21011 ([Protein]-N(epsilon)-(carboxymethyl)lysine)	216,509,4
C21012 ([Protein]-N(epsilon)-(carboxyethyl)lysine)	216,509,4
C21013 ([Protein]-pyrraline)	216,509,4
C21014 ([Protein]-pentosidine)	216,509,4
C21011 ([Protein]-N(epsilon)-(carboxymethyl)lysine)	216,903,4
C21012 ([Protein]-N(epsilon)-(carboxyethyl)lysine)	216,903,4
C21013 ([Protein]-pyrraline)	216,903,4
C21014 ([Protein]-pentosidine)	216,903,4
C00165 (Diacylglycerol)	467,357,4
C01245 (D-myo-Inositol 1,4,5-trisphosphate)	465,409,4
C00076 (Calcium cation)	511,409,4
13058 (Cybb)	303,541,349,558
237038 (Nox1)	303,541,349,558
50490 (Nox4)	303,541,349,558
11596 (Ager)	267,502,313,519
18033 (Nfkb1)	885,449,931,466
19697 (Rela)	885,449,931,466
11596 (Ager)	267,895,313,912
18751 (Prkcb)	447,895,493,912
26414 (Mapk10)	751,895,797,912
26419 (Mapk8)	751,895,797,912
26420 (Mapk9)	751,895,797,912
13653 (Egr1)	885,895,931,912
15461 (Hras)	646,452,692,469
16653 (Kras)	646,452,692,469
18176 (Nras)	646,452,692,469
19094 (Mapk11)	751,372,797,389
26415 (Mapk13)	751,372,797,389
26416 (Mapk14)	751,372,797,389
29857 (Mapk12)	751,372,797,389
26413 (Mapk1)	751,328,797,345
26417 (Mapk3)	751,328,797,345
21808 (Tgfb2)	183,164,229,181
21809 (Tgfb3)	183,164,229,181
21812 (Tgfbr1)	267,158,313,175
21813 (Tgfbr2)	267,175,313,192
17126 (Smad2)	646,158,692,175
17127 (Smad3)	646,158,692,175
17128 (Smad4)	751,184,797,201
13614 (Edn1)	1122,446,1168,463
14066 (F3)	1072,446,1118,463
21824 (Thbd)	1022,472,1068,489
16175 (Il1a)	1022,426,1068,443
16176 (Il1b)	1022,426,1068,443
16193 (Il6)	1072,426,1118,443
21926 (Tnf)	1022,446,1068,463
22329 (Vcam1)	1022,399,1068,416
15894 (Icam1)	1072,399,1118,416
16476 (Jun)	885,354,931,371
16452 (Jak2)	447,757,493,774
20850 (Stat5a)	646,824,692,841
20851 (Stat5b)	646,824,692,841
12443 (Ccnd1)	1022,823,1068,840
12567 (Cdk4)	1022,840,1068,857
20846 (Stat1)	646,775,692,792
20848 (Stat3)	646,775,692,792
26414 (Mapk10)	751,600,797,617
26419 (Mapk8)	751,600,797,617
26420 (Mapk9)	751,600,797,617
19094 (Mapk11)	751,622,797,639
26415 (Mapk13)	751,622,797,639
26416 (Mapk14)	751,622,797,639
29857 (Mapk12)	751,622,797,639
12028 (Bax)	885,639,931,656
12043 (Bcl2)	885,611,931,628
12367 (Casp3)	1022,624,1068,641
11651 (Akt1)	751,534,797,551
11652 (Akt2)	751,534,797,551
23797 (Akt3)	751,534,797,551
13367 (Diaph1)	389,455,435,472
12825 (Col3a1)	1022,166,1068,183
12826 (Col4a1)	1022,166,1068,183
12827 (Col4a2)	1022,166,1068,183
12828 (Col4a3)	1022,166,1068,183
12829 (Col4a4)	1022,166,1068,183
12830 (Col4a5)	1022,166,1068,183
12842 (Col1a1)	1022,166,1068,183
12843 (Col1a2)	1022,166,1068,183
94216 (Col4a6)	1022,166,1068,183
26414 (Mapk10)	751,449,797,466
26419 (Mapk8)	751,449,797,466
26420 (Mapk9)	751,449,797,466
18706 (Pik3ca)	542,581,588,598
18707 (Pik3cd)	542,581,588,598
18708 (Pik3r1)	542,581,588,598
18709 (Pik3r2)	542,581,588,598
18710 (Pik3r3)	542,581,588,598
74769 (Pik3cb)	542,581,588,598
18127 (Nos3)	646,628,692,645
56458 (Foxo1)	885,577,931,594
12540 (Cdc42)	646,498,692,515
19353 (Rac1)	646,498,692,515
20848 (Stat3)	646,730,692,747
18712 (Pim1)	1022,680,1068,697
18018 (Nfatc1)	1022,729,1068,746
14205 (Vegfd)	1022,349,1068,366
22339 (Vegfa)	1022,349,1068,366
22340 (Vegfb)	1022,349,1068,366
22341 (Vegfc)	1022,349,1068,366
20293 (Ccl12)	1022,378,1068,395
20296 (Ccl2)	1022,378,1068,395
18787 (Serpine1)	1072,378,1118,395
17390 (Mmp2)	1122,399,1168,416
11596 (Ager)	1022,322,1068,339
20339 (Sele)	1122,378,1168,395
12842 (Col1a1)	1022,775,1068,792
12843 (Col1a2)	1022,775,1068,792
18750 (Prkca)	542,371,588,388
18751 (Prkcb)	542,371,588,388
18753 (Prkcd)	542,371,588,388
18754 (Prkce)	542,371,588,388
18762 (Prkcz)	542,371,588,388
18795 (Plcb1)	389,372,435,389
18796 (Plcb2)	389,372,435,389
18797 (Plcb3)	389,372,435,389
18798 (Plcb4)	389,372,435,389
18799 (Plcd1)	389,372,435,389
18802 (Plcd4)	389,372,435,389
18803 (Plcg1)	389,372,435,389
234779 (Plcg2)	389,372,435,389
72469 (Plcd3)	389,372,435,389
74055 (Plce1)	389,372,435,389
21803 (Tgfb1)	1022,285,1068,302
21803 (Tgfb1)	183,185,229,202
11607 (Agtr1a)	267,260,313,277
11608 (Agtr1b)	267,260,313,277
13058 (Cybb)	303,347,349,364
237038 (Nox1)	303,347,349,364
50490 (Nox4)	303,347,349,364
12576 (Cdkn1b)	1022,106,1068,123
14268 (Fn1)	1022,149,1068,166
11606 (Agt)	183,260,229,277
mmu04933: AGE-RAGE signaling pathway in diabetic complications	40,45,510,70
mmu04010: MAPK signaling pathway	811,263,915,297
mmu04350: TGF-beta signaling pathway	369,172,473,206
mmu04151: PI3K-Akt signaling pathway	362,606,471,640
mmu04630: JAK-STAT signaling pathway	358,704,480,738
mmu04110: Cell cycle	1105,807,1174,832
mmu04614: Renin-angiotensin system	371,265,478,299
mmu04020: Calcium signaling pathway	517,330,617,364
