C05981 (Phosphatidylinositol-3,4,5-trisphosphate)	422,613,4
C00777 (Retinoate)	628,120,4
C15493 (9-cis-Retinoic acid)	628,120,4
12447 (Ccne1)	885,368,931,385
12448 (Ccne2)	885,368,931,385
12566 (Cdk2)	885,351,931,368
12443 (Ccnd1)	824,312,870,329
16412 (Itgb1)	200,612,246,629
16398 (Itga2)	200,595,246,612
16399 (Itga2b)	200,595,246,612
16400 (Itga3)	200,595,246,612
16403 (Itga6)	200,595,246,612
16410 (Itgav)	200,595,246,612
22642 (Zbtb17)	737,429,783,446
12576 (Cdkn1b)	823,350,869,367
20181 (Rxra)	821,120,867,137
20182 (Rxrb)	821,120,867,137
20183 (Rxrg)	821,120,867,137
218772 (Rarb)	821,103,867,120
11651 (Akt1)	450,604,496,621
11652 (Akt2)	450,604,496,621
23797 (Akt3)	450,604,496,621
54124 (Cks1b)	810,434,856,451
66197 (Cks2)	810,434,856,451
12371 (Casp9)	530,357,576,374
11783 (Apaf1)	416,371,462,388
17187 (Max)	757,528,803,545
17869 (Myc)	757,511,803,528
19211 (Pten)	370,652,416,669
18706 (Pik3ca)	343,604,389,621
18707 (Pik3cd)	343,604,389,621
18708 (Pik3r1)	343,604,389,621
18709 (Pik3r2)	343,604,389,621
18710 (Pik3r3)	343,604,389,621
74769 (Pik3cb)	343,604,389,621
14083 (Ptk2)	272,604,318,621
14198 (Fhit)	261,136,307,153
13063 (Cycs)	415,341,461,358
13067 (Cyct)	415,341,461,358
12826 (Col4a1)	122,604,168,621
12827 (Col4a2)	122,604,168,621
12828 (Col4a3)	122,604,168,621
12829 (Col4a4)	122,604,168,621
12830 (Col4a5)	122,604,168,621
14268 (Fn1)	122,604,168,621
16772 (Lama1)	122,604,168,621
16773 (Lama2)	122,604,168,621
16774 (Lama3)	122,604,168,621
16775 (Lama4)	122,604,168,621
16776 (Lama5)	122,604,168,621
16777 (Lamb1)	122,604,168,621
16779 (Lamb2)	122,604,168,621
16780 (Lamb3)	122,604,168,621
16782 (Lamc2)	122,604,168,621
226519 (Lamc1)	122,604,168,621
23928 (Lamc3)	122,604,168,621
94216 (Col4a6)	122,604,168,621
11796 (Birc3)	854,595,900,612
11797 (Birc2)	854,595,900,612
11798 (Xiap)	854,595,900,612
329581 (Birc7)	854,595,900,612
12043 (Bcl2)	337,282,383,299
12443 (Ccnd1)	854,560,900,577
18126 (Nos2)	854,698,900,715
19225 (Ptgs2)	854,676,900,693
12675 (Chuk)	525,604,571,621
16150 (Ikbkb)	525,604,571,621
16151 (Ikbkg)	525,604,571,621
18035 (Nfkbia)	599,604,645,621
12048 (Bcl2l1)	854,617,900,634
22029 (Traf1)	854,639,900,656
22030 (Traf2)	854,639,900,656
22031 (Traf3)	854,639,900,656
22032 (Traf4)	854,639,900,656
22033 (Traf5)	854,639,900,656
22034 (Traf6)	854,639,900,656
13555 (E2f1)	963,397,1009,414
13557 (E2f3)	963,397,1009,414
242705 (E2f2)	963,397,1009,414
12567 (Cdk4)	824,295,870,312
12571 (Cdk6)	824,295,870,312
18033 (Nfkb1)	599,637,645,654
19697 (Rela)	599,637,645,654
19645 (Rb1)	963,360,1009,377
27401 (Skp2)	815,391,861,408
12579 (Cdkn2b)	723,294,769,311
12028 (Bax)	350,328,396,345
12367 (Casp3)	615,357,661,374
22059 (Trp53)	779,200,825,217
12575 (Cdkn1a)	909,180,955,197
13197 (Gadd45a)	961,180,1007,197
17873 (Gadd45b)	961,180,1007,197
23882 (Gadd45g)	961,180,1007,197
12028 (Bax)	909,202,955,219
12018 (Bak1)	961,202,1007,219
107986 (Ddb2)	909,224,955,241
27015 (Polk)	961,224,1007,241
mmu04115: p53 signaling pathway	575,159,677,193
mmu04210: Apoptosis	493,304,595,338
mmu04512: ECM-receptor interaction	95,556,197,590
mmu04510: Focal adhesion	257,646,359,680
mmu05222: Small cell lung cancer	40,45,265,70
mmu04210: Apoptosis	1040,608,1142,642
mmu04110: Cell cycle	1029,329,1131,363
mmu04151: PI3K-Akt signaling pathway	446,646,548,680
