C00031 (D-Glucose)	108,845,4
C00092 (D-Glucose 6-phosphate)	285,844,4
C00022 (Pyruvate)	721,844,4
C00031 (D-Glucose)	215,844,4
C00064 (L-Glutamine)	1074,382,4
C00025 (L-Glutamate)	1073,721,4
C00186 ((S)-Lactate)	719,944,4
C00031 (D-Glucose)	111,241,4
C00092 (D-Glucose 6-phosphate)	285,241,4
C00022 (Pyruvate)	719,241,4
C00031 (D-Glucose)	217,241,4
C00024 (Acetyl-CoA)	875,240,4
C00036 (Oxaloacetate)	934,297,4
C00158 (Citrate)	919,784,4
C00311 (Isocitrate)	998,736,4
C00026 (2-Oxoglutarate)	1072,766,4
C00042 (Succinate)	1093,821,4
C00122 (Fumarate)	1076,882,4
C00149 ((S)-Malate)	1008,921,4
C00036 (Oxaloacetate)	930,889,4
C00704 (O2.-)	1229,959,4
C00704 (O2.-)	1217,327,4
C00022 (Pyruvate)	820,971,4
C00085 (D-Fructose 6-phosphate)	365,844,4
C00158 (Citrate)	917,633,4
C00085 (D-Fructose 6-phosphate)	353,241,4
C00186 ((S)-Lactate)	719,340,4
C00074 (Phosphoenolpyruvate)	635,844,4
C00197 (3-Phospho-D-glycerate)	514,844,4
C00074 (Phosphoenolpyruvate)	623,241,4
C00197 (3-Phospho-D-glycerate)	489,241,4
C00065 (L-Serine)	487,658,4
C00037 (Glycine)	514,637,4
C00097 (L-Cysteine)	536,661,4
C00665 (beta-D-Fructose 2,6-bisphosphate)	365,921,4
C00631 (2-Phospho-D-glycerate)	581,844,4
C00354 (D-Fructose 1,6-bisphosphate)	445,844,4
C00631 (2-Phospho-D-glycerate)	556,241,4
C00354 (D-Fructose 1,6-bisphosphate)	421,241,4
C00123 (L-Leucine)	106,1079,4
C00407 (L-Isoleucine)	106,1079,4
C00079 (L-Phenylalanine)	106,1079,4
C00073 (L-Methionine)	106,1079,4
C00135 (L-Histidine)	106,1079,4
C00078 (L-Tryptophan)	106,1079,4
C00183 (L-Valine)	106,1079,4
C00082 (L-Tyrosine)	106,1079,4
C00024 (Acetyl-CoA)	867,633,4
C00311 (Isocitrate)	970,634,4
C00026 (2-Oxoglutarate)	1044,636,4
C00311 (Isocitrate)	1008,146,4
C00036 (Oxaloacetate)	1079,183,4
C00042 (Succinate)	1095,230,4
C00122 (Fumarate)	1083,288,4
C00149 ((S)-Malate)	1017,329,4
C00041 (L-Alanine)	1128,968,4
C00152 (L-Asparagine)	1175,969,4
C00049 (L-Aspartate)	1148,992,4
C00148 (L-Proline)	1119,623,4
C00062 (L-Arginine)	1179,623,4
C00158 (Citrate)	927,186,4
C00024 (Acetyl-CoA)	869,842,4
20525 (Slc2a1)	139,836,185,853
20526 (Slc2a2)	139,836,185,853
103988 (Gck)	213,865,259,882
80879 (Slc16a3)	139,939,185,956
20525 (Slc2a1)	139,232,185,249
20526 (Slc2a2)	139,232,185,249
103988 (Gck)	224,217,270,234
14660 (Gls)	1081,513,1127,530
216456 (Gls2)	1081,513,1127,530
17869 (Myc)	1304,537,1350,554
17869 (Myc)	1302,186,1348,203
50721 (Sirt6)	1286,243,1332,260
15251 (Hif1a)	1305,309,1351,326
15251 (Hif1a)	1300,1003,1346,1020
18597 (Pdha1)	802,851,848,868
18598 (Pdha2)	802,851,848,868
68263 (Pdhb)	802,851,848,868
64384 (Sirt3)	1078,319,1124,336
18746 (Pkm)	640,217,686,234
18746 (Pkm)	639,819,685,836
106557 (Ldhal6b)	727,878,773,895
16828 (Ldha)	727,878,773,895
16832 (Ldhb)	727,878,773,895
16833 (Ldhc)	727,878,773,895
228026 (Pdk1)	791,900,837,917
13649 (Egfr)	139,539,185,556
13866 (Erbb2)	139,539,185,556
14182 (Fgfr1)	139,539,185,556
14183 (Fgfr2)	139,539,185,556
14184 (Fgfr3)	139,539,185,556
14255 (Flt3)	139,539,185,556
16590 (Kit)	139,539,185,556
17295 (Met)	139,539,185,556
18211 (Ntrk1)	139,539,185,556
18213 (Ntrk3)	139,539,185,556
18595 (Pdgfra)	139,539,185,556
18596 (Pdgfrb)	139,539,185,556
19713 (Ret)	139,539,185,556
15461 (Hras)	280,539,326,556
16653 (Kras)	280,539,326,556
18176 (Nras)	280,539,326,556
110157 (Raf1)	489,539,535,556
26395 (Map2k1)	696,539,742,556
26396 (Map2k2)	696,539,742,556
26413 (Mapk1)	904,539,950,556
26417 (Mapk3)	904,539,950,556
13649 (Egfr)	139,987,185,1004
13866 (Erbb2)	139,1009,185,1026
17295 (Met)	139,1031,185,1048
18706 (Pik3ca)	360,1008,406,1025
18707 (Pik3cd)	360,1008,406,1025
18708 (Pik3r1)	360,1008,406,1025
18709 (Pik3r2)	360,1008,406,1025
18710 (Pik3r3)	360,1008,406,1025
74769 (Pik3cb)	360,1008,406,1025
11651 (Akt1)	606,1008,652,1025
11652 (Akt2)	606,1008,652,1025
23797 (Akt3)	606,1008,652,1025
56717 (Mtor)	852,1008,898,1025
20525 (Slc2a1)	1452,646,1498,663
20526 (Slc2a2)	1452,616,1498,633
15275 (Hk1)	1457,764,1503,781
15277 (Hk2)	1457,764,1503,781
212032 (Hk3)	1457,764,1503,781
216019 (Hkdc1)	1457,764,1503,781
18648 (Pgam1)	1457,787,1503,804
56012 (Pgam2)	1457,787,1503,804
18746 (Pkm)	1457,811,1503,828
106557 (Ldhal6b)	1457,836,1503,853
16828 (Ldha)	1457,836,1503,853
16832 (Ldhb)	1457,836,1503,853
16833 (Ldhc)	1457,836,1503,853
228026 (Pdk1)	1457,923,1503,940
14660 (Gls)	1452,536,1498,553
216456 (Gls2)	1452,536,1498,553
64384 (Sirt3)	1081,926,1127,943
50721 (Sirt6)	1281,775,1327,792
15275 (Hk1)	225,818,271,835
15277 (Hk2)	225,818,271,835
212032 (Hk3)	225,818,271,835
216019 (Hkdc1)	225,818,271,835
20514 (Slc1a5)	1052,425,1098,442
20514 (Slc1a5)	1050,91,1096,108
20514 (Slc1a5)	1452,564,1498,581
18597 (Pdha1)	799,248,845,265
18598 (Pdha2)	799,248,845,265
68263 (Pdhb)	799,248,845,265
228026 (Pdk1)	789,298,835,315
80879 (Slc16a3)	139,336,185,353
319801 (Tigar)	303,914,349,931
22059 (Trp53)	324,968,370,985
18641 (Pfkl)	376,857,422,874
18642 (Pfkm)	376,857,422,874
56421 (Pfkp)	376,857,422,874
19211 (Pten)	417,968,463,985
18648 (Pgam1)	529,856,575,873
56012 (Pgam2)	529,856,575,873
100126824 (Sco2)	728,755,774,772
22059 (Trp53)	710,712,756,729
100126824 (Sco2)	718,174,764,191
22059 (Trp53)	700,131,746,148
20539 (Slc7a5)	139,1072,185,1089
14380 (G6pd2)	231,737,277,754
14381 (G6pdx)	231,737,277,754
22059 (Trp53)	214,777,260,794
18641 (Pfkl)	1457,872,1503,889
18642 (Pfkm)	1457,872,1503,889
56421 (Pfkp)	1457,872,1503,889
mmu05230: Central carbon metabolism in cancer	40,45,395,70
mmu00020: Citrate cycle (TCA cycle)	949,220,1061,254
mmu00020: Citrate cycle (TCA cycle)	950,815,1062,849
mmu04066: HIF-1 signaling pathway	1139,863,1251,897
mmu00010: Glycolysis / Gluconeogenesis	185,888,297,922
mmu00010: Glycolysis / Gluconeogenesis	202,169,314,203
mmu04151: PI3K-Akt signaling pathway	479,976,591,1010
mmu04010: MAPK signaling pathway	559,503,671,537
mmu04150: mTOR signaling pathway	672,975,784,1009
mmu00030: Pentose phosphate pathway	229,685,341,719
mmu01212: Fatty acid metabolism	706,613,818,647
mmu00260: Glycine	463,771,575,805
serine and threonine metabolism	463,771,575,805
mmu00190: Oxidative phosphorylation	790,708,902,742
mmu00190: Oxidative phosphorylation	790,136,902,170
mmu00250: Alanine	937,953,1070,987
aspartate and glutamate metabolism	937,953,1070,987
mmu00330: Arginine and proline metabolism	1120,634,1232,668
mmu00471: D-Glutamine and D-glutamate metabolism	917,487,1063,521
