212880 (Ddx46)	57,257,103,274
53817 (Ddx39b)	57,277,103,294
20637 (Snrnp70)	675,150,721,167
53607 (Snrpa)	675,167,721,184
20630 (Snrpc)	675,184,721,201
69192 (Dhx16)	410,521,456,538
64340 (Dhx38)	526,378,572,395
71713 (Cdc40)	526,398,572,415
54614 (Prpf40b)	675,222,721,239
56194 (Prpf40a)	675,222,721,239
67039 (Rbm25)	675,242,721,259
217207 (Dhx8)	517,260,563,277
13204 (Dhx15)	446,155,492,172
107686 (Snrpd2)	675,133,721,150
20638 (Snrpb)	675,133,721,150
20641 (Snrpd1)	675,133,721,150
20643 (Snrpe)	675,133,721,150
67332 (Snrpd3)	675,133,721,150
68011 (Snrpg)	675,133,721,150
69878 (Snrpf)	675,133,721,150
13207 (Ddx5)	675,262,721,279
56070 (Tcerg1)	675,282,721,299
107686 (Snrpd2)	740,133,786,150
20638 (Snrpb)	740,133,786,150
20641 (Snrpd1)	740,133,786,150
20643 (Snrpe)	740,133,786,150
67332 (Snrpd3)	740,133,786,150
68011 (Snrpg)	740,133,786,150
69878 (Snrpf)	740,133,786,150
68981 (Snrpa1)	740,150,786,167
20639 (Snrpb2)	740,167,786,184
20222 (Sf3a2)	740,183,786,200
67465 (Sf3a1)	740,183,786,200
75062 (Sf3a3)	740,183,786,200
101943 (Sf3b3)	740,200,786,217
107701 (Sf3b4)	740,200,786,217
319322 (Sf3b2)	740,200,786,217
66055 (Sf3b6)	740,200,786,217
66125 (Sf3b5)	740,200,786,217
68479 (Phf5a)	740,200,786,217
72047 (Ddx42)	740,200,786,217
81898 (Sf3b1)	740,200,786,217
108121 (U2af1)	740,242,786,259
22185 (U2af2)	740,242,786,259
233073 (U2af1l4)	740,242,786,259
67959 (Puf60)	740,262,786,279
76479 (Smndc1)	740,282,786,299
76938 (Rbm17)	740,302,786,319
27967 (Cherp)	740,322,786,339
67958 (U2surp)	740,342,786,359
13204 (Dhx15)	740,362,786,379
433702 (Ncbp1)	870,473,916,490
68092 (Ncbp2)	870,473,916,490
15381 (Hnrnpc)	870,493,916,510
15382 (Hnrnpa1)	870,493,916,510
15387 (Hnrnpk)	870,493,916,510
19655 (Rbmx)	870,493,916,510
19656 (Rbmxl1)	870,493,916,510
229279 (Hnrnpa3)	870,493,916,510
23983 (Pcbp1)	870,493,916,510
51810 (Hnrnpu)	870,493,916,510
545091 (Hnrnpa1l2-ps2)	870,493,916,510
76572 (Rbmxl2)	870,493,916,510
76936 (Hnrnpm)	870,493,916,510
101214 (Tra2a)	870,513,916,530
108014 (Srsf9)	870,513,916,530
110809 (Srsf1)	870,513,916,530
14105 (Srsf10)	870,513,916,530
20382 (Srsf2)	870,513,916,530
20383 (Srsf3)	870,513,916,530
20384 (Srsf5)	870,513,916,530
20462 (Tra2b)	870,513,916,530
225027 (Srsf7)	870,513,916,530
57317 (Srsf4)	870,513,916,530
67996 (Srsf6)	870,513,916,530
28000 (Prpf19)	675,473,721,490
71702 (Cdc5l)	675,490,721,507
68183 (Bcas2)	675,507,721,524
53317 (Plrg1)	675,524,721,541
66070 (Cwc15)	675,541,721,558
66642 (Ctnnbl1)	675,558,721,575
15481 (Hspa8)	675,575,721,592
15482 (Hspa1l)	675,575,721,592
15511 (Hspa1b)	675,575,721,592
15512 (Hspa2)	675,575,721,592
193740 (Hspa1a)	675,575,721,592
54633 (Pqbp1)	675,599,721,616
66877 (Crnkl1)	740,493,786,510
67439 (Xab2)	740,493,786,510
68592 (Syf2)	740,493,786,510
60321 (Wbp11)	675,616,721,633
66354 (Snw1)	740,473,786,490
57905 (Isy1)	740,513,786,530
68816 (Ppil1)	740,533,786,550
56031 (Ppie)	740,553,786,570
72654 (Ccdc12)	740,573,786,590
66810 (Rbm22)	740,593,786,610
11834 (Aqr)	740,633,786,650
27756 (Lsm2)	805,150,851,167
50783 (Lsm4)	805,150,851,167
66094 (Lsm7)	805,150,851,167
66373 (Lsm5)	805,150,851,167
67678 (Lsm3)	805,150,851,167
76522 (Lsm8)	805,150,851,167
78651 (Lsm6)	805,150,851,167
107686 (Snrpd2)	805,167,851,184
20638 (Snrpb)	805,167,851,184
20641 (Snrpd1)	805,167,851,184
20643 (Snrpe)	805,167,851,184
67332 (Snrpd3)	805,167,851,184
68011 (Snrpg)	805,167,851,184
69878 (Snrpf)	805,167,851,184
68988 (Prpf31)	805,234,851,251
66101 (Ppih)	805,218,851,235
70052 (Prpf4)	805,201,851,218
70767 (Prpf3)	805,184,851,201
100862468	805,251,851,268
20826 (Snu13)	805,251,851,268
107686 (Snrpd2)	870,133,916,150
20638 (Snrpb)	870,133,916,150
20641 (Snrpd1)	870,133,916,150
20643 (Snrpe)	870,133,916,150
67332 (Snrpd3)	870,133,916,150
68011 (Snrpg)	870,133,916,150
69878 (Snrpf)	870,133,916,150
20624 (Eftud2)	870,150,916,167
320632 (Snrnp200)	870,167,916,184
68879 (Prpf6)	870,184,916,201
192159 (Prpf8)	870,201,916,218
66585 (Snrnp40)	870,218,916,235
74351 (Ddx23)	870,235,916,252
27366 (Txnl4a)	870,252,916,269
66618 (Snrnp27)	805,310,851,327
28035 (Usp39)	805,327,851,344
20227 (Sart1)	805,344,851,361
56215 (Acin1)	805,473,851,490
192170 (Eif4a3)	805,490,851,507
668137 (Eif4a3l1)	805,490,851,507
60365 (Rbm8a)	805,507,851,524
17149 (Magoh)	805,524,851,541
66441 (Magohb)	805,524,851,541
53817 (Ddx39b)	805,541,851,558
100043292 (Gm4340)	805,558,851,575
21681 (Alyref)	805,558,851,575
225160 (Thoc1)	805,558,851,575
331401 (Thoc2)	805,558,851,575
56009 (Alyref2)	805,558,851,575
73666 (Thoc3)	805,558,851,575
217207 (Dhx8)	575,378,621,395
193116 (Slu7)	575,398,621,415
66492 (Zmat2)	805,370,851,387
230596 (Prpf38a)	805,390,851,407
66921 (Prpf38b)	805,390,851,407
67229 (Prpf18)	526,418,572,435
231889 (Bud31)	740,613,786,630
55934 (Rp9)	740,382,786,399
55934 (Rp9)	805,410,851,427
mmu03040: Spliceosome	40,45,169,70
