G10596	637,317,4
G00022	537,685,4
G00021	629,685,4
G00020	721,685,4
G00019	721,638,4
G00018 (DS 3)	537,731,4
G00017	629,731,4
G00016	721,731,4
G00015	820,638,4
G00014	820,571,4
G00013	820,501,4
G00012	723,501,4
G00011	543,501,4
G00171	362,501,4
G00009	261,501,4
G00008	261,409,4
G00007	453,317,4
G00006	736,226,4
G00005	637,121,4
G00004	545,121,4
G00003	453,121,4
G00002 (N,N'-Chitobiosyldiphosphodolichol)	362,121,4
G00001 (N-Acetyl-D-glucosaminyldiphosphodolichol)	261,121,4
C03021 (Protein asparagine)	302,431,4
C01246 (Dolichyl beta-D-glucosyl phosphate)	362,336,4
C03862 (Dolichyl phosphate D-mannose)	637,247,4
C00621 (Dolichyl diphosphate)	180,474,4
C00381 (Dolichol)	67,335,4
C00110 (Dolichyl phosphate)	180,336,4
G10526	736,121,4
G10595	736,317,4
G10597	545,317,4
G10598	453,409,4
G10599	362,409,4
G00010	453,501,4
C00096 (GDP-mannose)	372,177,4
C06081 (Polyprenol)	67,260,4
G10694	633,501,4
66789 (Alg14)	282,121,328,138
68563 (Dpm3)	429,247,475,264
13481 (Dpm2)	384,247,430,264
320438 (Alg6)	430,359,476,376
223774 (Alg12)	573,309,619,326
102580 (Alg9)	669,309,715,326
208624 (Alg3)	714,265,760,282
107895 (Mgat5)	650,676,696,693
268510 (Mgat5b)	650,676,696,693
57170 (Dolpp1)	156,400,202,417
53618 (Fut8)	742,722,788,739
67569 (Mgat4c)	559,676,605,693
14595 (B4galt1)	650,723,696,740
53418 (B4galt2)	650,723,696,740
57370 (B4galt3)	650,723,696,740
20440 (St6gal1)	559,723,605,740
240119 (St6gal2)	559,723,605,740
17309 (Mgat3)	742,631,788,648
217664 (Mgat2)	798,594,844,611
140481 (Man2a2)	798,524,844,541
17158 (Man2a1)	798,524,844,541
227619 (Man1b1)	557,492,603,509
103534 (Mgat4b)	742,676,788,693
269181 (Mgat4a)	742,676,788,693
67555 (Mgat4d)	742,676,788,693
14376 (Ganab)	384,492,430,509
57377 (Mogs)	282,492,328,509
207958 (Alg11)	714,181,760,198
16430 (Stt3a)	215,446,261,463
68292 (Stt3b)	215,446,261,463
66248 (Alg5)	248,337,294,354
56737 (Alg2)	475,113,521,130
208211 (Alg1)	384,113,430,130
320302 (Glt28d2)	282,104,328,121
67574 (Alg13)	282,104,328,121
13480 (Dpm1)	409,230,455,247
13478 (Dpagt1)	190,113,236,130
227697 (Dolk)	100,318,146,335
380959 (Alg10b)	138,905,158,905,158,909,138,909
223774 (Alg12)	394,819,409,834,413,834,398,819
381903 (Alg8)	198,905,218,905,218,909,198,909
320438 (Alg6)	259,905,279,905,279,909,259,909
207958 (Alg11)	323,905,343,905,343,909,323,909
207958 (Alg11)	388,905,408,905,408,909,388,909
102580 (Alg9)	330,863,350,863,350,867,330,867
102580 (Alg9)	330,814,350,814,350,818,330,818
208624 (Alg3)	392,865,407,850,411,850,396,865
56737 (Alg2)	453,845,473,865,477,865,457,845
56737 (Alg2)	452,905,472,885,476,885,456,905
208211 (Alg1)	515,873,535,873,535,877,515,877
320302 (Glt28d2)	593,873,613,873,613,877,593,877
66789 (Alg14)	593,873,613,873,613,877,593,877
67574 (Alg13)	593,873,613,873,613,877,593,877
13478 (Dpagt1)	671,873,691,873,691,877,671,877
57377 (Mogs)	136,1048,156,1048,156,1052,136,1052
140481 (Man2a2)	392,962,407,977,411,977,396,962
17158 (Man2a1)	392,962,407,977,411,977,396,962
14376 (Ganab)	196,1048,216,1048,216,1052,196,1052
14376 (Ganab)	257,1048,277,1048,277,1052,257,1052
17155 (Man1a)	321,1048,341,1048,341,1052,321,1052
17156 (Man1a2)	321,1048,341,1048,341,1052,321,1052
230815 (Man1c1)	321,1048,341,1048,341,1052,321,1052
17155 (Man1a)	386,1048,406,1048,406,1052,386,1052
17156 (Man1a2)	386,1048,406,1048,406,1052,386,1052
230815 (Man1c1)	386,1048,406,1048,406,1052,386,1052
227619 (Man1b1)	328,1006,348,1006,348,1010,328,1010
17155 (Man1a)	328,957,348,957,348,961,328,961
17156 (Man1a2)	328,957,348,957,348,961,328,961
230815 (Man1c1)	328,957,348,957,348,961,328,961
140481 (Man2a2)	390,1008,405,993,409,993,394,1008
17158 (Man2a1)	390,1008,405,993,409,993,394,1008
107895 (Mgat5)	296,1103,311,1118,315,1118,300,1103
268510 (Mgat5b)	296,1103,311,1118,315,1118,300,1103
103534 (Mgat4b)	296,1206,311,1221,315,1221,300,1206
269181 (Mgat4a)	296,1206,311,1221,315,1221,300,1206
67555 (Mgat4d)	296,1206,311,1221,315,1221,300,1206
20440 (St6gal1)	159,1158,179,1158,179,1162,159,1162
240119 (St6gal2)	159,1158,179,1158,179,1162,159,1162
217664 (Mgat2)	295,1159,310,1144,314,1144,299,1159
53618 (Fut8)	502,1132,517,1147,521,1147,506,1132
67569 (Mgat4c)	294,1128,314,1128,314,1132,294,1132
14595 (B4galt1)	219,1158,239,1158,239,1162,219,1162
53418 (B4galt2)	219,1158,239,1158,239,1162,219,1162
57370 (B4galt3)	219,1158,239,1158,239,1162,219,1162
17309 (Mgat3)	360,1178,380,1178,380,1182,360,1182
20440 (St6gal1)	158,1254,178,1254,178,1258,158,1258
240119 (St6gal2)	158,1254,178,1254,178,1258,158,1258
14595 (B4galt1)	218,1254,238,1254,238,1258,218,1258
53418 (B4galt2)	218,1254,238,1254,238,1258,218,1258
57370 (B4galt3)	218,1254,238,1254,238,1258,218,1258
17308 (Mgat1)	295,1253,310,1238,314,1238,299,1253
103963 (Rpn1)	261,446,307,463
13135 (Dad1)	261,446,307,463
13200 (Ddost)	261,446,307,463
20014 (Rpn2)	261,446,307,463
80286 (Tusc3)	261,446,307,463
56737 (Alg2)	566,113,612,130
207958 (Alg11)	658,113,704,130
102580 (Alg9)	485,308,531,325
381903 (Alg8)	391,401,437,418
380959 (Alg10b)	294,401,340,418
14376 (Ganab)	473,492,519,509
17308 (Mgat1)	742,492,788,509
57357 (Srd5a3)	44,286,90,303
17155 (Man1a)	649,492,695,509
17156 (Man1a2)	649,492,695,509
230815 (Man1c1)	649,492,695,509
mmu00513: Various types of N-glycan biosynthesis	480,419,607,453
mmu00511: Other glycan degradation	393,668,470,702
mmu00533: Glycosaminoglycan biosynthesis - keratan sulfate	883,621,972,655
mmu00563: Glycosylphosphatidylinositol (GPI)-anchor biosynthesis	576,137,699,182
mmu00051: Fructose and mannose metabolism	199,160,323,194
mmu00510: N-Glycan biosynthesis	40,45,234,70
mmu00520: Amino sugar and nucleotide sugar metabolism	70,114,165,159
mmu00515: Mannose type O-glycan biosynthesis	461,191,591,225
mmu00900: Terpenoid backbone biosynthesis	11,183,124,217
