C06314 (Lipoxin A4)	589,830,4
C05981 (Phosphatidylinositol-3,4,5-trisphosphate)	530,702,4
C00076 (Calcium cation)	75,460,4
17874 (Myd88)	379,323,425,340
16179 (Irak1)	456,323,502,340
266632 (Irak4)	456,323,502,340
22034 (Traf6)	533,323,579,340
26409 (Map3k7)	610,323,656,340
66513 (Tab1)	610,340,656,357
68652 (Tab2)	610,340,656,357
12675 (Chuk)	816,323,862,340
16150 (Ikbkb)	816,323,862,340
16151 (Ikbkg)	816,323,862,340
18035 (Nfkbia)	906,323,952,340
18036 (Nfkbib)	906,323,952,340
18033 (Nfkb1)	906,363,952,380
19697 (Rela)	906,363,952,380
26413 (Mapk1)	779,214,825,231
26417 (Mapk3)	779,214,825,231
26414 (Mapk10)	779,246,825,263
26419 (Mapk8)	779,246,825,263
26420 (Mapk9)	779,246,825,263
19094 (Mapk11)	779,278,825,295
26415 (Mapk13)	779,278,825,295
26416 (Mapk14)	779,278,825,295
29857 (Mapk12)	779,278,825,295
26397 (Map2k3)	699,278,745,295
26399 (Map2k6)	699,278,745,295
14677 (Gnai1)	375,758,421,775
14678 (Gnai2)	375,758,421,775
14679 (Gnai3)	375,758,421,775
14681 (Gnao1)	375,758,421,775
16159 (Il12a)	1144,353,1190,370
16160 (Il12b)	1144,353,1190,370
21926 (Tnf)	1144,373,1190,390
12043 (Bcl2)	1144,451,1190,468
12048 (Bcl2l1)	1144,451,1190,468
11796 (Birc3)	1144,471,1190,488
11797 (Birc2)	1144,471,1190,488
11798 (Xiap)	1144,471,1190,488
329581 (Birc7)	1144,471,1190,488
18126 (Nos2)	1144,237,1190,254
16159 (Il12a)	1144,747,1190,764
16160 (Il12b)	1144,747,1190,764
16451 (Jak1)	342,169,388,186
16452 (Jak2)	342,169,388,186
20846 (Stat1)	601,169,647,186
12265 (Ciita)	779,127,825,144
15944 (Irgm1)	1144,171,1190,188
100504404 (H2-Ea-ps)	1144,126,1190,143
14960 (H2-Aa)	1144,126,1190,143
14961 (H2-Ab1)	1144,126,1190,143
14969 (H2-Eb1)	1144,126,1190,143
14998 (H2-DMa)	1144,126,1190,143
14999 (H2-DMb1)	1144,126,1190,143
15000 (H2-DMb2)	1144,126,1190,143
15001 (H2-Oa)	1144,126,1190,143
15002 (H2-Ob)	1144,126,1190,143
11689 (Alox5)	465,822,511,839
12703 (Socs1)	394,217,440,234
13063 (Cycs)	624,622,670,639
13067 (Cyct)	624,622,670,639
20848 (Stat3)	602,922,648,939
12371 (Casp9)	707,622,753,639
12367 (Casp3)	790,622,836,639
12370 (Casp8)	707,650,753,667
14677 (Gnai1)	375,693,421,710
14678 (Gnai2)	375,693,421,710
14679 (Gnai3)	375,693,421,710
14681 (Gnao1)	375,693,421,710
104709 (Pik3r6)	455,693,501,710
30955 (Pik3cg)	455,693,501,710
320207 (Pik3r5)	455,693,501,710
18607 (Pdpk1)	559,693,605,710
11651 (Akt1)	639,693,685,710
11652 (Akt2)	639,693,685,710
23797 (Akt3)	639,693,685,710
16403 (Itga6)	303,372,349,389
16412 (Itgb1)	303,372,349,389
16772 (Lama1)	165,405,211,422
16773 (Lama2)	165,405,211,422
16774 (Lama3)	165,405,211,422
16775 (Lama4)	165,405,211,422
16776 (Lama5)	165,405,211,422
16777 (Lamb1)	165,405,211,422
16779 (Lamb2)	165,405,211,422
16780 (Lamb3)	165,405,211,422
16782 (Lamc2)	165,405,211,422
226519 (Lamc1)	165,405,211,422
23928 (Lamc3)	165,405,211,422
239081 (Tlr11)	303,248,349,265
17087 (Ly96)	257,281,303,298
21898 (Tlr4)	303,293,349,310
15481 (Hspa8)	241,342,287,359
15482 (Hspa1l)	241,342,287,359
15511 (Hspa1b)	241,342,287,359
15512 (Hspa2)	241,342,287,359
193740 (Hspa1a)	241,342,287,359
24088 (Tlr2)	303,323,349,340
15978 (Ifng)	240,152,286,169
15979 (Ifngr1)	303,152,349,169
15980 (Ifngr2)	303,152,349,169
12774 (Ccr5)	303,758,349,775
105675 (Ppif)	241,758,287,775
21947 (Cd40lg)	241,735,287,752
21939 (Cd40)	303,735,349,752
12015 (Bad)	740,693,786,710
21926 (Tnf)	241,650,287,667
21937 (Tnfrsf1a)	303,650,349,667
12043 (Bcl2)	676,586,722,603
12048 (Bcl2l1)	676,586,722,603
11796 (Birc3)	748,586,794,603
11797 (Birc2)	748,586,794,603
11798 (Xiap)	748,586,794,603
329581 (Birc7)	748,586,794,603
16835 (Ldlr)	303,556,349,573
16153 (Il10)	1144,996,1190,1013
21803 (Tgfb1)	1144,1017,1190,1034
21808 (Tgfb2)	1144,1017,1190,1034
21809 (Tgfb3)	1144,1017,1190,1034
16154 (Il10ra)	303,904,349,921
16155 (Il10rb)	303,904,349,921
16153 (Il10)	241,904,287,921
16451 (Jak1)	342,921,388,938
54721 (Tyk2)	342,921,388,938
16145 (Igtp)	1144,191,1190,208
mmu04210: Apoptosis	851,619,943,644
mmu04630: JAK-STAT signaling pathway	410,148,563,173
mmu04010: MAPK signaling pathway	873,219,1011,244
mmu04620: Toll-like receptor signaling pathway	442,282,538,316
mmu00590: Arachidonic acid metabolism	426,843,580,868
mmu04144: Endocytosis	367,588,441,613
mmu04630: JAK-STAT signaling pathway	410,933,563,958
mmu05145: Toxoplasmosis	40,45,190,70
