C00575 (3',5'-Cyclic AMP)	596,227,4
C00076 (Calcium cation)	722,247,4
C00698 (Cl-)	722,278,4
C01330 (Sodium cation)	722,210,4
C00942 (3',5'-Cyclic GMP)	400,331,4
C00076 (Calcium cation)	722,357,4
C01330 (Sodium cation)	722,312,4
C00575 (3',5'-Cyclic AMP)	488,557,4
C01330 (Sodium cation)	753,632,4
C00238 (Potassium cation)	755,593,4
C00942 (3',5'-Cyclic GMP)	401,677,4
C00076 (Calcium cation)	722,698,4
C01330 (Sodium cation)	722,656,4
C00076 (Calcium cation)	722,609,4
C00020 (AMP)	488,609,4
C00076 (Calcium cation)	640,609,4
C00144 (GMP)	401,717,4
C00076 (Calcium cation)	640,698,4
C00076 (Calcium cation)	545,357,4
14680 (Gnal)	377,175,423,192
14688 (Gnb1)	377,175,423,192
14708 (Gng7)	377,175,423,192
64337 (Gng13)	377,175,423,192
104111 (Adcy3)	778,175,824,192
100038859 (Olfr55)	203,175,249,192
100038860 (Olfr239)	203,175,249,192
100040268 (Olfr157)	203,175,249,192
100041187 (Olfr596)	203,175,249,192
100042690 (Olfr1565)	203,175,249,192
100043200 (Olfr819)	203,175,249,192
100043474 (Olfr1564)	203,175,249,192
108167789 (Gm10310)	203,175,249,192
110511 (Olfr153)	203,175,249,192
117004 (Olfr73)	203,175,249,192
117005 (Olfr74)	203,175,249,192
170639 (Olfr78)	203,175,249,192
170648 (Olfr138)	203,175,249,192
18307 (Olfr10)	203,175,249,192
18310 (Olfr13)	203,175,249,192
18312 (Olfr15)	203,175,249,192
18313 (Olfr16)	203,175,249,192
18314 (Olfr17)	203,175,249,192
18315 (Olfr18)	203,175,249,192
18316 (Olfr19)	203,175,249,192
18317 (Olfr2)	203,175,249,192
18322 (Olfr24)	203,175,249,192
18323 (Olfr25)	203,175,249,192
18324 (Olfr26)	203,175,249,192
18328 (Olfr3)	203,175,249,192
18329 (Olfr30)	203,175,249,192
18330 (Olfr31)	203,175,249,192
18331 (Olfr32)	203,175,249,192
18332 (Olfr33)	203,175,249,192
18341 (Olfr263)	203,175,249,192
18343 (Olfr44)	203,175,249,192
18344 (Olfr45)	203,175,249,192
18345 (Olfr46)	203,175,249,192
18346 (Olfr47)	203,175,249,192
18347 (Olfr48)	203,175,249,192
18348 (Olfr49)	203,175,249,192
18349 (Olfr5)	203,175,249,192
18350 (Olfr50)	203,175,249,192
18351 (Olfr51)	203,175,249,192
18352 (Olfr52)	203,175,249,192
18354 (Olfr54)	203,175,249,192
18356 (Olfr56)	203,175,249,192
18357 (Olfr57)	203,175,249,192
18358 (Olfr58)	203,175,249,192
18359 (Olfr59)	203,175,249,192
18361 (Olfr60)	203,175,249,192
18362 (Olfr61)	203,175,249,192
18363 (Olfr62)	203,175,249,192
18365 (Olfr65)	203,175,249,192
18366 (Olfr64)	203,175,249,192
18367 (Olfr66)	203,175,249,192
18368 (Olfr67)	203,175,249,192
18369 (Olfr68)	203,175,249,192
18370 (Olfr69)	203,175,249,192
18372 (Olfr8)	203,175,249,192
18373 (Olfr9)	203,175,249,192
193053 (Olfr384)	203,175,249,192
194433 (Olfr707)	203,175,249,192
211472 (Olfr1373)	203,175,249,192
216783 (Olfr320)	203,175,249,192
218066 (Olfr11)	203,175,249,192
219019 (Olfr743)	203,175,249,192
227789 (Olfr358)	203,175,249,192
228228 (Olfr1102)	203,175,249,192
228443 (Olfr1283)	203,175,249,192
233578 (Olfr553)	203,175,249,192
233670 (Olfr6)	203,175,249,192
235248 (Olfr952)	203,175,249,192
235256 (Olfr149)	203,175,249,192
236509 (Olfr366)	203,175,249,192
236784 (Olfr1320)	203,175,249,192
236785 (Olfr1321)	203,175,249,192
244187 (Olfr684)	203,175,249,192
257662 (Olfr1290)	203,175,249,192
257664 (Olfr773)	203,175,249,192
257665 (Olfr1506)	203,175,249,192
257666 (Olfr772)	203,175,249,192
257667 (Olfr769)	203,175,249,192
257734 (Olfr1355)	203,175,249,192
257872 (Olfr835)	203,175,249,192
257875 (Olfr1116)	203,175,249,192
257881 (Olfr205)	203,175,249,192
257882 (Olfr1344)	203,175,249,192
257883 (Olfr1357)	203,175,249,192
257884 (Olfr744)	203,175,249,192
257885 (Olfr885)	203,175,249,192
257886 (Olfr225)	203,175,249,192
257887 (Olfr1200)	203,175,249,192
257888 (Olfr1386)	203,175,249,192
257889 (Olfr132)	203,175,249,192
257890 (Olfr12)	203,175,249,192
257891 (Olfr479)	203,175,249,192
257892 (Olfr324)	203,175,249,192
257898 (Olfr867)	203,175,249,192
257900 (Olfr1024)	203,175,249,192
257902 (Olfr704)	203,175,249,192
257904 (Olfr294)	203,175,249,192
257905 (Olfr298)	203,175,249,192
257906 (Olfr293)	203,175,249,192
257909 (Olfr735)	203,175,249,192
257910 (Olfr671)	203,175,249,192
257912 (Olfr948)	203,175,249,192
257913 (Olfr141)	203,175,249,192
257914 (Olfr663)	203,175,249,192
257915 (Olfr1016)	203,175,249,192
257916 (Olfr1031)	203,175,249,192
257917 (Olfr314)	203,175,249,192
257919 (Olfr467)	203,175,249,192
257921 (Olfr1229)	203,175,249,192
257926 (Olfr544)	203,175,249,192
257929 (Olfr299)	203,175,249,192
257932 (Olfr332)	203,175,249,192
257933 (Olfr1089)	203,175,249,192
257936 (Olfr1028)	203,175,249,192
257938 (Olfr1419)	203,175,249,192
257939 (Olfr527)	203,175,249,192
257941 (Olfr1042)	203,175,249,192
257943 (Olfr285)	203,175,249,192
257947 (Olfr543)	203,175,249,192
257950 (Olfr1039)	203,175,249,192
257951 (Olfr987)	203,175,249,192
257956 (Olfr1307)	203,175,249,192
257958 (Olfr301)	203,175,249,192
257959 (Olfr1537)	203,175,249,192
257961 (Olfr1432)	203,175,249,192
257962 (Olfr222)	203,175,249,192
257963 (Olfr857)	203,175,249,192
257971 (Olfr1382)	203,175,249,192
257972 (Olfr193)	203,175,249,192
257973 (Olfr207)	203,175,249,192
257974 (Olfr1053)	203,175,249,192
257975 (Olfr598)	203,175,249,192
257978 (Olfr1322)	203,175,249,192
257979 (Olfr1281)	203,175,249,192
257980 (Olfr1275)	203,175,249,192
257985 (Olfr782)	203,175,249,192
257996 (Olfr884)	203,175,249,192
258016 (Olfr453)	203,175,249,192
258019 (Olfr212)	203,175,249,192
258020 (Olfr213)	203,175,249,192
258022 (Olfr1318)	203,175,249,192
258023 (Olfr1306)	203,175,249,192
258025 (Olfr1211)	203,175,249,192
258027 (Olfr1385)	203,175,249,192
258028 (Olfr901)	203,175,249,192
258036 (Olfr198)	203,175,249,192
258039 (Olfr728)	203,175,249,192
258041 (Olfr485)	203,175,249,192
258042 (Olfr487)	203,175,249,192
258051 (Olfr93)	203,175,249,192
258055 (Olfr524)	203,175,249,192
258056 (Olfr533)	203,175,249,192
258060 (Olfr1181)	203,175,249,192
258065 (Olfr312)	203,175,249,192
258067 (Olfr1359)	203,175,249,192
258068 (Olfr804)	203,175,249,192
258069 (Olfr787)	203,175,249,192
258074 (Olfr834)	203,175,249,192
258075 (Olfr832)	203,175,249,192
258086 (Olfr967)	203,175,249,192
258087 (Olfr963)	203,175,249,192
258089 (Olfr304)	203,175,249,192
258095 (Olfr119)	203,175,249,192
258097 (Olfr1500)	203,175,249,192
258098 (Olfr1490)	203,175,249,192
258101 (Olfr1137)	203,175,249,192
258103 (Olfr1152)	203,175,249,192
258105 (Olfr1162)	203,175,249,192
258111 (Olfr1129)	203,175,249,192
258113 (Olfr748)	203,175,249,192
258117 (Olfr1437)	203,175,249,192
258120 (Olfr1463)	203,175,249,192
258134 (Olfr426)	203,175,249,192
258135 (Olfr597)	203,175,249,192
258136 (Olfr517)	203,175,249,192
258139 (Olfr591)	203,175,249,192
258147 (Olfr675)	203,175,249,192
258148 (Olfr789)	203,175,249,192
258150 (Olfr792)	203,175,249,192
258151 (Olfr1505)	203,175,249,192
258153 (Olfr412)	203,175,249,192
258154 (Olfr1029)	203,175,249,192
258155 (Olfr1425)	203,175,249,192
258156 (Olfr605)	203,175,249,192
258158 (Olfr169)	203,175,249,192
258160 (Olfr685)	203,175,249,192
258163 (Olfr504)	203,175,249,192
258165 (Olfr965)	203,175,249,192
258168 (Olfr566)	203,175,249,192
258173 (Olfr1532-ps1)	203,175,249,192
258177 (Olfr1222)	203,175,249,192
258178 (Olfr180)	203,175,249,192
258180 (Olfr699)	203,175,249,192
258183 (Olfr917)	203,175,249,192
258189 (Olfr624)	203,175,249,192
258196 (Olfr309)	203,175,249,192
258198 (Olfr224)	203,175,249,192
258201 (Olfr538)	203,175,249,192
258203 (Olfr1178)	203,175,249,192
258206 (Olfr1264)	203,175,249,192
258207 (Olfr452)	203,175,249,192
258215 (Olfr506)	203,175,249,192
258216 (Olfr1034)	203,175,249,192
258218 (Olfr102)	203,175,249,192
258220 (Olfr1148)	203,175,249,192
258222 (Olfr310)	203,175,249,192
258224 (Olfr1358)	203,175,249,192
258225 (Olfr913)	203,175,249,192
258227 (Olfr1418)	203,175,249,192
258228 (Olfr1415)	203,175,249,192
258231 (Olfr1471)	203,175,249,192
258232 (Olfr774)	203,175,249,192
258233 (Olfr741)	203,175,249,192
258235 (Olfr1084)	203,175,249,192
258236 (Olfr391-ps)	203,175,249,192
258238 (Olfr417)	203,175,249,192
258241 (Olfr1212)	203,175,249,192
258242 (Olfr955)	203,175,249,192
258245 (Olfr1036)	203,175,249,192
258246 (Olfr594)	203,175,249,192
258247 (Olfr645)	203,175,249,192
258248 (Olfr576)	203,175,249,192
258249 (Olfr845)	203,175,249,192
258252 (Olfr813)	203,175,249,192
258255 (Olfr1010)	203,175,249,192
258257 (Olfr1313)	203,175,249,192
258258 (Olfr1308)	203,175,249,192
258259 (Olfr1338)	203,175,249,192
258261 (Olfr325)	203,175,249,192
258263 (Olfr117)	203,175,249,192
258264 (Olfr747)	203,175,249,192
258265 (Olfr1333)	203,175,249,192
258266 (Olfr247)	203,175,249,192
258267 (Olfr370)	203,175,249,192
258268 (Olfr1511)	203,175,249,192
258269 (Olfr930)	203,175,249,192
258270 (Olfr448)	203,175,249,192
258271 (Olfr1311)	203,175,249,192
258272 (Olfr1402)	203,175,249,192
258273 (Olfr1394)	203,175,249,192
258274 (Olfr1412)	203,175,249,192
258275 (Olfr729)	203,175,249,192
258276 (Olfr960)	203,175,249,192
258277 (Olfr281)	203,175,249,192
258278 (Olfr284)	203,175,249,192
258279 (Olfr846)	203,175,249,192
258280 (Olfr1366)	203,175,249,192
258281 (Olfr780)	203,175,249,192
258282 (Olfr801)	203,175,249,192
258283 (Olfr981)	203,175,249,192
258284 (Olfr114)	203,175,249,192
258285 (Olfr122)	203,175,249,192
258286 (Olfr113)	203,175,249,192
258287 (Olfr125)	203,175,249,192
258288 (Olfr1484)	203,175,249,192
258289 (Olfr1324)	203,175,249,192
258290 (Olfr1143)	203,175,249,192
258291 (Olfr1167)	203,175,249,192
258292 (Olfr446)	203,175,249,192
258293 (Olfr437)	203,175,249,192
258294 (Olfr1115)	203,175,249,192
258295 (Olfr746)	203,175,249,192
258296 (Olfr745)	203,175,249,192
258297 (Olfr827)	203,175,249,192
258298 (Olfr1475)	203,175,249,192
258299 (Olfr1461)	203,175,249,192
258300 (Olfr1449)	203,175,249,192
258301 (Olfr1340)	203,175,249,192
258302 (Olfr420)	203,175,249,192
258303 (Olfr518)	203,175,249,192
258304 (Olfr498)	203,175,249,192
258305 (Olfr1356)	203,175,249,192
258306 (Olfr1337)	203,175,249,192
258307 (Olfr493)	203,175,249,192
258308 (Olfr510)	203,175,249,192
258309 (Olfr657)	203,175,249,192
258310 (Olfr145)	203,175,249,192
258311 (Olfr601)	203,175,249,192
258313 (Olfr726)	203,175,249,192
258314 (Olfr725)	203,175,249,192
258315 (Olfr767)	203,175,249,192
258316 (Olfr727)	203,175,249,192
258317 (Olfr1145)	203,175,249,192
258318 (Olfr186)	203,175,249,192
258319 (Olfr187)	203,175,249,192
258320 (Olfr1232)	203,175,249,192
258321 (Olfr809)	203,175,249,192
258322 (Olfr554)	203,175,249,192
258323 (Olfr943)	203,175,249,192
258324 (Olfr129)	203,175,249,192
258325 (Olfr110)	203,175,249,192
258326 (Olfr642)	203,175,249,192
258327 (Olfr958)	203,175,249,192
258328 (Olfr954)	203,175,249,192
258329 (Olfr135)	203,175,249,192
258330 (Olfr1274-ps)	203,175,249,192
258331 (Olfr1330)	203,175,249,192
258333 (Olfr893)	203,175,249,192
258334 (Olfr1396)	203,175,249,192
258335 (Olfr374)	203,175,249,192
258336 (Olfr77)	203,175,249,192
258338 (Olfr1259)	203,175,249,192
258339 (Olfr1269)	203,175,249,192
258340 (Olfr1265)	203,175,249,192
258341 (Olfr1495)	203,175,249,192
258342 (Olfr1491)	203,175,249,192
258343 (Olfr397)	203,175,249,192
258344 (Olfr390)	203,175,249,192
258345 (Olfr1121)	203,175,249,192
258346 (Olfr1128)	203,175,249,192
258347 (Olfr1123)	203,175,249,192
258348 (Olfr1133)	203,175,249,192
258350 (Olfr706)	203,175,249,192
258351 (Olfr633)	203,175,249,192
258352 (Olfr692)	203,175,249,192
258353 (Olfr521)	203,175,249,192
258354 (Olfr168)	203,175,249,192
258355 (Olfr677)	203,175,249,192
258356 (Olfr564)	203,175,249,192
258357 (Olfr574)	203,175,249,192
258358 (Olfr557)	203,175,249,192
258359 (Olfr1312)	203,175,249,192
258360 (Olfr731)	203,175,249,192
258361 (Olfr495)	203,175,249,192
258362 (Olfr1094)	203,175,249,192
258363 (Olfr1093)	203,175,249,192
258364 (Olfr976)	203,175,249,192
258365 (Olfr361)	203,175,249,192
258366 (Olfr434)	203,175,249,192
258368 (Olfr1450)	203,175,249,192
258369 (Olfr509)	203,175,249,192
258370 (Olfr1253)	203,175,249,192
258371 (Olfr368)	203,175,249,192
258372 (Olfr918)	203,175,249,192
258373 (Olfr323)	203,175,249,192
258374 (Olfr127)	203,175,249,192
258375 (Olfr794)	203,175,249,192
258377 (Olfr654)	203,175,249,192
258378 (Olfr593)	203,175,249,192
258379 (Olfr1284)	203,175,249,192
258380 (Olfr461)	203,175,249,192
258381 (Olfr460)	203,175,249,192
258383 (Olfr1347)	203,175,249,192
258384 (Olfr1350)	203,175,249,192
258385 (Olfr1323)	203,175,249,192
258386 (Olfr1058)	203,175,249,192
258387 (Olfr720)	203,175,249,192
258388 (Olfr1279)	203,175,249,192
258389 (Olfr1278)	203,175,249,192
258390 (Olfr1276)	203,175,249,192
258391 (Olfr1277)	203,175,249,192
258392 (Olfr190)	203,175,249,192
258393 (Olfr1325)	203,175,249,192
258394 (Olfr1328)	203,175,249,192
258395 (Olfr1288)	203,175,249,192
258396 (Olfr1305)	203,175,249,192
258397 (Olfr1303)	203,175,249,192
258398 (Olfr1295)	203,175,249,192
258399 (Olfr1289)	203,175,249,192
258401 (Olfr1076)	203,175,249,192
258402 (Olfr1079)	203,175,249,192
258403 (Olfr1065)	203,175,249,192
258404 (Olfr1080)	203,175,249,192
258405 (Olfr1420)	203,175,249,192
258406 (Olfr462)	203,175,249,192
258407 (Olfr464)	203,175,249,192
258408 (Olfr463)	203,175,249,192
258409 (Olfr1431)	203,175,249,192
258410 (Olfr291)	203,175,249,192
258411 (Olfr290)	203,175,249,192
258412 (Olfr877)	203,175,249,192
258413 (Olfr881)	203,175,249,192
258414 (Olfr883)	203,175,249,192
258415 (Olfr887)	203,175,249,192
258416 (Olfr888)	203,175,249,192
258417 (Olfr470)	203,175,249,192
258418 (Olfr469)	203,175,249,192
258420 (Olfr221)	203,175,249,192
258421 (Olfr223)	203,175,249,192
258422 (Olfr742)	203,175,249,192
258423 (Olfr1510)	203,175,249,192
258424 (Olfr1512)	203,175,249,192
258425 (Olfr994)	203,175,249,192
258426 (Olfr995)	203,175,249,192
258427 (Olfr993)	203,175,249,192
258428 (Olfr998)	203,175,249,192
258429 (Olfr996)	203,175,249,192
258430 (Olfr938)	203,175,249,192
258431 (Olfr937)	203,175,249,192
258432 (Olfr919)	203,175,249,192
258433 (Olfr933)	203,175,249,192
258434 (Olfr934)	203,175,249,192
258435 (Olfr382)	203,175,249,192
258436 (Olfr458)	203,175,249,192
258437 (Olfr450)	203,175,249,192
258438 (Olfr215)	203,175,249,192
258439 (Olfr1309)	203,175,249,192
258440 (Olfr1317)	203,175,249,192
258441 (Olfr1310)	203,175,249,192
258442 (Olfr1314)	203,175,249,192
258443 (Olfr164)	203,175,249,192
258444 (Olfr694)	203,175,249,192
258445 (Olfr693)	203,175,249,192
258446 (Olfr1231)	203,175,249,192
258447 (Olfr1241)	203,175,249,192
258448 (Olfr92)	203,175,249,192
258449 (Olfr282)	203,175,249,192
258450 (Olfr1199)	203,175,249,192
258451 (Olfr1215)	203,175,249,192
258453 (Olfr1209)	203,175,249,192
258454 (Olfr1202)	203,175,249,192
258455 (Olfr1204)	203,175,249,192
258456 (Olfr1196)	203,175,249,192
258457 (Olfr108)	203,175,249,192
258458 (Olfr165)	203,175,249,192
258459 (Olfr1388)	203,175,249,192
258460 (Olfr1391)	203,175,249,192
258461 (Olfr1381)	203,175,249,192
258462 (Olfr1392)	203,175,249,192
258463 (Olfr1393)	203,175,249,192
258464 (Olfr1384)	203,175,249,192
258465 (Olfr1387)	203,175,249,192
258466 (Olfr1261)	203,175,249,192
258468 (Olfr1254)	203,175,249,192
258469 (Olfr90)	203,175,249,192
258470 (Olfr91)	203,175,249,192
258471 (Olfr891)	203,175,249,192
258472 (Olfr899)	203,175,249,192
258474 (Olfr890)	203,175,249,192
258475 (Olfr889)	203,175,249,192
258477 (Olfr197)	203,175,249,192
258478 (Olfr183)	203,175,249,192
258479 (Olfr203)	203,175,249,192
258480 (Olfr130)	203,175,249,192
258481 (Olfr137)	203,175,249,192
258482 (Olfr266)	203,175,249,192
258483 (Olfr1411)	203,175,249,192
258484 (Olfr1410)	203,175,249,192
258485 (Olfr724)	203,175,249,192
258486 (Olfr730)	203,175,249,192
258487 (Olfr722)	203,175,249,192
258488 (Olfr474)	203,175,249,192
258489 (Olfr486)	203,175,249,192
258490 (Olfr492)	203,175,249,192
258491 (Olfr490)	203,175,249,192
258492 (Olfr484)	203,175,249,192
258493 (Olfr319)	203,175,249,192
258494 (Olfr318)	203,175,249,192
258495 (Olfr328)	203,175,249,192
258497 (Olfr961)	203,175,249,192
258498 (Olfr148)	203,175,249,192
258499 (Olfr945)	203,175,249,192
258500 (Olfr944)	203,175,249,192
258501 (Olfr959)	203,175,249,192
258502 (Olfr279)	203,175,249,192
258503 (Olfr98)	203,175,249,192
258504 (Olfr107)	203,175,249,192
258505 (Olfr97)	203,175,249,192
258506 (Olfr95)	203,175,249,192
258507 (Olfr96)	203,175,249,192
258508 (Olfr99)	203,175,249,192
258511 (Olfr523)	203,175,249,192
258512 (Olfr530)	203,175,249,192
258513 (Olfr536)	203,175,249,192
258515 (Olfr854)	203,175,249,192
258516 (Olfr850)	203,175,249,192
258517 (Olfr855)	203,175,249,192
258518 (Olfr847)	203,175,249,192
258519 (Olfr859)	203,175,249,192
258520 (Olfr849)	203,175,249,192
258521 (Olfr860)	203,175,249,192
258522 (Olfr1183)	203,175,249,192
258523 (Olfr1186)	203,175,249,192
258524 (Olfr1168)	203,175,249,192
258525 (Olfr1170)	203,175,249,192
258526 (Olfr1367)	203,175,249,192
258527 (Olfr1368)	203,175,249,192
258528 (Olfr1370)	203,175,249,192
258529 (Olfr313)	203,175,249,192
258530 (Olfr311)	203,175,249,192
258531 (Olfr315)	203,175,249,192
258532 (Olfr373)	203,175,249,192
258533 (Olfr1364)	203,175,249,192
258534 (Olfr1361)	203,175,249,192
258536 (Olfr1360)	203,175,249,192
258537 (Olfr777)	203,175,249,192
258538 (Olfr775)	203,175,249,192
258540 (Olfr771)	203,175,249,192
258541 (Olfr800)	203,175,249,192
258542 (Olfr786)	203,175,249,192
258543 (Olfr810)	203,175,249,192
258544 (Olfr788)	203,175,249,192
258545 (Olfr811)	203,175,249,192
258546 (Olfr806)	203,175,249,192
258547 (Olfr803)	203,175,249,192
258548 (Olfr805)	203,175,249,192
258549 (Olfr798)	203,175,249,192
258550 (Olfr869)	203,175,249,192
258551 (Olfr866)	203,175,249,192
258552 (Olfr868)	203,175,249,192
258553 (Olfr872)	203,175,249,192
258554 (Olfr873)	203,175,249,192
258555 (Olfr862)	203,175,249,192
258557 (Olfr836)	203,175,249,192
258558 (Olfr837)	203,175,249,192
258559 (Olfr830)	203,175,249,192
258560 (Olfr843)	203,175,249,192
258561 (Olfr1012)	203,175,249,192
258562 (Olfr1014)	203,175,249,192
258563 (Olfr1006)	203,175,249,192
258564 (Olfr1015)	203,175,249,192
258565 (Olfr1009)	203,175,249,192
258566 (Olfr1002)	203,175,249,192
258568 (Olfr1457)	203,175,249,192
258569 (Olfr459)	203,175,249,192
258570 (Olfr1043)	203,175,249,192
258571 (Olfr1033)	203,175,249,192
258572 (Olfr1032)	203,175,249,192
258573 (Olfr1020)	203,175,249,192
258575 (Olfr1046)	203,175,249,192
258577 (Olfr1026)	203,175,249,192
258579 (Olfr1018)	203,175,249,192
258580 (Olfr1023)	203,175,249,192
258581 (Olfr1030)	203,175,249,192
258582 (Olfr1022)	203,175,249,192
258583 (Olfr1085)	203,175,249,192
258584 (Olfr1101)	203,175,249,192
258585 (Olfr1086)	203,175,249,192
258586 (Olfr1111)	203,175,249,192
258587 (Olfr1100)	203,175,249,192
258589 (Olfr703)	203,175,249,192
258590 (Olfr702)	203,175,249,192
258591 (Olfr695)	203,175,249,192
258592 (Olfr697)	203,175,249,192
258593 (Olfr700)	203,175,249,192
258594 (Olfr710)	203,175,249,192
258595 (Olfr698)	203,175,249,192
258597 (Olfr716)	203,175,249,192
258598 (Olfr828)	203,175,249,192
258600 (Olfr270)	203,175,249,192
258601 (Olfr984)	203,175,249,192
258602 (Olfr150)	203,175,249,192
258603 (Olfr972)	203,175,249,192
258604 (Olfr970)	203,175,249,192
258605 (Olfr968)	203,175,249,192
258606 (Olfr229)	203,175,249,192
258607 (Olfr971)	203,175,249,192
258608 (Olfr986)	203,175,249,192
258609 (Olfr305)	203,175,249,192
258610 (Olfr307)	203,175,249,192
258611 (Olfr297)	203,175,249,192
258612 (Olfr303)	203,175,249,192
258613 (Olfr292)	203,175,249,192
258614 (Olfr308)	203,175,249,192
258615 (Olfr360)	203,175,249,192
258616 (Olfr357)	203,175,249,192
258617 (Olfr356)	203,175,249,192
258618 (Olfr355)	203,175,249,192
258620 (Olfr350)	203,175,249,192
258621 (Olfr344)	203,175,249,192
258622 (Olfr121)	203,175,249,192
258623 (Olfr123)	203,175,249,192
258624 (Olfr120)	203,175,249,192
258625 (Olfr116)	203,175,249,192
258626 (Olfr1501)	203,175,249,192
258627 (Olfr1504)	203,175,249,192
258628 (Olfr1489)	203,175,249,192
258629 (Olfr1487)	203,175,249,192
258630 (Olfr1141)	203,175,249,192
258631 (Olfr1151)	203,175,249,192
258632 (Olfr1138)	203,175,249,192
258633 (Olfr1153)	203,175,249,192
258634 (Olfr1164)	203,175,249,192
258635 (Olfr1140)	203,175,249,192
258636 (Olfr1155)	203,175,249,192
258638 (Olfr1163)	203,175,249,192
258639 (Olfr1158)	203,175,249,192
258640 (Olfr152)	203,175,249,192
258641 (Olfr1154)	203,175,249,192
258643 (Olfr1160)	203,175,249,192
258644 (Olfr1166)	203,175,249,192
258645 (Olfr418)	203,175,249,192
258647 (Olfr435)	203,175,249,192
258648 (Olfr237-ps1)	203,175,249,192
258649 (Olfr441)	203,175,249,192
258650 (Olfr444)	203,175,249,192
258652 (Olfr1131)	203,175,249,192
258653 (Olfr1136)	203,175,249,192
258654 (Olfr1135)	203,175,249,192
258655 (Olfr1112)	203,175,249,192
258656 (Olfr365)	203,175,249,192
258657 (Olfr733)	203,175,249,192
258658 (Olfr734)	203,175,249,192
258659 (Olfr732)	203,175,249,192
258660 (Olfr736)	203,175,249,192
258661 (Olfr740)	203,175,249,192
258662 (Olfr738)	203,175,249,192
258663 (Olfr739)	203,175,249,192
258665 (Olfr815)	203,175,249,192
258666 (Olfr822)	203,175,249,192
258667 (Olfr816)	203,175,249,192
258668 (Olfr823)	203,175,249,192
258669 (Olfr824)	203,175,249,192
258670 (Olfr820)	203,175,249,192
258671 (Olfr826)	203,175,249,192
258672 (Olfr825)	203,175,249,192
258673 (Olfr1428)	203,175,249,192
258674 (Olfr1427)	203,175,249,192
258675 (Olfr1423)	203,175,249,192
258676 (Olfr1424)	203,175,249,192
258677 (Olfr76)	203,175,249,192
258678 (Olfr1441)	203,175,249,192
258679 (Olfr1440)	203,175,249,192
258680 (Olfr1434)	203,175,249,192
258682 (Olfr1436)	203,175,249,192
258683 (Olfr262)	203,175,249,192
258684 (Olfr1459)	203,175,249,192
258685 (Olfr1472)	203,175,249,192
258686 (Olfr1467)	203,175,249,192
258687 (Olfr1454)	203,175,249,192
258688 (Olfr1462)	203,175,249,192
258689 (Olfr1466)	203,175,249,192
258690 (Olfr1469)	203,175,249,192
258691 (Olfr1477)	203,175,249,192
258692 (Olfr1442)	203,175,249,192
258693 (Olfr1443)	203,175,249,192
258694 (Olfr1445)	203,175,249,192
258695 (Olfr1453)	203,175,249,192
258696 (Olfr1448)	203,175,249,192
258697 (Olfr1444)	203,175,249,192
258698 (Olfr1447)	203,175,249,192
258699 (Olfr1446)	203,175,249,192
258700 (Olfr1451)	203,175,249,192
258701 (Olfr401)	203,175,249,192
258702 (Olfr410)	203,175,249,192
258703 (Olfr402)	203,175,249,192
258704 (Olfr411)	203,175,249,192
258705 (Olfr398)	203,175,249,192
258706 (Olfr43)	203,175,249,192
258708 (Olfr1342)	203,175,249,192
258709 (Olfr248)	203,175,249,192
258710 (Olfr419)	203,175,249,192
258711 (Olfr432)	203,175,249,192
258712 (Olfr433)	203,175,249,192
258713 (Olfr430)	203,175,249,192
258715 (Olfr421-ps1)	203,175,249,192
258716 (Olfr424)	203,175,249,192
258717 (Olfr429)	203,175,249,192
258718 (Olfr513)	203,175,249,192
258719 (Olfr512)	203,175,249,192
258720 (Olfr516)	203,175,249,192
258721 (Olfr514)	203,175,249,192
258722 (Olfr611)	203,175,249,192
258723 (Olfr781)	203,175,249,192
258724 (Olfr784)	203,175,249,192
258725 (Olfr1095)	203,175,249,192
258726 (Olfr599)	203,175,249,192
258727 (Olfr488)	203,175,249,192
258728 (Olfr482)	203,175,249,192
258729 (Olfr478)	203,175,249,192
258730 (Olfr483)	203,175,249,192
258731 (Olfr491)	203,175,249,192
258732 (Olfr494)	203,175,249,192
258733 (Olfr497)	203,175,249,192
258734 (Olfr502)	203,175,249,192
258736 (Olfr1497)	203,175,249,192
258737 (Olfr1316)	203,175,249,192
258738 (Olfr507)	203,175,249,192
258739 (Olfr1362)	203,175,249,192
258740 (Olfr957)	203,175,249,192
258741 (Olfr935)	203,175,249,192
258742 (Olfr146)	203,175,249,192
258743 (Olfr661)	203,175,249,192
258744 (Olfr875)	203,175,249,192
258745 (Olfr689)	203,175,249,192
258746 (Olfr648)	203,175,249,192
258747 (Olfr1106)	203,175,249,192
258748 (Olfr1195)	203,175,249,192
258749 (Olfr556)	203,175,249,192
258750 (Olfr551)	203,175,249,192
258751 (Olfr608)	203,175,249,192
258752 (Olfr583)	203,175,249,192
258753 (Olfr678)	203,175,249,192
258754 (Olfr214)	203,175,249,192
258755 (Olfr672)	203,175,249,192
258756 (Olfr414)	203,175,249,192
258757 (Olfr1013)	203,175,249,192
258758 (Olfr1406)	203,175,249,192
258759 (Olfr1408)	203,175,249,192
258762 (Olfr1109)	203,175,249,192
258763 (Olfr1104)	203,175,249,192
258764 (Olfr1099)	203,175,249,192
258765 (Olfr1110)	203,175,249,192
258766 (Olfr259)	203,175,249,192
258767 (Olfr1176)	203,175,249,192
258768 (Olfr1189)	203,175,249,192
258769 (Olfr508)	203,175,249,192
258770 (Olfr472)	203,175,249,192
258771 (Olfr473)	203,175,249,192
258772 (Olfr821)	203,175,249,192
258773 (Olfr818)	203,175,249,192
258774 (Olfr1208)	203,175,249,192
258775 (Olfr196)	203,175,249,192
258776 (Olfr715)	203,175,249,192
258777 (Olfr922)	203,175,249,192
258778 (Olfr921)	203,175,249,192
258780 (Olfr916)	203,175,249,192
258781 (Olfr915)	203,175,249,192
258782 (Olfr914)	203,175,249,192
258783 (Olfr920)	203,175,249,192
258784 (Olfr1245)	203,175,249,192
258785 (Olfr1230)	203,175,249,192
258786 (Olfr1238)	203,175,249,192
258787 (Olfr1248)	203,175,249,192
258788 (Olfr1246)	203,175,249,192
258789 (Olfr1271)	203,175,249,192
258790 (Olfr1263)	203,175,249,192
258791 (Olfr812)	203,175,249,192
258792 (Olfr1499)	203,175,249,192
258793 (Olfr1502)	203,175,249,192
258794 (Olfr878)	203,175,249,192
258797 (Olfr904)	203,175,249,192
258798 (Olfr902)	203,175,249,192
258799 (Olfr906)	203,175,249,192
258800 (Olfr905)	203,175,249,192
258801 (Olfr907)	203,175,249,192
258802 (Olfr143)	203,175,249,192
258803 (Olfr136)	203,175,249,192
258804 (Olfr1240)	203,175,249,192
258805 (Olfr1426)	203,175,249,192
258806 (Olfr912)	203,175,249,192
258807 (Olfr910)	203,175,249,192
258808 (Olfr620)	203,175,249,192
258809 (Olfr651)	203,175,249,192
258810 (Olfr665)	203,175,249,192
258811 (Olfr926)	203,175,249,192
258812 (Olfr923)	203,175,249,192
258814 (Olfr1156)	203,175,249,192
258815 (Olfr1218)	203,175,249,192
258816 (Olfr466)	203,175,249,192
258817 (Olfr655)	203,175,249,192
258818 (Olfr629)	203,175,249,192
258819 (Olfr640)	203,175,249,192
258820 (Olfr1184)	203,175,249,192
258821 (Olfr273)	203,175,249,192
258822 (Olfr39)	203,175,249,192
258823 (Olfr969)	203,175,249,192
258824 (Olfr983)	203,175,249,192
258825 (Olfr975)	203,175,249,192
258826 (Olfr27)	203,175,249,192
258828 (Olfr133)	203,175,249,192
258829 (Olfr134)	203,175,249,192
258830 (Olfr103)	203,175,249,192
258831 (Olfr101)	203,175,249,192
258832 (Olfr109)	203,175,249,192
258833 (Olfr1132)	203,175,249,192
258834 (Olfr1126)	203,175,249,192
258835 (Olfr1130)	203,175,249,192
258836 (Olfr272)	203,175,249,192
258837 (Olfr545)	203,175,249,192
258838 (Olfr617)	203,175,249,192
258840 (Olfr1097)	203,175,249,192
258841 (Olfr1107)	203,175,249,192
258842 (Olfr1098)	203,175,249,192
258843 (Olfr1087)	203,175,249,192
258844 (Olfr1090)	203,175,249,192
258845 (Olfr1161)	203,175,249,192
258846 (Olfr1157)	203,175,249,192
258850 (Olfr295)	203,175,249,192
258851 (Olfr1339)	203,175,249,192
258852 (Olfr1341)	203,175,249,192
258853 (Olfr982)	203,175,249,192
258854 (Olfr985)	203,175,249,192
258857 (Olfr275)	203,175,249,192
258858 (Olfr371)	203,175,249,192
258859 (Olfr161)	203,175,249,192
258861 (Olfr763)	203,175,249,192
258862 (Olfr770)	203,175,249,192
258863 (Olfr768)	203,175,249,192
258865 (Olfr992)	203,175,249,192
258866 (Olfr1008)	203,175,249,192
258867 (Olfr131)	203,175,249,192
258868 (Olfr894)	203,175,249,192
258869 (Olfr147)	203,175,249,192
258871 (Olfr898)	203,175,249,192
258872 (Olfr908)	203,175,249,192
258873 (Olfr911-ps1)	203,175,249,192
258874 (Olfr900)	203,175,249,192
258875 (Olfr895)	203,175,249,192
258877 (Olfr1395)	203,175,249,192
258879 (Olfr330)	203,175,249,192
258880 (Olfr218)	203,175,249,192
258881 (Olfr1404)	203,175,249,192
258882 (Olfr874)	203,175,249,192
258883 (Olfr876)	203,175,249,192
258886 (Olfr1299)	203,175,249,192
258887 (Olfr1294)	203,175,249,192
258888 (Olfr1298)	203,175,249,192
258889 (Olfr1301)	203,175,249,192
258890 (Olfr1297)	203,175,249,192
258891 (Olfr1302)	203,175,249,192
258892 (Olfr126)	203,175,249,192
258893 (Olfr1225)	203,175,249,192
258894 (Olfr1223)	203,175,249,192
258895 (Olfr1216)	203,175,249,192
258896 (Olfr1206)	203,175,249,192
258897 (Olfr1201)	203,175,249,192
258898 (Olfr1205)	203,175,249,192
258899 (Olfr1214)	203,175,249,192
258900 (Olfr1213)	203,175,249,192
258901 (Olfr1219)	203,175,249,192
258902 (Olfr1220)	203,175,249,192
258903 (Olfr1217)	203,175,249,192
258904 (Olfr1221)	203,175,249,192
258905 (Olfr871)	203,175,249,192
258907 (Olfr851)	203,175,249,192
258908 (Olfr853)	203,175,249,192
258910 (Olfr1280)	203,175,249,192
258912 (Olfr1378)	203,175,249,192
258913 (Olfr1377)	203,175,249,192
258914 (Olfr211)	203,175,249,192
258915 (Olfr1348)	203,175,249,192
258917 (Olfr1336)	203,175,249,192
258918 (Olfr1346)	203,175,249,192
258919 (Olfr1179)	203,175,249,192
258920 (Olfr1180)	203,175,249,192
258921 (Olfr1188)	203,175,249,192
258922 (Olfr267)	203,175,249,192
258923 (Olfr1)	203,175,249,192
258924 (Olfr376)	203,175,249,192
258925 (Olfr20)	203,175,249,192
258926 (Olfr476)	203,175,249,192
258927 (Olfr481)	203,175,249,192
258928 (Olfr477)	203,175,249,192
258929 (Olfr799)	203,175,249,192
258930 (Olfr808)	203,175,249,192
258931 (Olfr807)	203,175,249,192
258932 (Olfr791)	203,175,249,192
258933 (Olfr796)	203,175,249,192
258934 (Olfr802)	203,175,249,192
258935 (Olfr790)	203,175,249,192
258937 (Olfr167)	203,175,249,192
258938 (Olfr1417)	203,175,249,192
258939 (Olfr63)	203,175,249,192
258940 (Olfr346)	203,175,249,192
258941 (Olfr354)	203,175,249,192
258942 (Olfr352)	203,175,249,192
258943 (Olfr353)	203,175,249,192
258944 (Olfr351)	203,175,249,192
258945 (Olfr347)	203,175,249,192
258946 (Olfr348)	203,175,249,192
258947 (Olfr345)	203,175,249,192
258949 (Olfr338)	203,175,249,192
258950 (Olfr342)	203,175,249,192
258951 (Olfr339)	203,175,249,192
258952 (Olfr341)	203,175,249,192
258953 (Olfr340)	203,175,249,192
258954 (Olfr522)	203,175,249,192
258955 (Olfr531)	203,175,249,192
258956 (Olfr535)	203,175,249,192
258958 (Olfr525)	203,175,249,192
258959 (Olfr170)	203,175,249,192
258960 (Olfr171)	203,175,249,192
258961 (Olfr631)	203,175,249,192
258962 (Olfr53)	203,175,249,192
258963 (Olfr539)	203,175,249,192
258964 (Olfr541)	203,175,249,192
258967 (Olfr1250)	203,175,249,192
258968 (Olfr1247)	203,175,249,192
258969 (Olfr1226)	203,175,249,192
258970 (Olfr1242)	203,175,249,192
258971 (Olfr1243)	203,175,249,192
258972 (Olfr1239)	203,175,249,192
258973 (Olfr1228)	203,175,249,192
258974 (Olfr1233)	203,175,249,192
258975 (Olfr1234)	203,175,249,192
258976 (Olfr1262)	203,175,249,192
258977 (Olfr1273-ps)	203,175,249,192
258979 (Olfr1255)	203,175,249,192
258980 (Olfr1258)	203,175,249,192
258982 (Olfr1272)	203,175,249,192
258983 (Olfr1260)	203,175,249,192
258984 (Olfr1257)	203,175,249,192
258985 (Olfr1256)	203,175,249,192
258987 (Olfr1270)	203,175,249,192
258988 (Olfr38)	203,175,249,192
258989 (Olfr457)	203,175,249,192
258990 (Olfr447)	203,175,249,192
258991 (Olfr1496)	203,175,249,192
258992 (Olfr1494)	203,175,249,192
258993 (Olfr206)	203,175,249,192
258994 (Olfr204)	203,175,249,192
258995 (Olfr176)	203,175,249,192
258996 (Olfr201)	203,175,249,192
258997 (Olfr202)	203,175,249,192
258998 (Olfr177)	203,175,249,192
258999 (Olfr178)	203,175,249,192
259000 (Olfr195)	203,175,249,192
259001 (Olfr181)	203,175,249,192
259002 (Olfr173)	203,175,249,192
259003 (Olfr172)	203,175,249,192
259004 (Olfr175-ps1)	203,175,249,192
259005 (Olfr139)	203,175,249,192
259006 (Olfr399)	203,175,249,192
259007 (Olfr395)	203,175,249,192
259008 (Olfr392)	203,175,249,192
259009 (Olfr394)	203,175,249,192
259010 (Olfr393)	203,175,249,192
259011 (Olfr389)	203,175,249,192
259012 (Olfr1052)	203,175,249,192
259013 (Olfr1044)	203,175,249,192
259014 (Olfr1047)	203,175,249,192
259015 (Olfr1038-ps)	203,175,249,192
259016 (Olfr1048)	203,175,249,192
259017 (Olfr1019)	203,175,249,192
259018 (Olfr1049)	203,175,249,192
259019 (Olfr1045)	203,175,249,192
259020 (Olfr1056)	203,175,249,192
259021 (Olfr1054)	203,175,249,192
259022 (Olfr1061)	203,175,249,192
259023 (Olfr1055)	203,175,249,192
259024 (Olfr381)	203,175,249,192
259025 (Olfr385)	203,175,249,192
259026 (Olfr378)	203,175,249,192
259027 (Olfr380)	203,175,249,192
259030 (Olfr1124)	203,175,249,192
259031 (Olfr1120)	203,175,249,192
259032 (Olfr1134)	203,175,249,192
259033 (Olfr1122)	203,175,249,192
259034 (Olfr705)	203,175,249,192
259035 (Olfr714)	203,175,249,192
259036 (Olfr713)	203,175,249,192
259037 (Olfr711)	203,175,249,192
259038 (Olfr283)	203,175,249,192
259039 (Olfr1413)	203,175,249,192
259040 (Olfr1416)	203,175,249,192
259041 (Olfr1414)	203,175,249,192
259042 (Olfr1351)	203,175,249,192
259044 (Olfr1353)	203,175,249,192
259045 (Olfr669)	203,175,249,192
259046 (Olfr679)	203,175,249,192
259047 (Olfr683)	203,175,249,192
259048 (Olfr600)	203,175,249,192
259049 (Olfr618)	203,175,249,192
259050 (Olfr652)	203,175,249,192
259051 (Olfr658)	203,175,249,192
259052 (Olfr659)	203,175,249,192
259053 (Olfr362)	203,175,249,192
259054 (Olfr589)	203,175,249,192
259055 (Olfr582)	203,175,249,192
259056 (Olfr584)	203,175,249,192
259057 (Olfr649)	203,175,249,192
259058 (Olfr646)	203,175,249,192
259061 (Olfr668)	203,175,249,192
259062 (Olfr667)	203,175,249,192
259063 (Olfr691)	203,175,249,192
259064 (Olfr124)	203,175,249,192
259066 (Olfr520)	203,175,249,192
259067 (Olfr449)	203,175,249,192
259068 (Olfr1390)	203,175,249,192
259069 (Olfr1389)	203,175,249,192
259070 (Olfr829)	203,175,249,192
259071 (Olfr166)	203,175,249,192
259072 (Olfr686)	203,175,249,192
259073 (Olfr603)	203,175,249,192
259074 (Olfr1352)	203,175,249,192
259075 (Olfr641)	203,175,249,192
259078 (Olfr656)	203,175,249,192
259080 (Olfr619)	203,175,249,192
259081 (Olfr643)	203,175,249,192
259082 (Olfr1062)	203,175,249,192
259083 (Olfr547)	203,175,249,192
259084 (Olfr615)	203,175,249,192
259085 (Olfr610)	203,175,249,192
259086 (Olfr609)	203,175,249,192
259087 (Olfr622)	203,175,249,192
259088 (Olfr639)	203,175,249,192
259089 (Olfr571)	203,175,249,192
259091 (Olfr585)	203,175,249,192
259092 (Olfr569)	203,175,249,192
259093 (Olfr572)	203,175,249,192
259095 (Olfr568)	203,175,249,192
259096 (Olfr561)	203,175,249,192
259097 (Olfr558)	203,175,249,192
259098 (Olfr606)	203,175,249,192
259099 (Olfr676)	203,175,249,192
259100 (Olfr666)	203,175,249,192
259102 (Olfr630)	203,175,249,192
259103 (Olfr616)	203,175,249,192
259104 (Olfr613)	203,175,249,192
259105 (Olfr549)	203,175,249,192
259106 (Olfr552)	203,175,249,192
259107 (Olfr555)	203,175,249,192
259108 (Olfr550)	203,175,249,192
259109 (Olfr978)	203,175,249,192
259110 (Olfr980)	203,175,249,192
259111 (Olfr974)	203,175,249,192
259112 (Olfr979)	203,175,249,192
259113 (Olfr577)	203,175,249,192
259114 (Olfr570)	203,175,249,192
259115 (Olfr586)	203,175,249,192
259116 (Olfr559)	203,175,249,192
259117 (Olfr560)	203,175,249,192
259118 (Olfr575)	203,175,249,192
259119 (Olfr578)	203,175,249,192
259122 (Olfr635)	203,175,249,192
259123 (Olfr632)	203,175,249,192
259124 (Olfr638)	203,175,249,192
259125 (Olfr644)	203,175,249,192
259126 (Olfr623)	203,175,249,192
259145 (Olfr1251)	203,175,249,192
259147 (Olfr723)	203,175,249,192
259148 (Olfr329-ps)	203,175,249,192
259151 (Olfr1037)	203,175,249,192
259159 (Olfr628)	203,175,249,192
259161 (Olfr688)	203,175,249,192
259162 (Olfr427)	203,175,249,192
259163 (Olfr1354)	203,175,249,192
259165 (Olfr814)	203,175,249,192
269862 (Olfr1349)	203,175,249,192
27216 (Olfr154)	203,175,249,192
276865 (Olfr1371)	203,175,249,192
277562 (Olfr1286)	203,175,249,192
277935 (Olfr519)	203,175,249,192
29845 (Olfr155)	203,175,249,192
29846 (Olfr156)	203,175,249,192
29849 (Olfr159)	203,175,249,192
329460 (Olfr1193)	203,175,249,192
383243 (Olfr128)	203,175,249,192
384703 (Olfr670)	203,175,249,192
384732 (Olfr715b)	203,175,249,192
404222 (Olfr231)	203,175,249,192
404307 (Olfr100)	203,175,249,192
404309 (Olfr192)	203,175,249,192
404310 (Olfr199)	203,175,249,192
404311 (Olfr209)	203,175,249,192
404312 (Olfr250)	203,175,249,192
404313 (Olfr251)	203,175,249,192
404314 (Olfr257)	203,175,249,192
404315 (Olfr372)	203,175,249,192
404316 (Olfr403)	203,175,249,192
404317 (Olfr592)	203,175,249,192
404318 (Olfr681)	203,175,249,192
404319 (Olfr750)	203,175,249,192
404321 (Olfr776)	203,175,249,192
404322 (Olfr924)	203,175,249,192
404323 (Olfr1040)	203,175,249,192
404324 (Olfr1051)	203,175,249,192
404325 (Olfr1057)	203,175,249,192
404327 (Olfr1113)	203,175,249,192
404328 (Olfr1118)	203,175,249,192
404329 (Olfr1173)	203,175,249,192
404330 (Olfr1198)	203,175,249,192
404331 (Olfr1252)	203,175,249,192
404335 (Olfr1535)	203,175,249,192
404336 (Olfr1380)	203,175,249,192
404337 (Olfr1383)	203,175,249,192
404339 (Olfr1480)	203,175,249,192
404346 (Olfr322)	203,175,249,192
404473 (Olfr1082)	203,175,249,192
406175 (Olfr242)	203,175,249,192
406176 (Olfr151)	203,175,249,192
406186 (Olfr142)	203,175,249,192
433031 (Olfr194)	203,175,249,192
433449 (Olfr1197)	203,175,249,192
435804 (Olfr1335)	203,175,249,192
436002 (Olfr243)	203,175,249,192
544748 (Olfr765)	203,175,249,192
545205 (Olfr111)	203,175,249,192
545417 (Olfr367-ps)	203,175,249,192
545985 (Olfr612)	203,175,249,192
546488 (Olfr785)	203,175,249,192
546747 (Olfr220)	203,175,249,192
546896 (Olfr455)	203,175,249,192
546989 (Olfr607)	203,175,249,192
56014 (Olfr70)	203,175,249,192
56015 (Olfr71)	203,175,249,192
56858 (Olfr749)	203,175,249,192
56860 (Olfr690)	203,175,249,192
56861 (Olfr480)	203,175,249,192
57250 (Olfr653)	203,175,249,192
57251 (Olfr870)	203,175,249,192
57269 (Olfr1507)	203,175,249,192
57270 (Olfr1508)	203,175,249,192
57271 (Olfr1509)	203,175,249,192
57272 (Olfr140)	203,175,249,192
626674 (Olfr471)	203,175,249,192
629524 (Olfr286)	203,175,249,192
634104 (Olfr287)	203,175,249,192
66786 (Olfr701)	203,175,249,192
668035 (Olfr687)	203,175,249,192
80706 (Olfr160)	203,175,249,192
12789 (Cnga2)	778,218,824,235
233649 (Cnga4)	778,218,824,235
333329 (Cngb1)	778,218,824,235
243634 (Ano2)	778,269,824,286
14918 (Gucy2d)	203,322,249,339
14919 (Gucy2e)	203,322,249,339
12790 (Cnga3)	778,322,824,339
19091 (Prkg1)	377,278,423,295
19092 (Prkg2)	377,278,423,295
108058 (Camk2d)	700,523,746,540
12322 (Camk2a)	700,523,746,540
12323 (Camk2b)	700,523,746,540
12325 (Camk2g)	700,523,746,540
14680 (Gnal)	377,489,423,506
14688 (Gnb1)	377,489,423,506
14708 (Gng7)	377,489,423,506
64337 (Gng13)	377,489,423,506
12313 (Calm1)	617,572,663,589
12314 (Calm2)	617,572,663,589
12315 (Calm3)	617,572,663,589
494124 (Calm5)	617,572,663,589
70405 (Calml3)	617,572,663,589
75600 (Calml4)	617,572,663,589
80796 (Calm4)	617,572,663,589
18573 (Pde1a)	529,572,575,589
18574 (Pde1b)	529,572,575,589
18575 (Pde1c)	529,572,575,589
18747 (Prkaca)	377,549,423,566
18749 (Prkacb)	377,549,423,566
104111 (Adcy3)	778,490,824,507
100038859 (Olfr55)	203,489,249,506
100038860 (Olfr239)	203,489,249,506
100040268 (Olfr157)	203,489,249,506
100041187 (Olfr596)	203,489,249,506
100042690 (Olfr1565)	203,489,249,506
100043200 (Olfr819)	203,489,249,506
100043474 (Olfr1564)	203,489,249,506
108167789 (Gm10310)	203,489,249,506
110511 (Olfr153)	203,489,249,506
117004 (Olfr73)	203,489,249,506
117005 (Olfr74)	203,489,249,506
170639 (Olfr78)	203,489,249,506
170648 (Olfr138)	203,489,249,506
18307 (Olfr10)	203,489,249,506
18310 (Olfr13)	203,489,249,506
18312 (Olfr15)	203,489,249,506
18313 (Olfr16)	203,489,249,506
18314 (Olfr17)	203,489,249,506
18315 (Olfr18)	203,489,249,506
18316 (Olfr19)	203,489,249,506
18317 (Olfr2)	203,489,249,506
18322 (Olfr24)	203,489,249,506
18323 (Olfr25)	203,489,249,506
18324 (Olfr26)	203,489,249,506
18328 (Olfr3)	203,489,249,506
18329 (Olfr30)	203,489,249,506
18330 (Olfr31)	203,489,249,506
18331 (Olfr32)	203,489,249,506
18332 (Olfr33)	203,489,249,506
18341 (Olfr263)	203,489,249,506
18343 (Olfr44)	203,489,249,506
18344 (Olfr45)	203,489,249,506
18345 (Olfr46)	203,489,249,506
18346 (Olfr47)	203,489,249,506
18347 (Olfr48)	203,489,249,506
18348 (Olfr49)	203,489,249,506
18349 (Olfr5)	203,489,249,506
18350 (Olfr50)	203,489,249,506
18351 (Olfr51)	203,489,249,506
18352 (Olfr52)	203,489,249,506
18354 (Olfr54)	203,489,249,506
18356 (Olfr56)	203,489,249,506
18357 (Olfr57)	203,489,249,506
18358 (Olfr58)	203,489,249,506
18359 (Olfr59)	203,489,249,506
18361 (Olfr60)	203,489,249,506
18362 (Olfr61)	203,489,249,506
18363 (Olfr62)	203,489,249,506
18365 (Olfr65)	203,489,249,506
18366 (Olfr64)	203,489,249,506
18367 (Olfr66)	203,489,249,506
18368 (Olfr67)	203,489,249,506
18369 (Olfr68)	203,489,249,506
18370 (Olfr69)	203,489,249,506
18372 (Olfr8)	203,489,249,506
18373 (Olfr9)	203,489,249,506
193053 (Olfr384)	203,489,249,506
194433 (Olfr707)	203,489,249,506
211472 (Olfr1373)	203,489,249,506
216783 (Olfr320)	203,489,249,506
218066 (Olfr11)	203,489,249,506
219019 (Olfr743)	203,489,249,506
227789 (Olfr358)	203,489,249,506
228228 (Olfr1102)	203,489,249,506
228443 (Olfr1283)	203,489,249,506
233578 (Olfr553)	203,489,249,506
233670 (Olfr6)	203,489,249,506
235248 (Olfr952)	203,489,249,506
235256 (Olfr149)	203,489,249,506
236509 (Olfr366)	203,489,249,506
236784 (Olfr1320)	203,489,249,506
236785 (Olfr1321)	203,489,249,506
244187 (Olfr684)	203,489,249,506
257662 (Olfr1290)	203,489,249,506
257664 (Olfr773)	203,489,249,506
257665 (Olfr1506)	203,489,249,506
257666 (Olfr772)	203,489,249,506
257667 (Olfr769)	203,489,249,506
257734 (Olfr1355)	203,489,249,506
257872 (Olfr835)	203,489,249,506
257875 (Olfr1116)	203,489,249,506
257881 (Olfr205)	203,489,249,506
257882 (Olfr1344)	203,489,249,506
257883 (Olfr1357)	203,489,249,506
257884 (Olfr744)	203,489,249,506
257885 (Olfr885)	203,489,249,506
257886 (Olfr225)	203,489,249,506
257887 (Olfr1200)	203,489,249,506
257888 (Olfr1386)	203,489,249,506
257889 (Olfr132)	203,489,249,506
257890 (Olfr12)	203,489,249,506
257891 (Olfr479)	203,489,249,506
257892 (Olfr324)	203,489,249,506
257898 (Olfr867)	203,489,249,506
257900 (Olfr1024)	203,489,249,506
257902 (Olfr704)	203,489,249,506
257904 (Olfr294)	203,489,249,506
257905 (Olfr298)	203,489,249,506
257906 (Olfr293)	203,489,249,506
257909 (Olfr735)	203,489,249,506
257910 (Olfr671)	203,489,249,506
257912 (Olfr948)	203,489,249,506
257913 (Olfr141)	203,489,249,506
257914 (Olfr663)	203,489,249,506
257915 (Olfr1016)	203,489,249,506
257916 (Olfr1031)	203,489,249,506
257917 (Olfr314)	203,489,249,506
257919 (Olfr467)	203,489,249,506
257921 (Olfr1229)	203,489,249,506
257926 (Olfr544)	203,489,249,506
257929 (Olfr299)	203,489,249,506
257932 (Olfr332)	203,489,249,506
257933 (Olfr1089)	203,489,249,506
257936 (Olfr1028)	203,489,249,506
257938 (Olfr1419)	203,489,249,506
257939 (Olfr527)	203,489,249,506
257941 (Olfr1042)	203,489,249,506
257943 (Olfr285)	203,489,249,506
257947 (Olfr543)	203,489,249,506
257950 (Olfr1039)	203,489,249,506
257951 (Olfr987)	203,489,249,506
257956 (Olfr1307)	203,489,249,506
257958 (Olfr301)	203,489,249,506
257959 (Olfr1537)	203,489,249,506
257961 (Olfr1432)	203,489,249,506
257962 (Olfr222)	203,489,249,506
257963 (Olfr857)	203,489,249,506
257971 (Olfr1382)	203,489,249,506
257972 (Olfr193)	203,489,249,506
257973 (Olfr207)	203,489,249,506
257974 (Olfr1053)	203,489,249,506
257975 (Olfr598)	203,489,249,506
257978 (Olfr1322)	203,489,249,506
257979 (Olfr1281)	203,489,249,506
257980 (Olfr1275)	203,489,249,506
257985 (Olfr782)	203,489,249,506
257996 (Olfr884)	203,489,249,506
258016 (Olfr453)	203,489,249,506
258019 (Olfr212)	203,489,249,506
258020 (Olfr213)	203,489,249,506
258022 (Olfr1318)	203,489,249,506
258023 (Olfr1306)	203,489,249,506
258025 (Olfr1211)	203,489,249,506
258027 (Olfr1385)	203,489,249,506
258028 (Olfr901)	203,489,249,506
258036 (Olfr198)	203,489,249,506
258039 (Olfr728)	203,489,249,506
258041 (Olfr485)	203,489,249,506
258042 (Olfr487)	203,489,249,506
258051 (Olfr93)	203,489,249,506
258055 (Olfr524)	203,489,249,506
258056 (Olfr533)	203,489,249,506
258060 (Olfr1181)	203,489,249,506
258065 (Olfr312)	203,489,249,506
258067 (Olfr1359)	203,489,249,506
258068 (Olfr804)	203,489,249,506
258069 (Olfr787)	203,489,249,506
258074 (Olfr834)	203,489,249,506
258075 (Olfr832)	203,489,249,506
258086 (Olfr967)	203,489,249,506
258087 (Olfr963)	203,489,249,506
258089 (Olfr304)	203,489,249,506
258095 (Olfr119)	203,489,249,506
258097 (Olfr1500)	203,489,249,506
258098 (Olfr1490)	203,489,249,506
258101 (Olfr1137)	203,489,249,506
258103 (Olfr1152)	203,489,249,506
258105 (Olfr1162)	203,489,249,506
258111 (Olfr1129)	203,489,249,506
258113 (Olfr748)	203,489,249,506
258117 (Olfr1437)	203,489,249,506
258120 (Olfr1463)	203,489,249,506
258134 (Olfr426)	203,489,249,506
258135 (Olfr597)	203,489,249,506
258136 (Olfr517)	203,489,249,506
258139 (Olfr591)	203,489,249,506
258147 (Olfr675)	203,489,249,506
258148 (Olfr789)	203,489,249,506
258150 (Olfr792)	203,489,249,506
258151 (Olfr1505)	203,489,249,506
258153 (Olfr412)	203,489,249,506
258154 (Olfr1029)	203,489,249,506
258155 (Olfr1425)	203,489,249,506
258156 (Olfr605)	203,489,249,506
258158 (Olfr169)	203,489,249,506
258160 (Olfr685)	203,489,249,506
258163 (Olfr504)	203,489,249,506
258165 (Olfr965)	203,489,249,506
258168 (Olfr566)	203,489,249,506
258173 (Olfr1532-ps1)	203,489,249,506
258177 (Olfr1222)	203,489,249,506
258178 (Olfr180)	203,489,249,506
258180 (Olfr699)	203,489,249,506
258183 (Olfr917)	203,489,249,506
258189 (Olfr624)	203,489,249,506
258196 (Olfr309)	203,489,249,506
258198 (Olfr224)	203,489,249,506
258201 (Olfr538)	203,489,249,506
258203 (Olfr1178)	203,489,249,506
258206 (Olfr1264)	203,489,249,506
258207 (Olfr452)	203,489,249,506
258215 (Olfr506)	203,489,249,506
258216 (Olfr1034)	203,489,249,506
258218 (Olfr102)	203,489,249,506
258220 (Olfr1148)	203,489,249,506
258222 (Olfr310)	203,489,249,506
258224 (Olfr1358)	203,489,249,506
258225 (Olfr913)	203,489,249,506
258227 (Olfr1418)	203,489,249,506
258228 (Olfr1415)	203,489,249,506
258231 (Olfr1471)	203,489,249,506
258232 (Olfr774)	203,489,249,506
258233 (Olfr741)	203,489,249,506
258235 (Olfr1084)	203,489,249,506
258236 (Olfr391-ps)	203,489,249,506
258238 (Olfr417)	203,489,249,506
258241 (Olfr1212)	203,489,249,506
258242 (Olfr955)	203,489,249,506
258245 (Olfr1036)	203,489,249,506
258246 (Olfr594)	203,489,249,506
258247 (Olfr645)	203,489,249,506
258248 (Olfr576)	203,489,249,506
258249 (Olfr845)	203,489,249,506
258252 (Olfr813)	203,489,249,506
258255 (Olfr1010)	203,489,249,506
258257 (Olfr1313)	203,489,249,506
258258 (Olfr1308)	203,489,249,506
258259 (Olfr1338)	203,489,249,506
258261 (Olfr325)	203,489,249,506
258263 (Olfr117)	203,489,249,506
258264 (Olfr747)	203,489,249,506
258265 (Olfr1333)	203,489,249,506
258266 (Olfr247)	203,489,249,506
258267 (Olfr370)	203,489,249,506
258268 (Olfr1511)	203,489,249,506
258269 (Olfr930)	203,489,249,506
258270 (Olfr448)	203,489,249,506
258271 (Olfr1311)	203,489,249,506
258272 (Olfr1402)	203,489,249,506
258273 (Olfr1394)	203,489,249,506
258274 (Olfr1412)	203,489,249,506
258275 (Olfr729)	203,489,249,506
258276 (Olfr960)	203,489,249,506
258277 (Olfr281)	203,489,249,506
258278 (Olfr284)	203,489,249,506
258279 (Olfr846)	203,489,249,506
258280 (Olfr1366)	203,489,249,506
258281 (Olfr780)	203,489,249,506
258282 (Olfr801)	203,489,249,506
258283 (Olfr981)	203,489,249,506
258284 (Olfr114)	203,489,249,506
258285 (Olfr122)	203,489,249,506
258286 (Olfr113)	203,489,249,506
258287 (Olfr125)	203,489,249,506
258288 (Olfr1484)	203,489,249,506
258289 (Olfr1324)	203,489,249,506
258290 (Olfr1143)	203,489,249,506
258291 (Olfr1167)	203,489,249,506
258292 (Olfr446)	203,489,249,506
258293 (Olfr437)	203,489,249,506
258294 (Olfr1115)	203,489,249,506
258295 (Olfr746)	203,489,249,506
258296 (Olfr745)	203,489,249,506
258297 (Olfr827)	203,489,249,506
258298 (Olfr1475)	203,489,249,506
258299 (Olfr1461)	203,489,249,506
258300 (Olfr1449)	203,489,249,506
258301 (Olfr1340)	203,489,249,506
258302 (Olfr420)	203,489,249,506
258303 (Olfr518)	203,489,249,506
258304 (Olfr498)	203,489,249,506
258305 (Olfr1356)	203,489,249,506
258306 (Olfr1337)	203,489,249,506
258307 (Olfr493)	203,489,249,506
258308 (Olfr510)	203,489,249,506
258309 (Olfr657)	203,489,249,506
258310 (Olfr145)	203,489,249,506
258311 (Olfr601)	203,489,249,506
258313 (Olfr726)	203,489,249,506
258314 (Olfr725)	203,489,249,506
258315 (Olfr767)	203,489,249,506
258316 (Olfr727)	203,489,249,506
258317 (Olfr1145)	203,489,249,506
258318 (Olfr186)	203,489,249,506
258319 (Olfr187)	203,489,249,506
258320 (Olfr1232)	203,489,249,506
258321 (Olfr809)	203,489,249,506
258322 (Olfr554)	203,489,249,506
258323 (Olfr943)	203,489,249,506
258324 (Olfr129)	203,489,249,506
258325 (Olfr110)	203,489,249,506
258326 (Olfr642)	203,489,249,506
258327 (Olfr958)	203,489,249,506
258328 (Olfr954)	203,489,249,506
258329 (Olfr135)	203,489,249,506
258330 (Olfr1274-ps)	203,489,249,506
258331 (Olfr1330)	203,489,249,506
258333 (Olfr893)	203,489,249,506
258334 (Olfr1396)	203,489,249,506
258335 (Olfr374)	203,489,249,506
258336 (Olfr77)	203,489,249,506
258338 (Olfr1259)	203,489,249,506
258339 (Olfr1269)	203,489,249,506
258340 (Olfr1265)	203,489,249,506
258341 (Olfr1495)	203,489,249,506
258342 (Olfr1491)	203,489,249,506
258343 (Olfr397)	203,489,249,506
258344 (Olfr390)	203,489,249,506
258345 (Olfr1121)	203,489,249,506
258346 (Olfr1128)	203,489,249,506
258347 (Olfr1123)	203,489,249,506
258348 (Olfr1133)	203,489,249,506
258350 (Olfr706)	203,489,249,506
258351 (Olfr633)	203,489,249,506
258352 (Olfr692)	203,489,249,506
258353 (Olfr521)	203,489,249,506
258354 (Olfr168)	203,489,249,506
258355 (Olfr677)	203,489,249,506
258356 (Olfr564)	203,489,249,506
258357 (Olfr574)	203,489,249,506
258358 (Olfr557)	203,489,249,506
258359 (Olfr1312)	203,489,249,506
258360 (Olfr731)	203,489,249,506
258361 (Olfr495)	203,489,249,506
258362 (Olfr1094)	203,489,249,506
258363 (Olfr1093)	203,489,249,506
258364 (Olfr976)	203,489,249,506
258365 (Olfr361)	203,489,249,506
258366 (Olfr434)	203,489,249,506
258368 (Olfr1450)	203,489,249,506
258369 (Olfr509)	203,489,249,506
258370 (Olfr1253)	203,489,249,506
258371 (Olfr368)	203,489,249,506
258372 (Olfr918)	203,489,249,506
258373 (Olfr323)	203,489,249,506
258374 (Olfr127)	203,489,249,506
258375 (Olfr794)	203,489,249,506
258377 (Olfr654)	203,489,249,506
258378 (Olfr593)	203,489,249,506
258379 (Olfr1284)	203,489,249,506
258380 (Olfr461)	203,489,249,506
258381 (Olfr460)	203,489,249,506
258383 (Olfr1347)	203,489,249,506
258384 (Olfr1350)	203,489,249,506
258385 (Olfr1323)	203,489,249,506
258386 (Olfr1058)	203,489,249,506
258387 (Olfr720)	203,489,249,506
258388 (Olfr1279)	203,489,249,506
258389 (Olfr1278)	203,489,249,506
258390 (Olfr1276)	203,489,249,506
258391 (Olfr1277)	203,489,249,506
258392 (Olfr190)	203,489,249,506
258393 (Olfr1325)	203,489,249,506
258394 (Olfr1328)	203,489,249,506
258395 (Olfr1288)	203,489,249,506
258396 (Olfr1305)	203,489,249,506
258397 (Olfr1303)	203,489,249,506
258398 (Olfr1295)	203,489,249,506
258399 (Olfr1289)	203,489,249,506
258401 (Olfr1076)	203,489,249,506
258402 (Olfr1079)	203,489,249,506
258403 (Olfr1065)	203,489,249,506
258404 (Olfr1080)	203,489,249,506
258405 (Olfr1420)	203,489,249,506
258406 (Olfr462)	203,489,249,506
258407 (Olfr464)	203,489,249,506
258408 (Olfr463)	203,489,249,506
258409 (Olfr1431)	203,489,249,506
258410 (Olfr291)	203,489,249,506
258411 (Olfr290)	203,489,249,506
258412 (Olfr877)	203,489,249,506
258413 (Olfr881)	203,489,249,506
258414 (Olfr883)	203,489,249,506
258415 (Olfr887)	203,489,249,506
258416 (Olfr888)	203,489,249,506
258417 (Olfr470)	203,489,249,506
258418 (Olfr469)	203,489,249,506
258420 (Olfr221)	203,489,249,506
258421 (Olfr223)	203,489,249,506
258422 (Olfr742)	203,489,249,506
258423 (Olfr1510)	203,489,249,506
258424 (Olfr1512)	203,489,249,506
258425 (Olfr994)	203,489,249,506
258426 (Olfr995)	203,489,249,506
258427 (Olfr993)	203,489,249,506
258428 (Olfr998)	203,489,249,506
258429 (Olfr996)	203,489,249,506
258430 (Olfr938)	203,489,249,506
258431 (Olfr937)	203,489,249,506
258432 (Olfr919)	203,489,249,506
258433 (Olfr933)	203,489,249,506
258434 (Olfr934)	203,489,249,506
258435 (Olfr382)	203,489,249,506
258436 (Olfr458)	203,489,249,506
258437 (Olfr450)	203,489,249,506
258438 (Olfr215)	203,489,249,506
258439 (Olfr1309)	203,489,249,506
258440 (Olfr1317)	203,489,249,506
258441 (Olfr1310)	203,489,249,506
258442 (Olfr1314)	203,489,249,506
258443 (Olfr164)	203,489,249,506
258444 (Olfr694)	203,489,249,506
258445 (Olfr693)	203,489,249,506
258446 (Olfr1231)	203,489,249,506
258447 (Olfr1241)	203,489,249,506
258448 (Olfr92)	203,489,249,506
258449 (Olfr282)	203,489,249,506
258450 (Olfr1199)	203,489,249,506
258451 (Olfr1215)	203,489,249,506
258453 (Olfr1209)	203,489,249,506
258454 (Olfr1202)	203,489,249,506
258455 (Olfr1204)	203,489,249,506
258456 (Olfr1196)	203,489,249,506
258457 (Olfr108)	203,489,249,506
258458 (Olfr165)	203,489,249,506
258459 (Olfr1388)	203,489,249,506
258460 (Olfr1391)	203,489,249,506
258461 (Olfr1381)	203,489,249,506
258462 (Olfr1392)	203,489,249,506
258463 (Olfr1393)	203,489,249,506
258464 (Olfr1384)	203,489,249,506
258465 (Olfr1387)	203,489,249,506
258466 (Olfr1261)	203,489,249,506
258468 (Olfr1254)	203,489,249,506
258469 (Olfr90)	203,489,249,506
258470 (Olfr91)	203,489,249,506
258471 (Olfr891)	203,489,249,506
258472 (Olfr899)	203,489,249,506
258474 (Olfr890)	203,489,249,506
258475 (Olfr889)	203,489,249,506
258477 (Olfr197)	203,489,249,506
258478 (Olfr183)	203,489,249,506
258479 (Olfr203)	203,489,249,506
258480 (Olfr130)	203,489,249,506
258481 (Olfr137)	203,489,249,506
258482 (Olfr266)	203,489,249,506
258483 (Olfr1411)	203,489,249,506
258484 (Olfr1410)	203,489,249,506
258485 (Olfr724)	203,489,249,506
258486 (Olfr730)	203,489,249,506
258487 (Olfr722)	203,489,249,506
258488 (Olfr474)	203,489,249,506
258489 (Olfr486)	203,489,249,506
258490 (Olfr492)	203,489,249,506
258491 (Olfr490)	203,489,249,506
258492 (Olfr484)	203,489,249,506
258493 (Olfr319)	203,489,249,506
258494 (Olfr318)	203,489,249,506
258495 (Olfr328)	203,489,249,506
258497 (Olfr961)	203,489,249,506
258498 (Olfr148)	203,489,249,506
258499 (Olfr945)	203,489,249,506
258500 (Olfr944)	203,489,249,506
258501 (Olfr959)	203,489,249,506
258502 (Olfr279)	203,489,249,506
258503 (Olfr98)	203,489,249,506
258504 (Olfr107)	203,489,249,506
258505 (Olfr97)	203,489,249,506
258506 (Olfr95)	203,489,249,506
258507 (Olfr96)	203,489,249,506
258508 (Olfr99)	203,489,249,506
258511 (Olfr523)	203,489,249,506
258512 (Olfr530)	203,489,249,506
258513 (Olfr536)	203,489,249,506
258515 (Olfr854)	203,489,249,506
258516 (Olfr850)	203,489,249,506
258517 (Olfr855)	203,489,249,506
258518 (Olfr847)	203,489,249,506
258519 (Olfr859)	203,489,249,506
258520 (Olfr849)	203,489,249,506
258521 (Olfr860)	203,489,249,506
258522 (Olfr1183)	203,489,249,506
258523 (Olfr1186)	203,489,249,506
258524 (Olfr1168)	203,489,249,506
258525 (Olfr1170)	203,489,249,506
258526 (Olfr1367)	203,489,249,506
258527 (Olfr1368)	203,489,249,506
258528 (Olfr1370)	203,489,249,506
258529 (Olfr313)	203,489,249,506
258530 (Olfr311)	203,489,249,506
258531 (Olfr315)	203,489,249,506
258532 (Olfr373)	203,489,249,506
258533 (Olfr1364)	203,489,249,506
258534 (Olfr1361)	203,489,249,506
258536 (Olfr1360)	203,489,249,506
258537 (Olfr777)	203,489,249,506
258538 (Olfr775)	203,489,249,506
258540 (Olfr771)	203,489,249,506
258541 (Olfr800)	203,489,249,506
258542 (Olfr786)	203,489,249,506
258543 (Olfr810)	203,489,249,506
258544 (Olfr788)	203,489,249,506
258545 (Olfr811)	203,489,249,506
258546 (Olfr806)	203,489,249,506
258547 (Olfr803)	203,489,249,506
258548 (Olfr805)	203,489,249,506
258549 (Olfr798)	203,489,249,506
258550 (Olfr869)	203,489,249,506
258551 (Olfr866)	203,489,249,506
258552 (Olfr868)	203,489,249,506
258553 (Olfr872)	203,489,249,506
258554 (Olfr873)	203,489,249,506
258555 (Olfr862)	203,489,249,506
258557 (Olfr836)	203,489,249,506
258558 (Olfr837)	203,489,249,506
258559 (Olfr830)	203,489,249,506
258560 (Olfr843)	203,489,249,506
258561 (Olfr1012)	203,489,249,506
258562 (Olfr1014)	203,489,249,506
258563 (Olfr1006)	203,489,249,506
258564 (Olfr1015)	203,489,249,506
258565 (Olfr1009)	203,489,249,506
258566 (Olfr1002)	203,489,249,506
258568 (Olfr1457)	203,489,249,506
258569 (Olfr459)	203,489,249,506
258570 (Olfr1043)	203,489,249,506
258571 (Olfr1033)	203,489,249,506
258572 (Olfr1032)	203,489,249,506
258573 (Olfr1020)	203,489,249,506
258575 (Olfr1046)	203,489,249,506
258577 (Olfr1026)	203,489,249,506
258579 (Olfr1018)	203,489,249,506
258580 (Olfr1023)	203,489,249,506
258581 (Olfr1030)	203,489,249,506
258582 (Olfr1022)	203,489,249,506
258583 (Olfr1085)	203,489,249,506
258584 (Olfr1101)	203,489,249,506
258585 (Olfr1086)	203,489,249,506
258586 (Olfr1111)	203,489,249,506
258587 (Olfr1100)	203,489,249,506
258589 (Olfr703)	203,489,249,506
258590 (Olfr702)	203,489,249,506
258591 (Olfr695)	203,489,249,506
258592 (Olfr697)	203,489,249,506
258593 (Olfr700)	203,489,249,506
258594 (Olfr710)	203,489,249,506
258595 (Olfr698)	203,489,249,506
258597 (Olfr716)	203,489,249,506
258598 (Olfr828)	203,489,249,506
258600 (Olfr270)	203,489,249,506
258601 (Olfr984)	203,489,249,506
258602 (Olfr150)	203,489,249,506
258603 (Olfr972)	203,489,249,506
258604 (Olfr970)	203,489,249,506
258605 (Olfr968)	203,489,249,506
258606 (Olfr229)	203,489,249,506
258607 (Olfr971)	203,489,249,506
258608 (Olfr986)	203,489,249,506
258609 (Olfr305)	203,489,249,506
258610 (Olfr307)	203,489,249,506
258611 (Olfr297)	203,489,249,506
258612 (Olfr303)	203,489,249,506
258613 (Olfr292)	203,489,249,506
258614 (Olfr308)	203,489,249,506
258615 (Olfr360)	203,489,249,506
258616 (Olfr357)	203,489,249,506
258617 (Olfr356)	203,489,249,506
258618 (Olfr355)	203,489,249,506
258620 (Olfr350)	203,489,249,506
258621 (Olfr344)	203,489,249,506
258622 (Olfr121)	203,489,249,506
258623 (Olfr123)	203,489,249,506
258624 (Olfr120)	203,489,249,506
258625 (Olfr116)	203,489,249,506
258626 (Olfr1501)	203,489,249,506
258627 (Olfr1504)	203,489,249,506
258628 (Olfr1489)	203,489,249,506
258629 (Olfr1487)	203,489,249,506
258630 (Olfr1141)	203,489,249,506
258631 (Olfr1151)	203,489,249,506
258632 (Olfr1138)	203,489,249,506
258633 (Olfr1153)	203,489,249,506
258634 (Olfr1164)	203,489,249,506
258635 (Olfr1140)	203,489,249,506
258636 (Olfr1155)	203,489,249,506
258638 (Olfr1163)	203,489,249,506
258639 (Olfr1158)	203,489,249,506
258640 (Olfr152)	203,489,249,506
258641 (Olfr1154)	203,489,249,506
258643 (Olfr1160)	203,489,249,506
258644 (Olfr1166)	203,489,249,506
258645 (Olfr418)	203,489,249,506
258647 (Olfr435)	203,489,249,506
258648 (Olfr237-ps1)	203,489,249,506
258649 (Olfr441)	203,489,249,506
258650 (Olfr444)	203,489,249,506
258652 (Olfr1131)	203,489,249,506
258653 (Olfr1136)	203,489,249,506
258654 (Olfr1135)	203,489,249,506
258655 (Olfr1112)	203,489,249,506
258656 (Olfr365)	203,489,249,506
258657 (Olfr733)	203,489,249,506
258658 (Olfr734)	203,489,249,506
258659 (Olfr732)	203,489,249,506
258660 (Olfr736)	203,489,249,506
258661 (Olfr740)	203,489,249,506
258662 (Olfr738)	203,489,249,506
258663 (Olfr739)	203,489,249,506
258665 (Olfr815)	203,489,249,506
258666 (Olfr822)	203,489,249,506
258667 (Olfr816)	203,489,249,506
258668 (Olfr823)	203,489,249,506
258669 (Olfr824)	203,489,249,506
258670 (Olfr820)	203,489,249,506
258671 (Olfr826)	203,489,249,506
258672 (Olfr825)	203,489,249,506
258673 (Olfr1428)	203,489,249,506
258674 (Olfr1427)	203,489,249,506
258675 (Olfr1423)	203,489,249,506
258676 (Olfr1424)	203,489,249,506
258677 (Olfr76)	203,489,249,506
258678 (Olfr1441)	203,489,249,506
258679 (Olfr1440)	203,489,249,506
258680 (Olfr1434)	203,489,249,506
258682 (Olfr1436)	203,489,249,506
258683 (Olfr262)	203,489,249,506
258684 (Olfr1459)	203,489,249,506
258685 (Olfr1472)	203,489,249,506
258686 (Olfr1467)	203,489,249,506
258687 (Olfr1454)	203,489,249,506
258688 (Olfr1462)	203,489,249,506
258689 (Olfr1466)	203,489,249,506
258690 (Olfr1469)	203,489,249,506
258691 (Olfr1477)	203,489,249,506
258692 (Olfr1442)	203,489,249,506
258693 (Olfr1443)	203,489,249,506
258694 (Olfr1445)	203,489,249,506
258695 (Olfr1453)	203,489,249,506
258696 (Olfr1448)	203,489,249,506
258697 (Olfr1444)	203,489,249,506
258698 (Olfr1447)	203,489,249,506
258699 (Olfr1446)	203,489,249,506
258700 (Olfr1451)	203,489,249,506
258701 (Olfr401)	203,489,249,506
258702 (Olfr410)	203,489,249,506
258703 (Olfr402)	203,489,249,506
258704 (Olfr411)	203,489,249,506
258705 (Olfr398)	203,489,249,506
258706 (Olfr43)	203,489,249,506
258708 (Olfr1342)	203,489,249,506
258709 (Olfr248)	203,489,249,506
258710 (Olfr419)	203,489,249,506
258711 (Olfr432)	203,489,249,506
258712 (Olfr433)	203,489,249,506
258713 (Olfr430)	203,489,249,506
258715 (Olfr421-ps1)	203,489,249,506
258716 (Olfr424)	203,489,249,506
258717 (Olfr429)	203,489,249,506
258718 (Olfr513)	203,489,249,506
258719 (Olfr512)	203,489,249,506
258720 (Olfr516)	203,489,249,506
258721 (Olfr514)	203,489,249,506
258722 (Olfr611)	203,489,249,506
258723 (Olfr781)	203,489,249,506
258724 (Olfr784)	203,489,249,506
258725 (Olfr1095)	203,489,249,506
258726 (Olfr599)	203,489,249,506
258727 (Olfr488)	203,489,249,506
258728 (Olfr482)	203,489,249,506
258729 (Olfr478)	203,489,249,506
258730 (Olfr483)	203,489,249,506
258731 (Olfr491)	203,489,249,506
258732 (Olfr494)	203,489,249,506
258733 (Olfr497)	203,489,249,506
258734 (Olfr502)	203,489,249,506
258736 (Olfr1497)	203,489,249,506
258737 (Olfr1316)	203,489,249,506
258738 (Olfr507)	203,489,249,506
258739 (Olfr1362)	203,489,249,506
258740 (Olfr957)	203,489,249,506
258741 (Olfr935)	203,489,249,506
258742 (Olfr146)	203,489,249,506
258743 (Olfr661)	203,489,249,506
258744 (Olfr875)	203,489,249,506
258745 (Olfr689)	203,489,249,506
258746 (Olfr648)	203,489,249,506
258747 (Olfr1106)	203,489,249,506
258748 (Olfr1195)	203,489,249,506
258749 (Olfr556)	203,489,249,506
258750 (Olfr551)	203,489,249,506
258751 (Olfr608)	203,489,249,506
258752 (Olfr583)	203,489,249,506
258753 (Olfr678)	203,489,249,506
258754 (Olfr214)	203,489,249,506
258755 (Olfr672)	203,489,249,506
258756 (Olfr414)	203,489,249,506
258757 (Olfr1013)	203,489,249,506
258758 (Olfr1406)	203,489,249,506
258759 (Olfr1408)	203,489,249,506
258762 (Olfr1109)	203,489,249,506
258763 (Olfr1104)	203,489,249,506
258764 (Olfr1099)	203,489,249,506
258765 (Olfr1110)	203,489,249,506
258766 (Olfr259)	203,489,249,506
258767 (Olfr1176)	203,489,249,506
258768 (Olfr1189)	203,489,249,506
258769 (Olfr508)	203,489,249,506
258770 (Olfr472)	203,489,249,506
258771 (Olfr473)	203,489,249,506
258772 (Olfr821)	203,489,249,506
258773 (Olfr818)	203,489,249,506
258774 (Olfr1208)	203,489,249,506
258775 (Olfr196)	203,489,249,506
258776 (Olfr715)	203,489,249,506
258777 (Olfr922)	203,489,249,506
258778 (Olfr921)	203,489,249,506
258780 (Olfr916)	203,489,249,506
258781 (Olfr915)	203,489,249,506
258782 (Olfr914)	203,489,249,506
258783 (Olfr920)	203,489,249,506
258784 (Olfr1245)	203,489,249,506
258785 (Olfr1230)	203,489,249,506
258786 (Olfr1238)	203,489,249,506
258787 (Olfr1248)	203,489,249,506
258788 (Olfr1246)	203,489,249,506
258789 (Olfr1271)	203,489,249,506
258790 (Olfr1263)	203,489,249,506
258791 (Olfr812)	203,489,249,506
258792 (Olfr1499)	203,489,249,506
258793 (Olfr1502)	203,489,249,506
258794 (Olfr878)	203,489,249,506
258797 (Olfr904)	203,489,249,506
258798 (Olfr902)	203,489,249,506
258799 (Olfr906)	203,489,249,506
258800 (Olfr905)	203,489,249,506
258801 (Olfr907)	203,489,249,506
258802 (Olfr143)	203,489,249,506
258803 (Olfr136)	203,489,249,506
258804 (Olfr1240)	203,489,249,506
258805 (Olfr1426)	203,489,249,506
258806 (Olfr912)	203,489,249,506
258807 (Olfr910)	203,489,249,506
258808 (Olfr620)	203,489,249,506
258809 (Olfr651)	203,489,249,506
258810 (Olfr665)	203,489,249,506
258811 (Olfr926)	203,489,249,506
258812 (Olfr923)	203,489,249,506
258814 (Olfr1156)	203,489,249,506
258815 (Olfr1218)	203,489,249,506
258816 (Olfr466)	203,489,249,506
258817 (Olfr655)	203,489,249,506
258818 (Olfr629)	203,489,249,506
258819 (Olfr640)	203,489,249,506
258820 (Olfr1184)	203,489,249,506
258821 (Olfr273)	203,489,249,506
258822 (Olfr39)	203,489,249,506
258823 (Olfr969)	203,489,249,506
258824 (Olfr983)	203,489,249,506
258825 (Olfr975)	203,489,249,506
258826 (Olfr27)	203,489,249,506
258828 (Olfr133)	203,489,249,506
258829 (Olfr134)	203,489,249,506
258830 (Olfr103)	203,489,249,506
258831 (Olfr101)	203,489,249,506
258832 (Olfr109)	203,489,249,506
258833 (Olfr1132)	203,489,249,506
258834 (Olfr1126)	203,489,249,506
258835 (Olfr1130)	203,489,249,506
258836 (Olfr272)	203,489,249,506
258837 (Olfr545)	203,489,249,506
258838 (Olfr617)	203,489,249,506
258840 (Olfr1097)	203,489,249,506
258841 (Olfr1107)	203,489,249,506
258842 (Olfr1098)	203,489,249,506
258843 (Olfr1087)	203,489,249,506
258844 (Olfr1090)	203,489,249,506
258845 (Olfr1161)	203,489,249,506
258846 (Olfr1157)	203,489,249,506
258850 (Olfr295)	203,489,249,506
258851 (Olfr1339)	203,489,249,506
258852 (Olfr1341)	203,489,249,506
258853 (Olfr982)	203,489,249,506
258854 (Olfr985)	203,489,249,506
258857 (Olfr275)	203,489,249,506
258858 (Olfr371)	203,489,249,506
258859 (Olfr161)	203,489,249,506
258861 (Olfr763)	203,489,249,506
258862 (Olfr770)	203,489,249,506
258863 (Olfr768)	203,489,249,506
258865 (Olfr992)	203,489,249,506
258866 (Olfr1008)	203,489,249,506
258867 (Olfr131)	203,489,249,506
258868 (Olfr894)	203,489,249,506
258869 (Olfr147)	203,489,249,506
258871 (Olfr898)	203,489,249,506
258872 (Olfr908)	203,489,249,506
258873 (Olfr911-ps1)	203,489,249,506
258874 (Olfr900)	203,489,249,506
258875 (Olfr895)	203,489,249,506
258877 (Olfr1395)	203,489,249,506
258879 (Olfr330)	203,489,249,506
258880 (Olfr218)	203,489,249,506
258881 (Olfr1404)	203,489,249,506
258882 (Olfr874)	203,489,249,506
258883 (Olfr876)	203,489,249,506
258886 (Olfr1299)	203,489,249,506
258887 (Olfr1294)	203,489,249,506
258888 (Olfr1298)	203,489,249,506
258889 (Olfr1301)	203,489,249,506
258890 (Olfr1297)	203,489,249,506
258891 (Olfr1302)	203,489,249,506
258892 (Olfr126)	203,489,249,506
258893 (Olfr1225)	203,489,249,506
258894 (Olfr1223)	203,489,249,506
258895 (Olfr1216)	203,489,249,506
258896 (Olfr1206)	203,489,249,506
258897 (Olfr1201)	203,489,249,506
258898 (Olfr1205)	203,489,249,506
258899 (Olfr1214)	203,489,249,506
258900 (Olfr1213)	203,489,249,506
258901 (Olfr1219)	203,489,249,506
258902 (Olfr1220)	203,489,249,506
258903 (Olfr1217)	203,489,249,506
258904 (Olfr1221)	203,489,249,506
258905 (Olfr871)	203,489,249,506
258907 (Olfr851)	203,489,249,506
258908 (Olfr853)	203,489,249,506
258910 (Olfr1280)	203,489,249,506
258912 (Olfr1378)	203,489,249,506
258913 (Olfr1377)	203,489,249,506
258914 (Olfr211)	203,489,249,506
258915 (Olfr1348)	203,489,249,506
258917 (Olfr1336)	203,489,249,506
258918 (Olfr1346)	203,489,249,506
258919 (Olfr1179)	203,489,249,506
258920 (Olfr1180)	203,489,249,506
258921 (Olfr1188)	203,489,249,506
258922 (Olfr267)	203,489,249,506
258923 (Olfr1)	203,489,249,506
258924 (Olfr376)	203,489,249,506
258925 (Olfr20)	203,489,249,506
258926 (Olfr476)	203,489,249,506
258927 (Olfr481)	203,489,249,506
258928 (Olfr477)	203,489,249,506
258929 (Olfr799)	203,489,249,506
258930 (Olfr808)	203,489,249,506
258931 (Olfr807)	203,489,249,506
258932 (Olfr791)	203,489,249,506
258933 (Olfr796)	203,489,249,506
258934 (Olfr802)	203,489,249,506
258935 (Olfr790)	203,489,249,506
258937 (Olfr167)	203,489,249,506
258938 (Olfr1417)	203,489,249,506
258939 (Olfr63)	203,489,249,506
258940 (Olfr346)	203,489,249,506
258941 (Olfr354)	203,489,249,506
258942 (Olfr352)	203,489,249,506
258943 (Olfr353)	203,489,249,506
258944 (Olfr351)	203,489,249,506
258945 (Olfr347)	203,489,249,506
258946 (Olfr348)	203,489,249,506
258947 (Olfr345)	203,489,249,506
258949 (Olfr338)	203,489,249,506
258950 (Olfr342)	203,489,249,506
258951 (Olfr339)	203,489,249,506
258952 (Olfr341)	203,489,249,506
258953 (Olfr340)	203,489,249,506
258954 (Olfr522)	203,489,249,506
258955 (Olfr531)	203,489,249,506
258956 (Olfr535)	203,489,249,506
258958 (Olfr525)	203,489,249,506
258959 (Olfr170)	203,489,249,506
258960 (Olfr171)	203,489,249,506
258961 (Olfr631)	203,489,249,506
258962 (Olfr53)	203,489,249,506
258963 (Olfr539)	203,489,249,506
258964 (Olfr541)	203,489,249,506
258967 (Olfr1250)	203,489,249,506
258968 (Olfr1247)	203,489,249,506
258969 (Olfr1226)	203,489,249,506
258970 (Olfr1242)	203,489,249,506
258971 (Olfr1243)	203,489,249,506
258972 (Olfr1239)	203,489,249,506
258973 (Olfr1228)	203,489,249,506
258974 (Olfr1233)	203,489,249,506
258975 (Olfr1234)	203,489,249,506
258976 (Olfr1262)	203,489,249,506
258977 (Olfr1273-ps)	203,489,249,506
258979 (Olfr1255)	203,489,249,506
258980 (Olfr1258)	203,489,249,506
258982 (Olfr1272)	203,489,249,506
258983 (Olfr1260)	203,489,249,506
258984 (Olfr1257)	203,489,249,506
258985 (Olfr1256)	203,489,249,506
258987 (Olfr1270)	203,489,249,506
258988 (Olfr38)	203,489,249,506
258989 (Olfr457)	203,489,249,506
258990 (Olfr447)	203,489,249,506
258991 (Olfr1496)	203,489,249,506
258992 (Olfr1494)	203,489,249,506
258993 (Olfr206)	203,489,249,506
258994 (Olfr204)	203,489,249,506
258995 (Olfr176)	203,489,249,506
258996 (Olfr201)	203,489,249,506
258997 (Olfr202)	203,489,249,506
258998 (Olfr177)	203,489,249,506
258999 (Olfr178)	203,489,249,506
259000 (Olfr195)	203,489,249,506
259001 (Olfr181)	203,489,249,506
259002 (Olfr173)	203,489,249,506
259003 (Olfr172)	203,489,249,506
259004 (Olfr175-ps1)	203,489,249,506
259005 (Olfr139)	203,489,249,506
259006 (Olfr399)	203,489,249,506
259007 (Olfr395)	203,489,249,506
259008 (Olfr392)	203,489,249,506
259009 (Olfr394)	203,489,249,506
259010 (Olfr393)	203,489,249,506
259011 (Olfr389)	203,489,249,506
259012 (Olfr1052)	203,489,249,506
259013 (Olfr1044)	203,489,249,506
259014 (Olfr1047)	203,489,249,506
259015 (Olfr1038-ps)	203,489,249,506
259016 (Olfr1048)	203,489,249,506
259017 (Olfr1019)	203,489,249,506
259018 (Olfr1049)	203,489,249,506
259019 (Olfr1045)	203,489,249,506
259020 (Olfr1056)	203,489,249,506
259021 (Olfr1054)	203,489,249,506
259022 (Olfr1061)	203,489,249,506
259023 (Olfr1055)	203,489,249,506
259024 (Olfr381)	203,489,249,506
259025 (Olfr385)	203,489,249,506
259026 (Olfr378)	203,489,249,506
259027 (Olfr380)	203,489,249,506
259030 (Olfr1124)	203,489,249,506
259031 (Olfr1120)	203,489,249,506
259032 (Olfr1134)	203,489,249,506
259033 (Olfr1122)	203,489,249,506
259034 (Olfr705)	203,489,249,506
259035 (Olfr714)	203,489,249,506
259036 (Olfr713)	203,489,249,506
259037 (Olfr711)	203,489,249,506
259038 (Olfr283)	203,489,249,506
259039 (Olfr1413)	203,489,249,506
259040 (Olfr1416)	203,489,249,506
259041 (Olfr1414)	203,489,249,506
259042 (Olfr1351)	203,489,249,506
259044 (Olfr1353)	203,489,249,506
259045 (Olfr669)	203,489,249,506
259046 (Olfr679)	203,489,249,506
259047 (Olfr683)	203,489,249,506
259048 (Olfr600)	203,489,249,506
259049 (Olfr618)	203,489,249,506
259050 (Olfr652)	203,489,249,506
259051 (Olfr658)	203,489,249,506
259052 (Olfr659)	203,489,249,506
259053 (Olfr362)	203,489,249,506
259054 (Olfr589)	203,489,249,506
259055 (Olfr582)	203,489,249,506
259056 (Olfr584)	203,489,249,506
259057 (Olfr649)	203,489,249,506
259058 (Olfr646)	203,489,249,506
259061 (Olfr668)	203,489,249,506
259062 (Olfr667)	203,489,249,506
259063 (Olfr691)	203,489,249,506
259064 (Olfr124)	203,489,249,506
259066 (Olfr520)	203,489,249,506
259067 (Olfr449)	203,489,249,506
259068 (Olfr1390)	203,489,249,506
259069 (Olfr1389)	203,489,249,506
259070 (Olfr829)	203,489,249,506
259071 (Olfr166)	203,489,249,506
259072 (Olfr686)	203,489,249,506
259073 (Olfr603)	203,489,249,506
259074 (Olfr1352)	203,489,249,506
259075 (Olfr641)	203,489,249,506
259078 (Olfr656)	203,489,249,506
259080 (Olfr619)	203,489,249,506
259081 (Olfr643)	203,489,249,506
259082 (Olfr1062)	203,489,249,506
259083 (Olfr547)	203,489,249,506
259084 (Olfr615)	203,489,249,506
259085 (Olfr610)	203,489,249,506
259086 (Olfr609)	203,489,249,506
259087 (Olfr622)	203,489,249,506
259088 (Olfr639)	203,489,249,506
259089 (Olfr571)	203,489,249,506
259091 (Olfr585)	203,489,249,506
259092 (Olfr569)	203,489,249,506
259093 (Olfr572)	203,489,249,506
259095 (Olfr568)	203,489,249,506
259096 (Olfr561)	203,489,249,506
259097 (Olfr558)	203,489,249,506
259098 (Olfr606)	203,489,249,506
259099 (Olfr676)	203,489,249,506
259100 (Olfr666)	203,489,249,506
259102 (Olfr630)	203,489,249,506
259103 (Olfr616)	203,489,249,506
259104 (Olfr613)	203,489,249,506
259105 (Olfr549)	203,489,249,506
259106 (Olfr552)	203,489,249,506
259107 (Olfr555)	203,489,249,506
259108 (Olfr550)	203,489,249,506
259109 (Olfr978)	203,489,249,506
259110 (Olfr980)	203,489,249,506
259111 (Olfr974)	203,489,249,506
259112 (Olfr979)	203,489,249,506
259113 (Olfr577)	203,489,249,506
259114 (Olfr570)	203,489,249,506
259115 (Olfr586)	203,489,249,506
259116 (Olfr559)	203,489,249,506
259117 (Olfr560)	203,489,249,506
259118 (Olfr575)	203,489,249,506
259119 (Olfr578)	203,489,249,506
259122 (Olfr635)	203,489,249,506
259123 (Olfr632)	203,489,249,506
259124 (Olfr638)	203,489,249,506
259125 (Olfr644)	203,489,249,506
259126 (Olfr623)	203,489,249,506
259145 (Olfr1251)	203,489,249,506
259147 (Olfr723)	203,489,249,506
259148 (Olfr329-ps)	203,489,249,506
259151 (Olfr1037)	203,489,249,506
259159 (Olfr628)	203,489,249,506
259161 (Olfr688)	203,489,249,506
259162 (Olfr427)	203,489,249,506
259163 (Olfr1354)	203,489,249,506
259165 (Olfr814)	203,489,249,506
269862 (Olfr1349)	203,489,249,506
27216 (Olfr154)	203,489,249,506
276865 (Olfr1371)	203,489,249,506
277562 (Olfr1286)	203,489,249,506
277935 (Olfr519)	203,489,249,506
29845 (Olfr155)	203,489,249,506
29846 (Olfr156)	203,489,249,506
29849 (Olfr159)	203,489,249,506
329460 (Olfr1193)	203,489,249,506
383243 (Olfr128)	203,489,249,506
384703 (Olfr670)	203,489,249,506
384732 (Olfr715b)	203,489,249,506
404222 (Olfr231)	203,489,249,506
404307 (Olfr100)	203,489,249,506
404309 (Olfr192)	203,489,249,506
404310 (Olfr199)	203,489,249,506
404311 (Olfr209)	203,489,249,506
404312 (Olfr250)	203,489,249,506
404313 (Olfr251)	203,489,249,506
404314 (Olfr257)	203,489,249,506
404315 (Olfr372)	203,489,249,506
404316 (Olfr403)	203,489,249,506
404317 (Olfr592)	203,489,249,506
404318 (Olfr681)	203,489,249,506
404319 (Olfr750)	203,489,249,506
404321 (Olfr776)	203,489,249,506
404322 (Olfr924)	203,489,249,506
404323 (Olfr1040)	203,489,249,506
404324 (Olfr1051)	203,489,249,506
404325 (Olfr1057)	203,489,249,506
404327 (Olfr1113)	203,489,249,506
404328 (Olfr1118)	203,489,249,506
404329 (Olfr1173)	203,489,249,506
404330 (Olfr1198)	203,489,249,506
404331 (Olfr1252)	203,489,249,506
404335 (Olfr1535)	203,489,249,506
404336 (Olfr1380)	203,489,249,506
404337 (Olfr1383)	203,489,249,506
404339 (Olfr1480)	203,489,249,506
404346 (Olfr322)	203,489,249,506
404473 (Olfr1082)	203,489,249,506
406175 (Olfr242)	203,489,249,506
406176 (Olfr151)	203,489,249,506
406186 (Olfr142)	203,489,249,506
433031 (Olfr194)	203,489,249,506
433449 (Olfr1197)	203,489,249,506
435804 (Olfr1335)	203,489,249,506
436002 (Olfr243)	203,489,249,506
544748 (Olfr765)	203,489,249,506
545205 (Olfr111)	203,489,249,506
545417 (Olfr367-ps)	203,489,249,506
545985 (Olfr612)	203,489,249,506
546488 (Olfr785)	203,489,249,506
546747 (Olfr220)	203,489,249,506
546896 (Olfr455)	203,489,249,506
546989 (Olfr607)	203,489,249,506
56014 (Olfr70)	203,489,249,506
56015 (Olfr71)	203,489,249,506
56858 (Olfr749)	203,489,249,506
56860 (Olfr690)	203,489,249,506
56861 (Olfr480)	203,489,249,506
57250 (Olfr653)	203,489,249,506
57251 (Olfr870)	203,489,249,506
57269 (Olfr1507)	203,489,249,506
57270 (Olfr1508)	203,489,249,506
57271 (Olfr1509)	203,489,249,506
57272 (Olfr140)	203,489,249,506
626674 (Olfr471)	203,489,249,506
629524 (Olfr286)	203,489,249,506
634104 (Olfr287)	203,489,249,506
66786 (Olfr701)	203,489,249,506
668035 (Olfr687)	203,489,249,506
80706 (Olfr160)	203,489,249,506
109689 (Arrb1)	289,472,335,489
216869 (Arrb2)	289,472,335,489
110355 (Grk2)	249,452,295,469
320129 (Grk3)	249,452,295,469
110891 (Slc8a2)	778,601,824,618
110893 (Slc8a3)	778,601,824,618
20541 (Slc8a1)	778,601,824,618
238384 (Slc24a4)	778,601,824,618
14918 (Gucy2d)	203,668,249,685
14919 (Gucy2e)	203,668,249,685
12790 (Cnga3)	778,668,824,685
12789 (Cnga2)	778,549,824,566
233649 (Cnga4)	778,549,824,566
333329 (Cngb1)	778,549,824,566
19091 (Prkg1)	377,624,423,641
19092 (Prkg2)	377,624,423,641
207728 (Pde2a)	472,686,518,703
52589 (Ncald)	488,348,531,365
19735 (Rgs2)	700,461,746,478
mmu04740: Olfactory transduction	40,45,260,70
mmu04024: cAMP signaling pathway	446,212,579,237
mmu00230: Purine metabolism	279,695,381,720
