15977 (Ifnb1)	133,665,179,682
12675 (Chuk)	770,534,816,551
22034 (Traf6)	643,460,689,477
16179 (Irak1)	642,489,688,506
266632 (Irak4)	561,489,607,506
17874 (Myd88)	411,490,457,507
17874 (Myd88)	307,407,353,424
17874 (Myd88)	307,299,353,316
22034 (Traf6)	561,380,607,397
26413 (Mapk1)	814,308,860,325
26417 (Mapk3)	814,308,860,325
26410 (Map3k8)	670,308,716,325
18033 (Nfkb1)	670,277,716,294
20750 (Spp1)	717,550,763,567
22031 (Traf3)	498,575,544,592
19766 (Ripk1)	561,397,607,414
54123 (Irf7)	814,489,860,506
27056 (Irf5)	814,439,860,456
56066 (Cxcl11)	1076,687,1122,704
15945 (Cxcl10)	1076,643,1122,660
15977 (Ifnb1)	1076,568,1122,585
15962 (Ifna1)	1076,545,1122,562
15964 (Ifna11)	1076,545,1122,562
15965 (Ifna2)	1076,545,1122,562
15967 (Ifna4)	1076,545,1122,562
15968 (Ifna5)	1076,545,1122,562
15969 (Ifna6)	1076,545,1122,562
15970 (Ifna7)	1076,545,1122,562
15972 (Ifna9)	1076,545,1122,562
15974 (Ifnab)	1076,545,1122,562
230396 (Ifna13)	1076,545,1122,562
242517 (Ifna15)	1076,545,1122,562
242519 (Ifna12)	1076,545,1122,562
404549 (Ifna14)	1076,545,1122,562
12524 (Cd86)	1076,454,1122,471
21939 (Cd40)	1076,410,1122,427
16150 (Ikbkb)	690,238,736,255
26409 (Map3k7)	563,299,609,316
19094 (Mapk11)	814,375,860,392
26415 (Mapk13)	814,375,860,392
26416 (Mapk14)	814,375,860,392
29857 (Mapk12)	814,375,860,392
16179 (Irak1)	407,308,453,325
12675 (Chuk)	690,221,736,238
117149 (Tirap)	307,282,353,299
17874 (Myd88)	307,184,353,201
19353 (Rac1)	307,121,353,138
26414 (Mapk10)	814,404,860,421
26419 (Mapk8)	814,404,860,421
26420 (Mapk9)	814,404,860,421
16176 (Il1b)	1076,163,1122,180
56480 (Tbk1)	567,575,613,592
22034 (Traf6)	484,299,530,316
56489 (Ikbke)	567,558,613,575
14082 (Fadd)	408,184,454,201
16193 (Il6)	1076,184,1122,201
20304 (Ccl5)	1076,258,1122,275
66513 (Tab1)	563,265,609,282
11651 (Akt1)	484,121,530,138
11652 (Akt2)	484,121,530,138
23797 (Akt3)	484,121,530,138
68652 (Tab2)	563,282,609,299
20846 (Stat1)	815,665,861,682
18035 (Nfkbia)	814,238,860,255
21926 (Tnf)	1076,142,1122,159
54131 (Irf3)	815,567,861,584
12519 (Cd80)	1076,432,1122,449
24088 (Tlr2)	227,184,273,201
17087 (Ly96)	181,290,227,307
53791 (Tlr5)	227,408,273,425
142980 (Tlr3)	329,575,375,592
24088 (Tlr2)	227,121,273,138
21897 (Tlr1)	227,104,273,121
21899 (Tlr6)	227,168,273,185
16803 (Lbp)	149,236,195,253
81897 (Tlr9)	329,534,375,551
21898 (Tlr4)	227,299,273,316
225471 (Ticam2)	307,354,353,371
54473 (Tollip)	307,167,353,184
106759 (Ticam1)	412,575,458,592
117149 (Tirap)	307,200,353,217
12475 (Cd14)	228,252,274,269
16151 (Ikbkg)	690,204,736,221
266632 (Irak4)	407,291,453,308
12370 (Casp8)	484,184,530,201
20302 (Ccl3)	1076,280,1122,297
17329 (Cxcl9)	1076,666,1122,683
18706 (Pik3ca)	408,121,454,138
18707 (Pik3cd)	408,121,454,138
18708 (Pik3r1)	408,121,454,138
18709 (Pik3r2)	408,121,454,138
18710 (Pik3r3)	408,121,454,138
74769 (Pik3cb)	408,121,454,138
15975 (Ifnar1)	228,665,274,682
15976 (Ifnar2)	228,665,274,682
170743 (Tlr7)	329,489,375,506
170744 (Tlr8)	329,489,375,506
26398 (Map2k4)	676,404,722,421
26400 (Map2k7)	676,404,722,421
18033 (Nfkb1)	814,210,860,227
19697 (Rela)	814,210,860,227
26397 (Map2k3)	676,375,722,392
26399 (Map2k6)	676,375,722,392
26395 (Map2k1)	742,308,788,325
26396 (Map2k2)	742,308,788,325
14281 (Fos)	928,352,974,369
16476 (Jun)	928,352,974,369
16159 (Il12a)	1076,205,1122,222
16160 (Il12b)	1076,205,1122,222
20303 (Ccl4)	1076,301,1122,318
13038 (Ctsk)	280,520,326,537
mmu04620: Toll-like receptor signaling pathway	40,45,377,70
mmu04120: Ubiquitin mediated proteolysis	810,69,920,103
mmu04210: Apoptosis	568,180,677,205
mmu04610: Complement and coagulation cascades	1173,306,1299,340
mmu04060: Cytokine-cytokine receptor interaction	1172,593,1298,638
mmu04630: Jak-STAT signaling pathway	588,689,698,723
map02040: Flagellar assembly	55,372,168,397
map00540: Lipopolysaccharide biosynthesis	55,279,168,313
mmu04010: MAPK signaling pathway	694,332,802,366
mmu04064: NF-kappa B signaling pathway	720,153,828,187
mmu04151: PI3K-Akt signaling pathway	415,79,523,113
