13806 (Eno1)	448,654,494,671
13807 (Eno2)	448,654,494,671
13808 (Eno3)	448,654,494,671
226265 (Eno4)	448,654,494,671
433182 (Eno1b)	448,654,494,671
71701 (Pnpt1)	494,654,540,671
109075 (Exosc4)	868,696,914,713
66446 (Exosc7)	914,696,960,713
66583 (Exosc1)	960,713,1006,730
227715 (Exosc2)	960,696,1006,713
218343 (Ttc37)	584,288,630,305
66317 (Wdr61)	629,288,675,305
66583 (Exosc1)	461,100,507,117
109075 (Exosc4)	529,117,575,134
72662 (Dis3)	342,219,388,236
108077 (Skiv2l)	538,288,584,305
227715 (Exosc2)	507,100,553,117
66446 (Exosc7)	483,117,529,134
50911 (Exosc9)	507,134,553,151
72544 (Exosc6)	438,117,484,134
69639 (Exosc8)	392,117,438,134
27998 (Exosc5)	575,117,621,134
66362 (Exosc3)	575,100,621,117
57316 (C1d)	442,219,488,236
50912 (Exosc10)	392,219,438,236
68533 (Mphosph6)	491,219,537,236
210106 (Tent4a)	362,288,408,305
214627 (Tent4b)	362,288,408,305
319885 (Zcchc7)	408,288,454,305
72198 (Mtrex)	454,288,500,305
234594 (Cnot1)	409,350,455,367
72068 (Cnot2)	455,350,501,367
232791 (Cnot3)	501,350,547,367
53621 (Cnot4)	547,350,593,367
104625 (Cnot6)	363,350,409,367
231464 (Cnot6l)	363,350,409,367
18983 (Cnot7)	363,367,409,384
69125 (Cnot8)	363,367,409,384
58184 (Cnot9)	409,367,455,384
78893 (Cnot10)	455,367,501,384
69305 (Dcps)	73,134,119,151
319618 (Dcp1b)	750,215,796,232
75901 (Dcp1a)	750,215,796,232
70640 (Dcp2)	750,232,796,249
67207 (Lsm1)	748,350,794,367
27756 (Lsm2)	794,350,840,367
67678 (Lsm3)	840,350,886,367
50783 (Lsm4)	886,350,932,367
66373 (Lsm5)	794,367,840,384
78651 (Lsm6)	840,367,886,384
66094 (Lsm7)	886,367,932,384
76522 (Lsm8)	932,350,978,367
24127 (Xrn1)	905,214,951,231
24128 (Xrn2)	960,214,1006,231
13209 (Ddx6)	796,215,842,232
353190 (Edc3)	796,232,842,249
234699 (Edc4)	796,249,842,266
225929 (Patl1)	842,215,888,232
240023 (Pnldc1)	629,350,675,367
74108 (Parn)	629,350,675,367
15526 (Hspa9)	355,852,401,869
15510 (Hspd1)	407,852,453,869
71701 (Pnpt1)	541,803,587,820
72162 (Dhx36)	629,326,675,343
12226 (Btg1)	363,394,409,411
12227 (Btg2)	363,394,409,411
12228 (Btg3)	363,394,409,411
194735 (Btg1c)	363,394,409,411
22057 (Tob1)	363,394,409,411
436199 (Btg1b)	363,394,409,411
56057 (Btg4)	363,394,409,411
57259 (Tob2)	363,394,409,411
18458 (Pabpc1)	435,395,481,412
18459 (Pabpc2)	435,395,481,412
230721 (Pabpc4)	435,395,481,412
241989 (Pabpc4l)	435,395,481,412
381404 (Pabpc1l)	435,395,481,412
67543 (Pabpc6)	435,395,481,412
93728 (Pabpc5)	435,395,481,412
103135 (Pan2)	389,438,435,455
72587 (Pan3)	435,438,481,455
73532 (Nudt16l2)	934,238,980,255
75686 (Nudt16)	934,238,980,255
213550 (Dis3l)	573,219,619,236
18641 (Pfkl)	541,820,587,837
18642 (Pfkm)	541,820,587,837
56421 (Pfkp)	541,820,587,837
13806 (Eno1)	495,803,541,820
13807 (Eno2)	495,803,541,820
13808 (Eno3)	495,803,541,820
226265 (Eno4)	495,803,541,820
433182 (Eno1b)	495,803,541,820
mmu03018: RNA degradation	40,45,201,70
mmu03015: mRNA surveillance pathway	508,411,608,445
