C05981 (Phosphatidylinositol-3,4,5-trisphosphate)	581,158,4
19401 (Rara)	917,662,963,679
235320 (Zbtb16)	917,662,963,679
16653 (Kras)	475,281,521,298
18176 (Nras)	474,232,520,249
14255 (Flt3)	252,272,298,289
20375 (Spi1)	1010,541,1056,558
12606 (Cebpa)	1010,464,1056,481
12394 (Runx1)	917,541,963,558
12395 (Runx1t1)	917,541,963,558
19015 (Ppard)	1140,808,1186,825
17869 (Myc)	1140,786,1186,803
18033 (Nfkb1)	817,107,863,124
19697 (Rela)	817,107,863,124
20848 (Stat3)	462,324,508,341
20850 (Stat5a)	462,324,508,341
20851 (Stat5b)	462,324,508,341
16480 (Jup)	751,787,797,804
12427 (Ccna1)	1140,619,1186,636
12428 (Ccna2)	1140,619,1186,636
12443 (Ccnd1)	1140,764,1186,781
16842 (Lef1)	819,822,865,839
21414 (Tcf7)	819,822,865,839
21415 (Tcf7l1)	819,822,865,839
21416 (Tcf7l2)	819,822,865,839
18854 (Pml)	917,617,963,634
19401 (Rara)	917,617,963,634
20375 (Spi1)	1010,499,1056,516
18712 (Pim1)	1034,312,1080,329
15461 (Hras)	474,256,520,273
16653 (Kras)	474,256,520,273
18176 (Nras)	474,256,520,273
12394 (Runx1)	1010,389,1056,406
12675 (Chuk)	717,108,763,125
16150 (Ikbkb)	717,108,763,125
16151 (Ikbkg)	717,108,763,125
12015 (Bad)	717,151,763,168
18715 (Pim2)	1034,336,1080,353
12606 (Cebpa)	1010,433,1056,450
58988 (Rps6kb2)	758,212,804,229
72508 (Rps6kb1)	758,212,804,229
20662 (Sos1)	406,256,452,273
20663 (Sos2)	406,256,452,273
14784 (Grb2)	337,256,383,273
16590 (Kit)	252,246,298,263
56717 (Mtor)	686,196,732,213
13685 (Eif4ebp1)	758,183,804,200
11651 (Akt1)	614,151,660,168
11652 (Akt2)	614,151,660,168
23797 (Akt3)	614,151,660,168
18706 (Pik3ca)	529,175,575,192
18707 (Pik3cd)	529,175,575,192
18708 (Pik3r1)	529,175,575,192
18709 (Pik3r2)	529,175,575,192
18710 (Pik3r3)	529,175,575,192
74769 (Pik3cb)	529,175,575,192
26413 (Mapk1)	761,256,807,273
26417 (Mapk3)	761,256,807,273
26395 (Map2k1)	662,256,708,273
26396 (Map2k2)	662,256,708,273
109880 (Braf)	566,256,612,273
110157 (Raf1)	566,256,612,273
11836 (Araf)	566,256,612,273
17869 (Myc)	1140,652,1186,669
110794 (Cebpe)	1140,584,1186,601
12044 (Bcl2a1a)	1191,584,1237,601
12045 (Bcl2a1b)	1191,584,1237,601
12046 (Bcl2a1c)	1191,584,1237,601
12047 (Bcl2a1d)	1191,584,1237,601
18627 (Per2)	1140,464,1186,481
12475 (Cd14)	1140,533,1186,550
16409 (Itgam)	1191,533,1237,550
14129 (Fcgr1)	1140,554,1186,571
67603 (Dusp6)	1140,684,1186,701
12978 (Csf1r)	1140,379,1186,396
17523 (Mpo)	1193,379,1239,396
12981 (Csf2)	1140,401,1186,418
16187 (Il3)	1193,401,1239,418
12978 (Csf1r)	1140,499,1186,516
mmu04630: JAK-STAT signaling pathway	587,340,698,374
mmu04150: mTOR signaling pathway	946,194,1057,228
mmu04640: Hematopoietic cell lineage	50,271,161,305
mmu04210: Apoptosis	945,146,1056,180
mmu04010: MAPK signaling pathway	639,280,750,314
mmu05221: Acute myeloid leukemia	39,45,262,70
mmu04110: Cell cycle	1196,747,1307,781
mmu04151: PI3K-Akt signaling pathway	545,100,656,134
