C04637 (1-Phosphatidyl-D-myo-inositol 4,5-bisphosphate)	588,505,4
C00338 (Lipopolysaccharide)	125,240,4
C00533 (Nitric oxide)	597,1312,4
C00062 (L-Arginine)	456,1312,4
19353 (Rac1)	644,444,690,461
12540 (Cdc42)	644,470,690,487
18033 (Nfkb1)	898,482,944,499
19697 (Rela)	898,482,944,499
26414 (Mapk10)	765,496,811,513
26419 (Mapk8)	765,496,811,513
26420 (Mapk9)	765,496,811,513
21872 (Tjp1)	717,150,763,167
242687 (Wasf2)	792,595,838,612
83767 (Wasf1)	792,595,838,612
11867 (Arpc1b)	817,642,863,659
56378 (Arpc3)	817,642,863,659
56443 (Arpc1a)	817,642,863,659
67771 (Arpc5)	817,642,863,659
68089 (Arpc4)	817,642,863,659
74192 (Arpc5l)	817,642,863,659
76709 (Arpc2)	817,642,863,659
73178 (Wasl)	842,595,888,612
14281 (Fos)	898,460,944,477
16476 (Jun)	898,460,944,477
56212 (Rhog)	644,496,690,513
11461 (Actb)	817,687,863,704
11465 (Actg1)	817,687,863,704
21898 (Tlr4)	221,186,267,203
16803 (Lbp)	148,218,194,235
12475 (Cd14)	221,231,267,248
53791 (Tlr5)	1065,186,1111,203
17874 (Myd88)	898,186,944,203
192176 (Flna)	622,1158,668,1175
286940 (Flnb)	622,1158,668,1175
68794 (Flnc)	622,1158,668,1175
18643 (Pfn1)	622,1136,668,1153
18645 (Pfn2)	622,1136,668,1153
382562 (Pfn4)	622,1136,668,1153
75477 (Pfn3)	622,1136,668,1153
11461 (Actb)	714,1147,760,1164
11465 (Actg1)	714,1147,760,1164
110350 (Dync2h1)	825,1057,871,1074
13424 (Dync1h1)	825,1057,871,1074
13426 (Dync1i1)	825,1057,871,1074
13427 (Dync1i2)	825,1057,871,1074
234663 (Dync1li2)	825,1057,871,1074
235661 (Dync1li1)	825,1057,871,1074
69582 (Plekhm2)	587,957,633,974
19349 (Rab7)	588,1004,634,1021
226421 (Rab7b)	588,1004,634,1021
280408 (Rilp)	681,1004,727,1021
16593 (Klc1)	681,957,727,974
16594 (Klc2)	681,957,727,974
232943 (Klc3)	681,957,727,974
74764 (Klc4)	681,957,727,974
268973 (Nlrc4)	623,310,669,327
66824 (Pycard)	623,327,669,344
12362 (Casp1)	623,344,669,361
16176 (Il1b)	1034,356,1077,373
16173 (Il18)	1034,335,1077,352
26413 (Mapk1)	765,470,811,487
26417 (Mapk3)	765,470,811,487
19094 (Mapk11)	765,444,811,461
26415 (Mapk13)	765,444,811,461
26416 (Mapk14)	765,444,811,461
29857 (Mapk12)	765,444,811,461
320795 (Pkn1)	966,651,1012,668
15978 (Ifng)	42,1289,88,1306
15979 (Ifngr1)	221,1281,267,1298
15980 (Ifngr2)	221,1298,267,1315
18126 (Nos2)	499,1289,545,1306
16175 (Il1a)	1034,381,1077,398
16193 (Il6)	1034,402,1077,419
20302 (Ccl3)	1034,448,1077,465
20303 (Ccl4)	1034,469,1077,486
14825 (Cxcl1)	1034,490,1077,507
20310 (Cxcl2)	1034,490,1077,507
330122 (Cxcl3)	1034,490,1077,507
12981 (Csf2)	1034,514,1077,531
19877 (Rock1)	656,868,702,885
19878 (Rock2)	656,868,702,885
mmu05132: Salmonella infection	40,45,246,70
map03070: Bacterial secretion system	336,1108,474,1142
map03070: Bacterial secretion system	172,424,310,458
mmu04620: Toll-like receptor signaling pathway	928,243,1039,277
mmu04530: Tight junction	690,119,787,144
mmu04010: MAPK signaling pathway	720,404,868,429
mmu04630: JAK-STAT signaling pathway	293,1304,408,1338
mmu04810: Regulation of actin cytoskeleton	702,708,813,742
mmu05100: Bacterial invasion of epithelial cells	331,424,442,458
