C00076 (Calcium cation)	509,353,4
C00238 (Potassium cation)	186,331,4
C01245 (D-myo-Inositol 1,4,5-trisphosphate)	516,323,4
C00076 (Calcium cation)	186,436,4
C00575 (3',5'-Cyclic AMP)	359,214,4
C00020 (AMP)	549,214,4
C00076 (Calcium cation)	186,458,4
C00076 (Calcium cation)	386,456,4
C00187 (Cholesterol)	761,503,4
C01953 (Pregnenolone)	921,579,4
C00410 (Progesterone)	921,666,4
C05488 (11-Deoxycortisol)	921,736,4
C00076 (Calcium cation)	186,505,4
C00735 (Cortisol)	723,817,4
C00238 (Potassium cation)	302,565,4
C00238 (Potassium cation)	303,607,4
C05488 (11-Deoxycortisol)	846,736,4
C05138 (17alpha-Hydroxypregnenolone)	1005,579,4
C01176 (17alpha-Hydroxyprogesterone)	1005,666,4
16438 (Itpr1)	539,346,585,363
16439 (Itpr2)	539,346,585,363
16440 (Itpr3)	539,346,585,363
18795 (Plcb1)	456,281,502,298
18796 (Plcb2)	456,281,502,298
18797 (Plcb3)	456,281,502,298
18798 (Plcb4)	456,281,502,298
12288 (Cacna1c)	221,451,267,468
12289 (Cacna1d)	221,451,267,468
12292 (Cacna1s)	221,451,267,468
54652 (Cacna1f)	221,451,267,468
14672 (Gna11)	373,281,419,298
14682 (Gnaq)	373,281,419,298
12291 (Cacna1g)	221,427,267,444
239556 (Cacna1i)	221,427,267,444
58226 (Cacna1h)	221,427,267,444
11909 (Atf2)	770,366,816,383
11911 (Atf4)	770,366,816,383
12912 (Creb1)	770,366,816,383
12913 (Creb3)	770,366,816,383
12915 (Atf6b)	770,366,816,383
208647 (Creb3l2)	770,366,816,383
208677 (Creb3l3)	770,366,816,383
231991 (Creb5)	770,366,816,383
26427 (Creb3l1)	770,366,816,383
78284 (Creb3l4)	770,366,816,383
104110 (Adcy4)	221,204,267,221
104111 (Adcy3)	221,204,267,221
11512 (Adcy6)	221,204,267,221
11513 (Adcy7)	221,204,267,221
11514 (Adcy8)	221,204,267,221
11515 (Adcy9)	221,204,267,221
210044 (Adcy2)	221,204,267,221
224129 (Adcy5)	221,204,267,221
432530 (Adcy1)	221,204,267,221
18584 (Pde8a)	412,192,458,209
218461 (Pde8b)	412,192,458,209
11607 (Agtr1a)	221,252,267,269
11608 (Agtr1b)	221,252,267,269
17200 (Mc2r)	221,153,267,170
14683 (Gnas)	320,153,366,170
20845 (Star)	972,346,1018,363
20845 (Star)	736,539,782,556
100043456 (Gm10681)	925,608,971,625
15492 (Hsd3b1)	925,608,971,625
15493 (Hsd3b2)	925,608,971,625
15495 (Hsd3b4)	925,608,971,625
15496 (Hsd3b5)	925,608,971,625
15497 (Hsd3b6)	925,608,971,625
18747 (Prkaca)	412,242,458,259
18749 (Prkacb)	412,242,458,259
109305 (Orai1)	221,496,267,513
16835 (Ldlr)	221,705,267,722
20778 (Scarb1)	221,739,267,756
13070 (Cyp11a1)	788,581,834,598
13079 (Cyp21a1)	1009,694,1055,711
17200 (Mc2r)	763,116,809,133
77037 (Mrap)	763,133,809,150
13072 (Cyp11b2)	972,298,1018,315
13072 (Cyp11b2)	779,778,825,795
16526 (Kcnk2)	221,322,267,339
320024 (Nceh1)	972,371,1018,388
13074 (Cyp17a1)	972,322,1018,339
16492 (Kcna4)	221,556,267,573
16527 (Kcnk3)	221,599,267,616
18976 (Pomc)	140,153,186,170
26423 (Nr5a1)	770,278,816,295
15370 (Nr4a1)	770,300,816,317
20683 (Sp1)	770,322,816,339
18514 (Pbx1)	770,344,816,361
100043456 (Gm10681)	1009,608,1055,625
15492 (Hsd3b1)	1009,608,1055,625
15493 (Hsd3b2)	1009,608,1055,625
15495 (Hsd3b4)	1009,608,1055,625
15496 (Hsd3b5)	1009,608,1055,625
15497 (Hsd3b6)	1009,608,1055,625
13074 (Cyp17a1)	938,557,984,574
13074 (Cyp17a1)	938,645,984,662
77037 (Mrap)	221,170,267,187
320024 (Nceh1)	671,466,717,483
11614 (Nr0b1)	700,256,746,273
11606 (Agt)	140,252,186,269
mmu04927: Cortisol synthesis and secretion	40,45,353,70
mmu04020: Calcium signaling pathway	389,412,514,446
mmu04024: cAMP signaling pathway	474,169,599,203
mmu04960: Aldosterone-regulated sodium reabsorption	71,830,196,864
mmu00140: Steroid hormone biosynthesis	716,640,841,674
