C00777 (Retinoate)	742,498,4
C15493 (9-cis-Retinoic acid)	742,498,4
21803 (Tgfb1)	473,1003,519,1020
16191 (Il5)	1447,668,1493,685
16193 (Il6)	1447,688,1493,705
69583 (Tnfsf13)	442,505,488,522
24099 (Tnfsf13b)	442,525,488,542
21947 (Cd40lg)	375,669,421,686
21939 (Cd40)	550,669,596,686
72049 (Tnfrsf13c)	550,524,596,541
57916 (Tnfrsf13b)	550,484,596,501
21935 (Tnfrsf17)	550,504,596,521
12519 (Cd80)	296,480,342,497
12524 (Cd86)	296,480,342,497
12487 (Cd28)	295,618,341,635
100504404 (H2-Ea-ps)	550,649,596,666
14960 (H2-Aa)	550,649,596,666
14961 (H2-Ab1)	550,649,596,666
14969 (H2-Eb1)	550,649,596,666
14998 (H2-DMa)	550,649,596,666
14999 (H2-DMb1)	550,649,596,666
15000 (H2-DMb2)	550,649,596,666
15001 (H2-Oa)	550,649,596,666
15002 (H2-Ob)	550,649,596,666
12769 (Ccr9)	1138,513,1184,530
16153 (Il10)	1447,708,1493,725
12777 (Ccr10)	1138,493,1184,510
56838 (Ccl28)	1291,493,1337,510
16168 (Il15)	1221,921,1267,938
69583 (Tnfsf13)	442,875,488,892
24099 (Tnfsf13b)	442,895,488,912
57916 (Tnfrsf13b)	550,629,596,646
57916 (Tnfrsf13b)	548,900,594,917
12769 (Ccr9)	886,495,932,512
16401 (Itga4)	886,516,932,533
16421 (Itgb7)	886,516,932,533
16401 (Itga4)	1138,533,1184,550
16421 (Itgb7)	1138,533,1184,550
17123 (Madcam1)	1199,533,1245,550
20315 (Cxcl12)	1291,473,1337,490
100504404 (H2-Ea-ps)	346,480,392,497
14960 (H2-Aa)	346,480,392,497
14961 (H2-Ab1)	346,480,392,497
14969 (H2-Eb1)	346,480,392,497
14998 (H2-DMa)	346,480,392,497
14999 (H2-DMb1)	346,480,392,497
15000 (H2-DMb2)	346,480,392,497
15001 (H2-Oa)	346,480,392,497
15002 (H2-Ob)	346,480,392,497
16189 (Il4)	442,734,488,751
11628 (Aicda)	603,659,649,676
11628 (Aicda)	603,504,649,521
20300 (Ccl25)	1291,513,1337,530
16189 (Il4)	490,393,536,410
16191 (Il5)	442,412,488,429
16193 (Il6)	490,412,536,429
16153 (Il10)	442,431,488,448
16183 (Il2)	442,393,488,410
21803 (Tgfb1)	490,431,536,448
21803 (Tgfb1)	442,714,488,731
16193 (Il6)	442,980,488,997
16153 (Il10)	442,960,488,977
16183 (Il2)	442,754,488,771
16191 (Il5)	442,774,488,791
17000 (Ltbr)	279,1059,325,1076
53859 (Map3k14)	348,1059,394,1076
54167 (Icos)	375,689,421,706
50723 (Icosl)	550,689,596,706
12767 (Cxcr4)	1138,473,1184,490
16169 (Il15ra)	1138,921,1184,938
18703 (Pigr)	1596,314,1642,331
mmu04612: Antigen processing and presentation	184,541,298,575
mmu04660: T cell receptor signaling pathway	189,650,291,684
mmu04662: B cell receptor signaling pathway	571,793,670,827
mmu04670: Leukocyte transendothelial migration	1149,616,1293,650
mmu04672: Intestinal immune network for IgA production	40,45,452,70
