C00076 (Calcium cation)	756,171,4
C05981 (Phosphatidylinositol-3,4,5-trisphosphate)	375,924,4
C00319 (Sphingosine)	449,379,4
C00027 (Hydrogen peroxide)	518,419,4
12048 (Bcl2l1)	1513,893,1559,910
13347 (Dffa)	1141,304,1187,321
11920 (Atm)	1260,538,1306,555
22059 (Trp53)	1260,585,1306,602
13804 (Endog)	1078,681,1124,698
26926 (Aifm1)	1078,704,1124,721
12043 (Bcl2)	642,623,688,640
11796 (Birc3)	1513,868,1559,885
11797 (Birc2)	1513,868,1559,885
11798 (Xiap)	1513,868,1559,885
11799 (Birc5)	1513,868,1559,885
13368 (Dffb)	1141,336,1187,353
12371 (Casp9)	1079,377,1125,394
12369 (Casp7)	964,341,1010,358
12367 (Casp3)	964,318,1010,335
12015 (Bad)	573,728,619,745
18033 (Nfkb1)	809,892,855,909
19697 (Rela)	809,892,855,909
11796 (Birc3)	868,378,914,395
11797 (Birc2)	868,378,914,395
11798 (Xiap)	868,378,914,395
11799 (Birc5)	868,378,914,395
12368 (Casp6)	964,285,1010,302
18035 (Nfkbia)	809,860,855,877
11783 (Apaf1)	942,627,988,644
13063 (Cycs)	942,594,988,611
13067 (Cyct)	942,594,988,611
12122 (Bid)	760,416,806,433
12370 (Casp8)	761,317,807,334
12333 (Capn1)	792,163,838,180
12334 (Capn2)	792,163,838,180
11651 (Akt1)	522,915,568,932
11652 (Akt2)	522,915,568,932
23797 (Akt3)	522,915,568,932
53859 (Map3k14)	307,726,353,743
12675 (Chuk)	719,860,765,877
16150 (Ikbkb)	719,860,765,877
16151 (Ikbkg)	719,860,765,877
12633 (Cflar)	502,288,548,305
18706 (Pik3ca)	264,915,310,932
18707 (Pik3cd)	264,915,310,932
18708 (Pik3r1)	264,915,310,932
18709 (Pik3r2)	264,915,310,932
18710 (Pik3r3)	264,915,310,932
74769 (Pik3cb)	264,915,310,932
22030 (Traf2)	264,402,310,419
19766 (Ripk1)	264,385,310,402
71609 (Tradd)	264,368,310,385
14082 (Fadd)	264,337,310,354
71609 (Tradd)	264,320,310,337
14082 (Fadd)	264,161,310,178
12983 (Csf2rb)	178,960,224,977
12984 (Csf2rb2)	178,960,224,977
16188 (Il3ra)	178,960,224,977
18211 (Ntrk1)	178,915,224,932
21937 (Tnfrsf1a)	178,345,224,362
21933 (Tnfrsf10b)	178,143,224,160
14102 (Fas)	178,176,224,193
16187 (Il3)	89,960,135,977
18049 (Ngf)	89,915,135,932
21926 (Tnf)	89,345,135,362
22035 (Tnfsf10)	89,143,135,160
14103 (Fasl)	89,176,135,193
20739 (Spta1)	1141,207,1187,224
20740 (Sptan1)	1141,207,1187,224
16905 (Lmna)	1141,240,1187,257
16906 (Lmnb1)	1141,240,1187,257
16907 (Lmnb2)	1141,240,1187,257
11545 (Parp1)	1141,274,1187,291
11546 (Parp2)	1141,274,1187,291
235587 (Parp3)	1141,274,1187,291
328417 (Parp4)	1141,274,1187,291
66593 (Diablo)	959,488,1005,505
18952 (Sept4)	959,509,1005,526
64704 (Htra2)	959,530,1005,547
12028 (Bax)	1460,546,1506,563
12018 (Bak1)	1408,546,1454,563
12122 (Bid)	1408,571,1454,588
58801 (Pmaip1)	1460,621,1506,638
170770 (Bbc3)	1408,621,1454,638
11783 (Apaf1)	1460,571,1506,588
14102 (Fas)	1408,596,1454,613
21933 (Tnfrsf10b)	1460,596,1506,613
22030 (Traf2)	540,163,586,180
78943 (Ern1)	586,163,632,180
12364 (Casp12)	870,163,916,180
19249 (Ptpn13)	1408,868,1454,885
12633 (Cflar)	1460,868,1506,885
13197 (Gadd45a)	1408,893,1454,910
17873 (Gadd45b)	1408,893,1454,910
23882 (Gadd45g)	1408,893,1454,910
12044 (Bcl2a1a)	1408,918,1454,935
12045 (Bcl2a1b)	1408,918,1454,935
12046 (Bcl2a1c)	1408,918,1454,935
12047 (Bcl2a1d)	1408,918,1454,935
22029 (Traf1)	1460,893,1506,910
22030 (Traf2)	1460,893,1506,910
12028 (Bax)	700,504,746,521
12018 (Bak1)	819,504,865,521
12048 (Bcl2l1)	642,600,688,617
13163 (Daxx)	264,281,310,298
26408 (Map3k5)	377,564,423,581
26414 (Mapk10)	377,726,423,743
26419 (Mapk8)	377,726,423,743
26420 (Mapk9)	377,726,423,743
69601 (Dab2ip)	352,404,398,421
16476 (Jun)	1254,789,1300,806
14281 (Fos)	1254,813,1300,830
22059 (Trp53)	1408,788,1454,805
14102 (Fas)	1460,788,1506,805
14103 (Fasl)	1513,788,1559,805
12125 (Bcl2l11)	1408,813,1454,830
170770 (Bbc3)	811,712,857,729
58801 (Pmaip1)	752,712,798,729
13030 (Ctsb)	491,549,537,566
13032 (Ctsc)	491,549,537,566
13033 (Ctsd)	491,549,537,566
13036 (Ctsh)	491,549,537,566
13038 (Ctsk)	491,549,537,566
13039 (Ctsl)	491,549,537,566
13040 (Ctss)	491,549,537,566
13041 (Ctsw)	491,549,537,566
229445 (Ctso)	491,549,537,566
56464 (Ctsf)	491,549,537,566
64138 (Ctsz)	491,549,537,566
13198 (Ddit3)	558,528,604,545
13666 (Eif2ak3)	635,200,681,217
13665 (Eif2s1)	558,308,604,325
11911 (Atf4)	558,365,604,382
16438 (Itpr1)	683,163,729,180
16439 (Itpr2)	683,163,729,180
16440 (Itpr3)	683,163,729,180
18607 (Pdpk1)	436,915,482,932
12122 (Bid)	558,678,604,695
12366 (Casp2)	982,415,1028,432
57913 (Pidd1)	982,432,1028,449
57913 (Pidd1)	1513,546,1559,563
14939 (Gzmb)	964,242,1010,259
18646 (Prf1)	178,255,224,272
11461 (Actb)	1141,181,1187,198
11465 (Actg1)	1141,181,1187,198
22142 (Tuba1a)	1141,129,1187,146
22143 (Tuba1b)	1141,129,1187,146
22144 (Tuba3a)	1141,129,1187,146
22145 (Tuba4a)	1141,129,1187,146
22146 (Tuba1c)	1141,129,1187,146
22147 (Tuba3b)	1141,129,1187,146
238463 (Tubal3)	1141,129,1187,146
53857 (Tuba8)	1141,129,1187,146
17210 (Mcl1)	1141,155,1187,172
12125 (Bcl2l11)	558,618,604,635
17210 (Mcl1)	499,587,545,604
12123 (Hrk)	1460,813,1506,830
15461 (Hras)	264,960,310,977
16653 (Kras)	264,960,310,977
18176 (Nras)	264,960,310,977
110157 (Raf1)	350,960,396,977
26395 (Map2k1)	436,960,482,977
26396 (Map2k2)	436,960,482,977
26413 (Mapk1)	522,960,568,977
26417 (Mapk3)	522,960,568,977
12043 (Bcl2)	1408,960,1454,977
mmu04115: p53 signaling pathway	1224,609,1348,643
mmu04668: TNF signaling pathway	45,373,169,407
mmu04210: Apoptosis	40,45,140,70
mmu04064: NF-kappa B signaling pathway	731,815,855,849
mmu04151: PI3K-Akt signaling pathway	311,881,435,915
mmu04141: Protein processing in endoplasmic reticulum	701,95,825,129
mmu04020: Calcium signaling pathway	723,190,847,224
mmu04650: Natural killer cell mediated cytotoxicity	45,286,169,320
mmu04010: MAPK signaling pathway	584,931,708,965
