C04599 (1-Methyl-4-phenyl-1,2,3,6-tetrahydropyridine)	508,705,4
C07593 (Rotenone)	539,749,4
C00002 (ATP)	943,876,4
C00008 (ADP)	925,841,4
C00009 (Orthophosphate)	957,841,4
C03758 (Dopamine)	1125,574,4
C00704 (O2.-)	1126,628,4
C00027 (Hydrogen peroxide)	1126,628,4
C00002 (ATP)	685,330,4
C00020 (AMP)	662,276,4
C00013 (Diphosphate)	695,276,4
C11310 (1-Methyl-4-phenylpyridinium)	564,707,4
C00002 (ATP)	1121,144,4
C00008 (ADP)	1179,145,4
C00009 (Orthophosphate)	1208,145,4
C00355 (3,4-Dihydroxy-L-phenylalanine)	1126,511,4
C00082 (L-Tyrosine)	1125,445,4
C03758 (Dopamine)	565,586,4
C00575 (3',5'-Cyclic AMP)	233,447,4
C00575 (3',5'-Cyclic AMP)	233,736,4
C00212 (Adenosine)	462,402,4
66725 (Lrrk2)	962,692,1008,709
22201 (Uba1)	707,181,753,198
22202 (Uba1y)	707,181,753,198
74153 (Uba7)	707,181,753,198
22187 (Ubb)	707,211,753,228
22195 (Ube2l3)	802,181,848,198
56791 (Ube2l6)	802,181,848,198
22187 (Ubb)	802,211,848,228
50873 (Prkn)	973,223,1019,240
18951 (Sept5)	1079,350,1125,367
67847 (Sncaip)	1079,381,1125,398
14763 (Gpr37)	1080,318,1126,335
57320 (Park7)	1142,716,1188,733
68943 (Pink1)	962,717,1008,734
20617 (Snca)	1163,282,1209,299
22223 (Uchl1)	801,436,847,453
13063 (Cycs)	1268,756,1314,773
13067 (Cyct)	1268,756,1314,773
100041273 (Ndufb4c)	843,736,889,753
100042503 (Ndufb4b)	843,736,889,753
104130 (Ndufb11)	843,736,889,753
17716 (ND1)	843,736,889,753
17717 (ND2)	843,736,889,753
17718 (ND3)	843,736,889,753
17719 (ND4)	843,736,889,753
17720 (ND4L)	843,736,889,753
17721 (ND5)	843,736,889,753
17722 (ND6)	843,736,889,753
17991 (Ndufa2)	843,736,889,753
17992 (Ndufa4)	843,736,889,753
17993 (Ndufs4)	843,736,889,753
17995 (Ndufv1)	843,736,889,753
225887 (Ndufs8)	843,736,889,753
226646 (Ndufs2)	843,736,889,753
227197 (Ndufs1)	843,736,889,753
230075 (Ndufb6)	843,736,889,753
407785 (Ndufs6)	843,736,889,753
407790 (Ndufa4l2)	843,736,889,753
54405 (Ndufa1)	843,736,889,753
595136 (Ndufs5)	843,736,889,753
66046 (Ndufb5)	843,736,889,753
66091 (Ndufa3)	843,736,889,753
66108 (Ndufa9)	843,736,889,753
66218 (Ndufb9)	843,736,889,753
66377 (Ndufc1)	843,736,889,753
66414 (Ndufa12)	843,736,889,753
66416 (Ndufa7)	843,736,889,753
66495 (Ndufb3)	843,736,889,753
66916 (Ndufb7)	843,736,889,753
67130 (Ndufa6)	843,736,889,753
67184 (Ndufa13)	843,736,889,753
67264 (Ndufb8)	843,736,889,753
67273 (Ndufa10)	843,736,889,753
68194 (Ndufb4)	843,736,889,753
68197 (Ndufc2)	843,736,889,753
68198 (Ndufb2)	843,736,889,753
68202 (Ndufa5)	843,736,889,753
68342 (Ndufb10)	843,736,889,753
68349 (Ndufs3)	843,736,889,753
68375 (Ndufa8)	843,736,889,753
69875 (Ndufa11)	843,736,889,753
70316 (Ndufab1)	843,736,889,753
72900 (Ndufv2)	843,736,889,753
75406 (Ndufs7)	843,736,889,753
78330 (Ndufv3)	843,736,889,753
66052 (Sdhc)	843,764,889,781
66925 (Sdhd)	843,764,889,781
66945 (Sdha)	843,764,889,781
67680 (Sdhb)	843,764,889,781
17711 (CYTB)	843,793,889,810
22272 (Uqcrq)	843,793,889,810
22273 (Uqcrc1)	843,793,889,810
66152 (Uqcr10)	843,793,889,810
66445 (Cyc1)	843,793,889,810
66576 (Uqcrh)	843,793,889,810
66594 (Uqcr11)	843,793,889,810
66694 (Uqcrfs1)	843,793,889,810
67003 (Uqcrc2)	843,793,889,810
67530 (Uqcrb)	843,793,889,810
110323 (Cox6b1)	843,821,889,838
12857 (Cox4i1)	843,821,889,838
12858 (Cox5a)	843,821,889,838
12859 (Cox5b)	843,821,889,838
12861 (Cox6a1)	843,821,889,838
12862 (Cox6a2)	843,821,889,838
12864 (Cox6c)	843,821,889,838
12865 (Cox7a1)	843,821,889,838
12866 (Cox7a2)	843,821,889,838
12867 (Cox7c)	843,821,889,838
12868 (Cox8a)	843,821,889,838
12869 (Cox8b)	843,821,889,838
17708 (COX1)	843,821,889,838
17709 (COX2)	843,821,889,838
17710 (COX3)	843,821,889,838
20463 (Cox7a2l)	843,821,889,838
333182 (Cox6b2)	843,821,889,838
66142 (Cox7b)	843,821,889,838
75483 (Cox8c)	843,821,889,838
78174 (Cox7b2)	843,821,889,838
84682 (Cox4i2)	843,821,889,838
11946 (Atp5a1)	843,850,889,867
11947 (Atp5b)	843,850,889,867
11949 (Atp5c1)	843,850,889,867
11950 (Atp5f1)	843,850,889,867
11951 (Atp5g1)	843,850,889,867
11957 (Atp5j)	843,850,889,867
17705 (ATP6)	843,850,889,867
17706 (ATP8)	843,850,889,867
228033 (Atp5g3)	843,850,889,867
28080 (Atp5o)	843,850,889,867
66043 (Atp5d)	843,850,889,867
67126 (Atp5e)	843,850,889,867
67942 (Atp5g2)	843,850,889,867
71679 (Atp5h)	843,850,889,867
64704 (Htra2)	1157,756,1203,773
105675 (Ppif)	1169,818,1215,835
11739 (Slc25a4)	1169,818,1215,835
11740 (Slc25a5)	1169,818,1215,835
22333 (Vdac1)	1169,818,1215,835
22334 (Vdac2)	1169,818,1215,835
22335 (Vdac3)	1169,818,1215,835
73333 (Slc25a31)	1169,818,1215,835
22187 (Ubb)	888,391,934,408
22187 (Ubb)	888,419,934,436
22187 (Ubb)	888,446,934,463
22187 (Ubb)	712,391,758,408
22187 (Ubb)	712,419,758,436
22187 (Ubb)	712,446,758,463
22187 (Ubb)	983,279,1029,296
22187 (Ubb)	983,310,1029,327
22187 (Ubb)	982,340,1028,357
140499 (Ube2j2)	802,272,848,289
22213 (Ube2g2)	802,272,848,289
56228 (Ube2j1)	802,272,848,289
67128 (Ube2g1)	802,272,848,289
21823 (Th)	1137,468,1183,485
13162 (Slc6a3)	590,495,636,512
12371 (Casp9)	1410,755,1456,772
12367 (Casp3)	1409,707,1455,724
11783 (Apaf1)	1330,786,1376,803
110877 (Slc18a1)	883,609,929,626
214084 (Slc18a2)	883,609,929,626
13162 (Slc6a3)	591,698,637,715
11540 (Adora2a)	381,394,427,411
13489 (Drd2)	381,489,427,506
13488 (Drd1)	381,769,427,786
14680 (Gnal)	304,394,350,411
14677 (Gnai1)	304,489,350,506
14678 (Gnai2)	304,489,350,506
14679 (Gnai3)	304,489,350,506
14680 (Gnal)	304,769,350,786
224129 (Adcy5)	268,439,314,456
224129 (Adcy5)	268,728,314,745
18747 (Prkaca)	152,439,198,456
18749 (Prkacb)	152,439,198,456
18747 (Prkaca)	152,728,198,745
18749 (Prkacb)	152,728,198,745
mmu04120: Ubiquitin mediated proteolysis	828,314,941,348
mmu03050: Proteasome	1229,158,1342,183
mmu04210: Apoptosis	1305,834,1418,859
mmu00190: Oxidative phosphorylation	698,810,811,844
mmu00350: Tyrosine metabolism	1156,504,1269,538
mmu05020: Prion diseases	40,45,220,70
mmu04728: Dopaminergic synapse	466,424,558,458
