68943 (Pink1)	260,232,306,249
170731 (Mfn2)	387,157,433,174
67414 (Mfn1)	387,157,433,174
100756 (Usp30)	568,185,614,202
14479 (Usp15)	488,185,534,202
228361 (Ambra1)	577,281,623,298
84092 (Usp8)	426,281,472,298
50873 (Park2)	388,232,434,249
71648 (Optn)	740,263,786,280
56480 (Tbk1)	847,218,893,235
18412 (Sqstm1)	740,203,786,220
76815 (Calcoco2)	740,233,786,250
17966 (Nbr1)	740,293,786,310
56486 (Gabarap)	973,233,1019,250
57436 (Gabarapl1)	973,233,1019,250
93739 (Gabarapl2)	973,233,1019,250
20779 (Src)	259,496,305,513
22241 (Ulk1)	260,522,306,539
72018 (Fundc1)	387,496,433,513
12995 (Csnk2a1)	259,469,305,486
13000 (Csnk2a2)	259,469,305,486
13001 (Csnk2b)	259,469,305,486
72542 (Pgam5)	387,447,433,464
12048 (Bcl2l1)	437,403,483,420
12176 (Bnip3)	387,611,433,628
12177 (Bnip3l)	387,649,433,666
214952 (Rhot2)	387,307,433,324
59040 (Rhot1)	387,307,433,324
56208 (Becn1)	388,357,434,374
66169 (Tomm7)	260,193,306,210
11793 (Atg5)	582,324,628,341
213948 (Atg9b)	582,361,628,378
245860 (Atg9a)	582,361,628,378
21425 (Tfeb)	669,342,715,359
17342 (Mitf)	669,321,715,338
209446 (Tfe3)	669,363,715,380
52440 (Tax1bp1)	740,173,786,190
233204 (Tbc1d17)	1005,310,1051,327
66687 (Tbc1d15)	1005,310,1051,327
19349 (Rab7)	1090,310,1136,327
226421 (Rab7b)	1090,310,1136,327
66437 (Fis1)	1006,354,1052,371
94044 (Bcl2l13)	387,90,433,107
13666 (Eif2ak3)	181,122,227,139
11911 (Atf4)	250,122,296,139
15251 (Hif1a)	213,611,259,628
13555 (E2f1)	213,568,259,585
19697 (Rela)	278,565,324,582
22059 (Trp53)	213,684,259,701
15461 (Hras)	213,656,259,673
16653 (Kras)	213,656,259,673
17532 (Mras)	213,656,259,673
18176 (Nras)	213,656,259,673
20130 (Rras)	213,656,259,673
66922 (Rras2)	213,656,259,673
20683 (Sp1)	213,770,259,787
26414 (Mapk10)	181,164,227,181
26419 (Mapk8)	181,164,227,181
26420 (Mapk9)	181,164,227,181
16476 (Jun)	250,164,296,181
56484 (Foxo3)	158,733,204,750
17684 (Cited2)	220,733,266,750
170731 (Mfn2)	326,201,372,218
22187 (Ubb)	352,262,398,279
22187 (Ubb)	537,254,583,271
mmu04137: Mitophagy - animal	40,45,230,70
mmu04140: Autophagy - animal	1039,223,1139,257
