C01245 (D-myo-Inositol 1,4,5-trisphosphate)	594,547,4
C00076 (Calcium cation)	638,547,4
C00027 (Hydrogen peroxide)	556,504,4
12978 (Csf1r)	185,160,231,177
22030 (Traf2)	338,350,384,367
22034 (Traf6)	338,350,384,367
21934 (Tnfrsf11a)	185,350,231,367
21943 (Tnfsf11)	113,350,159,367
12977 (Csf1)	113,160,159,177
18383 (Tnfrsf11b)	113,385,159,402
74256 (Cyld)	337,277,383,294
14389 (Gab2)	372,409,418,426
53859 (Map3k14)	534,275,580,292
12675 (Chuk)	633,275,679,292
16151 (Ikbkg)	533,316,579,333
12675 (Chuk)	533,333,579,350
16150 (Ikbkb)	533,350,579,367
18035 (Nfkbia)	762,350,808,367
18033 (Nfkb1)	762,315,808,332
19697 (Rela)	762,315,808,332
26409 (Map3k7)	434,350,480,367
66513 (Tab1)	434,367,480,384
68652 (Tab2)	434,367,480,384
26399 (Map2k6)	534,427,580,444
26395 (Map2k1)	534,405,580,422
26414 (Mapk10)	617,449,663,466
26419 (Mapk8)	617,449,663,466
26420 (Mapk9)	617,449,663,466
19094 (Mapk11)	617,427,663,444
26415 (Mapk13)	617,427,663,444
26416 (Mapk14)	617,427,663,444
29857 (Mapk12)	617,427,663,444
18018 (Nfatc1)	1018,275,1064,292
15977 (Ifnb1)	1018,301,1064,318
15977 (Ifnb1)	113,670,159,687
15975 (Ifnar1)	185,670,231,687
15976 (Ifnar2)	185,670,231,687
16451 (Jak1)	284,670,330,687
54721 (Tyk2)	284,670,330,687
20846 (Stat1)	400,670,446,687
20847 (Stat2)	400,670,446,687
16391 (Irf9)	484,670,530,687
14360 (Fyn)	463,232,509,249
16818 (Lck)	463,232,509,249
18706 (Pik3ca)	546,232,592,249
18707 (Pik3cd)	546,232,592,249
18708 (Pik3r1)	546,232,592,249
18709 (Pik3r2)	546,232,592,249
18710 (Pik3r3)	546,232,592,249
74769 (Pik3cb)	546,232,592,249
11651 (Akt1)	629,232,675,249
11652 (Akt2)	629,232,675,249
23797 (Akt3)	629,232,675,249
16175 (Il1a)	113,265,159,282
16176 (Il1b)	113,265,159,282
16177 (Il1r1)	185,265,231,282
15978 (Ifng)	113,205,159,222
15979 (Ifngr1)	185,205,231,222
15980 (Ifngr2)	185,205,231,222
20846 (Stat1)	284,205,330,222
14281 (Fos)	870,438,916,455
14282 (Fosb)	870,438,916,455
14283 (Fosl1)	870,438,916,455
14284 (Fosl2)	870,438,916,455
16476 (Jun)	870,438,916,455
16477 (Junb)	870,438,916,455
16478 (Jund)	870,438,916,455
14129 (Fcgr1)	185,509,231,526
14130 (Fcgr2b)	185,509,231,526
14131 (Fcgr3)	185,509,231,526
246256 (Fcgr4)	185,509,231,526
22177 (Tyrobp)	185,587,231,604
12229 (Btk)	289,462,335,479
21682 (Tec)	289,462,335,479
20963 (Syk)	271,548,317,565
16822 (Lcp2)	338,538,384,555
17060 (Blnk)	338,538,384,555
234779 (Plcg2)	401,538,447,555
19055 (Ppp3ca)	670,539,716,556
19056 (Ppp3cb)	670,539,716,556
19057 (Ppp3cc)	670,539,716,556
19058 (Ppp3r1)	670,539,716,556
19059 (Ppp3r2)	670,539,716,556
18018 (Nfatc1)	763,539,809,556
12326 (Camk4)	670,603,716,620
12912 (Creb1)	870,603,916,620
14281 (Fos)	1018,625,1064,642
13038 (Ctsk)	1018,531,1064,548
11433 (Acp5)	1018,550,1064,567
12311 (Calcr)	1018,569,1064,586
16416 (Itgb3)	1018,588,1064,605
20375 (Spi1)	870,552,916,569
17342 (Mitf)	870,571,916,588
21926 (Tnf)	113,293,159,310
21937 (Tnfrsf1a)	185,293,231,310
18019 (Nfatc2)	869,301,915,318
12702 (Socs3)	284,640,330,657
12703 (Socs1)	284,640,330,657
14200 (Fhl2)	316,388,362,405
19016 (Pparg)	871,649,917,666
21803 (Tgfb1)	113,312,159,329
21808 (Tgfb2)	113,312,159,329
21812 (Tgfbr1)	185,312,231,329
21813 (Tgfbr2)	185,312,231,329
18034 (Nfkb2)	762,275,808,292
19698 (Relb)	762,275,808,292
18412 (Sqstm1)	366,306,412,323
14784 (Grb2)	284,144,330,161
26413 (Mapk1)	369,144,415,161
26417 (Mapk3)	369,144,415,161
26400 (Map2k7)	534,449,580,466
19353 (Rac1)	439,425,485,442
13057 (Cyba)	464,495,510,512
17969 (Ncf1)	464,495,510,512
17970 (Ncf2)	464,495,510,512
17972 (Ncf4)	464,495,510,512
237038 (Nox1)	464,495,510,512
100038909 (Gm14548)	185,492,231,509
100041146 (Gm15448)	185,492,231,509
14728 (Lilrb4a)	185,492,231,509
18722 (Pira1)	185,492,231,509
18724 (Pira11)	185,492,231,509
18725 (Pira2)	185,492,231,509
18726 (Lilra6)	185,492,231,509
18727 (Pira4)	185,492,231,509
18729 (Pira6)	185,492,231,509
18730 (Pira7)	185,492,231,509
18733 (Pirb)	185,492,231,509
232790 (Oscar)	185,492,231,509
232801 (Lilra5)	185,492,231,509
100038947	185,570,231,587
19261 (Sirpa)	185,570,231,587
320832 (Sirpb1a)	185,570,231,587
668101 (Sirpb1b)	185,570,231,587
751864 (Gm9733)	185,570,231,587
83433 (Trem2)	185,570,231,587
mmu04380: Osteoclast differentiation	40,45,293,70
mmu04630: Jak-STAT signaling pathway	364,628,473,662
mmu04010: MAPK signaling pathway	675,397,782,431
mmu04020: Calcium signaling pathway	534,562,641,596
mmu04064: NF-kappa B signaling pathway	619,316,726,350
mmu04151: PI3K-Akt signaling pathway	522,180,629,214
