C00951 (Estradiol-17beta)	248,312,4
C00951 (Estradiol-17beta)	1047,271,4
C00575 (3',5'-Cyclic AMP)	620,486,4
C00951 (Estradiol-17beta)	255,684,4
C00951 (Estradiol-17beta)	497,349,4
D08559 (Tamoxifen (INN))	111,170,4
D00964 (Letrozole (JAN/USP/INN))	154,349,4
D00960 (Anastrozole (JAN/USAN/INN))	154,349,4
D00963 (Exemestane (JAN/USP/INN))	154,349,4
D01161 (Fulvestrant (JAN/USAN/INN))	673,179,4
C00535 (Testosterone)	109,312,4
C00280 (Androstenedione)	109,312,4
D08559 (Tamoxifen (INN))	255,710,4
C16547 (Endoxifen)	251,170,4
13982 (Esr1)	694,301,740,318
13983 (Esr2)	694,301,740,318
13982 (Esr1)	1025,301,1071,318
13983 (Esr2)	1025,301,1071,318
76854 (Gper1)	574,343,620,360
20779 (Src)	380,376,426,393
17390 (Mmp2)	239,376,285,393
17395 (Mmp9)	239,376,285,393
15200 (Hbegf)	302,422,348,439
13649 (Egfr)	302,545,348,562
15200 (Hbegf)	194,545,240,562
13982 (Esr1)	1025,390,1071,407
13983 (Esr2)	1025,390,1071,407
17979 (Ncoa3)	1025,407,1071,424
19014 (Med1)	1025,407,1071,424
59035 (Carm1)	1025,407,1071,424
18747 (Prkaca)	829,477,875,494
18749 (Prkacb)	829,477,875,494
15461 (Hras)	604,545,650,562
16653 (Kras)	604,545,650,562
18176 (Nras)	604,545,650,562
109880 (Braf)	679,545,725,562
110157 (Raf1)	679,545,725,562
11836 (Araf)	679,545,725,562
26395 (Map2k1)	754,545,800,562
26396 (Map2k2)	754,545,800,562
26413 (Mapk1)	830,545,876,561
26417 (Mapk3)	830,545,876,561
76854 (Gper1)	302,676,348,693
20416 (Shc1)	378,545,424,562
20418 (Shc3)	378,545,424,562
216148 (Shc2)	378,545,424,562
271849 (Shc4)	378,545,424,562
14784 (Grb2)	454,545,500,562
20662 (Sos1)	529,545,575,562
20663 (Sos2)	529,545,575,562
14683 (Gnas)	458,376,504,393
104110 (Adcy4)	302,476,348,493
104111 (Adcy3)	302,476,348,493
11512 (Adcy6)	302,476,348,493
11513 (Adcy7)	302,476,348,493
11514 (Adcy8)	302,476,348,493
11515 (Adcy9)	302,476,348,493
210044 (Adcy2)	302,476,348,493
224129 (Adcy5)	302,476,348,493
432530 (Adcy1)	302,476,348,493
18706 (Pik3ca)	421,628,467,645
18707 (Pik3cd)	421,628,467,645
18708 (Pik3r1)	421,628,467,645
18709 (Pik3r2)	421,628,467,645
18710 (Pik3r3)	421,628,467,645
74769 (Pik3cb)	421,628,467,645
11651 (Akt1)	529,628,575,645
11652 (Akt2)	529,628,575,645
23797 (Akt3)	529,628,575,645
19094 (Mapk11)	829,737,875,754
26415 (Mapk13)	829,737,875,754
26416 (Mapk14)	829,737,875,754
29857 (Mapk12)	829,737,875,754
26414 (Mapk10)	829,766,875,783
26419 (Mapk8)	829,766,875,783
26420 (Mapk9)	829,766,875,783
16449 (Jag1)	210,877,256,894
16450 (Jag2)	210,877,256,894
18128 (Notch1)	302,896,348,913
18129 (Notch2)	302,896,348,913
18131 (Notch3)	302,896,348,913
18132 (Notch4)	302,896,348,913
17246 (Mdm2)	960,814,1006,831
22059 (Trp53)	1039,814,1085,831
12578 (Cdkn2a)	1133,802,1179,819
12580 (Cdkn2c)	1188,802,1234,819
12575 (Cdkn1a)	1133,827,1179,844
12576 (Cdkn1b)	1188,827,1234,844
12443 (Ccnd1)	1013,745,1059,762
12567 (Cdk4)	1102,745,1148,762
19645 (Rb1)	1183,745,1229,762
13555 (E2f1)	1262,745,1308,762
13557 (E2f3)	1262,745,1308,762
242705 (E2f2)	1262,745,1308,762
56717 (Mtor)	708,629,754,646
58988 (Rps6kb2)	827,631,873,648
72508 (Rps6kb1)	827,631,873,648
16000 (Igf1)	195,618,241,635
16001 (Igf1r)	302,618,348,635
13866 (Erbb2)	302,594,348,611
17979 (Ncoa3)	1025,318,1071,335
19014 (Med1)	1025,318,1071,335
59035 (Carm1)	1025,318,1071,335
16476 (Jun)	1025,535,1071,552
14281 (Fos)	1025,557,1071,574
12043 (Bcl2)	587,821,633,838
12124 (Bik)	692,860,738,877
12015 (Bad)	692,836,738,853
12028 (Bax)	692,812,738,829
14281 (Fos)	1025,424,1071,441
16476 (Jun)	1025,424,1071,441
20683 (Sp1)	1025,424,1071,441
13982 (Esr1)	827,662,873,679
13983 (Esr2)	827,662,873,679
17979 (Ncoa3)	827,679,873,696
19014 (Med1)	827,679,873,696
59035 (Carm1)	827,679,873,696
20779 (Src)	827,695,873,712
13982 (Esr1)	1025,469,1071,486
13983 (Esr2)	1025,469,1071,486
20185 (Ncor1)	1025,486,1071,503
14083 (Ptk2)	348,667,394,684
20779 (Src)	348,684,394,701
27413 (Abcb11)	302,208,348,225
13388 (Dll1)	211,916,257,933
13389 (Dll3)	211,916,257,933
54485 (Dll4)	211,916,257,933
mmu01522: Endocrine resistance	40,45,265,70
mmu04010: MAPK signaling pathway	596,570,712,604
mmu04913: Ovarian steroidogenesis	115,265,233,299
mmu04010: MAPK signaling pathway	377,288,493,322
mmu04210: Apoptosis	758,800,858,825
mmu04110: Cell cycle	1273,809,1373,834
mmu04151: PI3K-Akt signaling pathway	543,676,671,710
mmu00982: Drug metabolism - cytochrome P450	115,201,233,235
mmu04024: cAMP signaling pathway	564,435,680,469
mmu04330: Notch signaling pathway	369,862,485,896
