C00410 (Progesterone)	206,102,4
C01245 (D-myo-Inositol 1,4,5-trisphosphate)	1129,302,4
C00076 (Calcium cation)	1129,379,4
C00575 (3',5'-Cyclic AMP)	157,225,4
17451 (Mos)	235,310,281,327
12534 (Cdk1)	414,704,460,721
17120 (Mad1l1)	902,535,948,552
56150 (Mad2l1)	902,535,948,552
71890 (Mad2l2)	902,535,948,552
12442 (Ccnb2)	414,688,460,705
268930 (Pkmyt1)	369,548,415,565
110651 (Rps6ka3)	369,353,415,370
20111 (Rps6ka1)	369,353,415,370
20112 (Rps6ka2)	369,353,415,370
67071 (Rps6ka6)	369,353,415,370
26413 (Mapk1)	369,310,415,327
26417 (Mapk3)	369,310,415,327
26395 (Map2k1)	302,310,348,327
17222 (Anapc1)	630,601,676,618
217232 (Cdc27)	630,601,676,618
52206 (Anapc4)	630,601,676,618
52563 (Cdc23)	630,601,676,618
56317 (Anapc7)	630,601,676,618
59008 (Anapc5)	630,601,676,618
66156 (Anapc11)	630,601,676,618
66440 (Cdc26)	630,601,676,618
68999 (Anapc10)	630,601,676,618
69010 (Anapc13)	630,601,676,618
69957 (Cdc16)	630,601,676,618
99152 (Anapc2)	630,601,676,618
107995 (Cdc20)	630,618,676,635
30939 (Pttg1)	630,674,676,691
268697 (Ccnb1)	763,686,809,703
12534 (Cdk1)	763,703,809,720
67141 (Fbxo5)	187,546,233,563
21402 (Skp1a)	1184,487,1230,504
26965 (Cul1)	1184,487,1230,504
56438 (Rbx1)	1184,487,1230,504
12447 (Ccne1)	984,531,1030,548
12448 (Ccne2)	984,531,1030,548
78803 (Fbxo43)	1106,546,1152,563
17222 (Anapc1)	984,604,1030,621
217232 (Cdc27)	984,604,1030,621
52206 (Anapc4)	984,604,1030,621
52563 (Cdc23)	984,604,1030,621
56317 (Anapc7)	984,604,1030,621
59008 (Anapc5)	984,604,1030,621
66156 (Anapc11)	984,604,1030,621
66440 (Cdc26)	984,604,1030,621
68999 (Anapc10)	984,604,1030,621
69010 (Anapc13)	984,604,1030,621
69957 (Cdc16)	984,604,1030,621
99152 (Anapc2)	984,604,1030,621
107995 (Cdc20)	984,621,1030,638
30939 (Pttg1)	984,674,1030,691
21402 (Skp1a)	187,479,233,496
26965 (Cul1)	187,479,233,496
56438 (Rbx1)	187,479,233,496
12532 (Cdc25c)	471,546,517,563
78803 (Fbxo43)	680,546,726,563
12566 (Cdk2)	984,548,1030,565
103583 (Fbxw11)	187,496,233,513
12234 (Btrc)	187,496,233,513
103583 (Fbxw11)	1184,504,1230,521
12234 (Btrc)	1184,504,1230,521
108058 (Camk2d)	1106,457,1152,474
12322 (Camk2a)	1106,457,1152,474
12323 (Camk2b)	1106,457,1152,474
12325 (Camk2g)	1106,457,1152,474
18817 (Plk1)	1155,457,1201,474
20878 (Aurka)	301,174,347,191
17222 (Anapc1)	232,601,278,618
217232 (Cdc27)	232,601,278,618
52206 (Anapc4)	232,601,278,618
52563 (Cdc23)	232,601,278,618
56317 (Anapc7)	232,601,278,618
59008 (Anapc5)	232,601,278,618
66156 (Anapc11)	232,601,278,618
66440 (Cdc26)	232,601,278,618
68999 (Anapc10)	232,601,278,618
69010 (Anapc13)	232,601,278,618
69957 (Cdc16)	232,601,278,618
99152 (Anapc2)	232,601,278,618
107995 (Cdc20)	232,618,278,635
114875 (Plcz1)	1106,254,1152,271
16438 (Itpr1)	1107,332,1153,349
16439 (Itpr2)	1107,332,1153,349
16440 (Itpr3)	1107,332,1153,349
12313 (Calm1)	1106,409,1152,426
12314 (Calm2)	1106,409,1152,426
12315 (Calm3)	1106,409,1152,426
494124 (Calm5)	1106,409,1152,426
70405 (Calml3)	1106,409,1152,426
75600 (Calml4)	1106,409,1152,426
80796 (Calm4)	1106,409,1152,426
19055 (Ppp3ca)	1043,457,1089,474
19056 (Ppp3cb)	1043,457,1089,474
19057 (Ppp3cc)	1043,457,1089,474
19058 (Ppp3r1)	1043,457,1089,474
19059 (Ppp3r2)	1043,457,1089,474
12877 (Cpeb1)	255,228,301,245
208922 (Cpeb3)	255,228,301,245
231207 (Cpeb2)	255,228,301,245
67579 (Cpeb4)	255,228,301,245
12877 (Cpeb1)	763,286,809,303
208922 (Cpeb3)	763,286,809,303
231207 (Cpeb2)	763,286,809,303
67579 (Cpeb4)	763,286,809,303
18817 (Plk1)	819,240,865,257
21402 (Skp1a)	680,479,726,496
26965 (Cul1)	680,479,726,496
56438 (Rbx1)	680,479,726,496
103583 (Fbxw11)	680,496,726,513
12234 (Btrc)	680,496,726,513
18747 (Prkaca)	134,248,180,265
18749 (Prkacb)	134,248,180,265
104110 (Adcy4)	134,182,180,199
104111 (Adcy3)	134,182,180,199
11512 (Adcy6)	134,182,180,199
11513 (Adcy7)	134,182,180,199
11514 (Adcy8)	134,182,180,199
11515 (Adcy9)	134,182,180,199
210044 (Adcy2)	134,182,180,199
224129 (Adcy5)	134,182,180,199
432530 (Adcy1)	134,182,180,199
22627 (Ywhae)	411,569,457,586
22628 (Ywhag)	411,569,457,586
22629 (Ywhah)	411,569,457,586
22630 (Ywhaq)	411,569,457,586
22631 (Ywhaz)	411,569,457,586
54401 (Ywhab)	411,569,457,586
19045 (Ppp1ca)	538,474,584,491
19046 (Ppp1cb)	538,474,584,491
19047 (Ppp1cc)	538,474,584,491
434233 (Ppp1ccb)	538,474,584,491
19094 (Mapk11)	503,450,549,467
26415 (Mapk13)	503,450,549,467
26416 (Mapk14)	503,450,549,467
29857 (Mapk12)	503,450,549,467
18817 (Plk1)	555,507,601,524
105988 (Espl1)	630,713,676,730
105988 (Espl1)	984,713,1030,730
140557 (Smc1b)	607,794,653,811
24061 (Smc1a)	607,794,653,811
56739 (Rec8)	630,760,676,777
50878 (Stag3)	630,777,676,794
140557 (Smc1b)	961,794,1007,811
24061 (Smc1a)	961,794,1007,811
56739 (Rec8)	984,760,1030,777
50878 (Stag3)	984,777,1030,794
72415 (Sgo1)	927,674,973,691
21770 (Ppp2r5d)	927,713,973,730
225849 (Ppp2r5b)	927,713,973,730
226849 (Ppp2r5a)	927,713,973,730
26931 (Ppp2r5c)	927,713,973,730
26932 (Ppp2r5e)	927,713,973,730
19052 (Ppp2ca)	927,730,973,747
19053 (Ppp2cb)	927,730,973,747
51792 (Ppp2r1a)	927,730,973,747
73699 (Ppp2r1b)	927,730,973,747
13006 (Smc3)	653,794,699,811
19052 (Ppp2ca)	1071,481,1117,498
19053 (Ppp2cb)	1071,481,1117,498
51792 (Ppp2r1a)	1071,481,1117,498
73699 (Ppp2r1b)	1071,481,1117,498
18667 (Pgr)	183,145,229,162
11835 (Ar)	232,145,278,162
16001 (Igf1r)	75,145,121,162
16333 (Ins1)	50,94,96,111
16334 (Ins2)	50,94,96,111
16000 (Igf1)	100,94,146,111
241634 (Spdye4c)	408,424,454,441
330228 (Spdye4b)	408,424,454,441
70891 (Spdya)	408,424,454,441
74673 (Spdye4a)	408,424,454,441
12534 (Cdk1)	408,441,454,458
12566 (Cdk2)	464,427,510,444
20874 (Slk)	555,547,601,564
12235 (Bub1)	837,491,883,508
12532 (Cdc25c)	1181,627,1227,644
13006 (Smc3)	1007,794,1053,811
mmu04114: Oocyte meiosis	40,45,187,70
mmu04914: Progesterone-mediated oocyte maturation	353,97,492,131
mmu04120: Ubiquitin mediated proteolysis	79,603,198,637
mmu04010: MAPK signaling pathway	301,261,412,295
