C00076 (Calcium cation)	625,368,4
C00076 (Calcium cation)	919,376,4
C00076 (Calcium cation)	760,475,4
C00076 (Calcium cation)	949,157,4
C01330 (Sodium cation)	960,264,4
C00575 (3',5'-Cyclic AMP)	738,268,4
C00076 (Calcium cation)	305,511,4
24052 (Sgcd)	275,200,321,217
12288 (Cacna1c)	645,361,691,378
12289 (Cacna1d)	645,361,691,378
12292 (Cacna1s)	645,361,691,378
12293 (Cacna2d1)	645,361,691,378
12294 (Cacna2d3)	645,361,691,378
12295 (Cacnb1)	645,361,691,378
12296 (Cacnb2)	645,361,691,378
12297 (Cacnb3)	645,361,691,378
12298 (Cacnb4)	645,361,691,378
12299 (Cacng1)	645,361,691,378
12300 (Cacng2)	645,361,691,378
140723 (Cacng5)	645,361,691,378
319734 (Cacna2d4)	645,361,691,378
54376 (Cacng3)	645,361,691,378
54377 (Cacng4)	645,361,691,378
54378 (Cacng6)	645,361,691,378
54652 (Cacna1f)	645,361,691,378
56808 (Cacna2d2)	645,361,691,378
81904 (Cacng7)	645,361,691,378
81905 (Cacng8)	645,361,691,378
20191 (Ryr2)	767,364,813,381
11937 (Atp2a1)	896,338,942,355
11938 (Atp2a2)	896,338,942,355
53313 (Atp2a3)	896,338,942,355
110891 (Slc8a2)	931,200,977,217
110893 (Slc8a3)	931,200,977,217
20541 (Slc8a1)	931,200,977,217
104099 (Itga9)	122,200,168,217
109700 (Itga1)	122,200,168,217
16398 (Itga2)	122,200,168,217
16399 (Itga2b)	122,200,168,217
16400 (Itga3)	122,200,168,217
16401 (Itga4)	122,200,168,217
16402 (Itga5)	122,200,168,217
16403 (Itga6)	122,200,168,217
16404 (Itga7)	122,200,168,217
16410 (Itgav)	122,200,168,217
213119 (Itga10)	122,200,168,217
241226 (Itga8)	122,200,168,217
319480 (Itga11)	122,200,168,217
16412 (Itgb1)	168,200,214,217
16416 (Itgb3)	168,200,214,217
16419 (Itgb5)	168,200,214,217
16420 (Itgb6)	168,200,214,217
16421 (Itgb7)	168,200,214,217
192897 (Itgb4)	168,200,214,217
320910 (Itgb8)	168,200,214,217
24053 (Sgcg)	321,200,367,217
24051 (Sgcb)	412,200,458,217
20391 (Sgca)	366,200,412,217
13138 (Dag1)	456,153,502,170
13138 (Dag1)	457,200,503,217
16772 (Lama1)	457,114,503,131
16773 (Lama2)	457,114,503,131
13726 (Emd)	591,504,637,521
16905 (Lmna)	553,526,599,543
21954 (Tnni3)	370,491,416,508
21924 (Tnnc1)	314,475,360,492
21956 (Tnnt2)	150,570,196,587
22003 (Tpm1)	437,550,483,567
22004 (Tpm2)	437,550,483,567
326618 (Tpm4)	437,550,483,567
59069 (Tpm3)	437,550,483,567
13405 (Dmd)	402,280,448,297
11464 (Actc1)	418,522,464,539
17897 (Myl3)	373,564,419,581
22138 (Ttn)	156,471,202,488
17868 (Mybpc3)	185,672,231,689
13346 (Des)	107,293,153,310
11554 (Adrb1)	828,200,874,217
14683 (Gnas)	828,236,874,253
104110 (Adcy4)	776,259,822,276
104111 (Adcy3)	776,259,822,276
11512 (Adcy6)	776,259,822,276
11513 (Adcy7)	776,259,822,276
11514 (Adcy8)	776,259,822,276
11515 (Adcy9)	776,259,822,276
210044 (Adcy2)	776,259,822,276
224129 (Adcy5)	776,259,822,276
432530 (Adcy1)	776,259,822,276
18747 (Prkaca)	717,300,763,317
18749 (Prkacb)	717,300,763,317
18821 (Pln)	830,339,876,356
17906 (Myl2)	373,586,419,603
11461 (Actb)	364,321,410,338
11465 (Actg1)	364,321,410,338
11461 (Actb)	186,297,232,314
11465 (Actg1)	186,297,232,314
13346 (Des)	432,470,478,487
140781 (Myh7)	340,621,386,638
17888 (Myh6)	340,621,386,638
21926 (Tnf)	971,583,1017,600
16000 (Igf1)	1031,583,1077,600
21803 (Tgfb1)	971,607,1017,624
21808 (Tgfb2)	971,607,1017,624
21809 (Tgfb3)	971,607,1017,624
11606 (Agt)	1031,607,1077,624
mmu05414: Dilated cardiomyopathy (DCM)	40,45,316,70
mmu04260: Cardiac muscle contraction	441,354,559,388
mmu04512: ECM-receptor interaction	317,124,435,158
mmu05416: Viral myocarditis	597,117,715,142
mmu04350: TGF-beta signaling pathway	887,524,1005,558
mmu04614: Renin-angiotensin system	1015,524,1133,558
