C00575 (3',5'-Cyclic AMP)	255,319,4
319757 (Smo)	67,352,113,369
240888 (Gpr161)	271,258,317,275
103236 (Csnk1g2)	248,397,294,414
104318 (Csnk1d)	248,397,294,414
214897 (Csnk1g1)	248,397,294,414
27373 (Csnk1e)	248,397,294,414
70425 (Csnk1g3)	248,397,294,414
93687 (Csnk1a1)	248,397,294,414
56637 (Gsk3b)	248,416,294,433
18747 (Prkaca)	248,378,294,395
18749 (Prkacb)	248,378,294,395
14632 (Gli1)	170,380,216,397
14633 (Gli2)	170,380,216,397
14634 (Gli3)	170,380,216,397
16576 (Kif7)	170,347,216,364
14632 (Gli1)	170,550,216,567
14633 (Gli2)	170,550,216,567
14634 (Gli3)	170,550,216,567
26965 (Cul1)	248,463,294,480
103583 (Fbxw11)	248,480,294,497
12234 (Btrc)	248,480,294,497
14632 (Gli1)	72,718,118,735
14633 (Gli2)	72,718,118,735
14634 (Gli3)	72,718,118,735
19206 (Ptch1)	121,718,167,735
19207 (Ptch2)	121,718,167,735
15245 (Hhip)	170,718,216,735
19206 (Ptch1)	117,258,163,275
19207 (Ptch2)	117,258,163,275
319757 (Smo)	67,412,113,429
319757 (Smo)	666,302,712,319
14632 (Gli1)	764,547,810,564
14633 (Gli2)	764,547,810,564
14634 (Gli3)	764,547,810,564
14632 (Gli1)	746,189,792,206
14633 (Gli2)	746,189,792,206
14634 (Gli3)	746,189,792,206
16576 (Kif7)	746,155,792,172
24069 (Sufu)	746,172,792,189
19206 (Ptch1)	475,352,521,369
19207 (Ptch2)	475,352,521,369
117606 (Boc)	532,352,578,369
14451 (Gas1)	532,352,578,369
14725 (Lrp2)	532,352,578,369
57810 (Cdon)	532,352,578,369
66313 (Smurf2)	551,532,597,549
75788 (Smurf1)	551,532,597,549
19206 (Ptch1)	475,532,521,549
19207 (Ptch2)	475,532,521,549
13363 (Dhh)	475,286,521,303
16147 (Ihh)	475,286,521,303
20423 (Shh)	475,286,521,303
59056 (Evc)	666,266,712,283
68525 (Evc2)	666,266,712,283
110355 (Grk2)	700,423,746,440
320129 (Grk3)	700,423,746,440
103236 (Csnk1g2)	700,404,746,421
104318 (Csnk1d)	700,404,746,421
214897 (Csnk1g1)	700,404,746,421
27373 (Csnk1e)	700,404,746,421
70425 (Csnk1g3)	700,404,746,421
93687 (Csnk1a1)	700,404,746,421
14632 (Gli1)	668,718,714,735
14633 (Gli2)	668,718,714,735
14634 (Gli3)	668,718,714,735
19206 (Ptch1)	717,718,763,735
19207 (Ptch2)	717,718,763,735
15245 (Hhip)	766,718,812,735
319757 (Smo)	636,477,682,494
240888 (Gpr161)	819,278,865,295
109689 (Arrb1)	710,237,756,254
216869 (Arrb2)	710,237,756,254
16568 (Kif3a)	710,220,756,237
20747 (Spop)	699,634,745,651
76857 (Spopl)	699,634,745,651
26554 (Cul3)	699,617,745,634
24069 (Sufu)	833,462,879,479
26554 (Cul3)	910,453,956,470
20747 (Spop)	910,470,956,487
76857 (Spopl)	910,470,956,487
240888 (Gpr161)	833,393,879,410
319757 (Smo)	635,352,681,369
18747 (Prkaca)	729,379,775,396
18749 (Prkacb)	729,379,775,396
24069 (Sufu)	170,363,216,380
12443 (Ccnd1)	219,718,265,735
12444 (Ccnd2)	219,718,265,735
12043 (Bcl2)	268,718,314,735
12443 (Ccnd1)	815,718,861,735
12444 (Ccnd2)	815,718,861,735
12043 (Bcl2)	864,718,910,735
269878 (Megf8)	545,394,591,411
17237 (Mgrn1)	545,414,591,431
233812 (Mosmo)	584,352,630,369
15245 (Hhip)	425,352,471,369
mmu04340: Hedgehog signaling pathway	40,45,307,70
mmu04120: Ubiquitin mediated proteolysis	222,504,336,540
