C00290 (Fibrin)	169,749,4
58992 (F12)	191,215,237,232
109821 (F11)	191,282,237,299
14071 (F9)	191,341,237,358
14058 (F10)	129,408,175,425
14068 (F7)	67,341,113,358
110135 (Fgb)	57,741,103,758
14161 (Fga)	57,741,103,758
99571 (Fgg)	57,741,103,758
14060 (F13b)	155,692,201,709
74145 (F13a1)	155,692,201,709
21788 (Tfpi)	66,408,112,425
14062 (F2r)	258,594,304,611
15160 (Serpind1)	62,477,108,494
11905 (Serpinc1)	62,457,108,474
22371 (Vwf)	242,368,288,385
268591 (Serpina5)	62,497,108,514
18787 (Serpine1)	415,478,461,495
18788 (Serpinb2)	415,478,461,495
18815 (Plg)	563,215,609,232
16644 (Kng1)	365,282,411,299
385643 (Kng2)	365,282,411,299
16621 (Klkb1)	364,215,410,232
18792 (Plau)	500,468,546,485
18791 (Plat)	500,488,546,505
12061 (Bdkrb1)	500,282,546,299
12062 (Bdkrb2)	500,282,546,299
17194 (Mbl1)	953,222,999,239
17195 (Mbl2)	953,222,999,239
17174 (Masp1)	953,239,999,256
17175 (Masp2)	953,239,999,256
12259 (C1qa)	834,239,880,256
12260 (C1qb)	834,239,880,256
12262 (C1qc)	834,239,880,256
317677 (C1s2)	834,239,880,256
50908 (C1s1)	834,239,880,256
50909 (C1ra)	834,239,880,256
667277 (C1rb)	834,239,880,256
12266 (C3)	793,443,839,460
12258 (Serping1)	894,266,940,283
12628 (Cfh)	722,509,768,526
214403 (Gm4788)	722,509,768,526
15139 (Hc)	793,596,839,613
109828 (C7)	848,694,894,711
110382 (C8b)	848,694,894,711
12274 (C6)	848,694,894,711
12279 (C9)	848,694,894,711
230558 (C8a)	848,694,894,711
69379 (C8g)	848,694,894,711
12509 (Cd59a)	710,715,756,732
333883 (Cd59b)	710,715,756,732
17221 (Cd46)	769,395,815,412
13136 (Cd55)	818,375,864,392
13137 (Cd55b)	818,375,864,392
12269 (C4bp)	986,443,1032,460
22789 (Zp3r)	986,443,1032,460
19128 (Pros1)	242,426,288,443
19123 (Proc)	298,478,344,495
21824 (Thbd)	205,478,251,495
20700 (Serpina1a)	415,524,461,541
20701 (Serpina1b)	415,524,461,541
20702 (Serpina1c)	415,524,461,541
20703 (Serpina1d)	415,524,461,541
20704 (Serpina1e)	415,524,461,541
14061 (F2)	130,478,176,495
232345 (A2m)	415,564,461,581
18816 (Serpinf2)	415,544,461,561
12266 (C3)	694,330,740,347
12268 (C4b)	894,330,940,347
12263 (C2)	894,310,940,327
12628 (Cfh)	647,222,693,239
214403 (Gm4788)	647,222,693,239
12630 (Cfi)	647,242,693,259
14067 (F5)	155,437,201,454
14069 (F8)	242,385,288,402
11905 (Serpinc1)	254,282,300,299
56373 (Cpb2)	212,692,258,709
12759 (Clu)	710,735,756,752
22370 (Vtn)	710,755,756,772
12946 (Cr1l)	818,395,864,412
12630 (Cfi)	769,375,815,392
18793 (Plaur)	500,423,546,440
14064 (F2rl2)	258,625,304,642
14065 (F2rl3)	258,625,304,642
19124 (Procr)	251,508,297,525
14066 (F3)	66,282,112,299
12902 (Cr2)	1097,608,1143,625
16409 (Itgam)	1097,650,1143,667
16414 (Itgb2)	1097,650,1143,667
16415 (Itgb2l)	1097,650,1143,667
16411 (Itgax)	1097,692,1143,709
16414 (Itgb2)	1097,692,1143,709
16415 (Itgb2l)	1097,692,1143,709
278180 (Vsig4)	1097,532,1143,549
12273 (C5ar1)	1097,731,1143,748
12267 (C3ar1)	1097,489,1143,506
14962 (Cfb)	765,284,811,301
11537 (Cfd)	765,304,811,321
12946 (Cr1l)	1097,571,1143,588
268591 (Serpina5)	415,504,461,521
50702 (Cfhr1)	760,479,806,496
545366 (Cfhr2)	760,479,806,496
624286 (Cfhr3)	760,479,806,496
mmu04610: Complement and coagulation cascades	40,45,374,70
mmu04662: B cell receptor signaling pathway	1192,601,1294,635
mmu04611: Platelet activation	372,638,473,663
mmu04750: Inflammatory mediator regulation of TRP channels	338,330,478,363
