C00681 (1-Acyl-sn-glycerol 3-phosphate)	196,119,4
C00076 (Calcium cation)	671,623,4
C01245 (D-myo-Inositol 1,4,5-trisphosphate)	599,695,4
C00942 (3',5'-Cyclic GMP)	750,590,4
C00165 (Diacylglycerol)	600,624,4
C00575 (3',5'-Cyclic AMP)	537,590,4
C00533 (Nitric oxide)	197,764,4
C00780 (Serotonin)	196,677,4
C00025 (L-Glutamate)	196,708,4
C03758 (Dopamine)	197,624,4
C00547 (L-Noradrenaline)	197,572,4
104318 (Csnk1d)	333,275,379,292
18750 (Prkca)	626,470,672,487
18751 (Prkcb)	626,470,672,487
18752 (Prkcg)	626,470,672,487
14677 (Gnai1)	346,111,392,128
14678 (Gnai2)	346,111,392,128
14679 (Gnai3)	346,111,392,128
14609 (Gja1)	253,417,299,434
14617 (Gjd2)	253,417,299,434
14609 (Gja1)	93,417,139,434
14617 (Gjd2)	93,417,139,434
14609 (Gja1)	253,350,299,367
14617 (Gjd2)	253,350,299,367
14609 (Gja1)	93,350,139,367
14617 (Gjd2)	93,350,139,367
14609 (Gja1)	253,249,299,266
14609 (Gja1)	253,196,299,213
14609 (Gja1)	93,267,139,284
23939 (Mapk7)	619,268,665,285
26405 (Map3k2)	593,212,639,229
23938 (Map2k5)	671,212,717,229
19091 (Prkg1)	700,457,746,474
19092 (Prkg2)	700,457,746,474
15558 (Htr2a)	253,669,299,686
15559 (Htr2b)	253,669,299,686
15560 (Htr2c)	253,669,299,686
12534 (Cdk1)	322,478,368,495
14745 (Lpar1)	253,111,299,128
18747 (Prkaca)	555,482,601,499
18749 (Prkacb)	555,482,601,499
21872 (Tjp1)	396,478,442,495
22151 (Tubb2a)	333,207,379,224
22152 (Tubb3)	333,207,379,224
22153 (Tubb4a)	333,207,379,224
22154 (Tubb5)	333,207,379,224
227613 (Tubb4b)	333,207,379,224
545486 (Tubb1)	333,207,379,224
67951 (Tubb6)	333,207,379,224
73710 (Tubb2b)	333,207,379,224
104110 (Adcy4)	433,581,479,598
104111 (Adcy3)	433,581,479,598
11512 (Adcy6)	433,581,479,598
11513 (Adcy7)	433,581,479,598
11514 (Adcy8)	433,581,479,598
11515 (Adcy9)	433,581,479,598
210044 (Adcy2)	433,581,479,598
224129 (Adcy5)	433,581,479,598
432530 (Adcy1)	433,581,479,598
20779 (Src)	515,212,561,229
22142 (Tuba1a)	333,185,379,202
22143 (Tuba1b)	333,185,379,202
22144 (Tuba3a)	333,185,379,202
22145 (Tuba4a)	333,185,379,202
22146 (Tuba1c)	333,185,379,202
22147 (Tuba3b)	333,185,379,202
238463 (Tubal3)	333,185,379,202
53857 (Tuba8)	333,185,379,202
14609 (Gja1)	93,214,139,231
234889 (Gucy1a2)	769,756,815,773
239134 (Gucy1b2)	769,756,815,773
54195 (Gucy1b1)	769,756,815,773
60596 (Gucy1a1)	769,756,815,773
26413 (Mapk1)	700,285,746,302
26417 (Mapk3)	700,285,746,302
26395 (Map2k1)	769,129,815,146
26396 (Map2k2)	769,129,815,146
110157 (Raf1)	648,129,694,146
15461 (Hras)	526,129,572,146
16653 (Kras)	526,129,572,146
18176 (Nras)	526,129,572,146
20662 (Sos1)	430,144,476,161
20663 (Sos2)	430,144,476,161
14784 (Grb2)	346,144,392,161
13649 (Egfr)	253,144,299,161
18595 (Pdgfra)	253,144,299,161
18596 (Pdgfrb)	253,144,299,161
13645 (Egf)	172,144,218,161
18590 (Pdgfa)	172,144,218,161
18591 (Pdgfb)	172,144,218,161
54635 (Pdgfc)	172,144,218,161
71785 (Pdgfd)	172,144,218,161
11554 (Adrb1)	253,564,299,581
14683 (Gnas)	345,581,391,598
14672 (Gna11)	345,686,391,703
14682 (Gnaq)	345,686,391,703
14677 (Gnai1)	345,634,391,651
14678 (Gnai2)	345,634,391,651
14679 (Gnai3)	345,634,391,651
108071 (Grm5)	253,700,299,717
14816 (Grm1)	253,700,299,717
13489 (Drd2)	253,634,299,651
18795 (Plcb1)	494,686,540,703
18796 (Plcb2)	494,686,540,703
18797 (Plcb3)	494,686,540,703
18798 (Plcb4)	494,686,540,703
13488 (Drd1)	253,599,299,616
16438 (Itpr1)	657,686,703,703
16439 (Itpr2)	657,686,703,703
16440 (Itpr3)	657,686,703,703
mmu04540: Gap junction	40,45,164,70
mmu04060: Cytokine-cytokine receptor interaction	43,120,153,165
mmu04080: Neuroactive ligand-receptor interaction	42,602,156,647
mmu04070: Phosphatidylinositol signaling system	445,630,555,664
mmu04020: Calcium signaling pathway	533,715,646,749
mmu04010: MAPK signaling pathway	572,164,684,198
