C05981 (Phosphatidylinositol-3,4,5-trisphosphate)	284,474,4
C11554 (1-Phosphatidyl-1D-myo-inositol 3,4-bisphosphate)	284,474,4
C00575 (3',5'-Cyclic AMP)	219,370,4
C00410 (Progesterone)	74,237,4
16001 (Igf1r)	122,468,168,485
16000 (Igf1)	55,482,101,499
16333 (Ins1)	55,454,101,471
16334 (Ins2)	55,454,101,471
17451 (Mos)	504,258,550,275
12877 (Cpeb1)	369,205,415,222
208922 (Cpeb3)	369,205,415,222
231207 (Cpeb2)	369,205,415,222
67579 (Cpeb4)	369,205,415,222
104110 (Adcy4)	121,362,167,379
104111 (Adcy3)	121,362,167,379
11512 (Adcy6)	121,362,167,379
11513 (Adcy7)	121,362,167,379
11514 (Adcy8)	121,362,167,379
11515 (Adcy9)	121,362,167,379
210044 (Adcy2)	121,362,167,379
224129 (Adcy5)	121,362,167,379
432530 (Adcy1)	121,362,167,379
268697 (Ccnb1)	542,475,588,492
12534 (Cdk1)	542,438,588,455
16653 (Kras)	249,516,295,533
18706 (Pik3ca)	205,467,251,484
18707 (Pik3cd)	205,467,251,484
18708 (Pik3r1)	205,467,251,484
18709 (Pik3r2)	205,467,251,484
18710 (Pik3r3)	205,467,251,484
74769 (Pik3cb)	205,467,251,484
12534 (Cdk1)	857,293,903,310
11651 (Akt1)	277,429,323,446
11652 (Akt2)	277,429,323,446
23797 (Akt3)	277,429,323,446
18576 (Pde3b)	239,395,285,412
17222 (Anapc1)	859,510,905,527
217232 (Cdc27)	859,510,905,527
52206 (Anapc4)	859,510,905,527
52563 (Cdc23)	859,510,905,527
56317 (Anapc7)	859,510,905,527
59008 (Anapc5)	859,510,905,527
66156 (Anapc11)	859,510,905,527
66440 (Cdc26)	859,510,905,527
68999 (Anapc10)	859,510,905,527
69010 (Anapc13)	859,510,905,527
69957 (Cdc16)	859,510,905,527
99152 (Anapc2)	859,510,905,527
56371 (Fzr1)	787,509,833,526
17120 (Mad1l1)	767,466,813,483
56150 (Mad2l1)	767,466,813,483
71890 (Mad2l2)	767,466,813,483
12235 (Bub1)	732,390,778,407
12530 (Cdc25a)	659,362,705,379
12531 (Cdc25b)	659,362,705,379
12532 (Cdc25c)	659,362,705,379
18817 (Plk1)	542,362,588,379
12442 (Ccnb2)	857,277,903,294
209091 (Ccnb3)	857,277,903,294
268697 (Ccnb1)	857,277,903,294
15516 (Hsp90ab1)	445,292,491,309
15519 (Hsp90aa1)	445,292,491,309
18747 (Prkaca)	269,362,315,379
18749 (Prkacb)	269,362,315,379
268930 (Pkmyt1)	777,257,823,274
110651 (Rps6ka3)	706,257,752,274
20111 (Rps6ka1)	706,257,752,274
20112 (Rps6ka2)	706,257,752,274
67071 (Rps6ka6)	706,257,752,274
26413 (Mapk1)	640,257,686,274
26417 (Mapk3)	640,257,686,274
26395 (Map2k1)	574,258,620,275
14677 (Gnai1)	214,254,260,271
14678 (Gnai2)	214,254,260,271
14679 (Gnai3)	214,254,260,271
12566 (Cdk2)	626,156,672,173
12534 (Cdk1)	626,121,672,138
12427 (Ccna1)	508,172,554,189
12428 (Ccna2)	508,172,554,189
241634 (Spdye4c)	508,139,554,156
330228 (Spdye4b)	508,139,554,156
70891 (Spdya)	508,139,554,156
74673 (Spdye4a)	508,139,554,156
20878 (Aurka)	287,205,333,222
19094 (Mapk11)	331,154,377,171
26414 (Mapk10)	331,154,377,171
26415 (Mapk13)	331,154,377,171
26416 (Mapk14)	331,154,377,171
26419 (Mapk8)	331,154,377,171
26420 (Mapk9)	331,154,377,171
29857 (Mapk12)	331,154,377,171
18667 (Pgr)	214,137,260,154
18706 (Pik3ca)	331,121,377,138
18707 (Pik3cd)	331,121,377,138
18708 (Pik3r1)	331,121,377,138
18709 (Pik3r2)	331,121,377,138
18710 (Pik3r3)	331,121,377,138
74769 (Pik3cb)	331,121,377,138
109880 (Braf)	348,516,394,533
110157 (Raf1)	348,516,394,533
11836 (Araf)	348,516,394,533
20868 (Stk10)	384,363,430,380
110033 (Kif22)	542,514,588,531
mmu04010: MAPK signaling pathway	610,200,721,234
mmu04914: Progesterone-mediated oocyte maturation	40,45,419,70
mmu04110: Cell cycle	847,200,958,225
