C00951 (Estradiol-17beta)	237,190,4
C00951 (Estradiol-17beta)	1042,157,4
C00951 (Estradiol-17beta)	711,157,4
C00951 (Estradiol-17beta)	1042,225,4
C00951 (Estradiol-17beta)	1130,91,4
C00951 (Estradiol-17beta)	1130,196,4
C00410 (Progesterone)	237,283,4
C00410 (Progesterone)	711,282,4
C00410 (Progesterone)	1130,281,4
C05981 (Phosphatidylinositol-3,4,5-trisphosphate)	524,466,4
C05981 (Phosphatidylinositol-3,4,5-trisphosphate)	525,637,4
C05981 (Phosphatidylinositol-3,4,5-trisphosphate)	524,823,4
13982 (Esr1)	687,178,733,195
13983 (Esr2)	687,178,733,195
13982 (Esr1)	1018,178,1064,195
13983 (Esr2)	1018,178,1064,195
13649 (Egfr)	302,584,348,601
13982 (Esr1)	1018,246,1064,263
13983 (Esr2)	1018,246,1064,263
17977 (Ncoa1)	1107,129,1153,146
17979 (Ncoa3)	1107,129,1153,146
15461 (Hras)	604,545,650,562
16653 (Kras)	604,545,650,562
18176 (Nras)	604,545,650,562
109880 (Braf)	679,545,725,562
110157 (Raf1)	679,545,725,562
11836 (Araf)	679,545,725,562
26395 (Map2k1)	754,545,800,562
26396 (Map2k2)	754,545,800,562
26413 (Mapk1)	830,545,876,561
26417 (Mapk3)	830,545,876,561
20416 (Shc1)	378,545,424,562
20418 (Shc3)	378,545,424,562
216148 (Shc2)	378,545,424,562
271849 (Shc4)	378,545,424,562
14784 (Grb2)	454,545,500,562
20662 (Sos1)	529,545,575,562
20663 (Sos2)	529,545,575,562
16449 (Jag1)	194,877,240,894
16450 (Jag2)	194,877,240,894
18128 (Notch1)	302,896,348,913
18129 (Notch2)	302,896,348,913
18131 (Notch3)	302,896,348,913
18132 (Notch4)	302,896,348,913
56717 (Mtor)	705,629,751,646
58988 (Rps6kb2)	824,629,870,646
72508 (Rps6kb1)	824,629,870,646
16000 (Igf1)	195,641,241,658
16001 (Igf1r)	302,641,348,658
13866 (Erbb2)	302,549,348,566
17977 (Ncoa1)	1107,234,1153,251
17979 (Ncoa3)	1107,234,1153,251
14281 (Fos)	1107,146,1153,163
16476 (Jun)	1107,146,1153,163
20683 (Sp1)	1107,146,1153,163
13982 (Esr1)	1107,217,1153,234
13983 (Esr2)	1107,217,1153,234
13388 (Dll1)	194,916,240,933
13389 (Dll3)	194,916,240,933
54485 (Dll4)	194,916,240,933
13982 (Esr1)	1107,112,1153,129
13983 (Esr2)	1107,112,1153,129
18667 (Pgr)	687,303,733,320
18667 (Pgr)	1107,302,1153,319
17977 (Ncoa1)	1107,319,1153,336
17979 (Ncoa3)	1107,319,1153,336
15461 (Hras)	604,375,650,392
16653 (Kras)	604,375,650,392
18176 (Nras)	604,375,650,392
109880 (Braf)	679,375,725,392
110157 (Raf1)	679,375,725,392
11836 (Araf)	679,375,725,392
26395 (Map2k1)	754,375,800,392
26396 (Map2k2)	754,375,800,392
26413 (Mapk1)	830,375,876,391
26417 (Mapk3)	830,375,876,391
20416 (Shc1)	378,375,424,392
20418 (Shc3)	378,375,424,392
216148 (Shc2)	378,375,424,392
271849 (Shc4)	378,375,424,392
14784 (Grb2)	454,375,500,392
20662 (Sos1)	529,375,575,392
20663 (Sos2)	529,375,575,392
18706 (Pik3ca)	421,458,467,475
18707 (Pik3cd)	421,458,467,475
18708 (Pik3r1)	421,458,467,475
18709 (Pik3r2)	421,458,467,475
18710 (Pik3r3)	421,458,467,475
74769 (Pik3cb)	421,458,467,475
11651 (Akt1)	584,458,630,475
11652 (Akt2)	584,458,630,475
23797 (Akt3)	584,458,630,475
56717 (Mtor)	708,458,754,475
58988 (Rps6kb2)	827,458,873,475
72508 (Rps6kb1)	827,458,873,475
16000 (Igf1)	195,448,241,465
16001 (Igf1r)	302,448,348,465
13649 (Egfr)	302,732,348,749
15461 (Hras)	604,731,650,748
16653 (Kras)	604,731,650,748
18176 (Nras)	604,731,650,748
109880 (Braf)	679,731,725,748
110157 (Raf1)	679,731,725,748
11836 (Araf)	679,731,725,748
26395 (Map2k1)	754,731,800,748
26396 (Map2k2)	754,731,800,748
26413 (Mapk1)	830,731,876,747
26417 (Mapk3)	830,731,876,747
20416 (Shc1)	378,731,424,748
20418 (Shc3)	378,731,424,748
216148 (Shc2)	378,731,424,748
271849 (Shc4)	378,731,424,748
14784 (Grb2)	454,731,500,748
20662 (Sos1)	529,731,575,748
20663 (Sos2)	529,731,575,748
56717 (Mtor)	707,815,753,832
58988 (Rps6kb2)	826,815,872,832
72508 (Rps6kb1)	826,815,872,832
16000 (Igf1)	194,805,240,822
16001 (Igf1r)	302,805,348,822
19211 (Pten)	450,415,496,432
18706 (Pik3ca)	421,629,467,646
18707 (Pik3cd)	421,629,467,646
18708 (Pik3r1)	421,629,467,646
18709 (Pik3r2)	421,629,467,646
18710 (Pik3r3)	421,629,467,646
74769 (Pik3cb)	421,629,467,646
11651 (Akt1)	584,629,630,646
11652 (Akt2)	584,629,630,646
23797 (Akt3)	584,629,630,646
19211 (Pten)	450,586,496,603
18706 (Pik3ca)	421,815,467,832
18707 (Pik3cd)	421,815,467,832
18708 (Pik3r1)	421,815,467,832
18709 (Pik3r2)	421,815,467,832
18710 (Pik3r3)	421,815,467,832
74769 (Pik3cb)	421,815,467,832
11651 (Akt1)	584,815,630,832
11652 (Akt2)	584,815,630,832
23797 (Akt3)	584,815,630,832
19211 (Pten)	450,772,496,789
12443 (Ccnd1)	1064,1002,1110,1019
17869 (Myc)	1064,979,1110,996
16842 (Lef1)	948,991,994,1008
21414 (Tcf7)	948,991,994,1008
21415 (Tcf7l1)	948,991,994,1008
21416 (Tcf7l2)	948,991,994,1008
93687 (Csnk1a1)	672,1008,718,1025
12005 (Axin1)	566,1008,612,1025
12006 (Axin2)	566,1008,612,1025
11789 (Apc)	612,1008,658,1025
23805 (Apc2)	612,1008,658,1025
12387 (Ctnnb1)	642,991,688,1008
56637 (Gsk3b)	535,991,581,1008
14296 (Frat1)	473,978,519,995
212398 (Frat2)	473,978,519,995
27412 (Peg12)	473,978,519,995
13542 (Dvl1)	427,991,473,1008
13543 (Dvl2)	427,991,473,1008
13544 (Dvl3)	427,991,473,1008
16973 (Lrp5)	302,1008,348,1025
16974 (Lrp6)	302,1008,348,1025
14362 (Fzd1)	302,991,348,1008
14365 (Fzd3)	302,991,348,1008
14366 (Fzd4)	302,991,348,1008
14367 (Fzd5)	302,991,348,1008
14368 (Fzd6)	302,991,348,1008
14369 (Fzd7)	302,991,348,1008
14370 (Fzd8)	302,991,348,1008
14371 (Fzd9)	302,991,348,1008
57265 (Fzd2)	302,991,348,1008
93897 (Fzd10)	302,991,348,1008
20890 (Wnt8a)	194,999,240,1016
216795 (Wnt9a)	194,999,240,1016
22408 (Wnt1)	194,999,240,1016
22409 (Wnt10a)	194,999,240,1016
22410 (Wnt10b)	194,999,240,1016
22411 (Wnt11)	194,999,240,1016
22412 (Wnt9b)	194,999,240,1016
22413 (Wnt2)	194,999,240,1016
22414 (Wnt2b)	194,999,240,1016
22415 (Wnt3)	194,999,240,1016
22416 (Wnt3a)	194,999,240,1016
22417 (Wnt4)	194,999,240,1016
22418 (Wnt5a)	194,999,240,1016
22419 (Wnt5b)	194,999,240,1016
22420 (Wnt6)	194,999,240,1016
22421 (Wnt7a)	194,999,240,1016
22422 (Wnt7b)	194,999,240,1016
22423 (Wnt8b)	194,999,240,1016
93735 (Wnt16)	194,999,240,1016
12567 (Cdk4)	1128,638,1174,655
12571 (Cdk6)	1128,638,1174,655
19645 (Rb1)	1212,648,1258,665
13555 (E2f1)	1212,686,1258,703
13557 (E2f3)	1212,686,1258,703
242705 (E2f2)	1212,686,1258,703
12443 (Ccnd1)	1128,655,1174,672
16590 (Kit)	302,767,348,784
12443 (Ccnd1)	1380,871,1426,888
12575 (Cdkn1a)	1433,871,1479,888
18034 (Nfkb2)	1433,895,1479,912
17869 (Myc)	1380,895,1426,912
13866 (Erbb2)	302,372,348,389
14182 (Fgfr1)	302,401,348,418
12443 (Ccnd1)	1271,155,1317,172
22408 (Wnt1)	1271,298,1317,315
22417 (Wnt4)	1271,298,1317,315
21943 (Tnfsf11)	1271,322,1317,339
17869 (Myc)	1271,181,1317,198
13645 (Egf)	195,583,241,600
13645 (Egf)	195,732,241,749
12189 (Brca1)	1109,762,1155,779
12190 (Brca2)	1160,762,1206,779
14164 (Fgf1)	195,401,241,418
14165 (Fgf10)	195,401,241,418
14170 (Fgf15)	195,401,241,418
14171 (Fgf17)	195,401,241,418
14172 (Fgf18)	195,401,241,418
14173 (Fgf2)	195,401,241,418
14174 (Fgf3)	195,401,241,418
14175 (Fgf4)	195,401,241,418
14176 (Fgf5)	195,401,241,418
14177 (Fgf6)	195,401,241,418
14178 (Fgf7)	195,401,241,418
14179 (Fgf8)	195,401,241,418
14180 (Fgf9)	195,401,241,418
56636 (Fgf21)	195,401,241,418
64654 (Fgf23)	195,401,241,418
67112 (Fgf22)	195,401,241,418
80857 (Fgf20)	195,401,241,418
80903 (Fgf16)	195,401,241,418
13866 (Erbb2)	1229,845,1275,862
15205 (Hes1)	1229,884,1275,901
15208 (Hes5)	1229,884,1275,901
15213 (Hey1)	1229,907,1275,924
15214 (Hey2)	1229,907,1275,924
56198 (Heyl)	1229,907,1275,924
14257 (Flt4)	1229,950,1275,967
13866 (Erbb2)	1380,918,1426,935
22059 (Trp53)	1185,583,1231,600
12575 (Cdkn1a)	1315,563,1361,580
13197 (Gadd45a)	1367,563,1413,580
17873 (Gadd45b)	1367,563,1413,580
23882 (Gadd45g)	1367,563,1413,580
12028 (Bax)	1315,585,1361,602
12018 (Bak1)	1367,585,1413,602
107986 (Ddb2)	1315,607,1361,624
27015 (Polk)	1367,607,1413,624
mmu05224: Breast cancer	40,45,205,70
mmu04915: Estrogen signaling pathway	380,175,496,209
mmu04151: PI3K-Akt signaling pathway	596,487,712,521
mmu04330: Notch signaling pathway	372,860,488,894
mmu04010: MAPK signaling pathway	596,400,712,434
mmu04310: Wnt signaling pathway	372,922,488,956
mmu04115: p53 signaling pathway	1128,529,1256,563
mmu04110: Cell cycle	1285,654,1388,679
mmu03440: Homologous recombination	1233,787,1361,821
