C00369 (Starch)	981,408,4
C00575 (3',5'-Cyclic AMP)	824,510,4
C00031 (D-Glucose)	981,145,4
C05981 (Phosphatidylinositol-3,4,5-trisphosphate)	421,408,4
64930 (Tsc1)	593,483,639,500
19062 (Inpp5k)	311,232,357,249
16332 (Inppl1)	311,211,357,228
16150 (Ikbkb)	311,334,357,351
26414 (Mapk10)	311,313,357,330
26419 (Mapk8)	311,313,357,330
26420 (Mapk9)	311,313,357,330
19268 (Ptprf)	112,542,158,559
19246 (Ptpn1)	311,286,357,303
12702 (Socs3)	311,259,357,276
12703 (Socs1)	311,259,357,276
216233 (Socs2)	311,259,357,276
67296 (Socs4)	311,259,357,276
13712 (Elk1)	691,696,737,713
17346 (Mknk1)	691,671,737,688
17347 (Mknk2)	691,671,737,688
26413 (Mapk1)	619,684,665,701
26417 (Mapk3)	619,684,665,701
14104 (Fasn)	933,221,979,238
105787 (Prkaa1)	852,213,898,230
108079 (Prkaa2)	852,213,898,230
108097 (Prkab2)	852,213,898,230
108099 (Prkag2)	852,213,898,230
19079 (Prkab1)	852,213,898,230
19082 (Prkag1)	852,213,898,230
241113 (Prkag3)	852,213,898,230
16333 (Ins1)	41,399,87,416
16334 (Ins2)	41,399,87,416
16890 (Lipe)	933,500,979,517
105651 (Ppp1r3e)	747,444,793,461
140491 (Ppp1r3a)	747,444,793,461
19045 (Ppp1ca)	747,444,793,461
19046 (Ppp1cb)	747,444,793,461
19047 (Ppp1cc)	747,444,793,461
228966 (Ppp1r3d)	747,444,793,461
244416 (Ppp1r3b)	747,444,793,461
434233 (Ppp1ccb)	747,444,793,461
53412 (Ppp1r3c)	747,444,793,461
54646 (Ppp1r3f)	747,444,793,461
18770 (Pklr)	933,243,979,260
14936 (Gys1)	847,399,893,416
232493 (Gys2)	847,399,893,416
102093 (Phkb)	847,444,893,461
110094 (Phka2)	847,444,893,461
12313 (Calm1)	847,444,893,461
12314 (Calm2)	847,444,893,461
12315 (Calm3)	847,444,893,461
18679 (Phka1)	847,444,893,461
18682 (Phkg1)	847,444,893,461
494124 (Calm5)	847,444,893,461
68961 (Phkg2)	847,444,893,461
70405 (Calml3)	847,444,893,461
75600 (Calml4)	847,444,893,461
80796 (Calm4)	847,444,893,461
18747 (Prkaca)	861,500,907,517
18749 (Prkacb)	861,500,907,517
19084 (Prkar1a)	861,500,907,517
19085 (Prkar1b)	861,500,907,517
19087 (Prkar2a)	861,500,907,517
19088 (Prkar2b)	861,500,907,517
100705 (Acacb)	933,202,979,219
107476 (Acaca)	933,202,979,219
13685 (Eif4ebp1)	593,636,639,653
20104 (Rps6)	747,600,793,617
110078 (Pygb)	933,444,979,461
110095 (Pygl)	933,444,979,461
19309 (Pygm)	933,444,979,461
56458 (Foxo1)	747,311,793,328
74370 (Rptor)	488,617,534,634
20662 (Sos1)	331,684,377,701
20663 (Sos2)	331,684,377,701
15461 (Hras)	403,684,449,701
16653 (Kras)	403,684,449,701
18176 (Nras)	403,684,449,701
13684 (Eif4e)	747,636,793,653
218268 (Eif4e1b)	747,636,793,653
26987 (Eif4e2)	747,636,793,653
26395 (Map2k1)	547,684,593,701
26396 (Map2k2)	547,684,593,701
20416 (Shc1)	187,684,233,701
20418 (Shc3)	187,684,233,701
216148 (Shc2)	187,684,233,701
271849 (Shc4)	187,684,233,701
106628 (Trip10)	559,137,605,154
16337 (Insr)	112,399,158,416
58988 (Rps6kb2)	593,600,639,617
72508 (Rps6kb1)	593,600,639,617
14784 (Grb2)	259,684,305,701
12015 (Bad)	747,553,793,570
22084 (Tsc2)	593,466,639,483
109880 (Braf)	475,684,521,701
110157 (Raf1)	475,684,521,701
11836 (Araf)	475,684,521,701
18534 (Pck1)	933,330,979,347
74551 (Pck2)	933,330,979,347
14377 (G6pc)	933,292,979,309
14378 (G6pc2)	933,292,979,309
68401 (G6pc3)	933,292,979,309
56717 (Mtor)	488,600,534,617
18576 (Pde3b)	747,500,793,517
14120 (Fbp2)	933,311,979,328
14121 (Fbp1)	933,311,979,328
53413 (Exoc7)	559,116,605,133
19017 (Ppargc1a)	821,277,867,294
20411 (Sorbs1)	259,118,305,135
19744 (Rheb)	593,533,639,550
11651 (Akt1)	593,399,639,416
11652 (Akt2)	593,399,639,416
23797 (Akt3)	593,399,639,416
18706 (Pik3ca)	311,399,357,416
18707 (Pik3cd)	311,399,357,416
18708 (Pik3r1)	311,399,357,416
18709 (Pik3r2)	311,399,357,416
18710 (Pik3r3)	311,399,357,416
74769 (Pik3cb)	311,399,357,416
104215 (Rhoq)	459,126,505,143
56637 (Gsk3b)	747,399,793,416
20787 (Srebf1)	747,232,793,249
107746 (Rapgef1)	359,135,405,152
103988 (Gck)	933,262,979,279
15275 (Hk1)	933,262,979,279
15277 (Hk2)	933,262,979,279
212032 (Hk3)	933,262,979,279
216019 (Hkdc1)	933,262,979,279
12928 (Crk)	359,118,405,135
12929 (Crkl)	359,118,405,135
18759 (Prkci)	593,232,639,249
18762 (Prkcz)	593,232,639,249
23921 (Sh2b2)	187,135,233,152
20528 (Slc2a4)	902,136,948,153
18607 (Pdpk1)	493,399,539,416
12402 (Cbl)	259,135,305,152
208650 (Cblb)	259,135,305,152
16367 (Irs1)	211,399,257,416
16369 (Irs3)	211,399,257,416
16370 (Irs4)	211,399,257,416
384783 (Irs2)	211,399,257,416
14251 (Flot1)	112,118,158,135
14252 (Flot2)	112,118,158,135
mmu04910: Insulin signaling pathway	40,45,279,70
mmu00061: Fatty acid biosynthesis	1026,232,1133,266
mmu00010: Glycolysis / Gluconeogenesis	1034,300,1129,334
mmu00500: Starch and sucrose metabolism	1033,423,1131,457
mmu04210: Apoptosis	959,577,1051,602
mmu04010: MAPK signaling pathway	309,608,421,642
mmu04070: Phosphatidylinositol signaling system	293,459,405,493
