C11554 (1-Phosphatidyl-1D-myo-inositol 3,4-bisphosphate)	504,647,4
C11556 (1-Phosphatidyl-1D-myo-inositol 3,5-bisphosphate)	504,371,4
C11557 (1-Phosphatidyl-1D-myo-inositol 5-phosphate)	276,144,4
C11526 (5-PP-InsP5)	1222,341,4
C00076 (Calcium cation)	908,793,4
C01243 (1D-myo-Inositol 1,3,4-trisphosphate)	822,459,4
C01272 (1D-myo-Inositol 1,3,4,5-tetrakisphosphate)	717,459,4
C03546 (myo-Inositol 4-phosphate)	1041,539,4
C04006 (1D-myo-Inositol 3-phosphate)	1041,489,4
C01177 (Inositol 1-phosphate)	1041,430,4
C01284 (1D-myo-Inositol 1,3,4,5,6-pentakisphosphate)	1041,341,4
C01245 (D-myo-Inositol 1,4,5-trisphosphate)	822,539,4
C01220 (1D-myo-Inositol 1,4-bisphosphate)	937,539,4
C04063 (D-myo-Inositol 3,4-bisphosphate)	937,489,4
C04062 (D-myo-Inositol 1,3-bisphosphate)	937,430,4
C04477 (1D-myo-Inositol 1,3,4,6-tetrakisphosphate)	937,287,4
C04637 (1-Phosphatidyl-D-myo-inositol 4,5-bisphosphate)	504,144,4
C00137 (myo-Inositol)	1133,489,4
C01204 (Phytic acid)	1133,341,4
C00269 (CDP-diacylglycerol)	1117,659,4
C00416 (Phosphatidate)	1012,659,4
C00641 (1,2-Diacyl-sn-glycerol)	822,659,4
C04549 (1-Phosphatidyl-1D-myo-inositol 3-phosphate)	277,647,4
C05981 (Phosphatidylinositol-3,4,5-trisphosphate)	628,371,4
C01277 (1-Phosphatidyl-1D-myo-inositol 4-phosphate)	276,371,4
C01194 (1-Phosphatidyl-D-myo-inositol)	134,371,4
C11555 (1D-myo-Inositol 1,4,5,6-tetrakisphosphate)	937,341,4
C11174 (1-Diphosinositol pentakisphosphate)	1133,287,4
C20690 (1D-myo-Inositol 1,5-bis(diphosphate) 2,3,4,6-tetrakisphosphate)	1222,287,4
19211 (Pten)	199,628,245,645
75678 (Ippk)	1060,333,1106,350
114875 (Plcz1)	708,333,754,350
18795 (Plcb1)	708,333,754,350
18796 (Plcb2)	708,333,754,350
18797 (Plcb3)	708,333,754,350
18798 (Plcb4)	708,333,754,350
18799 (Plcd1)	708,333,754,350
18802 (Plcd4)	708,333,754,350
18803 (Plcg1)	708,333,754,350
234779 (Plcg2)	708,333,754,350
72469 (Plcd3)	708,333,754,350
74055 (Plce1)	708,333,754,350
114875 (Plcz1)	658,333,704,350
18795 (Plcb1)	658,333,704,350
18796 (Plcb2)	658,333,704,350
18797 (Plcb3)	658,333,704,350
18798 (Plcb4)	658,333,704,350
18799 (Plcd1)	658,333,704,350
18802 (Plcd4)	658,333,704,350
18803 (Plcg1)	658,333,704,350
234779 (Plcg2)	658,333,704,350
72469 (Plcd3)	658,333,704,350
74055 (Plce1)	658,333,704,350
12313 (Calm1)	886,821,932,838
12314 (Calm2)	886,821,932,838
12315 (Calm3)	886,821,932,838
494124 (Calm5)	886,821,932,838
70405 (Calml3)	886,821,932,838
75600 (Calml4)	886,821,932,838
80796 (Calm4)	886,821,932,838
16438 (Itpr1)	818,785,864,802
16439 (Itpr2)	818,785,864,802
16440 (Itpr3)	818,785,864,802
52858 (Cdipt)	411,845,457,862
18706 (Pik3ca)	628,183,674,200
18707 (Pik3cd)	628,183,674,200
18708 (Pik3r1)	628,183,674,200
18709 (Pik3r2)	628,183,674,200
18710 (Pik3r3)	628,183,674,200
74769 (Pik3cb)	628,183,674,200
18717 (Pip5k1c)	411,177,457,194
18719 (Pip5k1b)	411,177,457,194
18720 (Pip5k1a)	411,177,457,194
18711 (Pikfyve)	199,135,245,152
107650 (Pi4kb)	207,355,253,372
224020 (Pi4ka)	207,355,253,372
67073 (Pi4k2b)	207,355,253,372
84095 (Pi4k2a)	207,355,253,372
18704 (Pik3c2a)	199,601,245,618
18705 (Pik3c2g)	199,601,245,618
18708 (Pik3r1)	199,601,245,618
18709 (Pik3r2)	199,601,245,618
18710 (Pik3r3)	199,601,245,618
240752 (Pik3c2b)	199,601,245,618
110911 (Cds2)	1039,650,1085,667
74596 (Cds1)	1039,650,1085,667
104418 (Dgkz)	908,650,954,667
110197 (Dgkg)	908,650,954,667
110524 (Dgkq)	908,650,954,667
13139 (Dgka)	908,650,954,667
217480 (Dgkb)	908,650,954,667
227333 (Dgkd)	908,650,954,667
320127 (Dgki)	908,650,954,667
331374 (Dgkk)	908,650,954,667
380921 (Dgkh)	908,650,954,667
56077 (Dgke)	908,650,954,667
234515 (Inpp4b)	368,639,414,656
269180 (Inpp4a)	368,639,414,656
18704 (Pik3c2a)	411,551,457,568
18705 (Pik3c2g)	411,551,457,568
18708 (Pik3r1)	411,551,457,568
18709 (Pik3r2)	411,551,457,568
18710 (Pik3r3)	411,551,457,568
240752 (Pik3c2b)	411,551,457,568
18711 (Pikfyve)	411,449,457,466
104015 (Synj1)	327,322,373,339
16330 (Inpp5b)	327,322,373,339
20975 (Synj2)	327,322,373,339
320634 (Ocrl)	327,322,373,339
64436 (Inpp5e)	327,322,373,339
108083 (Pip4k2b)	411,126,457,143
117150 (Pip4k2c)	411,126,457,143
18718 (Pip4k2a)	411,126,457,143
69718 (Ipmk)	963,279,1009,296
17772 (Mtm1)	963,421,1009,438
114663 (Impa2)	1056,529,1102,546
242291 (Impad1)	1056,529,1102,546
55980 (Impa1)	1056,529,1102,546
114663 (Impa2)	1056,421,1102,438
242291 (Impad1)	1056,421,1102,438
55980 (Impa1)	1056,421,1102,438
114663 (Impa2)	1056,479,1102,496
242291 (Impad1)	1056,479,1102,496
55980 (Impa1)	1056,479,1102,496
234515 (Inpp4b)	963,479,1009,496
269180 (Inpp4a)	963,479,1009,496
16329 (Inpp1)	963,529,1009,546
170835 (Inpp5j)	854,529,900,546
19062 (Inpp5k)	854,529,900,546
212111 (Inpp5a)	854,529,900,546
16329 (Inpp1)	854,479,900,496
170835 (Inpp5j)	748,451,794,468
19062 (Inpp5k)	748,451,794,468
212111 (Inpp5a)	748,451,794,468
217837 (Itpk1)	854,278,900,295
228550 (Itpka)	749,492,795,509
233011 (Itpkc)	749,492,795,509
320404 (Itpkb)	749,492,795,509
114875 (Plcz1)	698,566,744,583
18795 (Plcb1)	698,566,744,583
18796 (Plcb2)	698,566,744,583
18797 (Plcb3)	698,566,744,583
18798 (Plcb4)	698,566,744,583
18799 (Plcd1)	698,566,744,583
18802 (Plcd4)	698,566,744,583
18803 (Plcg1)	698,566,744,583
234779 (Plcg2)	698,566,744,583
72469 (Plcd3)	698,566,744,583
74055 (Plce1)	698,566,744,583
16331 (Inpp5d)	630,588,676,605
16332 (Inppl1)	630,588,676,605
170749 (Mtmr4)	199,649,245,666
17772 (Mtm1)	199,649,245,666
219135 (Mtmr6)	199,649,245,666
53332 (Mtmr1)	199,649,245,666
54384 (Mtmr7)	199,649,245,666
74302 (Mtmr3)	199,649,245,666
77116 (Mtmr2)	199,649,245,666
97287 (Mtmr14)	199,649,245,666
19211 (Pten)	580,183,626,200
219024 (Tmem55b)	327,143,373,160
72519 (Tmem55a)	327,143,373,160
234515 (Inpp4b)	854,422,900,439
269180 (Inpp4a)	854,422,900,439
170749 (Mtmr4)	327,210,373,227
17772 (Mtm1)	327,210,373,227
219135 (Mtmr6)	327,210,373,227
53332 (Mtmr1)	327,210,373,227
54384 (Mtmr7)	327,210,373,227
74302 (Mtmr3)	327,210,373,227
77116 (Mtmr2)	327,210,373,227
97287 (Mtmr14)	327,210,373,227
69718 (Ipmk)	963,333,1009,350
69718 (Ipmk)	854,333,900,350
271424 (Ip6k3)	1150,333,1196,350
27399 (Ip6k1)	1150,333,1196,350
76500 (Ip6k2)	1150,333,1196,350
271424 (Ip6k3)	1150,279,1196,296
27399 (Ip6k1)	1150,279,1196,296
76500 (Ip6k2)	1150,279,1196,296
227399 (Ppip5k2)	1110,308,1156,325
327655 (Ppip5k1)	1110,308,1156,325
227399 (Ppip5k2)	1199,308,1245,325
327655 (Ppip5k1)	1199,308,1245,325
18708 (Pik3r1)	199,580,245,597
18709 (Pik3r2)	199,580,245,597
18710 (Pik3r3)	199,580,245,597
225326 (Pik3c3)	199,580,245,597
18750 (Prkca)	971,785,1017,802
18751 (Prkcb)	971,785,1017,802
18752 (Prkcg)	971,785,1017,802
104015 (Synj1)	580,588,626,605
16330 (Inpp5b)	580,588,626,605
20975 (Synj2)	580,588,626,605
320634 (Ocrl)	580,588,626,605
64436 (Inpp5e)	580,588,626,605
69718 (Ipmk)	854,225,900,242
101490 (Inpp5f)	157,371,203,388
83493 (Sacm1l)	157,371,203,388
mmu04510: Focal adhesion	525,221,619,246
mmu04070: Phosphatidylinositol signaling system	40,45,386,70
mmu04151: PI3K-Akt signaling pathway	519,250,619,284
mmu04020: Calcium signaling pathway	1026,777,1143,811
mmu04144: Endocytosis	474,532,566,557
