C05981 (Phosphatidylinositol-3,4,5-trisphosphate)	506,174,4
12394 (Runx1)	921,770,967,787
14013 (Mecom)	921,770,967,787
12048 (Bcl2l1)	1032,364,1078,381
19247 (Ptpn11)	473,226,519,243
110279 (Bcr)	278,165,324,182
11350 (Abl1)	278,165,324,182
22059 (Trp53)	892,199,938,216
21803 (Tgfb1)	146,812,192,829
21808 (Tgfb2)	146,812,192,829
21809 (Tgfb3)	146,812,192,829
15182 (Hdac2)	1001,777,1047,794
433759 (Hdac1)	1001,777,1047,794
13016 (Ctbp1)	1001,760,1047,777
13017 (Ctbp2)	1001,760,1047,777
14013 (Mecom)	921,748,967,765
17869 (Myc)	891,335,937,352
21813 (Tgfbr2)	228,821,274,838
21812 (Tgfbr1)	228,804,274,821
20850 (Stat5a)	370,362,416,379
20851 (Stat5b)	370,362,416,379
17128 (Smad4)	403,844,449,861
18033 (Nfkb1)	772,175,818,192
19697 (Rela)	772,175,818,192
18035 (Nfkbia)	772,141,818,158
12576 (Cdkn1b)	693,232,739,249
17246 (Mdm2)	693,199,739,216
12675 (Chuk)	693,140,739,157
16150 (Ikbkb)	693,140,739,157
16151 (Ikbkg)	693,140,739,157
12048 (Bcl2l1)	693,112,739,129
12015 (Bad)	622,112,668,129
12578 (Cdkn2a)	1016,435,1062,452
12575 (Cdkn1a)	886,531,932,548
20662 (Sos1)	449,254,495,271
20663 (Sos2)	449,254,495,271
14784 (Grb2)	389,234,435,251
20416 (Shc1)	389,295,435,312
20418 (Shc3)	389,295,435,312
216148 (Shc2)	389,295,435,312
271849 (Shc4)	389,295,435,312
14389 (Gab2)	410,199,456,216
12928 (Crk)	354,182,400,199
12929 (Crkl)	354,182,400,199
12402 (Cbl)	354,165,400,182
12928 (Crk)	354,148,400,165
12929 (Crkl)	354,148,400,165
17246 (Mdm2)	934,435,980,452
22059 (Trp53)	886,465,932,482
13555 (E2f1)	1033,604,1079,621
13557 (E2f3)	1033,604,1079,621
242705 (E2f2)	1033,604,1079,621
19645 (Rb1)	1033,567,1079,584
17127 (Smad3)	403,812,449,829
12567 (Cdk4)	950,574,996,591
12571 (Cdk6)	950,574,996,591
12443 (Ccnd1)	950,557,996,574
11651 (Akt1)	535,165,581,182
11652 (Akt2)	535,165,581,182
23797 (Akt3)	535,165,581,182
18706 (Pik3ca)	429,166,475,183
18707 (Pik3cd)	429,166,475,183
18708 (Pik3r1)	429,166,475,183
18709 (Pik3r2)	429,166,475,183
18710 (Pik3r3)	429,166,475,183
74769 (Pik3cb)	429,166,475,183
12578 (Cdkn2a)	887,599,933,616
26413 (Mapk1)	772,264,818,281
26417 (Mapk3)	772,264,818,281
26395 (Map2k1)	693,264,739,281
26396 (Map2k2)	693,264,739,281
109880 (Braf)	612,264,658,281
110157 (Raf1)	612,264,658,281
11836 (Araf)	612,264,658,281
15461 (Hras)	530,264,576,281
16653 (Kras)	530,264,576,281
18176 (Nras)	530,264,576,281
22059 (Trp53)	921,684,967,701
12575 (Cdkn1a)	1051,664,1097,681
13197 (Gadd45a)	1103,664,1149,681
17873 (Gadd45b)	1103,664,1149,681
23882 (Gadd45g)	1103,664,1149,681
12028 (Bax)	1051,686,1097,703
12018 (Bak1)	1103,686,1149,703
107986 (Ddb2)	1051,708,1097,725
27015 (Polk)	1103,708,1149,725
mmu04115: p53 signaling pathway	732,678,834,712
mmu04350: TGF-beta signaling pathway	522,774,624,808
mmu04640: Hematopoietic cell lineage	114,575,225,609
mmu04210: Apoptosis	868,102,970,136
mmu04010: MAPK signaling pathway	622,289,724,323
mmu05220: Chronic myeloid leukemia	40,45,278,70
mmu04110: Cell cycle	1001,489,1103,523
mmu04151: PI3K-Akt signaling pathway	458,117,560,151
