12578 (Cdkn2a)	509,115,555,132
56371 (Fzr1)	896,527,942,544
17215 (Mcm3)	530,547,576,564
17216 (Mcm2)	530,547,576,564
17217 (Mcm4)	530,547,576,564
17218 (Mcm5)	530,547,576,564
17219 (Mcm6)	530,547,576,564
17220 (Mcm7)	530,547,576,564
18392 (Orc1)	471,547,517,564
18393 (Orc2)	471,547,517,564
26428 (Orc4)	471,547,517,564
26429 (Orc5)	471,547,517,564
50793 (Orc3)	471,547,517,564
56452 (Orc6)	471,547,517,564
17222 (Anapc1)	896,288,942,305
217232 (Cdc27)	896,288,942,305
52206 (Anapc4)	896,288,942,305
52563 (Cdc23)	896,288,942,305
56317 (Anapc7)	896,288,942,305
59008 (Anapc5)	896,288,942,305
66156 (Anapc11)	896,288,942,305
66440 (Cdc26)	896,288,942,305
68999 (Anapc10)	896,288,942,305
69010 (Anapc13)	896,288,942,305
69957 (Cdc16)	896,288,942,305
99152 (Anapc2)	896,288,942,305
17222 (Anapc1)	896,510,942,527
217232 (Cdc27)	896,510,942,527
52206 (Anapc4)	896,510,942,527
52563 (Cdc23)	896,510,942,527
56317 (Anapc7)	896,510,942,527
59008 (Anapc5)	896,510,942,527
66156 (Anapc11)	896,510,942,527
66440 (Cdc26)	896,510,942,527
68999 (Anapc10)	896,510,942,527
69010 (Anapc13)	896,510,942,527
69957 (Cdc16)	896,510,942,527
99152 (Anapc2)	896,510,942,527
21402 (Skp1a)	165,510,211,527
26965 (Cul1)	165,510,211,527
56438 (Rbx1)	165,510,211,527
21402 (Skp1a)	409,182,455,199
26965 (Cul1)	409,182,455,199
56438 (Rbx1)	409,182,455,199
56452 (Orc6)	100,695,146,712
50793 (Orc3)	54,678,100,695
26429 (Orc5)	54,695,100,712
26428 (Orc4)	100,678,146,695
18393 (Orc2)	100,661,146,678
18392 (Orc1)	54,661,100,678
17220 (Mcm7)	222,695,268,712
17219 (Mcm6)	177,695,223,712
17218 (Mcm5)	222,678,268,695
17217 (Mcm4)	177,678,223,695
17215 (Mcm3)	222,661,268,678
17216 (Mcm2)	177,661,223,678
12534 (Cdk1)	757,459,803,476
12236 (Bub1b)	807,289,853,306
18538 (Pcna)	536,350,582,367
18817 (Plk1)	839,459,885,476
11920 (Atm)	673,154,719,171
245000 (Atr)	673,154,719,171
27214 (Dbf4)	509,617,555,634
56150 (Mad2l1)	807,272,853,289
71890 (Mad2l2)	807,272,853,289
12235 (Bub1)	746,306,792,323
12237 (Bub3)	807,306,853,323
218294 (Cdc14b)	896,569,942,586
229776 (Cdc14a)	896,569,942,586
22627 (Ywhae)	827,343,873,360
22628 (Ywhag)	827,343,873,360
22629 (Ywhah)	827,343,873,360
22630 (Ywhaq)	827,343,873,360
22631 (Ywhaz)	827,343,873,360
54401 (Ywhab)	827,343,873,360
55948 (Sfn)	615,304,661,321
12649 (Chek1)	673,290,719,307
50883 (Chek2)	673,290,719,307
12575 (Cdkn1a)	436,304,482,321
19090 (Prkdc)	617,154,663,171
17246 (Mdm2)	509,170,555,187
12914 (Crebbp)	567,141,613,158
328572 (Ep300)	567,141,613,158
27401 (Skp2)	409,199,455,216
268930 (Pkmyt1)	740,519,786,536
22390 (Wee1)	681,519,727,536
381759 (Wee2)	681,519,727,536
30939 (Pttg1)	896,236,942,253
105988 (Espl1)	896,189,942,206
140557 (Smc1b)	872,108,918,125
24061 (Smc1a)	872,108,918,125
27401 (Skp2)	165,527,211,544
19645 (Rb1)	614,519,660,536
13197 (Gadd45a)	536,304,582,321
17873 (Gadd45b)	536,304,582,321
23882 (Gadd45g)	536,304,582,321
19645 (Rb1)	481,234,527,251
22059 (Trp53)	567,234,613,251
12576 (Cdkn1b)	384,304,430,321
12577 (Cdkn1c)	384,304,430,321
12579 (Cdkn2b)	233,304,279,321
21803 (Tgfb1)	304,95,350,112
21808 (Tgfb2)	304,95,350,112
21809 (Tgfb3)	304,95,350,112
17128 (Smad4)	304,155,350,172
17126 (Smad2)	304,138,350,155
17127 (Smad3)	304,138,350,155
12545 (Cdc7)	509,600,555,617
107995 (Cdc20)	896,305,942,322
12531 (Cdc25b)	807,393,853,410
12532 (Cdc25c)	807,393,853,410
12544 (Cdc45)	530,519,576,536
23834 (Cdc6)	471,519,517,536
12530 (Cdc25a)	591,393,637,410
56637 (Gsk3b)	147,158,193,175
12534 (Cdk1)	666,459,712,476
12442 (Ccnb2)	757,442,803,459
209091 (Ccnb3)	757,442,803,459
268697 (Ccnb1)	757,442,803,459
12427 (Ccna1)	666,442,712,459
12428 (Ccna2)	666,442,712,459
12572 (Cdk7)	529,459,575,476
12566 (Cdk2)	434,459,480,476
12566 (Cdk2)	312,459,358,476
12567 (Cdk4)	204,459,250,476
12571 (Cdk6)	204,459,250,476
66671 (Ccnh)	529,442,575,459
12427 (Ccna1)	434,442,480,459
12428 (Ccna2)	434,442,480,459
12447 (Ccne1)	312,442,358,459
12448 (Ccne2)	312,442,358,459
12443 (Ccnd1)	204,442,250,459
12444 (Ccnd2)	204,442,250,459
12445 (Ccnd3)	204,442,250,459
17120 (Mad1l1)	807,222,853,239
22137 (Ttk)	807,172,853,189
12580 (Cdkn2c)	281,304,327,321
12581 (Cdkn2d)	329,304,375,321
12578 (Cdkn2a)	185,304,231,321
13006 (Smc3)	918,108,964,125
20842 (Stag1)	895,125,941,142
20843 (Stag2)	895,125,941,142
19357 (Rad21)	895,142,941,159
19650 (Rbl1)	220,121,266,138
104394 (E2f4)	220,138,266,155
13559 (E2f5)	220,138,266,155
17869 (Myc)	220,210,266,227
22642 (Zbtb17)	220,242,266,259
11350 (Abl1)	390,517,436,534
211586 (Tfdp2)	330,585,376,602
21781 (Tfdp1)	330,585,376,602
13555 (E2f1)	330,568,376,585
13557 (E2f3)	330,568,376,585
242705 (E2f2)	330,568,376,585
15182 (Hdac2)	390,541,436,558
433759 (Hdac1)	390,541,436,558
19645 (Rb1)	330,527,376,544
19650 (Rbl1)	275,527,321,544
19651 (Rbl2)	275,527,321,544
211586 (Tfdp2)	275,585,321,602
21781 (Tfdp1)	275,585,321,602
104394 (E2f4)	275,568,321,585
13559 (E2f5)	275,568,321,585
211586 (Tfdp2)	220,155,266,172
21781 (Tfdp1)	220,155,266,172
mmu04210: Apoptosis	718,230,787,256
mmu04120: Ubiquitin mediated proteolysis	939,363,1015,434
mmu04010: MAPK signaling pathway	67,201,123,326
mmu04110: Cell cycle	40,45,155,70
