C05981 (Phosphatidylinositol-3,4,5-trisphosphate)	436,253,4
C00076 (Calcium cation)	509,889,4
C01245 (D-myo-Inositol 1,4,5-trisphosphate)	469,889,4
C05981 (Phosphatidylinositol-3,4,5-trisphosphate)	571,753,4
C05981 (Phosphatidylinositol-3,4,5-trisphosphate)	363,996,4
C00165 (Diacylglycerol)	469,953,4
18035 (Nfkbia)	661,446,707,463
18036 (Nfkbib)	661,446,707,463
18037 (Nfkbie)	661,446,707,463
18033 (Nfkb1)	661,415,707,432
19697 (Rela)	661,415,707,432
12675 (Chuk)	478,445,524,462
16150 (Ikbkb)	478,445,524,462
16151 (Ikbkg)	478,445,524,462
11651 (Akt1)	478,245,524,262
11652 (Akt2)	478,245,524,262
23797 (Akt3)	478,245,524,262
18706 (Pik3ca)	349,245,395,262
18707 (Pik3cd)	349,245,395,262
18708 (Pik3r1)	349,245,395,262
18709 (Pik3r2)	349,245,395,262
18710 (Pik3r3)	349,245,395,262
74769 (Pik3cb)	349,245,395,262
19419 (Rasgrp1)	506,944,552,961
15461 (Hras)	578,944,624,961
16653 (Kras)	578,944,624,961
18176 (Nras)	578,944,624,961
14281 (Fos)	889,944,935,961
16476 (Jun)	889,944,935,961
18018 (Nfatc1)	790,880,836,897
18019 (Nfatc2)	790,880,836,897
18021 (Nfatc3)	790,880,836,897
19055 (Ppp3ca)	588,880,634,897
19056 (Ppp3cb)	588,880,634,897
19057 (Ppp3cc)	588,880,634,897
19058 (Ppp3r1)	588,880,634,897
19059 (Ppp3r2)	588,880,634,897
18803 (Plcg1)	391,908,437,925
22637 (Zap70)	343,746,389,763
12501 (Cd3e)	185,839,231,856
12500 (Cd3d)	185,822,231,839
12503 (Cd247)	231,801,277,818
12503 (Cd247)	231,784,277,801
12502 (Cd3g)	185,763,231,780
12501 (Cd3e)	185,746,231,763
16818 (Lck)	240,713,286,730
15170 (Ptpn6)	294,640,340,657
19247 (Ptpn11)	294,640,340,657
18566 (Pdcd1)	185,640,231,657
26395 (Map2k1)	720,944,766,961
26396 (Map2k2)	720,944,766,961
110157 (Raf1)	649,944,695,961
26413 (Mapk1)	790,944,836,961
26417 (Mapk3)	790,944,836,961
15461 (Hras)	349,179,395,196
16653 (Kras)	349,179,395,196
18176 (Nras)	349,179,395,196
26395 (Map2k1)	569,179,615,196
26396 (Map2k2)	569,179,615,196
110157 (Raf1)	478,179,524,196
26413 (Mapk1)	661,179,707,196
26417 (Mapk3)	661,179,707,196
13645 (Egf)	106,179,152,196
13649 (Egfr)	185,179,231,196
15978 (Ifng)	106,327,152,344
15979 (Ifngr1)	185,327,231,344
15980 (Ifngr2)	185,327,231,344
16451 (Jak1)	264,328,310,345
16452 (Jak2)	264,328,310,345
20846 (Stat1)	478,326,524,343
20848 (Stat3)	478,326,524,343
21898 (Tlr4)	185,407,231,424
24088 (Tlr2)	185,407,231,424
81897 (Tlr9)	185,407,231,424
60533 (Cd274)	185,491,231,508
11651 (Akt1)	608,745,654,762
11652 (Akt2)	608,745,654,762
23797 (Akt3)	608,745,654,762
18706 (Pik3ca)	482,745,528,762
18707 (Pik3cd)	482,745,528,762
18708 (Pik3r1)	482,745,528,762
18709 (Pik3r2)	482,745,528,762
18710 (Pik3r3)	482,745,528,762
74769 (Pik3cb)	482,745,528,762
12487 (Cd28)	185,1006,231,1023
18761 (Prkcq)	278,1025,324,1042
381319 (Batf3)	414,608,460,625
53314 (Batf)	414,608,460,625
74481 (Batf2)	414,608,460,625
26406 (Map3k3)	482,793,528,810
26397 (Map2k3)	608,781,654,798
26399 (Map2k6)	608,803,654,820
19094 (Mapk11)	687,790,733,807
26415 (Mapk13)	687,790,733,807
26416 (Mapk14)	687,790,733,807
29857 (Mapk12)	687,790,733,807
19211 (Pten)	529,697,575,714
12995 (Csnk2a1)	451,698,497,715
13000 (Csnk2a2)	451,698,497,715
13001 (Csnk2b)	451,698,497,715
11682 (Alk)	237,232,283,249
78798 (Eml4)	237,232,283,249
17874 (Myd88)	264,382,310,399
22034 (Traf6)	349,374,395,391
26395 (Map2k1)	478,374,524,391
26396 (Map2k2)	478,374,524,391
26413 (Mapk1)	569,375,615,392
26417 (Mapk3)	569,375,615,392
56717 (Mtor)	569,222,615,239
58988 (Rps6kb2)	661,222,707,239
72508 (Rps6kb1)	661,222,707,239
15251 (Hif1a)	902,126,948,143
60533 (Cd274)	1013,251,1059,268
14281 (Fos)	872,179,918,196
16476 (Jun)	872,179,918,196
56717 (Mtor)	687,745,733,762
11651 (Akt1)	407,987,453,1004
11652 (Akt2)	407,987,453,1004
23797 (Akt3)	407,987,453,1004
18706 (Pik3ca)	255,987,301,1004
18707 (Pik3cd)	255,987,301,1004
18708 (Pik3r1)	255,987,301,1004
18709 (Pik3r2)	255,987,301,1004
18710 (Pik3r3)	255,987,301,1004
74769 (Pik3cb)	255,987,301,1004
18033 (Nfkb1)	407,1026,453,1043
19697 (Rela)	407,1026,453,1043
16476 (Jun)	494,987,540,1004
106759 (Ticam1)	264,434,310,451
225471 (Ticam2)	264,451,310,468
117149 (Tirap)	264,365,310,382
18018 (Nfatc1)	661,375,707,392
18019 (Nfatc2)	661,375,707,392
18021 (Nfatc3)	661,375,707,392
12675 (Chuk)	569,269,615,286
16150 (Ikbkb)	569,269,615,286
16151 (Ikbkg)	569,269,615,286
18035 (Nfkbia)	661,268,707,285
18036 (Nfkbib)	661,268,707,285
18037 (Nfkbie)	661,268,707,285
18033 (Nfkb1)	661,301,707,318
19697 (Rela)	661,301,707,318
19211 (Pten)	376,206,422,223
12504 (Cd4)	185,713,231,730
16797 (Lat)	380,850,426,867
mmu04514: Cell adhesion molecules (CAMs)	64,819,166,853
mmu05235: PD-L1 expression and PD-1 checkpoint pathway in cancer	40,45,532,70
mmu04010: MAPK signaling pathway	555,904,657,938
mmu04020: Calcium signaling pathway	556,838,658,872
mmu04151: PI3K-Akt signaling pathway	375,269,477,303
mmu04010: MAPK signaling pathway	580,138,682,172
mmu04151: PI3K-Akt signaling pathway	584,695,690,729
mmu04066: HIF-1 signaling pathway	580,94,682,128
mmu04620: Toll-like receptor signaling pathway	372,406,485,440
mmu04660: T cell receptor signaling pathway	245,597,351,631
