C00054 (Adenosine 3',5'-bisphosphate)	1165,610,4
C00053 (3'-Phosphoadenylyl sulfate)	1164,586,4
G00160	1134,463,4
G00159	1134,413,4
G00158	1134,363,4
G00157	1134,313,4
G00156	1134,263,4
G00155	1134,213,4
G00154	1134,163,4
C02189 ([Protein]-L-serine)	1134,113,4
C00401 (Chondroitin)	1134,561,4
C01490 (Dermatan)	1061,632,4
C00054 (Adenosine 3',5'-bisphosphate)	1092,678,4
C00053 (3'-Phosphoadenylyl sulfate)	1091,653,4
72727 (B3gat3)	1112,274,1158,291
217119 (Xylt2)	1112,124,1158,141
233781 (Xylt1)	1112,124,1158,141
218271 (B4galt7)	1112,175,1158,192
234356 (Csgalnact1)	324,149,367,149,367,153,324,153
269941 (Chsy1)	324,149,367,149,367,153,324,153
74241 (Chpf)	324,149,367,149,367,153,324,153
78752 (Csgalnact2)	324,149,367,149,367,153,324,153
78923 (Chsy3)	324,149,367,149,367,153,324,153
100910 (Chpf2)	415,149,458,149,458,153,415,153
269941 (Chsy1)	415,149,458,149,458,153,415,153
74241 (Chpf)	415,149,458,149,458,153,415,153
78923 (Chsy3)	415,149,458,149,458,153,415,153
234356 (Csgalnact1)	519,149,562,149,562,153,519,153
78752 (Csgalnact2)	519,149,562,149,562,153,519,153
72727 (B3gat3)	611,149,654,149,654,153,611,153
117592 (B3galt6)	698,149,741,149,741,153,698,153
218271 (B4galt7)	784,149,827,149,827,153,784,153
217119 (Xylt2)	871,149,914,149,914,153,871,153
233781 (Xylt1)	871,149,914,149,914,153,871,153
100910 (Chpf2)	210,150,260,150,260,152,210,152
234356 (Csgalnact1)	210,150,260,150,260,152,210,152
269941 (Chsy1)	210,150,260,150,260,152,210,152
74241 (Chpf)	210,150,260,150,260,152,210,152
78752 (Csgalnact2)	210,150,260,150,260,152,210,152
78923 (Chsy3)	210,150,260,150,260,152,210,152
100910 (Chpf2)	108,149,151,149,151,153,108,153
269941 (Chsy1)	108,149,151,149,151,153,108,153
74241 (Chpf)	108,149,151,149,151,153,108,153
78923 (Chsy3)	108,149,151,149,151,153,108,153
58250 (Chst11)	176,388,222,405
59031 (Chst12)	176,388,222,405
71797 (Chst13)	176,388,222,405
53374 (Chst3)	347,388,393,405
60322 (Chst7)	347,388,393,405
77590 (Chst15)	173,596,219,613
338362 (Ust)	345,596,391,613
212898 (Dse)	521,295,567,312
338362 (Ust)	867,596,913,613
117592 (B3galt6)	1112,225,1158,242
234356 (Csgalnact1)	1112,323,1158,340
78752 (Csgalnact2)	1112,323,1158,340
100910 (Chpf2)	1112,374,1158,391
269941 (Chsy1)	1112,374,1158,391
74241 (Chpf)	1112,374,1158,391
78923 (Chsy3)	1112,374,1158,391
234356 (Csgalnact1)	1112,425,1158,442
269941 (Chsy1)	1112,425,1158,442
74241 (Chpf)	1112,425,1158,442
78752 (Csgalnact2)	1112,425,1158,442
78923 (Chsy3)	1112,425,1158,442
212898 (Dse)	1039,584,1085,601
338362 (Ust)	521,596,567,613
77590 (Chst15)	696,596,742,613
72136 (Chst14)	671,388,717,405
53374 (Chst3)	866,388,912,405
60322 (Chst7)	866,388,912,405
59031 (Chst12)	721,388,767,405
mmu00534: Glycosaminoglycan biosynthesis - heparan sulfate / heparin	1329,296,1428,330
mmu00532: Glycosaminoglycan biosynthesis - chondroitin sulfate / dermatan sulfate	40,45,669,70
mmu00531: Glycosaminoglycan degradation	1042,755,1158,789
