C00025 (L-Glutamate)	93,523,4
C01245 (D-myo-Inositol 1,4,5-trisphosphate)	380,521,4
C00076 (Calcium cation)	273,570,4
100041273 (Ndufb4c)	577,656,623,673
100042503 (Ndufb4b)	577,656,623,673
104130 (Ndufb11)	577,656,623,673
17991 (Ndufa2)	577,656,623,673
17992 (Ndufa4)	577,656,623,673
17993 (Ndufs4)	577,656,623,673
17995 (Ndufv1)	577,656,623,673
225887 (Ndufs8)	577,656,623,673
226646 (Ndufs2)	577,656,623,673
227197 (Ndufs1)	577,656,623,673
230075 (Ndufb6)	577,656,623,673
407785 (Ndufs6)	577,656,623,673
407790 (Ndufa4l2)	577,656,623,673
54405 (Ndufa1)	577,656,623,673
595136 (Ndufs5)	577,656,623,673
66046 (Ndufb5)	577,656,623,673
66091 (Ndufa3)	577,656,623,673
66108 (Ndufa9)	577,656,623,673
66218 (Ndufb9)	577,656,623,673
66377 (Ndufc1)	577,656,623,673
66414 (Ndufa12)	577,656,623,673
66416 (Ndufa7)	577,656,623,673
66495 (Ndufb3)	577,656,623,673
66916 (Ndufb7)	577,656,623,673
67130 (Ndufa6)	577,656,623,673
67184 (Ndufa13)	577,656,623,673
67264 (Ndufb8)	577,656,623,673
67273 (Ndufa10)	577,656,623,673
68194 (Ndufb4)	577,656,623,673
68197 (Ndufc2)	577,656,623,673
68198 (Ndufb2)	577,656,623,673
68202 (Ndufa5)	577,656,623,673
68342 (Ndufb10)	577,656,623,673
68349 (Ndufs3)	577,656,623,673
68375 (Ndufa8)	577,656,623,673
69875 (Ndufa11)	577,656,623,673
70316 (Ndufab1)	577,656,623,673
72900 (Ndufv2)	577,656,623,673
75406 (Ndufs7)	577,656,623,673
78330 (Ndufv3)	577,656,623,673
66052 (Sdhc)	577,686,623,703
66925 (Sdhd)	577,686,623,703
66945 (Sdha)	577,686,623,703
67680 (Sdhb)	577,686,623,703
17711 (CYTB)	577,716,623,733
22272 (Uqcrq)	577,716,623,733
22273 (Uqcrc1)	577,716,623,733
66152 (Uqcr10)	577,716,623,733
66445 (Cyc1)	577,716,623,733
66576 (Uqcrh)	577,716,623,733
66594 (Uqcr11)	577,716,623,733
66694 (Uqcrfs1)	577,716,623,733
67003 (Uqcrc2)	577,716,623,733
67530 (Uqcrb)	577,716,623,733
110323 (Cox6b1)	577,746,623,763
12857 (Cox4i1)	577,746,623,763
12858 (Cox5a)	577,746,623,763
12859 (Cox5b)	577,746,623,763
12861 (Cox6a1)	577,746,623,763
12862 (Cox6a2)	577,746,623,763
12864 (Cox6c)	577,746,623,763
12865 (Cox7a1)	577,746,623,763
12866 (Cox7a2)	577,746,623,763
12867 (Cox7c)	577,746,623,763
12868 (Cox8a)	577,746,623,763
12869 (Cox8b)	577,746,623,763
17708 (COX1)	577,746,623,763
17709 (COX2)	577,746,623,763
17710 (COX3)	577,746,623,763
20463 (Cox7a2l)	577,746,623,763
333182 (Cox6b2)	577,746,623,763
66142 (Cox7b)	577,746,623,763
75483 (Cox8c)	577,746,623,763
78174 (Cox7b2)	577,746,623,763
84682 (Cox4i2)	577,746,623,763
11946 (Atp5a1)	577,776,623,793
11947 (Atp5b)	577,776,623,793
11949 (Atp5c1)	577,776,623,793
11950 (Atp5f1)	577,776,623,793
11951 (Atp5g1)	577,776,623,793
11957 (Atp5j)	577,776,623,793
17705 (ATP6)	577,776,623,793
17706 (ATP8)	577,776,623,793
228033 (Atp5g3)	577,776,623,793
28080 (Atp5o)	577,776,623,793
66043 (Atp5d)	577,776,623,793
67126 (Atp5e)	577,776,623,793
67942 (Atp5g2)	577,776,623,793
71679 (Atp5h)	577,776,623,793
15194 (Htt)	769,194,815,211
15194 (Htt)	597,210,643,227
15194 (Htt)	202,626,248,643
15194 (Htt)	488,685,534,702
15194 (Htt)	587,65,633,82
19712 (Rest)	617,108,663,125
19712 (Rest)	745,111,791,128
217864 (Rcor1)	791,94,837,111
20466 (Sin3a)	745,94,791,111
15182 (Hdac2)	791,111,837,128
433759 (Hdac1)	791,111,837,128
12064 (Bdnf)	549,154,595,171
15114 (Hap1)	551,210,597,227
12914 (Crebbp)	789,177,835,194
328572 (Ep300)	789,177,835,194
100862456	850,139,896,156
102641086	850,139,896,156
20020 (Polr2a)	850,139,896,156
20021 (Polr2c)	850,139,896,156
20022 (Polr2j)	850,139,896,156
231329 (Polr2b)	850,139,896,156
245841 (Polr2h)	850,139,896,156
66420 (Polr2e)	850,139,896,156
66491 (Polr2l)	850,139,896,156
67710 (Polr2g)	850,139,896,156
69241 (Polr2d)	850,139,896,156
69833 (Polr2f)	850,139,896,156
69920 (Polr2i)	850,139,896,156
14810 (Grin1)	141,561,187,578
14812 (Grin2b)	141,561,187,578
13385 (Dlg4)	192,609,238,626
14682 (Gnaq)	222,477,268,494
108071 (Grm5)	141,477,187,494
18795 (Plcb1)	303,477,349,494
18796 (Plcb2)	303,477,349,494
18797 (Plcb3)	303,477,349,494
18798 (Plcb4)	303,477,349,494
16438 (Itpr1)	396,561,442,578
15194 (Htt)	345,595,391,612
105675 (Ppif)	758,819,804,836
11739 (Slc25a4)	758,819,804,836
11740 (Slc25a5)	758,819,804,836
22333 (Vdac1)	758,819,804,836
22334 (Vdac2)	758,819,804,836
22335 (Vdac3)	758,819,804,836
73333 (Slc25a31)	758,819,804,836
13063 (Cycs)	758,854,804,871
13067 (Cyct)	758,854,804,871
228980 (Taf4)	848,228,894,245
72504 (Taf4b)	848,228,894,245
21780 (Tfam)	476,440,522,457
18181 (Nrf1)	529,440,575,457
20656 (Sod2)	529,476,575,493
14775 (Gpx1)	585,476,631,493
22227 (Ucp1)	476,515,522,532
20655 (Sod1)	476,476,522,493
15194 (Htt)	725,521,771,538
21374 (Tbp)	783,251,829,268
227606 (Tbpl2)	783,251,829,268
237336 (Tbpl1)	783,251,829,268
22059 (Trp53)	745,504,791,521
15194 (Htt)	764,268,810,285
12757 (Clta)	237,169,283,186
67300 (Cltc)	237,169,283,186
74325 (Cltb)	237,169,283,186
11771 (Ap2a1)	283,177,329,194
11772 (Ap2a2)	283,177,329,194
11773 (Ap2m1)	283,177,329,194
232910 (Ap2s1)	283,177,329,194
71770 (Ap2b1)	283,177,329,194
15194 (Htt)	354,169,400,186
215114 (Hip1)	283,160,329,177
215114 (Hip1)	302,351,348,368
73916 (Ift57)	302,368,348,385
12370 (Casp8)	302,385,348,402
15194 (Htt)	249,319,295,336
12367 (Casp3)	381,385,427,402
13191 (Dctn1)	551,193,597,210
67665 (Dctn4)	551,193,597,210
69654 (Dctn2)	551,193,597,210
100101919 (Dnah7c)	531,227,577,244
105000 (Dnal1)	531,227,577,244
110082 (Dnah5)	531,227,577,244
110083 (Dnah12)	531,227,577,244
110084 (Dnah1)	531,227,577,244
13411 (Dnah11)	531,227,577,244
13417 (Dnah8)	531,227,577,244
227058 (Dnah7b)	531,227,577,244
237806 (Dnah9)	531,227,577,244
240960 (Dnah14)	531,227,577,244
327954 (Dnah2)	531,227,577,244
330355 (Dnah6)	531,227,577,244
381917 (Dnah3)	531,227,577,244
432611 (Dnaic2)	531,227,577,244
54152 (Dnal4)	531,227,577,244
56087 (Dnah10)	531,227,577,244
627872 (Dnah7a)	531,227,577,244
68922 (Dnaic1)	531,227,577,244
69926 (Dnah17)	531,227,577,244
75563 (Dnali1)	531,227,577,244
21817 (Tgm2)	350,681,396,698
11783 (Apaf1)	758,888,804,905
12371 (Casp9)	848,873,894,890
12367 (Casp3)	920,873,966,890
12912 (Creb1)	786,349,832,366
12913 (Creb3)	786,349,832,366
208647 (Creb3l2)	786,349,832,366
208677 (Creb3l3)	786,349,832,366
231991 (Creb5)	786,349,832,366
26427 (Creb3l1)	786,349,832,366
78284 (Creb3l4)	786,349,832,366
15194 (Htt)	768,366,814,383
228980 (Taf4)	813,366,859,383
72504 (Taf4b)	813,366,859,383
19017 (Ppargc1a)	611,393,657,410
19016 (Pparg)	744,452,790,469
12028 (Bax)	615,548,661,565
170770 (Bbc3)	615,571,661,588
20683 (Sp1)	831,299,877,316
15194 (Htt)	813,316,859,333
15194 (Htt)	330,304,376,321
mmu05016: Huntington disease	40,45,232,70
mmu04020: Calcium signaling pathway	224,434,340,468
mmu00190: Oxidative phosphorylation	422,644,542,678
mmu04210: Apoptosis	930,831,1046,856
mmu04115: p53 signaling pathway	801,519,921,553
mmu03050: Proteasome	488,348,604,373
mmu03022: Basal transcription factors	762,46,878,80
mmu03020: RNA polymerase	893,46,1009,80
mmu04724: Glutamatergic synapse	43,585,135,619
