387151 (Mir133a-1)	290,500,336,517
723817 (Mir133b)	290,500,336,517
723954 (Mir133a-2)	290,500,336,517
12530 (Cdc25a)	368,204,414,221
12531 (Cdc25b)	368,204,414,221
12532 (Cdc25c)	368,204,414,221
12050 (Bcl2l2)	368,516,414,533
22339 (Vegfa)	369,652,415,669
12571 (Cdk6)	368,258,414,275
102465198 (Mir7j)	290,191,336,208
102465309 (Mir7k)	290,191,336,208
387244 (Mirlet7a-1)	290,191,336,208
387245 (Mirlet7b)	290,191,336,208
387247 (Mirlet7d)	290,191,336,208
387248 (Mirlet7e)	290,191,336,208
387249 (Mirlet7g)	290,191,336,208
387251 (Mirlet7i)	290,191,336,208
387252 (Mirlet7f-1)	290,191,336,208
387253 (Mirlet7f-2)	290,191,336,208
723965 (Mirlet7a-2)	290,191,336,208
16653 (Kras)	368,153,414,170
12571 (Cdk6)	368,178,414,195
102465787 (Mir126b)	290,322,336,339
387145 (Mir126a)	290,322,336,339
12928 (Crk)	368,321,414,338
12929 (Crkl)	368,321,414,338
387134 (Mir16-1)	290,290,336,307
387174 (Mir15a)	290,290,336,307
387175 (Mir15b)	290,290,336,307
723949 (Mir16-2)	290,290,336,307
387135 (Mir18)	101,230,147,247
387139 (Mir20a)	101,230,147,247
387195 (Mir19b-2)	101,230,147,247
723891 (Mir19a)	101,230,147,247
723905 (Mir17)	101,230,147,247
723942 (Mir92-2)	101,230,147,247
751527 (Mir19b-1)	101,230,147,247
751549 (Mir92-1)	101,230,147,247
387222 (Mir29a)	290,448,336,465
387223 (Mir29b-1)	290,448,336,465
387224 (Mir29c)	290,448,336,465
723963 (Mir29b-2)	290,448,336,465
13435 (Dnmt3a)	368,448,414,465
13436 (Dnmt3b)	368,448,414,465
100316783 (Mir1b)	290,383,336,400
387136 (Mir1a-1)	290,383,336,400
723959 (Mir1a-2)	290,383,336,400
102465787 (Mir126b)	290,652,334,669
387145 (Mir126a)	290,652,334,669
387235 (Mir125a)	290,811,336,828
387236 (Mir125b-1)	290,811,336,828
723952 (Mir125b-2)	290,811,336,828
15364 (Hmga2)	368,229,414,246
387140 (Mir21a)	101,515,147,532
723827 (Mir221)	101,545,147,562
723828 (Mir222)	101,571,147,588
19211 (Pten)	179,546,225,563
387163 (Mir145a)	290,544,336,561
100316783 (Mir1b)	290,581,336,598
387136 (Mir1a-1)	290,581,336,598
723959 (Mir1a-2)	290,581,336,598
17210 (Mcl1)	368,490,414,507
723827 (Mir221)	101,257,147,274
723828 (Mir222)	101,284,147,301
12576 (Cdkn1b)	179,271,225,288
723944 (Mir200c)	290,731,336,748
21417 (Zeb1)	368,731,414,748
723892 (Mir100)	678,742,724,759
14086 (Fscn1)	756,770,802,787
387199 (Mir203)	678,818,724,835
387229 (Mir99a)	678,715,724,732
22061 (Trp63)	756,818,802,835
387161 (Mir143)	678,794,724,811
387163 (Mir145a)	678,794,724,811
102465198 (Mir7j)	678,126,724,143
102465309 (Mir7k)	678,126,724,143
387244 (Mirlet7a-1)	678,126,724,143
387245 (Mirlet7b)	678,126,724,143
387247 (Mirlet7d)	678,126,724,143
387248 (Mirlet7e)	678,126,724,143
387249 (Mirlet7g)	678,126,724,143
387251 (Mirlet7i)	678,126,724,143
387252 (Mirlet7f-1)	678,126,724,143
387253 (Mirlet7f-2)	678,126,724,143
723965 (Mirlet7a-2)	678,126,724,143
387199 (Mir203)	678,162,724,179
387216 (Mir23a)	678,293,724,310
387220 (Mir27a)	678,319,724,336
387221 (Mir27b)	678,345,724,362
723895 (Mir31)	678,369,724,386
387229 (Mir99a)	678,394,724,411
19143 (St14)	756,331,802,348
13078 (Cyp1b1)	756,357,802,374
387140 (Mir21a)	489,318,535,335
387161 (Mir143)	489,148,535,165
387163 (Mir145a)	489,148,535,165
387187 (Mir192)	489,171,535,188
387189 (Mir194-1)	489,194,535,211
723957 (Mir194-2)	489,194,535,211
18569 (Pdcd4)	567,318,613,335
12914 (Crebbp)	567,194,613,211
328572 (Ep300)	567,194,613,211
387211 (Mir215)	489,217,535,234
100628567 (Mir28c)	489,349,533,364
723830 (Mir28a)	489,349,533,364
387225 (Mir30a)	489,377,535,394
387226 (Mir30b)	489,377,535,394
387227 (Mir30c-1)	489,377,535,394
387228 (Mir30d)	489,377,535,394
723836 (Mir30e)	489,377,535,394
723964 (Mir30c-2)	489,377,535,394
387246 (Mirlet7c-1)	678,657,724,674
723966 (Mirlet7c-2)	678,657,724,674
15364 (Hmga2)	756,657,802,674
100316783 (Mir1b)	678,687,724,704
387136 (Mir1a-1)	678,687,724,704
723959 (Mir1a-2)	678,687,724,704
387140 (Mir21a)	489,745,535,762
19211 (Pten)	567,675,613,692
22003 (Tpm1)	567,702,613,719
387173 (Mir155)	489,837,535,854
387151 (Mir133a-1)	678,770,724,787
723954 (Mir133a-2)	678,770,724,787
387144 (Mir10b)	883,158,929,175
387140 (Mir21a)	883,185,929,202
723894 (Mir224)	883,263,929,280
723878 (Mir494)	883,336,929,353
751557 (Mir615)	883,361,929,378
387163 (Mir145a)	1072,159,1118,176
387239 (Mir199b)	1072,189,1118,206
387139 (Mir20a)	1072,218,1118,235
723896 (Mir324)	1072,247,1118,264
723827 (Mir221)	883,224,929,241
723852 (Mir363)	883,312,929,329
56289 (Rassf1)	961,113,1007,130
387161 (Mir143)	883,554,929,571
723893 (Mir10a)	883,577,929,594
387216 (Mir23a)	883,602,929,619
387217 (Mir23b)	883,602,929,619
387231 (Mir122)	883,673,929,690
387236 (Mir125b-1)	883,696,929,713
723952 (Mir125b-2)	883,696,929,713
723942 (Mir92-2)	883,626,929,643
751549 (Mir92-1)	883,626,929,643
387168 (Mir150)	883,719,929,736
723814 (Mir223)	883,742,929,759
387229 (Mir99a)	883,651,929,668
723909 (Mir342)	883,766,929,783
16765 (Stmn1)	961,742,1007,759
387140 (Mir21a)	883,436,929,453
19211 (Pten)	961,436,1007,453
723926 (Mir25)	883,460,929,477
723848 (Mir34a)	883,483,929,500
17295 (Met)	961,483,1007,500
723886 (Mir96)	883,506,929,523
74747 (Ddit4)	961,211,1007,228
15430 (Hoxd10)	961,158,1007,175
19211 (Pten)	961,185,1007,202
70584 (Pak4)	961,257,1007,274
17395 (Mmp9)	961,281,1007,298
723874 (Mir483)	1072,276,1118,293
12443 (Ccnd1)	368,290,414,307
12444 (Ccnd2)	368,290,414,307
12447 (Ccne1)	368,290,414,307
12448 (Ccne2)	368,290,414,307
18712 (Pim1)	368,399,414,416
15184 (Hdac5)	368,348,414,365
208727 (Hdac4)	368,348,414,365
108655 (Foxp1)	368,373,414,390
17295 (Met)	368,424,414,441
13649 (Egfr)	368,544,414,561
17295 (Met)	368,596,414,613
18712 (Pim1)	368,570,414,587
387159 (Mir141)	290,758,336,775
21808 (Tgfb2)	368,758,414,775
387178 (Mir183)	290,785,336,802
22350 (Ezr)	368,785,414,802
100316783 (Mir1b)	290,838,336,855
387136 (Mir1a-1)	290,838,336,855
723959 (Mir1a-2)	290,838,336,855
17295 (Met)	368,838,414,855
723827 (Mir221)	101,766,147,783
723828 (Mir222)	101,792,147,809
21859 (Timp3)	179,778,225,795
387201 (Mir205)	678,200,724,217
387140 (Mir21a)	489,125,535,142
18569 (Pdcd4)	567,125,613,142
387161 (Mir143)	489,408,535,425
387163 (Mir145a)	489,408,535,425
387187 (Mir192)	489,439,535,456
387189 (Mir194-1)	489,471,535,488
723957 (Mir194-2)	489,471,535,488
12914 (Crebbp)	567,471,613,488
328572 (Ep300)	567,471,613,488
387211 (Mir215)	489,502,535,519
723892 (Mir100)	678,428,724,445
56717 (Mtor)	756,419,802,436
387236 (Mir125b-1)	678,489,724,506
723952 (Mir125b-2)	678,489,724,506
13866 (Erbb2)	756,489,802,506
102465198 (Mir7j)	678,267,724,284
102465309 (Mir7k)	678,267,724,284
387244 (Mirlet7a-1)	678,267,724,284
387245 (Mirlet7b)	678,267,724,284
387247 (Mirlet7d)	678,267,724,284
387248 (Mirlet7e)	678,267,724,284
387249 (Mirlet7g)	678,267,724,284
387251 (Mirlet7i)	678,267,724,284
387252 (Mirlet7f-1)	678,267,724,284
387253 (Mirlet7f-2)	678,267,724,284
723965 (Mirlet7a-2)	678,267,724,284
387199 (Mir203)	678,548,724,565
387201 (Mir205)	678,585,724,602
723900 (Mir375)	678,844,724,861
18569 (Pdcd4)	567,729,613,746
24064 (Spry2)	567,756,613,773
12043 (Bcl2)	567,783,613,800
20724 (Serpinb5)	567,810,613,827
15364 (Hmga2)	756,267,802,284
21417 (Zeb1)	756,585,802,602
24136 (Zeb2)	756,585,802,602
11350 (Abl1)	756,536,802,553
22061 (Trp63)	756,560,802,577
13867 (Erbb3)	756,510,802,527
13081 (Cyp24a1)	756,468,802,485
74370 (Rptor)	756,441,802,458
56289 (Rassf1)	961,305,1007,322
56289 (Rassf1)	961,529,1007,546
11987 (Slc7a1)	961,645,1007,662
12450 (Ccng1)	961,668,1007,685
15368 (Hmox1)	961,714,1007,731
723900 (Mir375)	883,789,929,806
751519 (Mir423)	883,812,929,829
387246 (Mirlet7c-1)	883,836,929,853
723966 (Mirlet7c-2)	883,836,929,853
20848 (Stat3)	961,765,1007,782
17869 (Myc)	961,785,1007,802
12367 (Casp3)	961,807,1007,824
15461 (Hras)	961,828,1007,845
16653 (Kras)	961,828,1007,845
18176 (Nras)	961,828,1007,845
15364 (Hmga2)	961,849,1007,866
387216 (Mir23a)	1072,467,1118,484
387218 (Mir26a-1)	1072,498,1118,515
387219 (Mir26b)	1072,498,1118,515
723962 (Mir26a-2)	1072,498,1118,515
387220 (Mir27a)	1072,530,1118,547
387163 (Mir145a)	1072,565,1118,582
387170 (Mir152)	1072,600,1118,617
387239 (Mir199b)	1072,630,1118,647
387231 (Mir122)	1072,662,1118,679
13433 (Dnmt1)	1152,600,1198,617
11987 (Slc7a1)	1152,632,1198,649
12450 (Ccng1)	1152,655,1198,672
15368 (Hmox1)	1152,701,1198,718
21417 (Zeb1)	0,0,1,1
387135 (Mir18)	1270,119,1316,136
387139 (Mir20a)	1270,119,1316,136
387195 (Mir19b-2)	1270,119,1316,136
723891 (Mir19a)	1270,119,1316,136
723905 (Mir17)	1270,119,1316,136
723942 (Mir92-2)	1270,119,1316,136
751527 (Mir19b-1)	1270,119,1316,136
751549 (Mir92-1)	1270,119,1316,136
723942 (Mir92-2)	1270,144,1316,161
751549 (Mir92-1)	1270,144,1316,161
387153 (Mir135a-1)	1270,168,1316,185
723818 (Mir135b)	1270,168,1316,185
723955 (Mir135a-2)	1270,168,1316,185
387163 (Mir145a)	1459,125,1505,142
387140 (Mir21a)	1270,192,1316,209
102465787 (Mir126b)	1459,192,1505,209
387145 (Mir126a)	1459,192,1505,209
102465198 (Mir7j)	1459,257,1505,274
102465309 (Mir7k)	1459,257,1505,274
387244 (Mirlet7a-1)	1459,257,1505,274
387245 (Mirlet7b)	1459,257,1505,274
387247 (Mirlet7d)	1459,257,1505,274
387248 (Mirlet7e)	1459,257,1505,274
387249 (Mirlet7g)	1459,257,1505,274
387251 (Mirlet7i)	1459,257,1505,274
387252 (Mirlet7f-1)	1459,257,1505,274
387253 (Mirlet7f-2)	1459,257,1505,274
723965 (Mirlet7a-2)	1459,257,1505,274
387161 (Mir143)	1459,308,1505,325
387135 (Mir18)	1459,283,1505,300
102465787 (Mir126b)	1459,364,1505,381
387145 (Mir126a)	1459,364,1505,381
723848 (Mir34a)	1459,389,1505,406
387140 (Mir21a)	1270,432,1316,449
387242 (Mir200a)	1459,431,1505,448
387243 (Mir200b)	1459,431,1505,448
723944 (Mir200c)	1459,431,1505,448
11789 (Apc)	1348,168,1394,185
23805 (Apc2)	1348,168,1394,185
13649 (Egfr)	1537,116,1583,131
16367 (Irs1)	1537,141,1583,158
18708 (Pik3r1)	1537,192,1583,209
18709 (Pik3r2)	1537,192,1583,209
18710 (Pik3r3)	1537,192,1583,209
16653 (Kras)	1537,257,1583,274
13435 (Dnmt3a)	1537,283,1583,300
23939 (Mapk7)	1538,308,1584,325
18706 (Pik3ca)	1537,364,1583,381
18707 (Pik3cd)	1537,364,1583,381
74769 (Pik3cb)	1537,364,1583,381
17295 (Met)	1537,389,1583,406
24064 (Spry2)	1348,432,1394,449
21417 (Zeb1)	1537,431,1583,448
18569 (Pdcd4)	1348,192,1394,209
387233 (Mir124a-1)	1459,556,1505,573
723950 (Mir124a-2)	1459,556,1505,573
723951 (Mir124a-3)	1459,556,1505,573
387155 (Mir137)	1459,582,1505,599
723848 (Mir34a)	1459,609,1505,626
387147 (Mir128-1)	1459,636,1505,653
723815 (Mir128-2)	1459,636,1505,653
387174 (Mir15a)	1459,663,1505,680
387175 (Mir15b)	1459,663,1505,680
12571 (Cdk6)	1537,583,1583,600
13557 (E2f3)	1537,636,1583,653
12447 (Ccne1)	1537,663,1583,680
12448 (Ccne2)	1537,663,1583,680
387140 (Mir21a)	1270,579,1316,596
15387 (Hnrnpk)	1348,565,1394,582
22061 (Trp63)	1348,591,1394,608
723827 (Mir221)	1270,641,1316,658
12576 (Cdkn1b)	1348,642,1394,659
387218 (Mir26a-1)	1270,717,1316,734
723962 (Mir26a-2)	1270,717,1316,734
387140 (Mir21a)	1270,741,1316,758
19211 (Pten)	1348,717,1394,734
18569 (Pdcd4)	1348,741,1394,758
723883 (Mir7b)	1459,719,1505,736
723884 (Mir7-2)	1459,719,1505,736
723902 (Mir7-1)	1459,719,1505,736
723848 (Mir34a)	1459,781,1505,798
387147 (Mir128-1)	1459,806,1505,823
723815 (Mir128-2)	1459,806,1505,823
13649 (Egfr)	1537,709,1583,726
384783 (Irs2)	1537,736,1583,753
18128 (Notch1)	1537,769,1583,786
18129 (Notch2)	1537,769,1583,786
18131 (Notch3)	1537,769,1583,786
18132 (Notch4)	1537,769,1583,786
12151 (Bmi1)	1537,806,1583,823
387164 (Mir146)	1459,857,1505,874
17389 (Mmp16)	1537,857,1583,874
387140 (Mir21a)	1270,852,1316,869
21859 (Timp3)	1348,867,1394,884
53614 (Reck)	1348,839,1394,856
21417 (Zeb1)	0,0,1,1
24136 (Zeb2)	0,0,1,1
21417 (Zeb1)	0,0,1,1
24136 (Zeb2)	0,0,1,1
21417 (Zeb1)	0,0,1,1
24136 (Zeb2)	0,0,1,1
21417 (Zeb1)	0,0,1,1
24136 (Zeb2)	0,0,1,1
387139 (Mir20a)	1269,1171,1315,1188
723925 (Mir106b)	1269,1244,1315,1261
723827 (Mir221)	1269,1284,1315,1301
723848 (Mir34a)	1458,1176,1504,1193
723837 (Mir32)	1269,1337,1315,1354
724063 (Mir330)	1458,1322,1504,1339
387164 (Mir146)	1458,1549,1504,1566
387140 (Mir21a)	1269,1609,1315,1626
387201 (Mir205)	1458,1601,1504,1618
13555 (E2f1)	1347,1148,1393,1165
12571 (Cdk6)	1536,1165,1582,1182
93759 (Sirt1)	1536,1192,1582,1209
13555 (E2f1)	1536,1322,1582,1339
12505 (Cd44)	1536,1515,1582,1532
19877 (Rock1)	1536,1549,1582,1566
13867 (Erbb3)	1536,1601,1582,1618
12125 (Bcl2l11)	1347,1337,1393,1354
387161 (Mir143)	1458,1757,1504,1774
23939 (Mapk7)	1536,1757,1582,1774
387236 (Mir125b-1)	1269,1757,1315,1774
723952 (Mir125b-2)	1269,1757,1315,1774
12018 (Bak1)	1347,1757,1393,1774
723828 (Mir222)	1269,1309,1315,1326
12576 (Cdkn1b)	1347,1298,1393,1315
242705 (E2f2)	1347,1171,1393,1188
13557 (E2f3)	1347,1195,1393,1212
102465787 (Mir126b)	1458,1653,1504,1670
387145 (Mir126a)	1458,1653,1504,1670
723905 (Mir17)	1458,1678,1504,1695
212980 (Slc45a3)	1536,1653,1582,1670
22352 (Vim)	1536,1678,1582,1695
24136 (Zeb2)	1536,1577,1582,1594
18754 (Prkce)	1536,1626,1582,1643
17118 (Marcks)	1347,1594,1393,1611
12168 (Bmpr2)	1347,1620,1393,1637
723868 (Mir449a)	1458,1088,1504,1105
100628572 (Mir101c)	1458,1113,1504,1130
387143 (Mir101a)	1458,1113,1504,1130
724062 (Mir101b)	1458,1113,1504,1130
387216 (Mir23a)	1458,1138,1504,1155
387174 (Mir15a)	1458,1251,1504,1268
723908 (Mir331)	1458,1379,1504,1396
15182 (Hdac2)	1536,1088,1582,1105
433759 (Hdac1)	1536,1088,1582,1105
14056 (Ezh2)	1536,1113,1582,1130
14660 (Gls)	1536,1138,1582,1155
216456 (Gls2)	1536,1138,1582,1155
12443 (Ccnd1)	1536,1251,1582,1268
12043 (Bcl2)	1536,1228,1582,1245
22415 (Wnt3)	1536,1276,1582,1293
22416 (Wnt3a)	1536,1276,1582,1293
67849 (Cdca5)	1536,1355,1582,1372
71819 (Kif23)	1536,1379,1582,1396
13866 (Erbb2)	1536,1405,1582,1422
12575 (Cdkn1a)	1347,1235,1393,1252
13555 (E2f1)	1347,1257,1393,1274
387242 (Mir200a)	286,1094,332,1111
387243 (Mir200b)	286,1094,332,1111
723944 (Mir200c)	286,1094,332,1111
12151 (Bmi1)	364,1050,410,1067
21417 (Zeb1)	364,1077,410,1094
24136 (Zeb2)	364,1103,410,1120
22762 (Zfpm2)	364,1130,410,1147
102465198 (Mir7j)	286,1173,332,1190
102465309 (Mir7k)	286,1173,332,1190
387244 (Mirlet7a-1)	286,1173,332,1190
387245 (Mirlet7b)	286,1173,332,1190
387247 (Mirlet7d)	286,1173,332,1190
387248 (Mirlet7e)	286,1173,332,1190
387249 (Mirlet7g)	286,1173,332,1190
387251 (Mirlet7i)	286,1173,332,1190
387252 (Mirlet7f-1)	286,1173,332,1190
387253 (Mirlet7f-2)	286,1173,332,1190
723965 (Mirlet7a-2)	286,1173,332,1190
15461 (Hras)	364,1162,410,1179
16653 (Kras)	364,1162,410,1179
18176 (Nras)	364,1162,410,1179
15364 (Hmga2)	364,1187,410,1204
387225 (Mir30a)	286,1252,332,1269
387228 (Mir30d)	286,1252,332,1269
723836 (Mir30e)	286,1252,332,1269
16416 (Itgb3)	364,1240,410,1257
22196 (Ube2i)	364,1265,410,1282
387242 (Mir200a)	286,1282,332,1299
387243 (Mir200b)	286,1282,332,1299
723944 (Mir200c)	286,1282,332,1299
102465198 (Mir7j)	286,1307,332,1324
102465309 (Mir7k)	286,1307,332,1324
387244 (Mirlet7a-1)	286,1307,332,1324
387245 (Mirlet7b)	286,1307,332,1324
387247 (Mirlet7d)	286,1307,332,1324
387248 (Mirlet7e)	286,1307,332,1324
387249 (Mirlet7g)	286,1307,332,1324
387251 (Mirlet7i)	286,1307,332,1324
387252 (Mirlet7f-1)	286,1307,332,1324
387253 (Mirlet7f-2)	286,1307,332,1324
723965 (Mirlet7a-2)	286,1307,332,1324
100049549 (Mir181d)	97,1239,143,1256
387176 (Mir181a-2)	97,1239,143,1256
723819 (Mir181c)	97,1239,143,1256
723890 (Mir181b-1)	97,1239,143,1256
723903 (Mir181b-2)	97,1239,143,1256
735252 (Mir181a-1)	97,1239,143,1256
11920 (Atm)	175,1239,221,1256
387173 (Mir155)	97,1270,143,1287
12703 (Socs1)	175,1271,221,1288
723930 (Mir335)	286,1353,332,1370
20677 (Sox4)	364,1342,410,1359
21923 (Tnc)	364,1370,410,1387
21960 (Tnr)	364,1370,410,1387
329278 (Tnn)	364,1370,410,1387
81877 (Tnxb)	364,1370,410,1387
102465787 (Mir126b)	286,1389,332,1406
387145 (Mir126a)	286,1389,332,1406
387202 (Mir206)	286,1416,332,1433
387242 (Mir200a)	286,1442,332,1459
387243 (Mir200b)	286,1442,332,1459
723944 (Mir200c)	286,1442,332,1459
102465198 (Mir7j)	286,1468,332,1485
102465309 (Mir7k)	286,1468,332,1485
387244 (Mirlet7a-1)	286,1468,332,1485
387245 (Mirlet7b)	286,1468,332,1485
387247 (Mirlet7d)	286,1468,332,1485
387248 (Mirlet7e)	286,1468,332,1485
387249 (Mirlet7g)	286,1468,332,1485
387251 (Mirlet7i)	286,1468,332,1485
387252 (Mirlet7f-1)	286,1468,332,1485
387253 (Mirlet7f-2)	286,1468,332,1485
723965 (Mirlet7a-2)	286,1468,332,1485
387144 (Mir10b)	97,1354,143,1371
15430 (Hoxd10)	175,1354,221,1371
12505 (Cd44)	175,1396,221,1413
723824 (Mir103-1)	97,1442,143,1459
723825 (Mir103-2)	97,1442,143,1459
723826 (Mir107)	97,1442,143,1459
192119 (Dicer1)	175,1454,221,1471
387140 (Mir21a)	97,1520,143,1537
22003 (Tpm1)	175,1495,221,1512
18569 (Pdcd4)	175,1519,221,1536
20724 (Serpinb5)	175,1544,221,1561
723895 (Mir31)	97,1619,143,1636
14365 (Fzd3)	175,1580,221,1597
16402 (Itga5)	175,1605,221,1622
19684 (Rdx)	175,1629,221,1646
11848 (Rhoa)	175,1654,221,1671
67653 (4930544G11Rik)	175,1654,221,1671
100124432 (Mir193b)	97,1689,143,1706
18792 (Plau)	175,1689,221,1706
723827 (Mir221)	97,1737,143,1754
723828 (Mir222)	97,1764,143,1781
12576 (Cdkn1b)	175,1751,221,1768
387236 (Mir125b-1)	97,1792,143,1809
723952 (Mir125b-2)	97,1792,143,1809
12018 (Bak1)	175,1793,221,1810
723870 (Mir451a)	286,1734,332,1751
18669 (Abcb1b)	364,1734,410,1751
18671 (Abcb1a)	364,1734,410,1751
723946 (Mir345)	286,1767,332,1784
723883 (Mir7b)	286,1794,332,1811
723884 (Mir7-2)	286,1794,332,1811
723902 (Mir7-1)	286,1794,332,1811
17250 (Abcc1)	364,1781,410,1798
387242 (Mir200a)	489,1742,535,1759
387243 (Mir200b)	489,1742,535,1759
723944 (Mir200c)	489,1742,535,1759
21417 (Zeb1)	567,1732,613,1749
24136 (Zeb2)	567,1753,613,1770
387242 (Mir200a)	678,1660,724,1677
387243 (Mir200b)	678,1660,724,1677
723944 (Mir200c)	678,1660,724,1677
21417 (Zeb1)	756,1651,802,1668
24136 (Zeb2)	756,1672,802,1689
15364 (Hmga2)	756,1063,802,1080
140486 (Igf2bp1)	756,1087,802,1104
636931 (Trim71)	756,1110,802,1127
21417 (Zeb1)	756,1135,802,1152
24136 (Zeb2)	756,1158,802,1175
102465198 (Mir7j)	678,1087,724,1104
102465309 (Mir7k)	678,1087,724,1104
387244 (Mirlet7a-1)	678,1087,724,1104
387245 (Mirlet7b)	678,1087,724,1104
387247 (Mirlet7d)	678,1087,724,1104
387248 (Mirlet7e)	678,1087,724,1104
387249 (Mirlet7g)	678,1087,724,1104
387251 (Mirlet7i)	678,1087,724,1104
387252 (Mirlet7f-1)	678,1087,724,1104
387253 (Mirlet7f-2)	678,1087,724,1104
723965 (Mirlet7a-2)	678,1087,724,1104
387242 (Mir200a)	678,1144,724,1161
387243 (Mir200b)	678,1144,724,1161
723944 (Mir200c)	678,1144,724,1161
387161 (Mir143)	678,1255,724,1272
723848 (Mir34a)	678,1281,724,1298
723849 (Mir34b)	678,1315,724,1332
723932 (Mir34c)	678,1350,724,1367
387235 (Mir125a)	678,1385,724,1402
387236 (Mir125b-1)	678,1385,724,1402
723952 (Mir125b-2)	678,1385,724,1402
16653 (Kras)	756,1255,802,1272
17295 (Met)	756,1291,802,1308
18128 (Notch1)	756,1315,802,1332
18129 (Notch2)	756,1315,802,1332
18131 (Notch3)	756,1315,802,1332
18132 (Notch4)	756,1315,802,1332
12571 (Cdk6)	756,1339,802,1356
13866 (Erbb2)	756,1385,802,1402
387140 (Mir21a)	489,1257,535,1274
387210 (Mir214)	489,1289,535,1306
102465198 (Mir7j)	489,1320,535,1337
102465309 (Mir7k)	489,1320,535,1337
387244 (Mirlet7a-1)	489,1320,535,1337
387245 (Mirlet7b)	489,1320,535,1337
387247 (Mirlet7d)	489,1320,535,1337
387248 (Mirlet7e)	489,1320,535,1337
387249 (Mirlet7g)	489,1320,535,1337
387251 (Mirlet7i)	489,1320,535,1337
387252 (Mirlet7f-1)	489,1320,535,1337
387253 (Mirlet7f-2)	489,1320,535,1337
723965 (Mirlet7a-2)	489,1320,535,1337
387242 (Mir200a)	489,1352,535,1369
387243 (Mir200b)	489,1352,535,1369
723944 (Mir200c)	489,1352,535,1369
19211 (Pten)	567,1273,613,1290
15364 (Hmga2)	567,1320,613,1337
21417 (Zeb1)	567,1352,613,1369
387164 (Mir146)	489,1383,535,1400
12189 (Brca1)	567,1383,613,1400
723925 (Mir106b)	489,1415,535,1432
387139 (Mir20a)	489,1445,535,1462
12575 (Cdkn1a)	567,1431,613,1448
387133 (Mir9-1)	678,1525,724,1542
723967 (Mir9-2)	678,1525,724,1542
723968 (Mir9-3)	678,1525,724,1542
18033 (Nfkb1)	756,1525,802,1542
387194 (Mir199a-1)	678,1570,724,1587
723821 (Mir199a-2)	678,1570,724,1587
16150 (Ikbkb)	756,1555,802,1572
387206 (Mir210)	489,1525,535,1542
13557 (E2f3)	567,1525,613,1542
13636 (Efna1)	567,1551,613,1568
13637 (Efna2)	567,1551,613,1568
13638 (Efna3)	567,1551,613,1568
13639 (Efna4)	567,1551,613,1568
13640 (Efna5)	567,1551,613,1568
723891 (Mir19a)	489,1587,535,1604
21825 (Thbs1)	567,1586,613,1603
19225 (Ptgs2)	756,1586,802,1603
387229 (Mir99a)	1072,1091,1118,1108
723892 (Mir100)	1072,1114,1118,1131
100628572 (Mir101c)	1072,1180,1118,1197
387143 (Mir101a)	1072,1180,1118,1197
724062 (Mir101b)	1072,1180,1118,1197
387235 (Mir125a)	1072,1215,1118,1232
387236 (Mir125b-1)	1072,1215,1118,1232
723952 (Mir125b-2)	1072,1215,1118,1232
387163 (Mir145a)	1072,1242,1118,1259
387190 (Mir195a)	1072,1295,1118,1312
723883 (Mir7b)	1072,1327,1118,1344
723884 (Mir7-2)	1072,1327,1118,1344
723902 (Mir7-1)	1072,1327,1118,1344
387225 (Mir30a)	1072,1357,1118,1374
387226 (Mir30b)	1072,1357,1118,1374
387227 (Mir30c-1)	1072,1357,1118,1374
387228 (Mir30d)	1072,1357,1118,1374
723836 (Mir30e)	1072,1357,1118,1374
723964 (Mir30c-2)	1072,1357,1118,1374
387237 (Mir129-1)	1072,1386,1118,1403
723953 (Mir129-2)	1072,1386,1118,1403
387161 (Mir143)	1072,1426,1118,1443
387222 (Mir29a)	1072,1144,1118,1161
387223 (Mir29b-1)	1072,1144,1118,1161
387224 (Mir29c)	1072,1144,1118,1161
723963 (Mir29b-2)	1072,1144,1118,1161
387144 (Mir10b)	883,1175,929,1192
723893 (Mir10a)	883,1175,929,1192
387216 (Mir23a)	883,1315,929,1332
723824 (Mir103-1)	883,1401,929,1418
723825 (Mir103-2)	883,1401,929,1418
723826 (Mir107)	883,1401,929,1418
56289 (Rassf1)	961,1122,1007,1139
26413 (Mapk1)	961,1148,1007,1165
26417 (Mapk3)	961,1148,1007,1165
18750 (Prkca)	961,1174,1007,1191
18751 (Prkcb)	961,1174,1007,1191
18752 (Prkcg)	961,1174,1007,1191
14784 (Grb2)	961,1201,1007,1218
14184 (Fgfr3)	961,1227,1007,1244
26413 (Mapk1)	961,1300,1007,1317
26417 (Mapk3)	961,1300,1007,1317
14184 (Fgfr3)	961,1328,1007,1345
73086 (Rps6ka5)	961,1377,1007,1394
18750 (Prkca)	961,1402,1007,1419
18751 (Prkcb)	961,1402,1007,1419
18752 (Prkcg)	961,1402,1007,1419
14184 (Fgfr3)	961,1427,1007,1444
387225 (Mir30a)	1072,1627,1118,1644
387226 (Mir30b)	1072,1627,1118,1644
387227 (Mir30c-1)	1072,1627,1118,1644
387228 (Mir30d)	1072,1627,1118,1644
723836 (Mir30e)	1072,1627,1118,1644
723964 (Mir30c-2)	1072,1627,1118,1644
11920 (Atm)	1152,1614,1198,1631
22059 (Trp53)	1152,1641,1198,1658
387235 (Mir125a)	1072,1679,1118,1696
387236 (Mir125b-1)	1072,1679,1118,1696
723952 (Mir125b-2)	1072,1679,1118,1696
12578 (Cdkn2a)	1152,1667,1198,1684
22059 (Trp53)	1152,1694,1198,1711
387161 (Mir143)	1072,1739,1118,1756
11920 (Atm)	1152,1727,1198,1744
22059 (Trp53)	1152,1753,1198,1770
387237 (Mir129-1)	1072,1799,1118,1816
723953 (Mir129-2)	1072,1799,1118,1816
17248 (Mdm4)	1152,1786,1198,1803
11920 (Atm)	1152,1814,1198,1831
387140 (Mir21a)	883,1636,929,1653
11920 (Atm)	961,1636,1007,1653
723814 (Mir223)	883,1669,929,1686
22059 (Trp53)	961,1669,1007,1686
387144 (Mir10b)	883,1739,929,1756
723893 (Mir10a)	883,1739,929,1756
11920 (Atm)	961,1726,1007,1743
17246 (Mdm2)	961,1750,1007,1767
17248 (Mdm4)	961,1750,1007,1767
723827 (Mir221)	883,1796,929,1813
11920 (Atm)	961,1784,1007,1801
17246 (Mdm2)	961,1809,1007,1826
14184 (Fgfr3)	1152,1180,1198,1197
18595 (Pdgfra)	1152,1103,1198,1120
18803 (Plcg1)	1152,1144,1198,1161
234779 (Plcg2)	1152,1144,1198,1161
110157 (Raf1)	1152,1205,1198,1222
16653 (Kras)	1152,1230,1198,1247
18750 (Prkca)	1152,1254,1198,1271
18751 (Prkcb)	1152,1254,1198,1271
18752 (Prkcg)	1152,1254,1198,1271
26395 (Map2k1)	1152,1278,1198,1295
26396 (Map2k2)	1152,1278,1198,1295
26413 (Mapk1)	1152,1300,1198,1317
26417 (Mapk3)	1152,1300,1198,1317
20662 (Sos1)	1152,1324,1198,1341
20663 (Sos2)	1152,1324,1198,1341
14784 (Grb2)	1152,1350,1198,1367
20416 (Shc1)	1152,1376,1198,1393
18803 (Plcg1)	1152,1401,1198,1418
234779 (Plcg2)	1152,1401,1198,1418
18590 (Pdgfa)	1152,1424,1198,1441
271849 (Shc4)	1152,1451,1198,1468
18591 (Pdgfb)	1152,1476,1198,1493
18596 (Pdgfrb)	1152,1499,1198,1516
16653 (Kras)	1152,1523,1198,1540
110157 (Raf1)	1152,1548,1198,1565
19211 (Pten)	179,230,225,247
13649 (Egfr)	368,811,414,828
171543 (Bmf)	961,233,1007,250
mmu05206: MicroRNAs in cancer	40,45,231,70
mmu05210: Colorectal cancer	0,0,1,1
mmu05214: Glioma	0,0,1,1
mmu05210: Colorectal cancer	1288,280,1389,305
mmu05214: Glioma	1288,775,1389,800
mmu05219: Bladder cancer	0,0,1,1
mmu05215: Prostate cancer	1289,1515,1390,1540
mmu05219: Bladder cancer	891,1515,992,1540
mmu05222: Small cell lung cancer	110,344,211,378
mmu05223: Non-small cell lung cancer	110,397,211,431
