C00951 (Estradiol-17beta)	127,164,4
C00951 (Estradiol-17beta)	856,123,4
C00951 (Estradiol-17beta)	857,215,4
C00575 (3',5'-Cyclic AMP)	362,338,4
C00951 (Estradiol-17beta)	133,784,4
C01245 (D-myo-Inositol 1,4,5-trisphosphate)	440,665,4
C00165 (Diacylglycerol)	440,629,4
C00575 (3',5'-Cyclic AMP)	363,589,4
C00533 (Nitric oxide)	566,784,4
C00238 (Potassium cation)	248,508,4
C00076 (Calcium cation)	505,704,4
C00951 (Estradiol-17beta)	376,201,4
C00334 (4-Aminobutanoate)	133,466,4
C00951 (Estradiol-17beta)	133,670,4
13982 (Esr1)	573,153,619,170
13983 (Esr2)	573,153,619,170
13982 (Esr1)	834,153,880,170
13983 (Esr2)	834,153,880,170
76854 (Gper1)	453,195,499,212
20779 (Src)	259,229,305,246
17390 (Mmp2)	131,229,177,246
17395 (Mmp9)	131,229,177,246
15200 (Hbegf)	181,275,227,292
13649 (Egfr)	181,372,227,389
15200 (Hbegf)	88,372,134,389
13982 (Esr1)	834,245,880,262
13983 (Esr2)	834,245,880,262
14281 (Fos)	834,299,880,316
16476 (Jun)	834,299,880,316
20683 (Sp1)	834,299,880,316
18747 (Prkaca)	448,332,494,349
18749 (Prkacb)	448,332,494,349
15461 (Hras)	483,372,529,389
16653 (Kras)	483,372,529,389
18176 (Nras)	483,372,529,389
110157 (Raf1)	558,372,604,389
26395 (Map2k1)	633,372,679,389
26396 (Map2k2)	633,372,679,389
26413 (Mapk1)	709,372,755,388
26417 (Mapk3)	709,372,755,388
11909 (Atf2)	834,330,880,347
11911 (Atf4)	834,330,880,347
12912 (Creb1)	834,330,880,347
12913 (Creb3)	834,330,880,347
12915 (Atf6b)	834,330,880,347
208647 (Creb3l2)	834,330,880,347
208677 (Creb3l3)	834,330,880,347
231991 (Creb5)	834,330,880,347
26427 (Creb3l1)	834,330,880,347
78284 (Creb3l4)	834,330,880,347
13982 (Esr1)	181,775,227,792
13983 (Esr2)	181,775,227,792
14682 (Gnaq)	258,661,304,678
18795 (Plcb1)	334,661,380,678
18796 (Plcb2)	334,661,380,678
18797 (Plcb3)	334,661,380,678
18798 (Plcb4)	334,661,380,678
18753 (Prkcd)	333,607,379,624
104110 (Adcy4)	181,580,227,597
104111 (Adcy3)	181,580,227,597
11512 (Adcy6)	181,580,227,597
11513 (Adcy7)	181,580,227,597
11514 (Adcy8)	181,580,227,597
11515 (Adcy9)	181,580,227,597
210044 (Adcy2)	181,580,227,597
224129 (Adcy5)	181,580,227,597
432530 (Adcy1)	181,580,227,597
18747 (Prkaca)	489,580,535,597
18749 (Prkacb)	489,580,535,597
16519 (Kcnj3)	181,501,227,518
16521 (Kcnj5)	181,501,227,518
16522 (Kcnj6)	181,501,227,518
16524 (Kcnj9)	181,501,227,518
242425 (Gabbr2)	181,457,227,474
54393 (Gabbr1)	181,457,227,474
11909 (Atf2)	840,580,886,597
11911 (Atf4)	840,580,886,597
12912 (Creb1)	840,580,886,597
12913 (Creb3)	840,580,886,597
12915 (Atf6b)	840,580,886,597
208647 (Creb3l2)	840,580,886,597
208677 (Creb3l3)	840,580,886,597
231991 (Creb5)	840,580,886,597
26427 (Creb3l1)	840,580,886,597
78284 (Creb3l4)	840,580,886,597
20779 (Src)	257,775,303,792
18706 (Pik3ca)	334,775,380,792
18707 (Pik3cd)	334,775,380,792
18708 (Pik3r1)	334,775,380,792
18709 (Pik3r2)	334,775,380,792
18710 (Pik3r3)	334,775,380,792
74769 (Pik3cb)	334,775,380,792
11651 (Akt1)	410,775,456,792
11652 (Akt2)	410,775,456,792
23797 (Akt3)	410,775,456,792
18127 (Nos3)	484,775,530,792
11909 (Atf2)	840,776,886,793
11911 (Atf4)	840,776,886,793
12912 (Creb1)	840,776,886,793
12913 (Creb3)	840,776,886,793
12915 (Atf6b)	840,776,886,793
208647 (Creb3l2)	840,776,886,793
208677 (Creb3l3)	840,776,886,793
231991 (Creb5)	840,776,886,793
26427 (Creb3l1)	840,776,886,793
78284 (Creb3l4)	840,776,886,793
20416 (Shc1)	257,372,303,389
20418 (Shc3)	257,372,303,389
216148 (Shc2)	257,372,303,389
271849 (Shc4)	257,372,303,389
14784 (Grb2)	333,372,379,389
20662 (Sos1)	408,372,454,389
20663 (Sos2)	408,372,454,389
15516 (Hsp90ab1)	644,170,690,187
15519 (Hsp90aa1)	644,170,690,187
22027 (Hsp90b1)	644,170,690,187
14228 (Fkbp4)	644,187,690,204
14229 (Fkbp5)	644,187,690,204
15481 (Hspa8)	644,204,690,221
15482 (Hspa1l)	644,204,690,221
15511 (Hspa1b)	644,204,690,221
15512 (Hspa2)	644,204,690,221
193740 (Hspa1a)	644,204,690,221
14683 (Gnas)	337,228,383,245
14677 (Gnai1)	267,543,313,560
14678 (Gnai2)	267,543,313,560
14679 (Gnai3)	267,543,313,560
14681 (Gnao1)	267,543,313,560
104110 (Adcy4)	181,328,227,345
104111 (Adcy3)	181,328,227,345
11512 (Adcy6)	181,328,227,345
11513 (Adcy7)	181,328,227,345
11514 (Adcy8)	181,328,227,345
11515 (Adcy9)	181,328,227,345
210044 (Adcy2)	181,328,227,345
224129 (Adcy5)	181,328,227,345
432530 (Adcy1)	181,328,227,345
15461 (Hras)	408,866,454,883
16653 (Kras)	408,866,454,883
18176 (Nras)	408,866,454,883
110157 (Raf1)	501,866,547,883
26395 (Map2k1)	594,866,640,883
26396 (Map2k2)	594,866,640,883
26413 (Mapk1)	687,866,733,882
26417 (Mapk3)	687,866,733,882
11909 (Atf2)	840,866,886,883
11911 (Atf4)	840,866,886,883
12912 (Creb1)	840,866,886,883
12913 (Creb3)	840,866,886,883
12915 (Atf6b)	840,866,886,883
208647 (Creb3l2)	840,866,886,883
208677 (Creb3l3)	840,866,886,883
231991 (Creb5)	840,866,886,883
26427 (Creb3l1)	840,866,886,883
78284 (Creb3l4)	840,866,886,883
16438 (Itpr1)	524,661,570,678
16439 (Itpr2)	524,661,570,678
16440 (Itpr3)	524,661,570,678
12313 (Calm1)	484,731,530,748
12314 (Calm2)	484,731,530,748
12315 (Calm3)	484,731,530,748
494124 (Calm5)	484,731,530,748
70405 (Calml3)	484,731,530,748
75600 (Calml4)	484,731,530,748
80796 (Calm4)	484,731,530,748
18706 (Pik3ca)	301,418,347,435
18707 (Pik3cd)	301,418,347,435
18708 (Pik3r1)	301,418,347,435
18709 (Pik3r2)	301,418,347,435
18710 (Pik3r3)	301,418,347,435
74769 (Pik3cb)	301,418,347,435
11651 (Akt1)	409,418,455,435
11652 (Akt2)	409,418,455,435
23797 (Akt3)	409,418,455,435
18390 (Oprm1)	181,543,227,560
14677 (Gnai1)	265,457,311,474
14678 (Gnai2)	265,457,311,474
14679 (Gnai3)	265,457,311,474
14681 (Gnao1)	265,457,311,474
14816 (Grm1)	181,714,227,731
17977 (Ncoa1)	834,170,880,187
17978 (Ncoa2)	834,170,880,187
17979 (Ncoa3)	834,170,880,187
17977 (Ncoa1)	834,262,880,279
17978 (Ncoa2)	834,262,880,279
17979 (Ncoa3)	834,262,880,279
12043 (Bcl2)	996,149,1042,166
55960 (Ebag9)	1048,149,1094,166
107656 (Krt9)	996,174,1042,191
16660 (Krt31)	996,174,1042,191
16661 (Krt10)	996,174,1042,191
16663 (Krt13)	996,174,1042,191
16664 (Krt14)	996,174,1042,191
16665 (Krt15)	996,174,1042,191
16666 (Krt16)	996,174,1042,191
16667 (Krt17)	996,174,1042,191
16668 (Krt18)	996,174,1042,191
16669 (Krt19)	996,174,1042,191
16670 (Krt32)	996,174,1042,191
16671 (Krt33b)	996,174,1042,191
16672 (Krt34)	996,174,1042,191
16673 (Krt36)	996,174,1042,191
16675 (Krt27)	996,174,1042,191
237934 (Krt39)	996,174,1042,191
268482 (Krt12)	996,174,1042,191
320864 (Krt26)	996,174,1042,191
406221 (Krt40)	996,174,1042,191
53617 (Krt35)	996,174,1042,191
66809 (Krt20)	996,174,1042,191
68239 (Krt42)	996,174,1042,191
70810 (Krt25)	996,174,1042,191
70843 (Krt28)	996,174,1042,191
71888 (Krt33a)	996,174,1042,191
75706 (Krt24)	996,174,1042,191
94179 (Krt23)	996,174,1042,191
13033 (Ctsd)	1048,174,1094,191
21784 (Tff1)	996,213,1042,230
18667 (Pgr)	1048,213,1094,230
21802 (Tgfa)	996,254,1042,271
19401 (Rara)	1048,254,1094,271
18976 (Pomc)	88,543,134,560
mmu04915: Estrogen signaling pathway	40,45,319,70
mmu04010: MAPK signaling pathway	656,408,772,442
mmu04151: PI3K-Akt signaling pathway	337,730,453,764
mmu04020: Calcium signaling pathway	546,704,662,738
mmu04913: Ovarian steroidogenesis	41,102,144,136
mmu04270: Vascular smooth muscle contraction	633,820,749,854
mmu04727: GABAergic synapse	332,454,448,479
