C00076 (Calcium cation)	519,690,4
C01245 (D-myo-Inositol 1,4,5-trisphosphate)	459,700,4
C00575 (3',5'-Cyclic AMP)	459,836,4
C00076 (Calcium cation)	129,171,4
C00076 (Calcium cation)	596,281,4
C01245 (D-myo-Inositol 1,4,5-trisphosphate)	595,249,4
C00020 (AMP)	560,806,4
C00575 (3',5'-Cyclic AMP)	531,171,4
C01673 (Calcitriol)	129,331,4
C00165 (Diacylglycerol)	459,657,4
C00076 (Calcium cation)	1130,618,4
C01330 (Sodium cation)	1131,660,4
C00009 (Orthophosphate)	1164,667,4
C01561 (Calcidiol)	729,720,4
C01673 (Calcitriol)	730,756,4
C18231 (Calcitetrol)	731,795,4
16438 (Itpr1)	496,714,542,731
16439 (Itpr2)	496,714,542,731
16440 (Itpr3)	496,714,542,731
18795 (Plcb1)	359,673,405,690
18796 (Plcb2)	359,673,405,690
18797 (Plcb3)	359,673,405,690
18798 (Plcb4)	359,673,405,690
14672 (Gna11)	275,673,321,690
14682 (Gnaq)	275,673,321,690
104110 (Adcy4)	359,828,405,845
104111 (Adcy3)	359,828,405,845
11512 (Adcy6)	359,828,405,845
11513 (Adcy7)	359,828,405,845
11514 (Adcy8)	359,828,405,845
11515 (Adcy9)	359,828,405,845
210044 (Adcy2)	359,828,405,845
224129 (Adcy5)	359,828,405,845
432530 (Adcy1)	359,828,405,845
14683 (Gnas)	275,828,321,845
18747 (Prkaca)	517,828,563,845
18749 (Prkacb)	517,828,563,845
12374 (Casr)	184,162,230,179
19226 (Pth)	87,830,133,847
19228 (Pth1r)	182,830,228,847
16438 (Itpr1)	623,273,669,290
16439 (Itpr2)	623,273,669,290
16440 (Itpr3)	623,273,669,290
18795 (Plcb1)	540,206,586,223
18796 (Plcb2)	540,206,586,223
18797 (Plcb3)	540,206,586,223
18798 (Plcb4)	540,206,586,223
14672 (Gna11)	285,206,331,223
14682 (Gnaq)	285,206,331,223
14677 (Gnai1)	283,162,329,179
14678 (Gnai2)	283,162,329,179
14679 (Gnai3)	283,162,329,179
19226 (Pth)	957,285,1003,302
19227 (Pthlh)	87,870,133,887
110385 (Pde4c)	490,782,536,799
18577 (Pde4a)	490,782,536,799
18578 (Pde4b)	490,782,536,799
238871 (Pde4d)	490,782,536,799
14462 (Gata3)	791,251,837,268
107889 (Gcm2)	791,200,837,217
14531 (Gcm1)	791,200,837,217
104110 (Adcy4)	411,162,457,179
104111 (Adcy3)	411,162,457,179
11512 (Adcy6)	411,162,457,179
11513 (Adcy7)	411,162,457,179
11514 (Adcy8)	411,162,457,179
11515 (Adcy9)	411,162,457,179
210044 (Adcy2)	411,162,457,179
224129 (Adcy5)	411,162,457,179
432530 (Adcy1)	411,162,457,179
19226 (Pth)	591,425,637,442
22337 (Vdr)	595,323,641,340
19226 (Pth)	161,423,207,440
109689 (Arrb1)	275,611,321,628
216869 (Arrb2)	275,611,321,628
109880 (Braf)	359,611,405,628
110157 (Raf1)	359,611,405,628
11836 (Araf)	359,611,405,628
26395 (Map2k1)	441,611,487,628
26413 (Mapk1)	525,611,571,628
26417 (Mapk3)	525,611,571,628
18750 (Prkca)	578,656,624,673
18751 (Prkcb)	578,656,624,673
18752 (Prkcg)	578,656,624,673
14677 (Gnai1)	275,978,321,995
14678 (Gnai2)	275,978,321,995
14679 (Gnai3)	275,978,321,995
17387 (Mmp14)	182,1000,228,1017
17388 (Mmp15)	182,1000,228,1017
17389 (Mmp16)	182,1000,228,1017
17391 (Mmp24)	182,1000,228,1017
23948 (Mmp17)	182,1000,228,1017
240047 (Mmp25)	182,1000,228,1017
13649 (Egfr)	182,1040,228,1057
26413 (Mapk1)	522,1042,568,1059
26417 (Mapk3)	522,1042,568,1059
14673 (Gna12)	275,935,321,952
14674 (Gna13)	275,935,321,952
16801 (Arhgef1)	359,935,405,952
213498 (Arhgef11)	359,935,405,952
75547 (Akap13)	359,935,405,952
11848 (Rhoa)	441,935,487,952
67653 (4930544G11Rik)	441,935,487,952
18805 (Pld1)	525,935,571,952
18806 (Pld2)	525,935,571,952
194352 (Trpv5)	1067,611,1113,628
26941 (Slc9a3r1)	1024,673,1070,690
13115 (Cyp27b1)	675,730,721,747
13081 (Cyp24a1)	675,768,721,785
64654 (Fgf23)	904,877,950,894
21943 (Tnfsf11)	904,963,950,980
74499 (Sost)	904,849,950,866
11909 (Atf2)	675,1006,721,1023
11911 (Atf4)	675,1006,721,1023
12912 (Creb1)	675,1006,721,1023
12913 (Creb3)	675,1006,721,1023
12915 (Atf6b)	675,1006,721,1023
208647 (Creb3l2)	675,1006,721,1023
208677 (Creb3l3)	675,1006,721,1023
231991 (Creb5)	675,1006,721,1023
26427 (Creb3l1)	675,1006,721,1023
78284 (Creb3l4)	675,1006,721,1023
12043 (Bcl2)	904,991,950,1008
12575 (Cdkn1a)	904,1012,950,1029
14281 (Fos)	904,1043,950,1060
17938 (Naca)	675,913,721,930
17938 (Naca)	762,914,808,931
16478 (Jund)	762,931,808,948
12095 (Bglap3)	904,908,950,925
12097 (Bglap2)	904,908,950,925
16973 (Lrp5)	904,931,950,948
16974 (Lrp6)	904,931,950,948
12393 (Runx2)	675,1094,721,1111
17386 (Mmp13)	904,1094,950,1111
14281 (Fos)	760,1067,806,1084
142681 (Slc34a3)	1067,656,1113,673
20505 (Slc34a1)	1067,656,1113,673
20531 (Slc34a2)	1067,656,1113,673
17258 (Mef2a)	759,850,805,867
17260 (Mef2c)	759,850,805,867
17261 (Mef2d)	759,850,805,867
18227 (Nr4a2)	675,876,721,893
16658 (Mafb)	791,220,837,237
20683 (Sp1)	791,279,837,296
64654 (Fgf23)	87,351,133,368
14182 (Fgfr1)	184,351,230,368
16591 (Kl)	184,368,230,385
26413 (Mapk1)	595,350,641,367
26417 (Mapk3)	595,350,641,367
13653 (Egr1)	791,350,837,367
20181 (Rxra)	791,306,837,323
20182 (Rxrb)	791,306,837,323
20183 (Rxrg)	791,306,837,323
15200 (Hbegf)	87,1040,133,1057
mmu04928: Parathyroid hormone synthesis	40,45,516,70
secretion and action	40,45,516,70
mmu04020: Calcium signaling pathway	299,702,424,736
mmu04024: cAMP signaling pathway	441,857,566,891
mmu04020: Calcium signaling pathway	271,246,396,280
mmu04961: Endocrine and other factor-regulated calcium reabsorption	876,760,1057,794
mmu04310: Wnt signaling pathway	900,820,1032,845
mmu04380: Osteoclast differentiation	1125,982,1225,1016
mmu04012: ErbB signaling pathway	299,1063,424,1097
