C00001 (H2O)	332,563,4
C00080 (H+)	102,333,4
C00011 (CO2)	374,565,4
C00080 (H+)	302,336,4
C00288 (HCO3-)	608,334,4
C00698 (Cl-)	486,345,4
C00288 (HCO3-)	401,336,4
C00014 (Ammonia)	33,511,4
C01353 (Carbonic acid)	355,439,4
C00238 (Potassium cation)	605,476,4
C00698 (Cl-)	605,465,4
C00698 (Cl-)	606,519,4
C00080 (H+)	106,410,4
C00238 (Potassium cation)	215,421,4
C00080 (H+)	63,374,4
C00011 (CO2)	604,562,4
110935 (Atp6v1b1)	134,325,180,342
11964 (Atp6v1a)	134,325,180,342
11966 (Atp6v1b2)	134,325,180,342
11972 (Atp6v0d1)	134,325,180,342
11973 (Atp6v1e1)	134,325,180,342
11974 (Atp6v0e)	134,325,180,342
11975 (Atp6v0a1)	134,325,180,342
11984 (Atp6v0c)	134,325,180,342
140494 (Atp6v0a4)	134,325,180,342
21871 (Atp6v0a2)	134,325,180,342
242341 (Atp6v0d2)	134,325,180,342
27060 (Tcirg1)	134,325,180,342
338375 (Atp6v1g3)	134,325,180,342
66144 (Atp6v1f)	134,325,180,342
66237 (Atp6v1g2)	134,325,180,342
66290 (Atp6v1g1)	134,325,180,342
66335 (Atp6v1c1)	134,325,180,342
68775 (Atp6v1c2)	134,325,180,342
73834 (Atp6v1d)	134,325,180,342
74915 (Atp6v1e2)	134,325,180,342
76252 (Atp6v0e2)	134,325,180,342
20533 (Slc4a1)	521,330,567,347
11944 (Atp4a)	136,406,182,423
11945 (Atp4b)	136,406,182,423
12349 (Car2)	369,493,415,510
20499 (Slc12a7)	519,461,565,478
56365 (Clcnkb)	520,508,566,525
mmu04966: Collecting duct acid secretion	40,45,334,70
mmu04530: Tight junction	194,104,309,129
