C00076 (Calcium cation)	674,481,4
C00002 (ATP)	800,392,4
C00575 (3',5'-Cyclic AMP)	800,470,4
C00338 (Lipopolysaccharide)	491,756,4
C19596 (Lipooligosaccharide)	491,809,4
C00374 (Heparin)	624,137,4
C12505 (Magnesium sulfate)	109,97,4
C00253 (Nicotinate)	109,110,4
C00238 (Potassium cation)	721,592,4
C05005 (Glycolipid)	624,159,4
16409 (Itgam)	601,362,647,379
16412 (Itgb1)	601,245,647,262
16414 (Itgb2)	601,379,647,396
16415 (Itgb2l)	601,379,647,396
12313 (Calm1)	711,473,757,490
12314 (Calm2)	711,473,757,490
12315 (Calm3)	711,473,757,490
494124 (Calm5)	711,473,757,490
70405 (Calml3)	711,473,757,490
75600 (Calml4)	711,473,757,490
80796 (Calm4)	711,473,757,490
21898 (Tlr4)	601,762,647,779
17087 (Ly96)	562,745,608,762
18033 (Nfkb1)	1159,762,1205,779
19697 (Rela)	1159,762,1205,779
17874 (Myd88)	713,762,759,779
117149 (Tirap)	713,745,759,762
54131 (Irf3)	1159,800,1205,817
107607 (Nod1)	730,1119,776,1136
16175 (Il1a)	903,1119,949,1136
16176 (Il1b)	903,1119,949,1136
18126 (Nos2)	1018,1119,1064,1136
16193 (Il6)	1320,788,1366,805
16176 (Il1b)	1320,768,1366,785
83430 (Il23a)	1320,828,1366,845
20387 (Sftpa1)	543,685,589,702
14677 (Gnai1)	935,988,981,1005
14678 (Gnai2)	935,988,981,1005
14679 (Gnai3)	935,988,981,1005
20311 (Cxcl5)	1018,1082,1064,1099
16402 (Itga5)	601,228,647,245
11848 (Rhoa)	927,382,973,399
67653 (4930544G11Rik)	927,382,973,399
12631 (Cfl1)	1020,382,1066,399
12632 (Cfl2)	1020,382,1066,399
12367 (Casp3)	883,320,929,337
12369 (Casp7)	883,340,929,357
50909 (C1ra)	406,616,452,633
667277 (C1rb)	406,616,452,633
317677 (C1s2)	406,633,452,650
50908 (C1s1)	406,633,452,650
12259 (C1qa)	360,624,406,641
12260 (C1qb)	360,624,406,641
12262 (C1qc)	360,624,406,641
12269 (C4bp)	358,697,404,714
22789 (Zp3r)	358,697,404,714
12258 (Serping1)	358,674,404,691
12268 (C4b)	483,633,529,650
12263 (C2)	483,616,529,633
12266 (C3)	555,614,601,631
15139 (Hc)	555,635,601,652
19094 (Mapk11)	1054,860,1100,877
26415 (Mapk13)	1054,860,1100,877
26416 (Mapk14)	1054,860,1100,877
29857 (Mapk12)	1054,860,1100,877
26413 (Mapk1)	1054,910,1100,927
26417 (Mapk3)	1054,910,1100,927
14281 (Fos)	1159,885,1205,902
16476 (Jun)	1159,885,1205,902
26414 (Mapk10)	1054,883,1100,900
26419 (Mapk8)	1054,883,1100,900
26420 (Mapk9)	1054,883,1100,900
21926 (Tnf)	1320,851,1366,868
16179 (Irak1)	810,772,856,789
22034 (Traf6)	935,762,981,779
225471 (Ticam2)	810,800,856,817
106759 (Ticam1)	936,800,982,817
12475 (Cd14)	601,779,647,796
16159 (Il12a)	1320,808,1366,825
16160 (Il12b)	1320,808,1366,825
16153 (Il10)	1320,880,1366,897
15900 (Irf8)	1159,717,1205,734
16362 (Irf1)	1159,693,1205,710
12362 (Casp1)	849,566,895,583
216799 (Nlrp3)	849,600,895,617
16159 (Il12a)	1320,706,1366,723
16160 (Il12b)	1320,706,1366,723
66824 (Pycard)	849,583,895,600
16176 (Il1b)	977,583,1023,600
266632 (Irak4)	810,755,856,772
mmu05133: Pertussis	40,45,142,70
mmu04210: Apoptosis	996,288,1091,322
map03070: Bacterial secretion system	87,613,233,647
map02020: Two-component system	68,320,198,354
mmu04610: Complement and coagulation cascades	356,562,547,596
mmu04010: MAPK signaling pathway	1042,935,1183,969
mmu04620: Toll-like receptor signaling pathway	598,828,716,862
