C00187 (Cholesterol)	132,308,4
16576 (Kif7)	396,313,442,330
14632 (Gli1)	655,331,701,348
19206 (Ptch1)	655,357,701,374
19207 (Ptch2)	655,357,701,374
12156 (Bmp2)	655,278,701,295
12159 (Bmp4)	655,278,701,295
20890 (Wnt8a)	655,384,701,401
216795 (Wnt9a)	655,384,701,401
22408 (Wnt1)	655,384,701,401
22409 (Wnt10a)	655,384,701,401
22410 (Wnt10b)	655,384,701,401
22411 (Wnt11)	655,384,701,401
22412 (Wnt9b)	655,384,701,401
22413 (Wnt2)	655,384,701,401
22414 (Wnt2b)	655,384,701,401
22415 (Wnt3)	655,384,701,401
22416 (Wnt3a)	655,384,701,401
22417 (Wnt4)	655,384,701,401
22418 (Wnt5a)	655,384,701,401
22419 (Wnt5b)	655,384,701,401
22420 (Wnt6)	655,384,701,401
22421 (Wnt7a)	655,384,701,401
22422 (Wnt7b)	655,384,701,401
22423 (Wnt8b)	655,384,701,401
93735 (Wnt16)	655,384,701,401
20423 (Shh)	109,270,155,287
11789 (Apc)	457,468,503,485
23805 (Apc2)	457,468,503,485
19206 (Ptch1)	188,270,234,287
24069 (Sufu)	396,330,442,347
12005 (Axin1)	412,468,458,485
12006 (Axin2)	412,468,458,485
13542 (Dvl1)	281,485,327,502
13543 (Dvl2)	281,485,327,502
13544 (Dvl3)	281,485,327,502
14362 (Fzd1)	188,484,234,501
14365 (Fzd3)	188,484,234,501
14366 (Fzd4)	188,484,234,501
14367 (Fzd5)	188,484,234,501
14368 (Fzd6)	188,484,234,501
14369 (Fzd7)	188,484,234,501
14370 (Fzd8)	188,484,234,501
14371 (Fzd9)	188,484,234,501
57265 (Fzd2)	188,484,234,501
93897 (Fzd10)	188,484,234,501
14632 (Gli1)	478,330,524,347
14633 (Gli2)	478,330,524,347
14634 (Gli3)	478,330,524,347
319757 (Smo)	187,330,233,347
15245 (Hhip)	655,305,701,322
12387 (Ctnnb1)	454,485,500,502
56637 (Gsk3b)	371,485,417,502
16842 (Lef1)	603,486,649,503
21414 (Tcf7)	603,486,649,503
21415 (Tcf7l1)	603,486,649,503
21416 (Tcf7l2)	603,486,649,503
22059 (Trp53)	655,172,701,189
12575 (Cdkn1a)	785,152,831,169
13197 (Gadd45a)	837,152,883,169
17873 (Gadd45b)	837,152,883,169
23882 (Gadd45g)	837,152,883,169
12028 (Bax)	785,174,831,191
12018 (Bak1)	837,174,883,191
107986 (Ddb2)	785,196,831,213
27015 (Polk)	837,196,883,213
mmu05217: Basal cell carcinoma	40,45,242,70
mmu04340: Hedgehog signaling pathway	255,353,357,387
mmu04310: Wnt signaling pathway	255,517,357,551
mmu04115: p53 signaling pathway	643,105,745,139
mmu04110: Cell cycle	773,105,875,139
mmu04350: TGF-beta signaling pathway	716,271,818,305
