G00164	1311,463,4
G00163	1311,392,4
G00162	1311,323,4
G00157	1311,254,4
C00054 (Adenosine 3',5'-bisphosphate)	1343,660,4
C00053 (3'-Phosphoadenylyl sulfate)	1282,623,4
C00033 (Acetate)	1283,660,4
54616 (Extl3)	1288,272,1334,289
58193 (Extl2)	1288,272,1334,289
217119 (Xylt2)	1021,294,1064,294,1064,298,1021,298
233781 (Xylt1)	1021,294,1064,294,1064,298,1021,298
14042 (Ext1)	128,295,178,295,178,297,128,297
14043 (Ext2)	128,295,178,295,178,297,128,297
15531 (Ndst1)	356,453,402,470
17423 (Ndst2)	356,453,402,470
64580 (Ndst4)	356,453,402,470
83398 (Ndst3)	356,453,402,470
195646 (Hs3st2)	522,753,568,770
15476 (Hs3st1)	356,753,402,770
50786 (Hs6st2)	163,601,209,618
15476 (Hs3st1)	163,753,209,770
15478 (Hs3st3a1)	763,932,809,949
54710 (Hs3st3b1)	763,932,809,949
195646 (Hs3st2)	916,932,962,949
50785 (Hs6st1)	1082,790,1128,807
93683 (Glce)	587,502,633,519
218271 (B4galt7)	937,294,980,294,980,298,937,298
23908 (Hs2st1)	941,601,987,618
14042 (Ext1)	1288,343,1334,360
14043 (Ext2)	1288,343,1334,360
54616 (Extl3)	1289,413,1335,430
56219 (Extl1)	1289,413,1335,430
93683 (Glce)	1289,709,1335,726
117592 (B3galt6)	851,294,894,294,894,298,851,298
72727 (B3gat3)	761,294,804,294,804,298,761,298
54616 (Extl3)	671,294,714,294,714,298,671,298
58193 (Extl2)	671,294,714,294,714,298,671,298
14042 (Ext1)	567,294,610,294,610,298,567,298
14043 (Ext2)	567,294,610,294,610,298,567,298
54616 (Extl3)	479,294,522,294,522,298,479,298
56219 (Extl1)	479,294,522,294,522,298,479,298
14042 (Ext1)	375,294,418,294,418,298,375,298
14043 (Ext2)	375,294,418,294,418,298,375,298
14042 (Ext1)	285,294,328,294,328,298,285,298
14043 (Ext2)	285,294,328,294,328,298,285,298
14042 (Ext1)	182,294,225,294,225,298,182,298
14043 (Ext2)	182,294,225,294,225,298,182,298
23908 (Hs2st1)	522,601,568,618
50785 (Hs6st1)	675,601,721,618
50787 (Hs6st3)	215,601,261,618
50787 (Hs6st3)	727,601,773,618
50787 (Hs6st3)	1132,790,1178,807
15531 (Ndst1)	1289,631,1335,648
17423 (Ndst2)	1289,631,1335,648
64580 (Ndst4)	1289,631,1335,648
83398 (Ndst3)	1289,631,1335,648
319415 (Hs3st5)	215,753,261,770
15478 (Hs3st3a1)	966,932,1012,949
54710 (Hs3st3b1)	966,932,1012,949
15478 (Hs3st3a1)	1107,933,1153,950
54710 (Hs3st3b1)	1107,933,1153,950
mmu00532: Glycosaminoglycan biosynthesis - chondroitin sulfate / dermatan sulfate	1252,142,1368,176
mmu00534: Glycosaminoglycan biosynthesis - heparan sulfate / heparin	40,45,556,70
mmu00531: Glycosaminoglycan degradation	1261,971,1377,1005
