56273 (Pex14)	594,212,640,229
19302 (Pex2)	363,212,409,229
71382 (Pex1)	198,184,244,201
224824 (Pex6)	244,184,290,201
74043 (Pex26)	244,212,290,229
72129 (Pex13)	548,212,594,229
668173 (Pex10)	408,212,454,229
103737 (Pex12)	453,212,499,229
19305 (Pex5)	596,141,642,158
58869 (Pex5l)	596,141,642,158
18634 (Pex7)	527,141,573,158
19298 (Pex19)	152,293,198,310
18631 (Pex11a)	603,427,649,444
18632 (Pex11b)	603,427,649,444
69129 (Pex11g)	603,427,649,444
18633 (Pex16)	128,213,174,230
56535 (Pex3)	128,230,174,247
19299 (Abcd3)	209,293,255,310
19305 (Pex5)	244,161,290,178
58869 (Pex5l)	244,161,290,178
14712 (Gnpat)	350,600,396,617
228061 (Agps)	349,640,395,657
16922 (Phyh)	110,600,156,617
113868 (Acaa1a)	110,760,156,777
235674 (Acaa1b)	110,760,156,777
11430 (Acox1)	50,665,96,682
80911 (Acox3)	50,665,96,682
93732 (Acox2)	50,665,96,682
15488 (Hsd17b4)	50,685,96,702
12359 (Cat)	610,600,656,617
20280 (Scp2)	50,705,96,722
19193 (Pipox)	400,905,446,922
11611 (Agxt)	350,885,396,902
17117 (Amacr)	50,645,96,662
17855 (Mvk)	350,762,396,779
51798 (Ech1)	50,840,96,857
212503 (Paox)	350,905,396,922
68603 (Pmvk)	350,782,396,799
74114 (Crot)	150,905,196,922
12012 (Baat)	50,725,96,742
15356 (Hmgcl)	450,905,496,922
208982 (Hmgcll1)	450,905,496,922
12908 (Crat)	100,905,146,922
13142 (Dao)	400,885,446,902
70503 (Ddo)	450,885,496,902
28200 (Dhrs4)	610,883,656,900
56690 (Mlycd)	200,905,246,922
56794 (Hacl1)	50,600,96,617
74147 (Ehhadh)	50,760,96,777
111175 (Pecr)	50,885,96,902
23986 (Eci2)	100,885,146,902
69123 (Eci3)	100,885,146,902
67993 (Nudt12)	200,885,246,902
170789 (Acot8)	50,905,96,922
110959 (Nudt19)	250,885,296,902
26378 (Decr2)	50,820,96,837
11666 (Abcd1)	110,820,156,837
19299 (Abcd3)	110,820,156,837
19300 (Abcd4)	110,820,156,837
26874 (Abcd2)	110,820,156,837
14081 (Acsl1)	110,840,156,857
216739 (Acsl6)	110,840,156,857
433256 (Acsl5)	110,840,156,857
50790 (Acsl4)	110,840,156,857
74205 (Acsl3)	110,840,156,857
26458 (Slc27a2)	160,820,206,837
15926 (Idh1)	500,885,546,902
269951 (Idh2)	500,885,546,902
15112 (Hao1)	500,905,546,922
56185 (Hao2)	500,905,546,922
22436 (Xdh)	610,813,656,829
330450 (Far2)	350,685,396,702
67420 (Far1)	350,685,396,702
54683 (Prdx5)	610,620,656,637
20655 (Sod1)	661,600,707,617
20656 (Sod2)	661,600,707,617
76263 (Gstk1)	610,755,656,772
13850 (Ephx2)	610,685,656,702
18126 (Nos2)	711,600,757,617
18477 (Prdx1)	661,620,707,637
19301 (Pxmp2)	270,426,316,443
17527 (Mpv17)	343,426,389,443
234384 (Mpv17l2)	343,426,389,443
93734 (Mpv17l)	343,426,389,443
59038 (Pxmp4)	415,426,461,443
20524 (Slc25a17)	678,303,724,320
67528 (Nudt7)	150,885,196,902
mmu04146: Peroxisome	40,45,160,70
mmu00900: Terpenoid backbone biosynthesis	415,757,520,791
mmu00120: Primary bile acid biosynthesis	154,668,274,702
mmu00565: Ether lipid metabolism	415,625,525,659
mmu00071: Fatty acid degradation	177,580,272,614
mmu00564: Glycerophospholipid metabolism	415,580,525,614
mmu03320: PPAR signaling pathway	179,625,274,659
mmu00230: Purine metabolism	675,808,785,842
mmu00830: Retinol metabolism	675,882,785,916
