C00187 (Cholesterol)	512,765,4
C00187 (Cholesterol)	484,699,4
C00162 (Fatty acid)	393,510,4
C01558 (Bile salt)	264,228,4
C00162 (Fatty acid)	316,350,4
C00187 (Cholesterol)	172,396,4
C02112 (2-Acylglycerol)	407,382,4
C01885 (1-Acylglycerol)	407,382,4
C00681 (1-Acyl-sn-glycerol 3-phosphate)	166,621,4
C02530 (Cholesterol ester)	782,701,4
C00422 (Triacylglycerol)	780,603,4
C00422 (Triacylglycerol)	842,676,4
C02530 (Cholesterol ester)	842,697,4
C00422 (Triacylglycerol)	1052,328,4
C02530 (Cholesterol ester)	1052,352,4
C00422 (Triacylglycerol)	1186,328,4
C02530 (Cholesterol ester)	1187,351,4
C00422 (Triacylglycerol)	114,323,4
C00865 (Phospholipid)	345,317,4
C00010 (CoA)	649,487,4
C00040 (Acyl-CoA)	693,509,4
C00165 (Diacylglycerol)	779,509,4
C00681 (1-Acyl-sn-glycerol 3-phosphate)	428,314,4
C00416 (Phosphatidate)	779,319,4
C00865 (Phospholipid)	1015,571,4
C00187 (Cholesterol)	1015,571,4
C02112 (2-Acylglycerol)	132,567,4
C01885 (1-Acylglycerol)	132,567,4
C01558 (Bile salt)	184,209,4
C01558 (Bile salt)	182,477,4
C00422 (Triacylglycerol)	907,449,4
C02530 (Cholesterol ester)	907,472,4
C00162 (Fatty acid)	395,637,4
C00187 (Cholesterol)	395,637,4
C00187 (Cholesterol)	525,640,4
C00162 (Fatty acid)	602,443,4
C00162 (Fatty acid)	580,490,4
C00162 (Fatty acid)	471,571,4
C00162 (Fatty acid)	516,631,4
27409 (Abcg5)	426,748,472,765
67470 (Abcg8)	426,765,472,782
237636 (Npc1l1)	510,689,556,706
12491 (Cd36)	426,501,472,518
238055 (Apob)	835,642,881,659
12613 (Cel)	172,446,218,463
18778 (Pla2g1b)	172,446,218,463
18780 (Pla2g2a)	172,446,218,463
18781 (Pla2g2c)	172,446,218,463
18782 (Pla2g2d)	172,446,218,463
18784 (Pla2g5)	172,446,218,463
18946 (Pnliprp1)	172,446,218,463
18947 (Pnliprp2)	172,446,218,463
237625 (Pla2g3)	172,446,218,463
26565 (Pla2g10)	172,446,218,463
26970 (Pla2g2e)	172,446,218,463
26971 (Pla2g2f)	172,446,218,463
66350 (Pla2g12a)	172,446,218,463
67717 (Lipf)	172,446,218,463
69060 (Pnlip)	172,446,218,463
69836 (Pla2g12b)	172,446,218,463
55979 (Agpat1)	704,293,750,310
67512 (Agpat2)	704,293,750,310
233549 (Mogat2)	720,409,766,426
13350 (Dgat1)	726,561,772,578
67800 (Dgat2)	726,561,772,578
110460 (Acat2)	707,705,753,722
17777 (Mttp)	810,616,856,633
238055 (Apob)	1041,301,1087,318
238055 (Apob)	1178,299,1224,316
11808 (Apoa4)	1218,333,1264,350
11806 (Apoa1)	1178,368,1224,385
11808 (Apoa4)	1080,333,1126,350
11806 (Apoa1)	1042,365,1088,382
11808 (Apoa4)	871,678,917,695
11806 (Apoa1)	899,488,945,505
238055 (Apob)	925,621,971,638
11303 (Abca1)	1040,564,1086,581
109791 (Clps)	231,446,277,463
19012 (Ppap2a)	785,346,831,363
50784 (Ppap2c)	785,346,831,363
67916 (Ppap2b)	785,346,831,363
11808 (Apoa4)	937,452,983,469
238055 (Apob)	899,422,945,439
26569 (Slc27a4)	643,531,689,548
11806 (Apoa1)	1103,541,1149,558
11806 (Apoa1)	1103,628,1149,645
20778 (Scarb1)	423,628,469,645
14079 (Fabp2)	580,409,626,426
14080 (Fabp1)	558,456,604,473
14719 (Got2)	512,564,558,581
mmu04975: Fat digestion and absorption	40,45,325,70
mmu04530: Tight junction	542,104,657,129
mmu04972: Pancreatic secretion	73,409,188,434
mmu04976: Bile secretion	71,154,186,179
mmu00561: Glycerolipid metabolism	788,554,886,588
