G10505 (Hyaluronic acid)	102,352,4
C00925 (Heparan sulfate)	1122,164,4
C00925 (Heparan sulfate)	1122,233,4
G13064 (Binding domain for HGF in heparin/heparan sulfate)	1122,401,4
G13063 (Binding domain for FGF2 in heparin/heparan sulfate)	1122,760,4
C00925 (Heparan sulfate)	1122,1203,4
C00925 (Heparan sulfate)	1091,1543,4
C00925 (Heparan sulfate)	1122,298,4
C00426 (Dermatan sulfate)	105,1159,4
C00607 (Chondroitin sulfate)	79,1088,4
C00573 (Keratan sulfate)	127,1540,4
C00925 (Heparan sulfate)	1122,1133,4
G13063 (Binding domain for FGF2 in heparin/heparan sulfate)	1122,981,4
C00925 (Heparan sulfate)	1122,463,4
C00925 (Heparan sulfate)	1121,600,4
12505 (Cd44)	175,479,221,496
21844 (Tiam1)	271,383,317,400
13866 (Erbb2)	175,200,221,217
11848 (Rhoa)	370,479,416,496
67653 (4930544G11Rik)	370,479,416,496
19877 (Rock1)	468,478,514,495
19878 (Rock2)	468,478,514,495
109676 (Ank2)	271,598,317,615
11733 (Ank1)	271,598,317,615
11735 (Ank3)	271,598,317,615
18706 (Pik3ca)	661,436,707,453
18707 (Pik3cd)	661,436,707,453
18708 (Pik3r1)	661,436,707,453
18709 (Pik3r2)	661,436,707,453
18710 (Pik3r3)	661,436,707,453
74769 (Pik3cb)	661,436,707,453
11651 (Akt1)	760,435,806,452
11652 (Akt2)	760,435,806,452
23797 (Akt3)	760,435,806,452
17931 (Ppp1r12a)	567,522,613,539
19045 (Ppp1ca)	567,522,613,539
19046 (Ppp1cb)	567,522,613,539
19047 (Ppp1cc)	567,522,613,539
232807 (Ppp1r12c)	567,522,613,539
329251 (Ppp1r12b)	567,522,613,539
434233 (Ppp1ccb)	567,522,613,539
12505 (Cd44)	175,598,221,615
16438 (Itpr1)	468,576,514,593
16439 (Itpr2)	468,576,514,593
16440 (Itpr3)	468,576,514,593
108058 (Camk2d)	661,576,707,593
12322 (Camk2a)	661,576,707,593
12323 (Camk2b)	661,576,707,593
12325 (Camk2g)	661,576,707,593
192176 (Flna)	760,576,806,593
286940 (Flnb)	760,576,806,593
68794 (Flnc)	760,576,806,593
74055 (Plce1)	468,523,514,540
69632 (Arhgef12)	271,523,317,540
20544 (Slc9a1)	567,478,613,495
14388 (Gab1)	566,436,612,453
109676 (Ank2)	271,436,317,453
11733 (Ank1)	271,436,317,453
11735 (Ank3)	271,436,317,453
19353 (Rac1)	370,383,416,400
12540 (Cdc42)	271,342,317,359
18479 (Pak1)	468,341,514,358
192176 (Flna)	468,324,514,341
286940 (Flnb)	468,324,514,341
68794 (Flnc)	468,324,514,341
11461 (Actb)	468,298,514,315
11465 (Actg1)	468,298,514,315
29875 (Iqgap1)	271,325,317,342
26413 (Mapk1)	370,260,416,277
26417 (Mapk3)	370,260,416,277
13712 (Elk1)	468,249,514,266
13982 (Esr1)	468,271,514,288
12505 (Cd44)	175,217,221,234
15461 (Hras)	370,198,416,215
16653 (Kras)	370,198,416,215
17532 (Mras)	370,198,416,215
18176 (Nras)	370,198,416,215
20130 (Rras)	370,198,416,215
66922 (Rras2)	370,198,416,215
109880 (Braf)	468,199,514,216
110157 (Raf1)	468,199,514,216
11836 (Araf)	468,199,514,216
26395 (Map2k1)	567,198,613,215
26396 (Map2k2)	567,198,613,215
26413 (Mapk1)	661,198,707,215
26417 (Mapk3)	661,198,707,215
12505 (Cd44)	175,699,221,716
71950 (Nanog)	271,668,317,685
13207 (Ddx5)	567,647,613,664
14000 (Drosha)	567,667,613,684
387140 (Mir21a)	760,668,806,685
20848 (Stat3)	567,691,613,708
13043 (Cttn)	370,173,416,190
15163 (Hcls1)	370,173,416,190
12505 (Cd44)	175,156,221,173
20779 (Src)	198,173,244,190
14784 (Grb2)	271,200,317,217
22324 (Vav1)	271,217,317,234
22325 (Vav2)	271,217,317,234
57257 (Vav3)	271,217,317,234
19353 (Rac1)	370,219,416,236
16801 (Arhgef1)	271,479,317,496
11848 (Rhoa)	370,523,416,540
67653 (4930544G11Rik)	370,523,416,540
12505 (Cd44)	175,342,221,359
12443 (Ccnd1)	663,260,709,277
17126 (Smad2)	372,1556,418,1573
17246 (Mdm2)	372,1497,418,1514
22059 (Trp53)	569,1497,615,1514
26413 (Mapk1)	1334,156,1380,173
26417 (Mapk3)	1334,156,1380,173
17395 (Mmp9)	1497,135,1543,152
18792 (Plau)	1497,156,1543,173
18793 (Plaur)	1497,177,1543,194
14388 (Gab1)	1237,350,1283,367
18706 (Pik3ca)	1325,350,1371,367
18707 (Pik3cd)	1325,350,1371,367
18708 (Pik3r1)	1325,350,1371,367
18709 (Pik3r2)	1325,350,1371,367
18710 (Pik3r3)	1325,350,1371,367
74769 (Pik3cb)	1325,350,1371,367
11651 (Akt1)	1595,350,1641,367
11652 (Akt2)	1595,350,1641,367
23797 (Akt3)	1595,350,1641,367
14784 (Grb2)	1237,384,1283,401
15461 (Hras)	1325,384,1371,401
16653 (Kras)	1325,384,1371,401
17532 (Mras)	1325,384,1371,401
18176 (Nras)	1325,384,1371,401
20130 (Rras)	1325,384,1371,401
66922 (Rras2)	1325,384,1371,401
109880 (Braf)	1412,384,1458,401
110157 (Raf1)	1412,384,1458,401
11836 (Araf)	1412,384,1458,401
26413 (Mapk1)	1595,384,1641,401
26417 (Mapk3)	1595,384,1641,401
12387 (Ctnnb1)	1595,430,1641,447
66911 (Nudt16l1)	1237,772,1283,789
19303 (Pxn)	1237,791,1283,808
14083 (Ptk2)	1237,810,1283,827
20779 (Src)	1237,848,1283,865
18750 (Prkca)	1237,752,1283,769
13179 (Dcn)	68,1115,114,1132
24088 (Tlr2)	175,1105,221,1122
21898 (Tlr4)	175,1125,221,1142
18569 (Pdcd4)	661,1103,707,1120
21803 (Tgfb1)	103,1065,149,1082
13866 (Erbb2)	175,1184,221,1201
13867 (Erbb3)	175,1184,221,1201
13869 (Erbb4)	175,1184,221,1201
17869 (Myc)	370,1164,416,1181
12387 (Ctnnb1)	370,1184,416,1201
17295 (Met)	175,1259,221,1276
12402 (Cbl)	271,1259,317,1276
21859 (Timp3)	661,1246,707,1263
21825 (Thbs1)	661,1271,707,1288
17390 (Mmp2)	661,1338,707,1355
17395 (Mmp9)	661,1361,707,1378
22339 (Vegfa)	771,1349,817,1366
15251 (Hif1a)	370,1204,416,1221
22339 (Vegfa)	661,1195,707,1212
21926 (Tnf)	661,1132,707,1149
16160 (Il12b)	711,1132,757,1149
83383 (Tfap4)	661,1164,707,1181
12575 (Cdkn1a)	806,1163,852,1180
16000 (Igf1)	103,902,149,919
16001 (Igf1r)	175,902,221,919
18706 (Pik3ca)	271,902,317,919
18707 (Pik3cd)	271,902,317,919
18708 (Pik3r1)	271,902,317,919
18709 (Pik3r2)	271,902,317,919
18710 (Pik3r3)	271,902,317,919
74769 (Pik3cb)	271,902,317,919
11651 (Akt1)	370,888,416,905
11652 (Akt2)	370,888,416,905
23797 (Akt3)	370,888,416,905
18607 (Pdpk1)	370,913,416,930
56717 (Mtor)	468,888,514,905
58988 (Rps6kb2)	567,902,613,919
72508 (Rps6kb1)	567,902,613,919
75705 (Eif4b)	661,893,707,910
20104 (Rps6)	661,912,707,929
14103 (Fasl)	95,1449,141,1466
14102 (Fas)	177,1448,223,1465
17022 (Lum)	93,1496,139,1513
21808 (Tgfb2)	93,1557,139,1573
20969 (Sdc1)	1149,156,1195,173
15442 (Hpse)	1067,131,1113,148
545291 (Hpse2)	1067,131,1113,148
20969 (Sdc1)	1149,225,1195,242
12842 (Col1a1)	1067,188,1113,205
12843 (Col1a2)	1067,188,1113,205
16398 (Itga2)	1149,188,1195,205
16412 (Itgb1)	1149,188,1195,205
16410 (Itgav)	1149,251,1195,268
16416 (Itgb3)	1149,251,1195,268
16410 (Itgav)	1149,335,1195,352
16419 (Itgb5)	1149,335,1195,352
15234 (Hgf)	1067,362,1113,379
17295 (Met)	1149,362,1195,379
20969 (Sdc1)	1149,393,1195,410
14362 (Fzd1)	1149,429,1195,446
14365 (Fzd3)	1149,429,1195,446
14366 (Fzd4)	1149,429,1195,446
14367 (Fzd5)	1149,429,1195,446
14368 (Fzd6)	1149,429,1195,446
14369 (Fzd7)	1149,429,1195,446
14370 (Fzd8)	1149,429,1195,446
14371 (Fzd9)	1149,429,1195,446
57265 (Fzd2)	1149,429,1195,446
93897 (Fzd10)	1149,429,1195,446
22408 (Wnt1)	1067,429,1113,446
15529 (Sdc2)	1149,592,1195,609
22350 (Ezr)	1237,573,1283,590
19684 (Rdx)	1237,592,1283,609
17698 (Msn)	1237,611,1283,628
11461 (Actb)	1325,592,1371,609
11465 (Actg1)	1325,592,1371,609
14173 (Fgf2)	1067,706,1113,723
14182 (Fgfr1)	1149,706,1195,723
20971 (Sdc4)	1149,752,1195,769
16402 (Itga5)	1149,848,1195,865
16412 (Itgb1)	1149,848,1195,865
14268 (Fn1)	1067,801,1113,818
26413 (Mapk1)	1595,682,1641,699
26417 (Mapk3)	1595,682,1641,699
327826 (Frs2)	1237,682,1283,699
14784 (Grb2)	1325,673,1371,690
19247 (Ptpn11)	1325,690,1371,707
20662 (Sos1)	1412,682,1458,699
20663 (Sos2)	1412,682,1458,699
15461 (Hras)	1497,682,1543,699
16653 (Kras)	1497,682,1543,699
17532 (Mras)	1497,682,1543,699
18176 (Nras)	1497,682,1543,699
20130 (Rras)	1497,682,1543,699
66922 (Rras2)	1497,682,1543,699
18803 (Plcg1)	1237,728,1283,745
234779 (Plcg2)	1237,728,1283,745
18750 (Prkca)	1412,749,1458,766
18751 (Prkcb)	1412,749,1458,766
18752 (Prkcg)	1412,749,1458,766
14734 (Gpc3)	1149,1195,1195,1212
14362 (Fzd1)	1149,1159,1195,1176
14365 (Fzd3)	1149,1159,1195,1176
14366 (Fzd4)	1149,1159,1195,1176
14367 (Fzd5)	1149,1159,1195,1176
14368 (Fzd6)	1149,1159,1195,1176
14369 (Fzd7)	1149,1159,1195,1176
14370 (Fzd8)	1149,1159,1195,1176
14371 (Fzd9)	1149,1159,1195,1176
57265 (Fzd2)	1149,1159,1195,1176
93897 (Fzd10)	1149,1159,1195,1176
16147 (Ihh)	1067,1238,1113,1255
20423 (Shh)	1067,1238,1113,1255
19206 (Ptch1)	1149,1238,1195,1255
319757 (Smo)	1149,1282,1195,1299
16002 (Igf2)	1067,1087,1113,1104
16001 (Igf1r)	1149,1087,1195,1104
26413 (Mapk1)	1325,1087,1371,1104
26417 (Mapk3)	1325,1087,1371,1104
15530 (Hspg2)	1067,1442,1113,1459
15530 (Hspg2)	1067,1499,1113,1516
13039 (Ctsl)	1041,1475,1087,1492
16398 (Itga2)	1149,1441,1195,1458
16412 (Itgb1)	1149,1441,1195,1458
18747 (Prkaca)	1288,1465,1334,1482
18749 (Prkacb)	1288,1465,1334,1482
14083 (Ptk2)	1377,1465,1423,1482
19094 (Mapk11)	1458,1465,1504,1482
26415 (Mapk13)	1458,1465,1504,1482
26416 (Mapk14)	1458,1465,1504,1482
29857 (Mapk12)	1458,1465,1504,1482
69253 (Hspb2)	1543,1465,1589,1482
16542 (Kdr)	1149,1581,1195,1598
22339 (Vegfa)	1067,1580,1113,1597
15170 (Ptpn6)	1237,1419,1283,1436
16542 (Kdr)	1149,1384,1195,1401
387140 (Mir21a)	661,1065,707,1082
12387 (Ctnnb1)	1497,1159,1543,1176
22370 (Vtn)	1067,251,1113,268
14268 (Fn1)	1067,335,1113,352
20969 (Sdc1)	1149,290,1195,307
16402 (Itga5)	1149,523,1195,540
16412 (Itgb1)	1149,523,1195,540
14268 (Fn1)	1067,555,1113,572
13345 (Twist2)	271,736,317,753
22160 (Twist1)	271,736,317,753
387144 (Mir10b)	661,736,707,753
723893 (Mir10a)	661,736,707,753
15430 (Hoxd10)	660,774,706,791
16398 (Itga2)	1149,1530,1195,1547
16412 (Itgb1)	1149,1530,1195,1547
14734 (Gpc3)	1149,1125,1195,1142
14733 (Gpc1)	1149,973,1195,990
15200 (Hbegf)	1067,934,1113,951
13649 (Egfr)	1149,934,1195,951
14173 (Fgf2)	1067,1009,1113,1026
14182 (Fgfr1)	1149,1009,1195,1026
26413 (Mapk1)	1325,973,1371,990
26417 (Mapk3)	1325,973,1371,990
20890 (Wnt8a)	1067,1159,1113,1176
216795 (Wnt9a)	1067,1159,1113,1176
22408 (Wnt1)	1067,1159,1113,1176
22409 (Wnt10a)	1067,1159,1113,1176
22410 (Wnt10b)	1067,1159,1113,1176
22411 (Wnt11)	1067,1159,1113,1176
22412 (Wnt9b)	1067,1159,1113,1176
22413 (Wnt2)	1067,1159,1113,1176
22414 (Wnt2b)	1067,1159,1113,1176
22415 (Wnt3)	1067,1159,1113,1176
22416 (Wnt3a)	1067,1159,1113,1176
22417 (Wnt4)	1067,1159,1113,1176
22418 (Wnt5a)	1067,1159,1113,1176
22419 (Wnt5b)	1067,1159,1113,1176
22420 (Wnt6)	1067,1159,1113,1176
22421 (Wnt7a)	1067,1159,1113,1176
22422 (Wnt7b)	1067,1159,1113,1176
22423 (Wnt8b)	1067,1159,1113,1176
93735 (Wnt16)	1067,1159,1113,1176
12512 (Cd63)	370,951,416,968
13649 (Egfr)	175,1014,221,1031
26413 (Mapk1)	271,1041,317,1058
26417 (Mapk3)	271,1041,317,1058
12575 (Cdkn1a)	661,1040,707,1057
12367 (Casp3)	271,1015,317,1032
13649 (Egfr)	214,945,260,962
12389 (Cav1)	214,962,260,979
12390 (Cav2)	214,962,260,979
12391 (Cav3)	214,962,260,979
20969 (Sdc1)	1149,455,1195,472
16542 (Kdr)	871,1349,917,1366
mmu04810: Regulation of actin cytoskeleton	709,298,811,323
mmu04020: Calcium signaling pathway	545,548,642,573
mmu04010: MAPK signaling pathway	606,148,711,173
mmu04350: TGF-beta signaling pathway	426,1528,525,1553
mmu04010: MAPK signaling pathway	1462,398,1566,423
mmu04151: PI3K-Akt signaling pathway	1440,325,1542,350
mmu04310: Wnt signaling pathway	1295,425,1387,450
mmu04370: VEGF signaling pathway	749,1234,841,1259
mmu04066: HIF-1 signaling pathway	310,1228,402,1253
mmu05205: Proteoglycans in cancer	40,45,281,70
mmu04510: Focal adhesion	1297,560,1389,585
mmu04340: Hedgehog signaling pathway	1201,1249,1293,1274
mmu04310: Wnt signaling pathway	1278,1155,1370,1180
mmu04370: VEGF signaling pathway	1301,1578,1393,1603
mmu04210: Apoptosis	674,1470,766,1495
mmu04150: mTOR signaling pathway	711,871,803,896
mmu04520: Adherens junction	579,298,681,323
mmu04350: TGF-beta signaling pathway	270,1079,372,1104
mmu04210: Apoptosis	837,1011,929,1036
