C00951 (Estradiol-17beta)	238,821,4
C00410 (Progesterone)	238,821,4
C07653 (Flutamide)	238,821,4
C01227 (Dehydroepiandrosterone)	238,821,4
C00280 (Androstenedione)	238,821,4
C00735 (Cortisol)	238,821,4
C00762 (Cortisone)	238,821,4
C03917 (Dihydrotestosterone)	239,735,4
C00535 (Testosterone)	239,695,4
C16038 (2-Amino-1-methyl-6-phenylimidazo[4,5-b]pyridine)	239,242,4
C05981 (Phosphatidylinositol-3,4,5-trisphosphate)	434,588,4
94224 (Srd5a2)	186,704,232,721
11835 (Ar)	580,815,626,832
11835 (Ar)	580,798,626,815
18033 (Nfkb1)	677,716,723,733
19697 (Rela)	677,716,723,733
18035 (Nfkbia)	677,684,723,701
12576 (Cdkn1b)	606,563,652,580
19211 (Pten)	372,408,418,425
18095 (Nkx3-1)	456,349,502,366
12043 (Bcl2)	1016,717,1062,734
12443 (Ccnd1)	1016,654,1062,671
16842 (Lef1)	879,653,925,670
21414 (Tcf7)	879,653,925,670
21415 (Tcf7l1)	879,653,925,670
21416 (Tcf7l2)	879,653,925,670
12914 (Crebbp)	831,620,877,637
328572 (Ep300)	831,620,877,637
11835 (Ar)	443,806,489,823
17246 (Mdm2)	606,594,652,611
12575 (Cdkn1a)	606,533,652,550
56458 (Foxo1)	606,502,652,519
12566 (Cdk2)	884,305,930,322
12387 (Ctnnb1)	722,653,768,670
13555 (E2f1)	967,352,1013,369
13557 (E2f3)	967,352,1013,369
242705 (E2f2)	967,352,1013,369
15461 (Hras)	358,705,404,722
16653 (Kras)	358,705,404,722
18176 (Nras)	358,705,404,722
22059 (Trp53)	913,592,959,609
13649 (Egfr)	284,580,330,597
13866 (Erbb2)	284,580,330,597
14182 (Fgfr1)	284,580,330,597
14183 (Fgfr2)	284,580,330,597
16001 (Igf1r)	284,580,330,597
18595 (Pdgfra)	284,580,330,597
18596 (Pdgfrb)	284,580,330,597
23920 (Insrr)	284,580,330,597
12675 (Chuk)	606,683,652,700
16150 (Ikbkb)	606,683,652,700
16151 (Ikbkg)	606,683,652,700
12015 (Bad)	606,471,652,488
12371 (Casp9)	606,442,652,459
11911 (Atf4)	721,617,767,634
12912 (Creb1)	721,617,767,634
12913 (Creb3)	721,617,767,634
208647 (Creb3l2)	721,617,767,634
208677 (Creb3l3)	721,617,767,634
231991 (Creb5)	721,617,767,634
26427 (Creb3l1)	721,617,767,634
78284 (Creb3l4)	721,617,767,634
12447 (Ccne1)	884,322,930,339
12448 (Ccne2)	884,322,930,339
13645 (Egf)	207,580,253,597
16000 (Igf1)	207,580,253,597
16333 (Ins1)	207,580,253,597
16334 (Ins2)	207,580,253,597
18590 (Pdgfa)	207,580,253,597
18591 (Pdgfb)	207,580,253,597
21802 (Tgfa)	207,580,253,597
54635 (Pdgfc)	207,580,253,597
71785 (Pdgfd)	207,580,253,597
19645 (Rb1)	967,315,1013,332
18607 (Pdpk1)	447,548,493,565
20662 (Sos1)	358,666,404,683
20663 (Sos2)	358,666,404,683
14784 (Grb2)	358,628,404,645
56637 (Gsk3b)	607,634,653,651
15516 (Hsp90ab1)	443,823,489,840
15519 (Hsp90aa1)	443,823,489,840
22027 (Hsp90b1)	443,823,489,840
56717 (Mtor)	606,747,652,764
12576 (Cdkn1b)	820,278,866,295
11651 (Akt1)	507,580,553,597
11652 (Akt2)	507,580,553,597
23797 (Akt3)	507,580,553,597
18706 (Pik3ca)	358,580,404,597
18707 (Pik3cd)	358,580,404,597
18708 (Pik3r1)	358,580,404,597
18709 (Pik3r2)	358,580,404,597
18710 (Pik3r3)	358,580,404,597
74769 (Pik3cb)	358,580,404,597
14869 (Gstp2)	665,189,711,206
14870 (Gstp1)	665,189,711,206
225884 (Gstp3)	665,189,711,206
26413 (Mapk1)	511,746,557,763
26417 (Mapk3)	511,746,557,763
26395 (Map2k1)	510,705,556,722
26396 (Map2k2)	510,705,556,722
109880 (Braf)	436,705,482,722
110157 (Raf1)	436,705,482,722
11836 (Araf)	436,705,482,722
50528 (Tmprss2)	898,406,944,423
13876 (Erg)	953,406,999,423
50528 (Tmprss2)	898,515,944,532
104156 (Etv5)	953,515,999,532
18792 (Plau)	1095,394,1141,411
17392 (Mmp3)	1095,416,1141,433
17395 (Mmp9)	1095,416,1141,433
21417 (Zeb1)	1146,416,1192,433
16178 (Il1r2)	1095,438,1141,455
20732 (Spint1)	1095,469,1141,486
18792 (Plau)	1095,507,1141,524
17395 (Mmp9)	1095,529,1141,546
18791 (Plat)	1146,394,1192,411
mmu04115: p53 signaling pathway	837,549,941,583
mmu04060: Cytokine-cytokine receptor interaction	179,608,283,642
mmu00140: Steroid hormone biosynthesis	31,695,157,729
mmu04210: Apoptosis	643,400,747,434
mmu04010: MAPK signaling pathway	425,641,529,675
mmu05215: Prostate cancer	40,45,192,70
mmu04110: Cell cycle	1029,292,1133,326
mmu04151: PI3K-Akt signaling pathway	517,400,621,434
mmu05202: Transcriptional misregulation in cancer	871,450,1012,484
