C00076 (Calcium cation)	473,321,4
C00076 (Calcium cation)	635,329,4
C00076 (Calcium cation)	558,453,4
C00076 (Calcium cation)	675,162,4
C01330 (Sodium cation)	689,267,4
24052 (Sgcd)	189,205,235,222
12288 (Cacna1c)	492,317,538,334
12289 (Cacna1d)	492,317,538,334
12292 (Cacna1s)	492,317,538,334
12293 (Cacna2d1)	492,317,538,334
12294 (Cacna2d3)	492,317,538,334
12295 (Cacnb1)	492,317,538,334
12296 (Cacnb2)	492,317,538,334
12297 (Cacnb3)	492,317,538,334
12298 (Cacnb4)	492,317,538,334
12299 (Cacng1)	492,317,538,334
12300 (Cacng2)	492,317,538,334
140723 (Cacng5)	492,317,538,334
319734 (Cacna2d4)	492,317,538,334
54376 (Cacng3)	492,317,538,334
54377 (Cacng4)	492,317,538,334
54378 (Cacng6)	492,317,538,334
54652 (Cacna1f)	492,317,538,334
56808 (Cacna2d2)	492,317,538,334
81904 (Cacng7)	492,317,538,334
81905 (Cacng8)	492,317,538,334
20191 (Ryr2)	567,318,613,335
11937 (Atp2a1)	669,354,715,371
11938 (Atp2a2)	669,354,715,371
53313 (Atp2a3)	669,354,715,371
110891 (Slc8a2)	659,204,705,221
110893 (Slc8a3)	659,204,705,221
20541 (Slc8a1)	659,204,705,221
24053 (Sgcg)	235,205,281,222
24051 (Sgcb)	326,205,372,222
20391 (Sgca)	280,205,326,222
13138 (Dag1)	370,158,416,175
13138 (Dag1)	371,205,417,222
16772 (Lama1)	371,119,417,136
16773 (Lama2)	371,119,417,136
13726 (Emd)	218,561,264,578
16905 (Lmna)	273,577,319,594
13405 (Dmd)	325,285,371,302
13506 (Dsc2)	811,483,857,500
13506 (Dsc2)	896,484,942,501
13511 (Dsg2)	811,521,857,538
13511 (Dsg2)	896,521,942,538
13506 (Dsc2)	811,557,857,574
13511 (Dsg2)	896,558,942,575
13511 (Dsg2)	812,593,858,610
13506 (Dsc2)	896,593,942,610
16480 (Jup)	942,511,988,528
67451 (Pkp2)	942,533,988,550
16480 (Jup)	942,550,988,567
67451 (Pkp2)	942,583,988,600
67451 (Pkp2)	765,475,811,492
16480 (Jup)	765,492,811,509
67451 (Pkp2)	765,509,811,526
16480 (Jup)	765,534,811,551
67451 (Pkp2)	765,551,811,568
16480 (Jup)	765,568,811,585
16480 (Jup)	942,473,988,490
67451 (Pkp2)	942,494,988,511
109620 (Dsp)	988,503,1034,520
109620 (Dsp)	988,541,1034,558
109620 (Dsp)	988,591,1034,608
109620 (Dsp)	719,501,765,518
109620 (Dsp)	719,543,765,560
109620 (Dsp)	719,577,765,594
104099 (Itga9)	78,204,124,221
109700 (Itga1)	78,204,124,221
16398 (Itga2)	78,204,124,221
16399 (Itga2b)	78,204,124,221
16400 (Itga3)	78,204,124,221
16401 (Itga4)	78,204,124,221
16402 (Itga5)	78,204,124,221
16403 (Itga6)	78,204,124,221
16404 (Itga7)	78,204,124,221
16410 (Itgav)	78,204,124,221
213119 (Itga10)	78,204,124,221
241226 (Itga8)	78,204,124,221
319480 (Itga11)	78,204,124,221
16412 (Itgb1)	124,204,170,221
16416 (Itgb3)	124,204,170,221
16419 (Itgb5)	124,204,170,221
16420 (Itgb6)	124,204,170,221
16421 (Itgb7)	124,204,170,221
192897 (Itgb4)	124,204,170,221
320910 (Itgb8)	124,204,170,221
11461 (Actb)	136,314,182,331
11465 (Actg1)	136,314,182,331
13346 (Des)	356,503,402,520
12558 (Cdh2)	811,413,857,430
12558 (Cdh2)	895,413,941,430
16480 (Jup)	941,413,987,430
12385 (Ctnna1)	987,413,1033,430
12386 (Ctnna2)	987,413,1033,430
216033 (Ctnna3)	987,413,1033,430
11472 (Actn2)	1033,413,1079,430
11474 (Actn3)	1033,413,1079,430
16480 (Jup)	765,413,811,430
12385 (Ctnna1)	719,413,765,430
12386 (Ctnna2)	719,413,765,430
216033 (Ctnna3)	719,413,765,430
13346 (Des)	1060,482,1106,499
16842 (Lef1)	306,625,352,642
21414 (Tcf7)	306,625,352,642
21415 (Tcf7l1)	306,625,352,642
21416 (Tcf7l2)	306,625,352,642
12387 (Ctnnb1)	477,579,523,596
11461 (Actb)	1101,401,1147,418
11465 (Actg1)	1101,401,1147,418
14609 (Gja1)	810,704,856,721
14609 (Gja1)	895,704,941,721
14609 (Gja1)	810,744,856,761
14609 (Gja1)	895,744,941,761
mmu05412: Arrhythmogenic right ventricular cardiomyopathy (ARVC)	40,45,549,70
mmu04260: Cardiac muscle contraction	185,492,303,526
mmu04512: ECM-receptor interaction	231,129,349,163
mmu04540: Gap junction	958,681,1076,706
mmu04310: Wnt signaling pathway	186,676,304,710
