C02990 (L-Palmitoylcarnitine)	143,301,4
C00638 (Long-chain fatty acid)	399,774,4
C05280 (cis,cis-3,6-Dodecadienoyl-CoA)	399,824,4
C03561 ((R)-3-Hydroxybutanoyl-CoA)	399,849,4
C01144 ((S)-3-Hydroxybutanoyl-CoA)	898,538,4
C00877 (Crotonoyl-CoA)	898,453,4
C00332 (Acetoacetyl-CoA)	898,622,4
C00136 (Butanoyl-CoA)	898,362,4
C00229 (Acyl-carrier protein)	430,802,4
C05269 (3-Oxohexanoyl-CoA)	772,622,4
C05271 (trans-Hex-2-enoyl-CoA)	772,453,4
C00010 (CoA)	772,693,4
C05268 ((S)-Hydroxyhexanoyl-CoA)	772,538,4
C05270 (Hexanoyl-CoA)	772,362,4
C20683 (Long-chain acyl-[acyl-carrier protein])	536,774,4
C05279 (trans,cis-Lauro-2,6-dienoyl-CoA)	536,824,4
C01144 ((S)-3-Hydroxybutanoyl-CoA)	536,849,4
C00010 (CoA)	646,693,4
C05267 (3-Oxooctanoyl-CoA)	646,622,4
C05266 ((S)-3-Hydroxyoctanoyl-CoA)	646,538,4
C05276 (trans-Oct-2-enoyl-CoA)	646,453,4
C01944 (Octanoyl-CoA)	646,362,4
C01371 (Alkane)	271,914,4
C00340 (Reduced rubredoxin)	292,947,4
C05275 (trans-Dec-2-enoyl-CoA)	520,453,4
C05274 (Decanoyl-CoA)	520,362,4
C05264 ((S)-Hydroxydecanoyl-CoA)	520,538,4
C00010 (CoA)	520,693,4
C05265 (3-Oxodecanoyl-CoA)	520,622,4
C00435 (Oxidized rubredoxin)	378,947,4
C00226 (Primary alcohol)	401,914,4
C05262 ((S)-3-Hydroxydodecanoyl-CoA)	394,538,4
C01832 (Lauroyl-CoA)	394,362,4
C00010 (CoA)	394,693,4
C05263 (3-Oxododecanoyl-CoA)	394,622,4
C03221 (2-trans-Dodecenoyl-CoA)	394,453,4
C00071 (Aldehyde)	506,914,4
C00010 (CoA)	268,693,4
C05260 ((S)-3-Hydroxytetradecanoyl-CoA)	268,538,4
C02593 (Tetradecanoyl-CoA)	268,362,4
C05261 (3-Oxotetradecanoyl-CoA)	268,622,4
C05273 (trans-Tetradec-2-enoyl-CoA)	268,453,4
C00162 (Fatty acid)	610,914,4
C00527 (Glutaryl-CoA)	978,387,4
C00010 (CoA)	143,693,4
C05259 (3-Oxopalmitoyl-CoA)	143,622,4
C05258 ((S)-3-Hydroxyhexadecanoyl-CoA)	143,538,4
C05272 (trans-Hexadec-2-enoyl-CoA)	143,453,4
C00154 (Palmitoyl-CoA)	143,240,4
C00249 (Hexadecanoic acid)	143,178,4
C05102 (alpha-Hydroxy fatty acid)	707,946,4
C03547 (omega-Hydroxy fatty acid)	707,914,4
C00517 (Hexadecanal)	252,177,4
C00823 (1-Hexadecanol)	361,177,4
C00024 (Acetyl-CoA)	898,780,4
C00489 (Glutarate)	978,322,4
C00154 (Palmitoyl-CoA)	143,362,4
66885 (Acadsb)	749,414,795,431
66885 (Acadsb)	900,389,946,406
11409 (Acads)	850,408,896,425
15107 (Hadh)	875,569,921,586
74147 (Ehhadh)	875,569,921,586
74147 (Ehhadh)	875,486,921,503
93747 (Echs1)	875,486,921,503
97212 (Hadha)	875,486,921,503
11364 (Acadm)	900,408,946,425
13177 (Eci1)	447,816,493,833
23986 (Eci2)	447,816,493,833
69123 (Eci3)	447,816,493,833
74147 (Ehhadh)	447,816,493,833
110446 (Acat1)	785,639,831,656
110460 (Acat2)	785,639,831,656
113868 (Acaa1a)	785,660,831,677
231086 (Hadhb)	785,660,831,677
235674 (Acaa1b)	785,660,831,677
52538 (Acaa2)	785,660,831,677
15107 (Hadh)	724,571,770,588
74147 (Ehhadh)	724,571,770,588
74147 (Ehhadh)	724,487,770,504
93747 (Echs1)	724,487,770,504
97212 (Hadha)	724,487,770,504
11409 (Acads)	724,376,770,393
11364 (Acadm)	724,395,770,412
97212 (Hadha)	774,571,820,588
11363 (Acadl)	774,395,820,412
113868 (Acaa1a)	660,650,706,667
231086 (Hadhb)	660,650,706,667
235674 (Acaa1b)	660,650,706,667
52538 (Acaa2)	660,650,706,667
15107 (Hadh)	598,572,644,589
74147 (Ehhadh)	598,572,644,589
74147 (Ehhadh)	598,488,644,505
93747 (Echs1)	598,488,644,505
97212 (Hadha)	598,488,644,505
11364 (Acadm)	598,408,644,425
97212 (Hadha)	648,572,694,589
11363 (Acadl)	648,408,694,425
113868 (Acaa1a)	533,650,579,667
231086 (Hadhb)	533,650,579,667
235674 (Acaa1b)	533,650,579,667
52538 (Acaa2)	533,650,579,667
15107 (Hadh)	472,572,518,589
74147 (Ehhadh)	472,572,518,589
74147 (Ehhadh)	472,488,518,505
93747 (Echs1)	472,488,518,505
97212 (Hadha)	472,488,518,505
11364 (Acadm)	472,409,518,426
11363 (Acadl)	522,409,568,426
97212 (Hadha)	522,572,568,589
113868 (Acaa1a)	406,650,452,667
231086 (Hadhb)	406,650,452,667
235674 (Acaa1b)	406,650,452,667
52538 (Acaa2)	406,650,452,667
15107 (Hadh)	346,573,392,590
74147 (Ehhadh)	346,573,392,590
74147 (Ehhadh)	346,489,392,506
93747 (Echs1)	346,489,392,506
97212 (Hadha)	346,489,392,506
11364 (Acadm)	346,409,392,426
11522 (Adh1)	432,896,478,913
11529 (Adh7)	432,896,478,913
11532 (Adh5)	432,896,478,913
26876 (Adh4)	432,896,478,913
270076 (Gcdh)	954,412,1000,429
97212 (Hadha)	396,573,442,590
11363 (Acadl)	396,409,442,426
113868 (Acaa1a)	281,650,327,667
231086 (Hadhb)	281,650,327,667
235674 (Acaa1b)	281,650,327,667
52538 (Acaa2)	281,650,327,667
74147 (Ehhadh)	220,489,266,506
93747 (Echs1)	220,489,266,506
97212 (Hadha)	220,489,266,506
11364 (Acadm)	220,395,266,412
15107 (Hadh)	220,573,266,590
74147 (Ehhadh)	220,573,266,590
97212 (Hadha)	270,573,316,590
11363 (Acadl)	270,395,316,412
100040843 (Cyp4a32)	633,916,679,933
13117 (Cyp4a10)	633,916,679,933
13118 (Cyp4a12b)	633,916,679,933
13119 (Cyp4a14)	633,916,679,933
230639 (Cyp4a29)	633,916,679,933
277753 (Cyp4a12a)	633,916,679,933
435802 (Cyp4a30b)	633,916,679,933
666168 (Cyp4a31)	633,916,679,933
113868 (Acaa1a)	155,650,201,667
231086 (Hadhb)	155,650,201,667
235674 (Acaa1b)	155,650,201,667
52538 (Acaa2)	155,650,201,667
15107 (Hadh)	95,573,141,590
74147 (Ehhadh)	95,573,141,590
74147 (Ehhadh)	95,489,141,506
93747 (Echs1)	95,489,141,506
97212 (Hadha)	95,489,141,506
11364 (Acadm)	95,395,141,412
14081 (Acsl1)	120,201,166,218
216739 (Acsl6)	120,201,166,218
328845 (Acsbg2)	120,201,166,218
433256 (Acsl5)	120,201,166,218
50790 (Acsl4)	120,201,166,218
74205 (Acsl3)	120,201,166,218
78625 (1700061G19Rik)	120,201,166,218
94180 (Acsbg1)	120,201,166,218
97212 (Hadha)	145,573,191,590
11363 (Acadl)	145,395,191,412
11430 (Acox1)	850,389,896,406
80911 (Acox3)	850,389,896,406
11430 (Acox1)	774,376,820,393
80911 (Acox3)	774,376,820,393
11430 (Acox1)	598,389,644,406
80911 (Acox3)	598,389,644,406
11430 (Acox1)	472,390,518,407
80911 (Acox3)	472,390,518,407
11430 (Acox1)	346,390,392,407
80911 (Acox3)	346,390,392,407
11430 (Acox1)	220,376,266,393
80911 (Acox3)	220,376,266,393
11430 (Acox1)	95,376,141,393
80911 (Acox3)	95,376,141,393
110446 (Acat1)	900,650,946,667
110460 (Acat2)	900,650,946,667
11370 (Acadvl)	120,414,166,431
11370 (Acadvl)	245,414,291,431
12894 (Cpt1a)	120,259,166,276
12895 (Cpt1b)	120,259,166,276
78070 (Cpt1c)	120,259,166,276
12896 (Cpt2)	120,321,166,338
110695 (Aldh7a1)	534,896,580,913
11669 (Aldh2)	534,896,580,913
11671 (Aldh3a2)	534,896,580,913
56752 (Aldh9a1)	534,896,580,913
72535 (Aldh1b1)	534,896,580,913
113868 (Acaa1a)	850,650,896,667
231086 (Hadhb)	850,650,896,667
235674 (Acaa1b)	850,650,896,667
52538 (Acaa2)	850,650,896,667
mmu00072: Synthesis and degradation of ketone bodies	956,649,1099,683
map00252: Alanine and aspartate metabolism	978,764,1101,798
mmu00020: Citrate cycle (TCA cycle)	855,863,936,888
mmu00061: Fatty acid biosynthesis	104,97,182,131
mmu00062: Fatty acid elongation	240,101,358,126
mmu00561: Glycerolipid metabolism	240,129,377,154
mmu00071: Fatty acid degradation	40,45,256,70
mmu00650: Butanoate metabolism	978,802,1101,827
mmu00630: Glyoxylate and dicarboxylate metabolism	978,831,1121,865
