C00092 (D-Glucose 6-phosphate)	691,442,4
C00092 (D-Glucose 6-phosphate)	809,443,4
C00031 (D-Glucose)	919,441,4
C00031 (D-Glucose)	877,519,4
C00031 (D-Glucose)	1040,599,4
C01330 (Sodium cation)	389,373,4
C00124 (D-Galactose)	389,386,4
C00031 (D-Glucose)	389,386,4
C00124 (D-Galactose)	1043,359,4
C00031 (D-Glucose)	1043,359,4
C00095 (D-Fructose)	479,567,4
C00031 (D-Glucose)	1048,695,4
C00095 (D-Fructose)	1048,695,4
C01330 (Sodium cation)	1041,303,4
C00238 (Potassium cation)	910,313,4
C00243 (Lactose)	305,183,4
C00124 (D-Galactose)	285,315,4
C00031 (D-Glucose)	328,302,4
C00089 (Sucrose)	356,183,4
C00031 (D-Glucose)	307,589,4
C02049 (Limit dextrin)	222,403,4
C01835 (Maltotriose)	150,418,4
C00208 (Maltose)	270,388,4
C00369 (Starch)	223,183,4
C00031 (D-Glucose)	469,699,4
C00076 (Calcium cation)	394,635,4
C00076 (Calcium cation)	543,635,4
C00095 (D-Fructose)	643,567,4
C05981 (Phosphatidylinositol-3,4,5-trisphosphate)	746,506,4
C00165 (Diacylglycerol)	717,768,4
C12285 (Sucralose)	371,772,4
C12284 (Saccharin sodium anhydrous)	371,772,4
C00760 (Cellulose)	74,628,4
C00369 (Starch)	148,629,4
C00707 (Xylan)	200,629,4
C01355 (Fructan)	128,654,4
C00246 (Butanoic acid)	98,827,4
C00163 (Propanoate)	160,827,4
C00033 (Acetate)	218,828,4
C00714 (Pectin)	253,629,4
C08822 (Gum arabic)	214,653,4
C00011 (CO2)	264,828,4
C00282 (Hydrogen)	264,861,4
20537 (Slc5a1)	423,373,469,390
56485 (Slc2a5)	512,559,558,576
20526 (Slc2a2)	953,349,999,366
11928 (Atp1a1)	952,300,998,317
11931 (Atp1b1)	952,300,998,317
11932 (Atp1b2)	952,300,998,317
11933 (Atp1b3)	952,300,998,317
11936 (Fxyd2)	952,300,998,317
232975 (Atp1a3)	952,300,998,317
27222 (Atp1a4)	952,300,998,317
67821 (Atp1b4)	952,300,998,317
98660 (Atp1a2)	952,300,998,317
14385 (Slc37a4)	724,434,770,451
20526 (Slc2a2)	953,686,999,703
226413 (Lct)	397,239,443,256
69983 (Sis)	402,495,448,512
232714 (Mgam)	484,434,530,451
100043684 (Amy2a4)	114,277,160,294
100043686 (Amy2a3)	114,277,160,294
100043688 (Amy2a2)	114,277,160,294
109959 (Amy2a5)	114,277,160,294
11722 (Amy1)	114,277,160,294
20526 (Slc2a2)	513,690,559,707
12289 (Cacna1d)	424,627,470,644
20526 (Slc2a2)	613,645,659,662
15275 (Hk1)	697,408,743,425
15277 (Hk2)	697,408,743,425
212032 (Hk3)	697,408,743,425
216019 (Hkdc1)	697,408,743,425
14377 (G6pc)	831,421,877,438
14378 (G6pc2)	831,421,877,438
68401 (G6pc3)	831,421,877,438
18706 (Pik3ca)	657,495,703,512
18707 (Pik3cd)	657,495,703,512
18708 (Pik3r1)	657,495,703,512
18709 (Pik3r2)	657,495,703,512
18710 (Pik3r3)	657,495,703,512
74769 (Pik3cb)	657,495,703,512
11651 (Akt1)	770,535,816,552
11652 (Akt2)	770,535,816,552
23797 (Akt3)	770,535,816,552
83770 (Tas1r2)	424,750,470,767
83771 (Tas1r3)	424,767,470,784
242851 (Gnat3)	528,760,574,777
18795 (Plcb1)	620,760,666,777
18796 (Plcb2)	620,760,666,777
18797 (Plcb3)	620,760,666,777
18798 (Plcb4)	620,760,666,777
18751 (Prkcb)	695,711,741,728
mmu04973: Carbohydrate digestion and absorption	40,45,406,70
mmu04970: Salivary secretion	83,190,198,215
mmu04530: Tight junction	542,104,657,129
mmu04972: Pancreatic secretion	83,222,198,247
mmu04742: Taste transduction	546,725,662,750
ko00650: Butanoate metabolism	217,696,340,721
ko00640: Propanoate metabolism	217,726,340,751
ko00620: Pyruvate metabolism	217,756,340,781
