C05981 (Phosphatidylinositol-3,4,5-trisphosphate)	757,410,4
C00165 (Diacylglycerol)	804,684,4
C00076 (Calcium cation)	851,649,4
C01245 (D-myo-Inositol 1,4,5-trisphosphate)	805,649,4
18018 (Nfatc1)	964,640,1010,657
18019 (Nfatc2)	964,640,1010,657
19055 (Ppp3ca)	889,640,935,657
19056 (Ppp3cb)	889,640,935,657
19057 (Ppp3cc)	889,640,935,657
19058 (Ppp3r1)	889,640,935,657
19059 (Ppp3r2)	889,640,935,657
14360 (Fyn)	615,722,661,739
22035 (Tnfsf10)	1154,802,1200,819
15979 (Ifngr1)	264,748,310,765
15980 (Ifngr2)	264,748,310,765
18803 (Plcg1)	716,641,762,658
234779 (Plcg2)	716,641,762,658
16797 (Lat)	642,640,688,657
18646 (Prf1)	264,937,310,954
15978 (Ifng)	1159,664,1205,681
12981 (Csf2)	1159,640,1205,657
21926 (Tnf)	1159,616,1205,633
18750 (Prkca)	874,675,920,692
18751 (Prkcb)	874,675,920,692
18752 (Prkcg)	874,675,920,692
24055 (Sh3bp2)	645,374,691,391
18803 (Plcg1)	698,442,744,459
234779 (Plcg2)	698,442,744,459
16797 (Lat)	640,457,686,474
19229 (Ptk2b)	657,241,703,258
16822 (Lcp2)	640,436,686,453
20963 (Syk)	552,497,598,514
22637 (Zap70)	552,475,598,492
16818 (Lck)	562,401,608,418
26904 (Sh2d1b1)	585,672,631,689
14360 (Fyn)	551,531,597,548
20400 (Sh2d1a)	530,695,576,712
23900 (Hcst)	479,629,525,646
12503 (Cd247)	477,562,523,579
14127 (Fcer1g)	477,539,523,556
22177 (Tyrobp)	477,421,523,438
19247 (Ptpn11)	501,229,547,246
15170 (Ptpn6)	501,204,547,221
15962 (Ifna1)	339,802,385,819
15964 (Ifna11)	339,802,385,819
15965 (Ifna2)	339,802,385,819
15967 (Ifna4)	339,802,385,819
15968 (Ifna5)	339,802,385,819
15969 (Ifna6)	339,802,385,819
15970 (Ifna7)	339,802,385,819
15972 (Ifna9)	339,802,385,819
15974 (Ifnab)	339,802,385,819
15977 (Ifnb1)	339,802,385,819
15978 (Ifng)	339,802,385,819
230396 (Ifna13)	339,802,385,819
242517 (Ifna15)	339,802,385,819
242519 (Ifna12)	339,802,385,819
404549 (Ifna14)	339,802,385,819
12122 (Bid)	46,939,92,956
12367 (Casp3)	46,894,92,911
14939 (Gzmb)	149,916,195,933
18646 (Prf1)	264,897,310,914
14102 (Fas)	264,855,310,872
21933 (Tnfrsf10b)	264,829,310,846
12506 (Cd48)	264,694,310,711
77777 (Ulbp1)	264,651,310,668
15894 (Icam1)	264,329,310,346
15896 (Icam2)	264,329,310,346
18706 (Pik3ca)	757,485,803,502
18707 (Pik3cd)	757,485,803,502
18708 (Pik3r1)	757,485,803,502
18709 (Pik3r2)	757,485,803,502
18710 (Pik3r3)	757,485,803,502
74769 (Pik3cb)	757,485,803,502
26413 (Mapk1)	1000,608,1046,625
26417 (Mapk3)	1000,608,1046,625
26395 (Map2k1)	916,531,962,548
26396 (Map2k2)	916,531,962,548
109880 (Braf)	918,577,964,594
110157 (Raf1)	918,577,964,594
11836 (Araf)	918,577,964,594
15461 (Hras)	848,577,894,594
16653 (Kras)	848,577,894,594
18176 (Nras)	848,577,894,594
20662 (Sos1)	779,577,825,594
20663 (Sos2)	779,577,825,594
14784 (Grb2)	707,577,753,594
20416 (Shc1)	635,577,681,594
20418 (Shc3)	635,577,681,594
216148 (Shc2)	635,577,681,594
271849 (Shc4)	635,577,681,594
18479 (Pak1)	825,483,871,500
170758 (Rac3)	774,331,820,348
19353 (Rac1)	774,331,820,348
19354 (Rac2)	774,331,820,348
22324 (Vav1)	701,330,747,347
22325 (Vav2)	701,330,747,347
57257 (Vav3)	701,330,747,347
14103 (Fasl)	478,901,524,918
14939 (Gzmb)	531,917,577,934
18646 (Prf1)	478,937,524,954
16643 (Klrd1)	406,430,452,447
14103 (Fasl)	406,855,452,872
22035 (Tnfsf10)	406,829,452,846
15975 (Ifnar1)	406,802,452,819
15976 (Ifnar2)	406,802,452,819
15979 (Ifngr1)	406,802,452,819
15980 (Ifngr2)	406,802,452,819
18106 (Cd244a)	406,694,452,711
27007 (Klrk1)	406,628,452,645
17086 (Ncr1)	406,519,452,536
246256 (Fcgr4)	406,550,452,567
16414 (Itgb2)	406,337,452,354
16415 (Itgb2l)	406,337,452,354
16408 (Itgal)	406,320,452,337
16643 (Klrd1)	406,262,452,279
14964 (H2-D1)	1034,71,1080,88
14964 (H2-D1)	1034,97,1080,114
14964 (H2-D1)	1034,123,1080,140
14972 (H2-K1)	1034,149,1080,166
14972 (H2-K1)	1034,175,1080,192
15040 (H2-T23)	1034,201,1080,218
15894 (Icam1)	1034,263,1080,280
15896 (Icam2)	1034,263,1080,280
15101 (H60a)	1034,478,1080,495
19368 (Raet1a)	1034,502,1080,519
19369 (Raet1b)	1034,502,1080,519
19370 (Raet1c)	1034,502,1080,519
379043 (Raet1e)	1034,502,1080,519
56554 (Raet1d)	1034,502,1080,519
77777 (Ulbp1)	1034,527,1080,544
16627 (Klra1)	1177,76,1223,93
16634 (Klra3)	1177,102,1223,119
16638 (Klra7)	1177,129,1223,146
16640 (Klra9)	1177,155,1223,172
16641 (Klrc1)	1177,194,1223,211
16643 (Klrd1)	1177,211,1223,228
16408 (Itgal)	1177,254,1223,271
16414 (Itgb2)	1177,271,1223,288
16415 (Itgb2l)	1177,271,1223,288
16635 (Klra4)	1177,299,1223,316
16642 (Klrc2)	1177,327,1223,344
16643 (Klrd1)	1177,344,1223,361
16639 (Klra8)	1177,374,1223,391
246256 (Fcgr4)	1177,405,1223,422
17086 (Ncr1)	1177,431,1223,448
17059 (Klrb1c)	1177,457,1223,474
27007 (Klrk1)	1177,502,1223,519
mmu04650: Natural killer cell mediated cytotoxicity	40,45,419,70
mmu04010: MAPK signaling pathway	765,529,878,563
mmu04020: Calcium signaling pathway	914,705,1014,739
mmu04630: JAK-STAT signaling pathway	647,795,756,829
mmu04060: Cytokine-cytokine receptor interaction	479,767,588,802
mmu04210: Apoptosis	41,508,150,533
