C00533 (Nitric oxide)	978,517,4
C00338 (Lipopolysaccharide)	558,538,4
100504404 (H2-Ea-ps)	418,184,464,201
14960 (H2-Aa)	418,184,464,201
14961 (H2-Ab1)	418,184,464,201
14969 (H2-Eb1)	418,184,464,201
14998 (H2-DMa)	418,184,464,201
14999 (H2-DMb1)	418,184,464,201
15000 (H2-DMb2)	418,184,464,201
15001 (H2-Oa)	418,184,464,201
15002 (H2-Ob)	418,184,464,201
14102 (Fas)	1000,114,1046,131
14103 (Fasl)	923,114,969,131
100529082 (Gm11127)	1000,86,1046,103
110557 (H2-Q6)	1000,86,1046,103
110558 (H2-Q9)	1000,86,1046,103
110696 (H2-M10.3)	1000,86,1046,103
14963 (H2-Bl)	1000,86,1046,103
14964 (H2-D1)	1000,86,1046,103
14972 (H2-K1)	1000,86,1046,103
14980 (H2-L)	1000,86,1046,103
14985 (H2-M10.1)	1000,86,1046,103
14990 (H2-M2)	1000,86,1046,103
14991 (H2-M3)	1000,86,1046,103
14997 (H2-M9)	1000,86,1046,103
15006 (H2-Q1)	1000,86,1046,103
15007 (H2-Q10)	1000,86,1046,103
15013 (H2-Q2)	1000,86,1046,103
15015 (H2-Q4)	1000,86,1046,103
15018 (H2-Q7)	1000,86,1046,103
15019 (H2-Q8)	1000,86,1046,103
15024 (H2-T10)	1000,86,1046,103
15033 (H2-T18)	1000,86,1046,103
15039 (H2-T22)	1000,86,1046,103
15040 (H2-T23)	1000,86,1046,103
15042 (H2-T24)	1000,86,1046,103
15043 (H2-T3)	1000,86,1046,103
15051 (H2-T9)	1000,86,1046,103
224753 (H2-M10.4)	1000,86,1046,103
224754 (H2-M11)	1000,86,1046,103
224756 (H2-M1)	1000,86,1046,103
224761 (H2-M10.5)	1000,86,1046,103
240095 (H2-M5)	1000,86,1046,103
333715 (H2-M10.2)	1000,86,1046,103
399549 (H2-M10.6)	1000,86,1046,103
547349	1000,86,1046,103
630294 (Gm7030)	1000,86,1046,103
667803 (H2-T-ps)	1000,86,1046,103
667977 (Gm8909)	1000,86,1046,103
69717 (Gm10499)	1000,86,1046,103
14939 (Gzmb)	960,181,1006,198
18646 (Prf1)	960,156,1006,173
12487 (Cd28)	498,207,544,224
15978 (Ifng)	771,256,817,273
21926 (Tnf)	956,462,1002,479
12519 (Cd80)	417,207,463,224
12524 (Cd86)	417,207,463,224
14102 (Fas)	1000,278,1046,295
14103 (Fasl)	923,278,969,295
14939 (Gzmb)	960,343,1006,360
18646 (Prf1)	960,316,1006,333
16183 (Il2)	770,135,816,152
15978 (Ifng)	735,389,781,406
16193 (Il6)	326,304,372,321
16175 (Il1a)	326,325,372,342
16176 (Il1b)	326,325,372,342
16175 (Il1a)	956,485,1002,502
16176 (Il1b)	956,485,1002,502
21926 (Tnf)	326,348,372,365
100529082 (Gm11127)	1000,249,1046,266
110557 (H2-Q6)	1000,249,1046,266
110558 (H2-Q9)	1000,249,1046,266
110696 (H2-M10.3)	1000,249,1046,266
14963 (H2-Bl)	1000,249,1046,266
14964 (H2-D1)	1000,249,1046,266
14972 (H2-K1)	1000,249,1046,266
14980 (H2-L)	1000,249,1046,266
14985 (H2-M10.1)	1000,249,1046,266
14990 (H2-M2)	1000,249,1046,266
14991 (H2-M3)	1000,249,1046,266
14997 (H2-M9)	1000,249,1046,266
15006 (H2-Q1)	1000,249,1046,266
15007 (H2-Q10)	1000,249,1046,266
15013 (H2-Q2)	1000,249,1046,266
15015 (H2-Q4)	1000,249,1046,266
15018 (H2-Q7)	1000,249,1046,266
15019 (H2-Q8)	1000,249,1046,266
15024 (H2-T10)	1000,249,1046,266
15033 (H2-T18)	1000,249,1046,266
15039 (H2-T22)	1000,249,1046,266
15040 (H2-T23)	1000,249,1046,266
15042 (H2-T24)	1000,249,1046,266
15043 (H2-T3)	1000,249,1046,266
15051 (H2-T9)	1000,249,1046,266
224753 (H2-M10.4)	1000,249,1046,266
224754 (H2-M11)	1000,249,1046,266
224756 (H2-M1)	1000,249,1046,266
224761 (H2-M10.5)	1000,249,1046,266
240095 (H2-M5)	1000,249,1046,266
333715 (H2-M10.2)	1000,249,1046,266
399549 (H2-M10.6)	1000,249,1046,266
547349	1000,249,1046,266
630294 (Gm7030)	1000,249,1046,266
667803 (H2-T-ps)	1000,249,1046,266
667977 (Gm8909)	1000,249,1046,266
69717 (Gm10499)	1000,249,1046,266
16627 (Klra1)	923,249,969,266
16634 (Klra3)	923,249,969,266
16638 (Klra7)	923,249,969,266
16640 (Klra9)	923,249,969,266
16641 (Klrc1)	923,249,969,266
16643 (Klrd1)	923,249,969,266
mmu04060: Cytokine-cytokine receptor interaction	515,417,628,451
mmu04660: T cell receptor signaling pathway	512,106,625,140
mmu04612: Antigen processing and presentation	337,106,449,140
mmu04514: Cell adhesion molecules (CAMs)	420,288,533,322
mmu05332: Graft-versus-host disease	40,45,273,70
mmu04210: Apoptosis	1020,187,1132,212
mmu04650: Natural killer cell mediated cytotoxicity	836,350,948,384
mmu04620: Toll-like receptor signaling pathway	712,541,825,575
