C16844 (Hydroxyl radical)	440,469,4
C00027 (Hydrogen peroxide)	440,469,4
C07909 (Sirolimus)	157,685,4
C00076 (Calcium cation)	361,847,4
C16844 (Hydroxyl radical)	975,847,4
C00027 (Hydrogen peroxide)	975,847,4
C00076 (Calcium cation)	594,847,4
C00076 (Calcium cation)	833,847,4
C05981 (Phosphatidylinositol-3,4,5-trisphosphate)	535,238,4
54354 (Rassf5)	417,380,463,397
19045 (Ppp1ca)	1107,380,1153,397
19046 (Ppp1cb)	1107,380,1153,397
19047 (Ppp1cc)	1107,380,1153,397
434233 (Ppp1ccb)	1107,380,1153,397
17869 (Myc)	418,319,464,336
15257 (Hipk1)	719,356,765,373
15258 (Hipk2)	719,356,765,373
15259 (Hipk3)	719,356,765,373
233020 (Hipk4)	719,356,765,373
12578 (Cdkn2a)	512,319,558,336
17246 (Mdm2)	606,319,652,336
22059 (Trp53)	719,319,765,336
18706 (Pik3ca)	418,229,464,246
18707 (Pik3cd)	418,229,464,246
18708 (Pik3r1)	418,229,464,246
18709 (Pik3r2)	418,229,464,246
18710 (Pik3r3)	418,229,464,246
74769 (Pik3cb)	418,229,464,246
11651 (Akt1)	606,229,652,246
11652 (Akt2)	606,229,652,246
23797 (Akt3)	606,229,652,246
22084 (Tsc2)	719,229,765,246
64930 (Tsc1)	719,229,765,246
19744 (Rheb)	832,229,878,246
56717 (Mtor)	832,281,878,298
56484 (Foxo3)	606,281,652,298
93759 (Sirt1)	418,281,464,298
15461 (Hras)	337,412,383,429
16653 (Kras)	337,412,383,429
17532 (Mras)	337,412,383,429
18176 (Nras)	337,412,383,429
20130 (Rras)	337,412,383,429
66922 (Rras2)	337,412,383,429
26395 (Map2k1)	512,412,558,429
26396 (Map2k2)	512,412,558,429
23871 (Ets1)	719,412,765,429
110157 (Raf1)	418,412,464,429
12567 (Cdk4)	943,412,989,429
12571 (Cdk6)	943,412,989,429
12443 (Ccnd1)	989,412,1035,429
12444 (Ccnd2)	989,412,1035,429
12445 (Ccnd3)	989,412,1035,429
26413 (Mapk1)	606,412,652,429
26417 (Mapk3)	606,412,652,429
12578 (Cdkn2a)	832,412,878,429
12575 (Cdkn1a)	832,466,878,483
12566 (Cdk2)	943,466,989,483
12447 (Ccne1)	989,466,1035,483
12448 (Ccne2)	989,466,1035,483
19645 (Rb1)	1107,466,1153,483
19650 (Rbl1)	1107,466,1153,483
19651 (Rbl2)	1107,466,1153,483
104394 (E2f4)	1199,466,1245,483
13555 (E2f1)	1199,466,1245,483
13557 (E2f3)	1199,466,1245,483
13559 (E2f5)	1199,466,1245,483
242705 (E2f2)	1199,466,1245,483
19094 (Mapk11)	606,466,652,483
26415 (Mapk13)	606,466,652,483
26416 (Mapk14)	606,466,652,483
29857 (Mapk12)	606,466,652,483
22059 (Trp53)	719,466,765,483
26397 (Map2k3)	512,466,558,483
26399 (Map2k6)	512,466,558,483
12566 (Cdk2)	943,517,989,534
12427 (Ccna1)	989,517,1035,534
12428 (Ccna2)	989,517,1035,534
17865 (Mybl2)	1107,517,1153,534
14235 (Foxm1)	1199,517,1245,534
19646 (Rbbp4)	1153,517,1199,534
217708 (Lin52)	1153,517,1199,534
231506 (Lin54)	1153,517,1199,534
72568 (Lin9)	1153,517,1199,534
75660 (Lin37)	1153,517,1199,534
93759 (Sirt1)	776,505,822,522
11920 (Atm)	512,517,558,534
50883 (Chek2)	606,517,652,534
17535 (Mre11a)	418,500,464,517
19360 (Rad50)	418,517,464,534
27354 (Nbn)	418,534,464,551
13197 (Gadd45a)	719,545,765,562
17873 (Gadd45b)	719,545,765,562
23882 (Gadd45g)	719,545,765,562
245000 (Atr)	512,583,558,600
12530 (Cdc25a)	719,583,765,600
12649 (Chek1)	606,583,652,600
19367 (Rad9a)	418,566,464,583
231724 (Rad9b)	418,566,464,583
19355 (Rad1)	418,583,464,600
15574 (Hus1)	418,600,464,617
12534 (Cdk1)	943,550,989,567
12442 (Ccnb2)	989,550,1035,567
209091 (Ccnb3)	989,550,1035,567
268697 (Ccnb1)	989,550,1035,567
12566 (Cdk2)	943,583,989,600
12447 (Ccne1)	989,583,1035,600
12448 (Ccne2)	989,583,1035,600
12567 (Cdk4)	943,616,989,633
12571 (Cdk6)	943,616,989,633
12443 (Ccnd1)	989,616,1035,633
12444 (Ccnd2)	989,616,1035,633
12445 (Ccnd3)	989,616,1035,633
18033 (Nfkb1)	943,649,989,666
19697 (Rela)	943,649,989,666
103213 (Traf3ip2)	832,631,878,648
14463 (Gata4)	719,631,765,648
18412 (Sqstm1)	606,631,652,648
17164 (Mapkapk2)	832,687,878,704
12192 (Zfp36l1)	943,687,989,704
12193 (Zfp36l2)	943,687,989,704
56717 (Mtor)	418,677,464,694
13685 (Eif4ebp1)	512,677,558,694
16175 (Il1a)	832,666,878,683
12289 (Cacna1d)	259,811,305,828
12333 (Capn1)	418,714,464,731
12334 (Capn2)	418,714,464,731
12313 (Calm1)	418,747,464,764
12314 (Calm2)	418,747,464,764
12315 (Calm3)	418,747,464,764
494124 (Calm5)	418,747,464,764
70405 (Calml3)	418,747,464,764
75600 (Calml4)	418,747,464,764
80796 (Calm4)	418,747,464,764
16175 (Il1a)	512,714,558,731
19055 (Ppp3ca)	512,747,558,764
19056 (Ppp3cb)	512,747,558,764
19057 (Ppp3cc)	512,747,558,764
19058 (Ppp3r1)	512,747,558,764
19059 (Ppp3r2)	512,747,558,764
18018 (Nfatc1)	606,747,652,764
18019 (Nfatc2)	606,747,652,764
18021 (Nfatc3)	606,747,652,764
73181 (Nfatc4)	606,747,652,764
16438 (Itpr1)	418,801,464,818
16439 (Itpr2)	418,801,464,818
16440 (Itpr3)	418,801,464,818
215999 (Mcu)	692,839,738,856
63873 (Trpv4)	259,838,305,855
58800 (Trpm7)	259,864,305,881
16193 (Il6)	1171,694,1217,711
16175 (Il1a)	1122,694,1168,711
21803 (Tgfb1)	1122,715,1168,732
21808 (Tgfb2)	1122,715,1168,732
21809 (Tgfb3)	1122,715,1168,732
21803 (Tgfb1)	178,134,224,151
21808 (Tgfb2)	178,134,224,151
21809 (Tgfb3)	178,134,224,151
17126 (Smad2)	606,134,652,151
17127 (Smad3)	606,134,652,151
56458 (Foxo1)	606,159,652,176
56484 (Foxo3)	606,159,652,176
103583 (Fbxw11)	580,356,626,373
12234 (Btrc)	580,356,626,373
21812 (Tgfbr1)	259,134,305,151
21813 (Tgfbr2)	259,134,305,151
16009 (Igfbp3)	1171,715,1217,732
18787 (Serpine1)	1220,715,1266,732
100529082 (Gm11127)	417,180,463,197
110557 (H2-Q6)	417,180,463,197
110558 (H2-Q9)	417,180,463,197
110696 (H2-M10.3)	417,180,463,197
14963 (H2-Bl)	417,180,463,197
14964 (H2-D1)	417,180,463,197
14972 (H2-K1)	417,180,463,197
14980 (H2-L)	417,180,463,197
14985 (H2-M10.1)	417,180,463,197
14990 (H2-M2)	417,180,463,197
14991 (H2-M3)	417,180,463,197
14997 (H2-M9)	417,180,463,197
15006 (H2-Q1)	417,180,463,197
15007 (H2-Q10)	417,180,463,197
15013 (H2-Q2)	417,180,463,197
15015 (H2-Q4)	417,180,463,197
15018 (H2-Q7)	417,180,463,197
15019 (H2-Q8)	417,180,463,197
15024 (H2-T10)	417,180,463,197
15033 (H2-T18)	417,180,463,197
15039 (H2-T22)	417,180,463,197
15040 (H2-T23)	417,180,463,197
15042 (H2-T24)	417,180,463,197
15043 (H2-T3)	417,180,463,197
15051 (H2-T9)	417,180,463,197
224753 (H2-M10.4)	417,180,463,197
224754 (H2-M11)	417,180,463,197
224756 (H2-M1)	417,180,463,197
224761 (H2-M10.5)	417,180,463,197
240095 (H2-M5)	417,180,463,197
333715 (H2-M10.2)	417,180,463,197
399549 (H2-M10.6)	417,180,463,197
547349 (H2-K1)	417,180,463,197
630294 (Gm7030)	417,180,463,197
667803 (H2-T-ps)	417,180,463,197
667977 (Gm8909)	417,180,463,197
69717 (Gm10499)	417,180,463,197
18706 (Pik3ca)	417,159,463,176
18707 (Pik3cd)	417,159,463,176
18708 (Pik3r1)	417,159,463,176
18709 (Pik3r2)	417,159,463,176
18710 (Pik3r3)	417,159,463,176
74769 (Pik3cb)	417,159,463,176
19211 (Pten)	512,261,558,278
12566 (Cdk2)	943,167,989,184
12447 (Ccne1)	989,167,1035,184
12448 (Ccne2)	989,167,1035,184
12575 (Cdkn1a)	832,167,878,184
12579 (Cdkn2b)	832,134,878,151
12567 (Cdk4)	943,134,989,151
12571 (Cdk6)	943,134,989,151
12443 (Ccnd1)	989,134,1035,151
12444 (Ccnd2)	989,134,1035,151
12445 (Ccnd3)	989,134,1035,151
11739 (Slc25a4)	706,794,752,811
11740 (Slc25a5)	706,794,752,811
73333 (Slc25a31)	706,794,752,811
22333 (Vdac1)	672,811,718,828
22334 (Vdac2)	672,811,718,828
22335 (Vdac3)	672,811,718,828
67738 (Ppid)	728,811,774,828
mmu04218: Cellular senescence	40,45,220,70
mmu04115: p53 signaling pathway	902,310,1028,332
mmu04110: Cell cycle	1329,461,1395,483
mmu04150: mTOR signaling pathway	895,254,1035,276
mmu04020: Calcium signaling pathway	911,792,1056,814
mmu04068: FoxO signaling pathway	895,198,1035,220
