C01330 (Sodium cation)	716,138,4
C00076 (Calcium cation)	693,377,4
C13050 (Cyclic ADP-ribose)	474,597,4
C13051 (Nicotinic acid adenine dinucleotide phosphate)	474,634,4
C06124 (Sphingosine 1-phosphate)	435,685,4
C00004 (NADH)	254,663,4
C00002 (ATP)	254,594,4
C00165 (Diacylglycerol)	435,562,4
C01245 (D-myo-Inositol 1,4,5-trisphosphate)	435,509,4
C00575 (3',5'-Cyclic AMP)	276,544,4
C00575 (3',5'-Cyclic AMP)	413,202,4
C01330 (Sodium cation)	133,121,4
C00076 (Calcium cation)	133,252,4
C00076 (Calcium cation)	132,301,4
C00076 (Calcium cation)	132,320,4
C00076 (Calcium cation)	132,338,4
C00076 (Calcium cation)	132,391,4
228550 (Itpka)	850,574,896,591
233011 (Itpkc)	850,574,896,591
320404 (Itpkb)	850,574,896,591
104111 (Adcy3)	850,479,896,496
11514 (Adcy8)	850,479,896,496
432530 (Adcy1)	850,479,896,496
18573 (Pde1a)	850,504,896,521
18574 (Pde1b)	850,504,896,521
18575 (Pde1c)	850,504,896,521
18125 (Nos1)	850,441,896,458
18126 (Nos2)	850,441,896,458
18127 (Nos3)	850,441,896,458
22333 (Vdac1)	787,164,833,181
22334 (Vdac2)	787,164,833,181
22335 (Vdac3)	787,164,833,181
105675 (Ppif)	741,172,787,189
110891 (Slc8a2)	159,108,205,125
110893 (Slc8a3)	159,108,205,125
20541 (Slc8a1)	159,108,205,125
110891 (Slc8a2)	741,133,787,150
110893 (Slc8a3)	741,133,787,150
20541 (Slc8a1)	741,133,787,150
108058 (Camk2d)	850,381,896,398
12322 (Camk2a)	850,381,896,398
12323 (Camk2b)	850,381,896,398
12325 (Camk2g)	850,381,896,398
12326 (Camk4)	850,381,896,398
215303 (Camk1g)	850,381,896,398
52163 (Camk1)	850,381,896,398
19055 (Ppp3ca)	850,356,896,373
19056 (Ppp3cb)	850,356,896,373
19057 (Ppp3cc)	850,356,896,373
19058 (Ppp3r1)	850,356,896,373
19059 (Ppp3r2)	850,356,896,373
18750 (Prkca)	850,603,896,620
18751 (Prkcb)	850,603,896,620
18752 (Prkcg)	850,603,896,620
19229 (Ptk2b)	850,544,896,561
233979 (Tpcn2)	589,632,635,649
252972 (Tpcn1)	589,632,635,649
12494 (Cd38)	159,625,205,642
74055 (Plce1)	331,535,377,552
13649 (Egfr)	159,477,205,494
13866 (Erbb2)	159,477,205,494
13867 (Erbb3)	159,477,205,494
13869 (Erbb4)	159,477,205,494
18595 (Pdgfra)	159,477,205,494
18596 (Pdgfrb)	159,477,205,494
14672 (Gna11)	245,432,291,449
14675 (Gna14)	245,432,291,449
14676 (Gna15)	245,432,291,449
14682 (Gnaq)	245,432,291,449
11441 (Chrna7)	159,383,205,400
14810 (Grin1)	159,383,205,400
14811 (Grin2a)	159,383,205,400
14813 (Grin2c)	159,383,205,400
14814 (Grin2d)	159,383,205,400
18436 (P2rx1)	159,383,205,400
18438 (P2rx4)	159,383,205,400
18439 (P2rx7)	159,383,205,400
18440 (P2rx6)	159,383,205,400
228139 (P2rx3)	159,383,205,400
231602 (P2rx2)	159,383,205,400
94045 (P2rx5)	159,383,205,400
18803 (Plcg1)	331,511,377,528
234779 (Plcg2)	331,511,377,528
20698 (Sphk1)	331,677,377,694
56632 (Sphk2)	331,677,377,694
114875 (Plcz1)	331,559,377,576
107589 (Mylk)	850,245,896,262
213435 (Mylk3)	850,245,896,262
228785 (Mylk2)	850,245,896,262
238564 (Mylk4)	850,245,896,262
18799 (Plcd1)	331,464,377,481
18802 (Plcd4)	331,464,377,481
72469 (Plcd3)	331,464,377,481
16438 (Itpr1)	589,507,635,524
16439 (Itpr2)	589,507,635,524
16440 (Itpr3)	589,507,635,524
102093 (Phkb)	850,270,896,287
110094 (Phka2)	850,270,896,287
18679 (Phka1)	850,270,896,287
18682 (Phkg1)	850,270,896,287
68961 (Phkg2)	850,270,896,287
20190 (Ryr1)	589,449,635,466
20191 (Ryr2)	589,449,635,466
20192 (Ryr3)	589,449,635,466
18795 (Plcb1)	331,487,377,504
18796 (Plcb2)	331,487,377,504
18797 (Plcb3)	331,487,377,504
18798 (Plcb4)	331,487,377,504
109305 (Orai1)	159,243,205,260
269717 (Orai2)	159,243,205,260
269999 (Orai3)	159,243,205,260
12288 (Cacna1c)	159,292,205,309
12289 (Cacna1d)	159,292,205,309
12292 (Cacna1s)	159,292,205,309
54652 (Cacna1f)	159,292,205,309
12286 (Cacna1a)	159,311,205,328
12287 (Cacna1b)	159,311,205,328
12290 (Cacna1e)	159,311,205,328
108071 (Grm5)	159,432,205,449
11548 (Adra1b)	159,432,205,449
11549 (Adra1a)	159,432,205,449
11550 (Adra1d)	159,432,205,449
11607 (Agtr1a)	159,432,205,449
11608 (Agtr1b)	159,432,205,449
12061 (Bdkrb1)	159,432,205,449
12062 (Bdkrb2)	159,432,205,449
12425 (Cckar)	159,432,205,449
12426 (Cckbr)	159,432,205,449
12669 (Chrm1)	159,432,205,449
12671 (Chrm3)	159,432,205,449
12767 (Cxcr4)	159,432,205,449
13617 (Ednra)	159,432,205,449
13618 (Ednrb)	159,432,205,449
14062 (F2r)	159,432,205,449
14816 (Grm1)	159,432,205,449
14829 (Grpr)	159,432,205,449
15465 (Hrh1)	159,432,205,449
15558 (Htr2a)	159,432,205,449
15559 (Htr2b)	159,432,205,449
15560 (Htr2c)	159,432,205,449
16867 (Lhcgr)	159,432,205,449
170732 (Trhr2)	159,432,205,449
18216 (Ntsr1)	159,432,205,449
18430 (Oxtr)	159,432,205,449
19204 (Ptafr)	159,432,205,449
19216 (Ptger1)	159,432,205,449
19218 (Ptger3)	159,432,205,449
19220 (Ptgfr)	159,432,205,449
21336 (Tacr1)	159,432,205,449
21337 (Tacr2)	159,432,205,449
21338 (Tacr3)	159,432,205,449
21390 (Tbxa2r)	159,432,205,449
22045 (Trhr)	159,432,205,449
243764 (Chrm2)	159,432,205,449
26361 (Avpr1b)	159,432,205,449
54140 (Avpr1a)	159,432,205,449
57260 (Ltb4r2)	159,432,205,449
58861 (Cysltr1)	159,432,205,449
70086 (Cysltr2)	159,432,205,449
12313 (Calm1)	763,369,809,386
12314 (Calm2)	763,369,809,386
12315 (Calm3)	763,369,809,386
494124 (Calm5)	763,369,809,386
70405 (Calml3)	763,369,809,386
75600 (Calml4)	763,369,809,386
80796 (Calm4)	763,369,809,386
21924 (Tnnc1)	850,212,896,229
21925 (Tnnc2)	850,212,896,229
11739 (Slc25a4)	741,155,787,172
11740 (Slc25a5)	741,155,787,172
73333 (Slc25a31)	741,155,787,172
215999 (Mcu)	741,105,787,122
104110 (Adcy4)	331,193,377,210
104111 (Adcy3)	331,193,377,210
11513 (Adcy7)	331,193,377,210
11514 (Adcy8)	331,193,377,210
11515 (Adcy9)	331,193,377,210
210044 (Adcy2)	331,193,377,210
432530 (Adcy1)	331,193,377,210
11937 (Atp2a1)	589,295,635,312
11938 (Atp2a2)	589,295,635,312
53313 (Atp2a3)	589,295,635,312
11540 (Adora2a)	159,193,205,210
11541 (Adora2b)	159,193,205,210
11554 (Adrb1)	159,193,205,210
11555 (Adrb2)	159,193,205,210
11556 (Adrb3)	159,193,205,210
12669 (Chrm1)	159,193,205,210
12671 (Chrm3)	159,193,205,210
13488 (Drd1)	159,193,205,210
13492 (Drd5)	159,193,205,210
15466 (Hrh2)	159,193,205,210
15562 (Htr4)	159,193,205,210
15563 (Htr5a)	159,193,205,210
15564 (Htr5b)	159,193,205,210
15565 (Htr6)	159,193,205,210
15566 (Htr7)	159,193,205,210
213788 (Chrm5)	159,193,205,210
18821 (Pln)	589,193,635,210
18747 (Prkaca)	450,193,496,210
18749 (Prkacb)	450,193,496,210
14680 (Gnal)	245,193,291,210
14683 (Gnas)	245,193,291,210
12291 (Cacna1g)	159,330,205,347
239556 (Cacna1i)	159,330,205,347
58226 (Cacna1h)	159,330,205,347
11941 (Atp2b2)	159,149,205,166
320707 (Atp2b3)	159,149,205,166
381290 (Atp2b4)	159,149,205,166
67972 (Atp2b1)	159,149,205,166
116873 (Stim2)	485,237,531,254
20866 (Stim1)	485,237,531,254
12372 (Casq1)	515,449,561,466
12373 (Casq2)	515,449,561,466
76757 (Trdn)	589,424,635,441
65973 (Asph)	589,474,635,491
15464 (Hrc)	533,322,579,339
15464 (Hrc)	533,398,579,415
mmu04730: Long-term depression	941,439,1082,464
mmu04720: Long-term potentiation	941,406,1082,431
mmu04070: Phosphatidylinositol signaling system	948,564,1075,598
mmu04210: Apoptosis	972,332,1050,357
mmu04010: MAPK signaling pathway	956,290,1067,324
mmu04020: Calcium signaling pathway	40,45,290,70
