C00547 (L-Noradrenaline)	243,161,4
C00575 (3',5'-Cyclic AMP)	390,208,4
C00040 (Acyl-CoA)	1212,560,4
C00942 (3',5'-Cyclic GMP)	390,481,4
C00002 (ATP)	1399,303,4
C01885 (1-Acylglycerol)	549,408,4
C00165 (Diacylglycerol)	549,328,4
C00162 (Fatty acid)	1104,314,4
C02301 (O-Acylcarnitine)	1336,464,4
C00040 (Acyl-CoA)	1201,420,4
C02301 (O-Acylcarnitine)	1336,506,4
C00162 (Fatty acid)	1104,560,4
C00008 (ADP)	1340,317,4
C00318 (L-Carnitine)	1201,506,4
C00010 (CoA)	1334,560,4
C00010 (CoA)	1336,419,4
C00318 (L-Carnitine)	1201,464,4
C00422 (Triacylglycerol)	549,268,4
C00116 (Glycerol)	549,468,4
C11695 (Anandamide)	250,251,4
C13856 (2-Arachidonoylglycerol)	250,265,4
C00951 (Estradiol-17beta)	115,323,4
C00745 (Nicotine)	115,309,4
C02465 (Triiodothyronine)	115,295,4
C00080 (H+)	1144,237,4
C00080 (H+)	1243,230,4
C00080 (H+)	1366,237,4
C00024 (Acetyl-CoA)	1201,386,4
C00004 (NADH)	1201,326,4
C01352 (FADH2)	1201,340,4
12912 (Creb1)	774,166,820,183
12913 (Creb3)	774,166,820,183
208647 (Creb3l2)	774,166,820,183
208677 (Creb3l3)	774,166,820,183
231991 (Creb5)	774,166,820,183
26427 (Creb3l1)	774,166,820,183
78284 (Creb3l4)	774,166,820,183
18747 (Prkaca)	446,200,492,217
18749 (Prkacb)	446,200,492,217
19094 (Mapk11)	633,328,679,345
26415 (Mapk13)	633,328,679,345
26416 (Mapk14)	633,328,679,345
29857 (Mapk12)	633,328,679,345
14683 (Gnas)	367,152,413,169
11556 (Adrb3)	288,152,334,169
11909 (Atf2)	774,328,820,345
56636 (Fgf21)	774,386,820,403
22227 (Ucp1)	966,256,1012,273
19017 (Ppargc1a)	774,256,820,273
104110 (Adcy4)	288,195,334,212
104111 (Adcy3)	288,195,334,212
11512 (Adcy6)	288,195,334,212
11513 (Adcy7)	288,195,334,212
11514 (Adcy8)	288,195,334,212
11515 (Adcy9)	288,195,334,212
210044 (Adcy2)	288,195,334,212
224129 (Adcy5)	288,195,334,212
271639 (Adcy10)	288,195,334,212
432530 (Adcy1)	288,195,334,212
22227 (Ucp1)	1122,256,1168,273
19016 (Pparg)	835,209,881,226
50721 (Sirt6)	829,304,875,321
18160 (Npr1)	288,474,334,491
19091 (Prkg1)	446,474,492,491
19092 (Prkg2)	446,474,492,491
104263 (Kdm3a)	774,200,820,217
277250 (Kdm3b)	774,200,820,217
11461 (Actb)	835,192,881,209
11465 (Actg1)	835,192,881,209
20586 (Smarca4)	835,192,881,209
20587 (Smarcb1)	835,192,881,209
20588 (Smarcc1)	835,192,881,209
239985 (Arid1b)	835,192,881,209
29861 (Dpf1)	835,192,881,209
56456 (Actl6a)	835,192,881,209
57376 (Smarce1)	835,192,881,209
66993 (Smarcd3)	835,192,881,209
67155 (Smarca2)	835,192,881,209
68094 (Smarcc2)	835,192,881,209
70127 (Dpf3)	835,192,881,209
83766 (Actl6b)	835,192,881,209
83796 (Smarcd2)	835,192,881,209
83797 (Smarcd1)	835,192,881,209
93760 (Arid1a)	835,192,881,209
16890 (Lipe)	500,343,546,360
103968 (Plin1)	392,343,438,360
12894 (Cpt1a)	1246,524,1292,541
12895 (Cpt1b)	1246,524,1292,541
78070 (Cpt1c)	1246,524,1292,541
329003 (Zfp516)	966,167,1012,184
99982 (Kdm1a)	966,183,1012,200
56636 (Fgf21)	197,548,243,565
110651 (Rps6ka3)	533,543,579,560
20111 (Rps6ka1)	533,543,579,560
20112 (Rps6ka2)	533,543,579,560
67071 (Rps6ka6)	533,543,579,560
22084 (Tsc2)	620,543,666,560
64930 (Tsc1)	620,543,666,560
19744 (Rheb)	702,543,748,560
56717 (Mtor)	792,546,838,563
56716 (Mlst8)	792,563,838,580
74370 (Rptor)	792,529,838,546
67605 (Akt1s1)	859,536,905,553
58988 (Rps6kb2)	967,547,1013,564
72508 (Rps6kb1)	967,547,1013,564
20104 (Rps6)	967,480,1013,497
14182 (Fgfr1)	287,548,333,565
83379 (Klb)	287,531,333,548
327826 (Frs2)	289,588,335,605
14784 (Grb2)	367,588,413,605
20662 (Sos1)	445,588,491,605
20663 (Sos2)	445,588,491,605
15461 (Hras)	445,543,491,560
16653 (Kras)	445,543,491,560
18176 (Nras)	445,543,491,560
70673 (Prdm16)	966,150,1012,167
12896 (Cpt2)	1246,436,1292,453
14081 (Acsl1)	1132,521,1178,538
216739 (Acsl6)	1132,521,1178,538
433256 (Acsl5)	1132,521,1178,538
50790 (Acsl4)	1132,521,1178,538
74205 (Acsl3)	1132,521,1178,538
12801 (Cnr1)	288,250,334,267
66853 (Pnpla2)	499,282,545,299
23945 (Mgll)	499,420,545,437
26397 (Map2k3)	633,284,679,301
26408 (Map3k5)	633,240,679,257
105787 (Prkaa1)	111,209,157,226
108079 (Prkaa2)	111,209,157,226
108097 (Prkab2)	111,209,157,226
108099 (Prkag2)	111,209,157,226
19079 (Prkab1)	111,209,157,226
19082 (Prkag1)	111,209,157,226
241113 (Prkag3)	111,209,157,226
14526 (Gcg)	125,292,171,309
12163 (Bmp8a)	125,313,171,330
12164 (Bmp8b)	125,313,171,330
214663 (Slc25a29)	1246,476,1292,493
57279 (Slc25a20)	1246,476,1292,493
100041273 (Ndufb4c)	1222,256,1268,273
100042503 (Ndufb4b)	1222,256,1268,273
101055854 (Gm29733)	1222,256,1268,273
104130 (Ndufb11)	1222,256,1268,273
110323 (Cox6b1)	1222,256,1268,273
12856 (Cox17)	1222,256,1268,273
12857 (Cox4i1)	1222,256,1268,273
12858 (Cox5a)	1222,256,1268,273
12859 (Cox5b)	1222,256,1268,273
12861 (Cox6a1)	1222,256,1268,273
12862 (Cox6a2)	1222,256,1268,273
12864 (Cox6c)	1222,256,1268,273
12865 (Cox7a1)	1222,256,1268,273
12866 (Cox7a2)	1222,256,1268,273
12867 (Cox7c)	1222,256,1268,273
12868 (Cox8a)	1222,256,1268,273
12869 (Cox8b)	1222,256,1268,273
17708 (COX1)	1222,256,1268,273
17709 (COX2)	1222,256,1268,273
17710 (COX3)	1222,256,1268,273
17711 (CYTB)	1222,256,1268,273
17716 (ND1)	1222,256,1268,273
17717 (ND2)	1222,256,1268,273
17718 (ND3)	1222,256,1268,273
17719 (ND4)	1222,256,1268,273
17720 (ND4L)	1222,256,1268,273
17721 (ND5)	1222,256,1268,273
17722 (ND6)	1222,256,1268,273
17991 (Ndufa2)	1222,256,1268,273
17992 (Ndufa4)	1222,256,1268,273
17993 (Ndufs4)	1222,256,1268,273
17995 (Ndufv1)	1222,256,1268,273
20463 (Cox7a2l)	1222,256,1268,273
22272 (Uqcrq)	1222,256,1268,273
22273 (Uqcrc1)	1222,256,1268,273
225887 (Ndufs8)	1222,256,1268,273
226139 (Cox15)	1222,256,1268,273
226646 (Ndufs2)	1222,256,1268,273
227197 (Ndufs1)	1222,256,1268,273
230075 (Ndufb6)	1222,256,1268,273
231430 (Cox18)	1222,256,1268,273
333182 (Cox6b2)	1222,256,1268,273
407785 (Ndufs6)	1222,256,1268,273
407790 (Ndufa4l2)	1222,256,1268,273
52469 (Coa3)	1222,256,1268,273
54405 (Ndufa1)	1222,256,1268,273
595136 (Ndufs5)	1222,256,1268,273
66046 (Ndufb5)	1222,256,1268,273
66052 (Sdhc)	1222,256,1268,273
66091 (Ndufa3)	1222,256,1268,273
66108 (Ndufa9)	1222,256,1268,273
66142 (Cox7b)	1222,256,1268,273
66152 (Uqcr10)	1222,256,1268,273
66218 (Ndufb9)	1222,256,1268,273
66272 (Cox16)	1222,256,1268,273
66359 (Cox20)	1222,256,1268,273
66377 (Ndufc1)	1222,256,1268,273
66379 (Cox14)	1222,256,1268,273
66414 (Ndufa12)	1222,256,1268,273
66416 (Ndufa7)	1222,256,1268,273
66445 (Cyc1)	1222,256,1268,273
66495 (Ndufb3)	1222,256,1268,273
66576 (Uqcrh)	1222,256,1268,273
66594 (Uqcr11)	1222,256,1268,273
66694 (Uqcrfs1)	1222,256,1268,273
66706 (Ndufaf3)	1222,256,1268,273
66916 (Ndufb7)	1222,256,1268,273
66925 (Sdhd)	1222,256,1268,273
66945 (Sdha)	1222,256,1268,273
67003 (Uqcrc2)	1222,256,1268,273
67130 (Ndufa6)	1222,256,1268,273
67184 (Ndufa13)	1222,256,1268,273
67264 (Ndufb8)	1222,256,1268,273
67273 (Ndufa10)	1222,256,1268,273
67530 (Uqcrb)	1222,256,1268,273
67680 (Sdhb)	1222,256,1268,273
67892 (Coa6)	1222,256,1268,273
68033 (Cox19)	1222,256,1268,273
68185 (Coa4)	1222,256,1268,273
68194 (Ndufb4)	1222,256,1268,273
68197 (Ndufc2)	1222,256,1268,273
68198 (Ndufb2)	1222,256,1268,273
68202 (Ndufa5)	1222,256,1268,273
68342 (Ndufb10)	1222,256,1268,273
68349 (Ndufs3)	1222,256,1268,273
68375 (Ndufa8)	1222,256,1268,273
68493 (Ndufaf4)	1222,256,1268,273
69487 (Ndufaf5)	1222,256,1268,273
69702 (Ndufaf1)	1222,256,1268,273
69802 (Cox11)	1222,256,1268,273
69875 (Ndufa11)	1222,256,1268,273
69893 (Coa7)	1222,256,1268,273
70316 (Ndufab1)	1222,256,1268,273
70383 (Cox10)	1222,256,1268,273
72900 (Ndufv2)	1222,256,1268,273
73694 (Ndufaf7)	1222,256,1268,273
75406 (Ndufs7)	1222,256,1268,273
75483 (Cox8c)	1222,256,1268,273
75597 (Ndufaf2)	1222,256,1268,273
76178 (Coa5)	1222,256,1268,273
76947 (Ndufaf6)	1222,256,1268,273
78174 (Cox7b2)	1222,256,1268,273
78330 (Ndufv3)	1222,256,1268,273
84682 (Cox4i2)	1222,256,1268,273
11946 (Atp5a1)	1344,256,1390,273
11947 (Atp5b)	1344,256,1390,273
11949 (Atp5c1)	1344,256,1390,273
11950 (Atp5pb)	1344,256,1390,273
11951 (Atp5g1)	1344,256,1390,273
11957 (Atp5j)	1344,256,1390,273
11958 (Atp5k)	1344,256,1390,273
17705 (ATP6)	1344,256,1390,273
17706 (ATP8)	1344,256,1390,273
228033 (Atp5g3)	1344,256,1390,273
27425 (Atp5l)	1344,256,1390,273
28080 (Atp5o)	1344,256,1390,273
57423 (Atp5j2)	1344,256,1390,273
66043 (Atp5d)	1344,256,1390,273
67126 (Atp5e)	1344,256,1390,273
67942 (Atp5g2)	1344,256,1390,273
71679 (Atp5h)	1344,256,1390,273
230899 (Nppa)	197,462,243,479
18158 (Nppb)	197,485,243,502
mmu04714: Thermogenesis	40,45,172,70
mmu04010: MAPK signaling pathway	582,147,682,181
mmu04024: cAMP signaling pathway	449,147,549,181
mmu04022: cGMP-PKG signaling pathway	348,435,445,469
mmu04923: Regulation of lipolysis in adipocytes	383,269,459,308
mmu04150: mTOR signaling pathway	555,578,693,603
mmu00190: Oxidative phosphorylation	1178,175,1319,200
mmu00020: Citrate cycle (TCA cycle)	1289,349,1358,374
