C05981 (Phosphatidylinositol-3,4,5-trisphosphate)	311,265,4
C00114 (Choline)	101,636,4
C00114 (Choline)	256,637,4
C00588 (Choline phosphate)	463,638,4
C00307 (CDP-choline)	604,638,4
C00157 (Phosphatidylcholine)	778,638,4
C04230 (1-Acyl-sn-glycero-3-phosphocholine)	622,731,4
C00670 (sn-Glycero-3-phosphocholine)	466,731,4
C00416 (Phosphatidate)	299,474,4
C00165 (Diacylglycerol)	593,549,4
C00162 (Fatty acid)	482,756,4
C00093 (sn-Glycerol 3-phosphate)	278,756,4
C00162 (Fatty acid)	657,757,4
C00307 (CDP-choline)	177,802,4
26414 (Mapk10)	757,187,803,204
26419 (Mapk8)	757,187,803,204
26420 (Mapk9)	757,187,803,204
26413 (Mapk1)	758,136,804,153
26417 (Mapk3)	758,136,804,153
20662 (Sos1)	321,136,367,153
20663 (Sos2)	321,136,367,153
15461 (Hras)	414,136,460,153
16653 (Kras)	414,136,460,153
18176 (Nras)	414,136,460,153
26395 (Map2k1)	662,136,708,153
26396 (Map2k2)	662,136,708,153
110157 (Raf1)	559,136,605,153
11651 (Akt1)	420,255,466,272
11652 (Akt2)	420,255,466,272
23797 (Akt3)	420,255,466,272
18706 (Pik3ca)	205,255,251,272
18707 (Pik3cd)	205,255,251,272
18708 (Pik3r1)	205,255,251,272
18709 (Pik3r2)	205,255,251,272
18710 (Pik3r3)	205,255,251,272
74769 (Pik3cb)	205,255,251,272
18607 (Pdpk1)	344,255,390,272
13649 (Egfr)	139,136,185,153
18595 (Pdgfra)	139,136,185,153
18596 (Pdgfrb)	139,136,185,153
14784 (Grb2)	228,136,274,153
13645 (Egf)	63,136,109,153
18590 (Pdgfa)	63,136,109,153
18591 (Pdgfb)	63,136,109,153
54635 (Pdgfc)	63,136,109,153
71785 (Pdgfd)	63,136,109,153
100434 (Slc44a1)	137,628,183,645
20517 (Slc22a1)	137,628,183,645
20518 (Slc22a2)	137,628,183,645
20519 (Slc22a3)	137,628,183,645
20520 (Slc22a5)	137,628,183,645
213603 (Slc44a3)	137,628,183,645
242259 (Slc44a5)	137,628,183,645
30805 (Slc22a4)	137,628,183,645
56517 (Slc22a21)	137,628,183,645
63993 (Slc5a7)	137,628,183,645
68682 (Slc44a2)	137,628,183,645
70129 (Slc44a4)	137,628,183,645
12651 (Chkb)	311,612,357,629
12660 (Chka)	311,612,357,629
18803 (Plcg1)	635,556,681,573
212862 (Chpt1)	668,616,714,633
13026 (Pcyt1a)	501,614,547,631
236899 (Pcyt1b)	501,614,547,631
18777 (Lypla1)	525,708,571,725
18783 (Pla2g4a)	703,708,749,725
211429 (Pla2g4b)	703,708,749,725
232889 (Pla2g4c)	703,708,749,725
271844 (Pla2g4f)	703,708,749,725
329502 (Pla2g4e)	703,708,749,725
78390 (Pla2g4d)	703,708,749,725
74182 (Gpcpd1)	327,735,373,752
19730 (Ralgds)	623,188,669,205
18805 (Pld1)	343,483,389,500
18806 (Pld2)	343,483,389,500
22084 (Tsc2)	537,255,583,272
64930 (Tsc1)	537,255,583,272
19744 (Rheb)	632,255,678,272
56717 (Mtor)	746,259,792,276
58988 (Rps6kb2)	851,237,897,254
72508 (Rps6kb1)	851,237,897,254
13685 (Eif4ebp1)	851,280,897,297
104418 (Dgkz)	420,557,466,574
110197 (Dgkg)	420,557,466,574
110524 (Dgkq)	420,557,466,574
13139 (Dgka)	420,557,466,574
217480 (Dgkb)	420,557,466,574
227333 (Dgkd)	420,557,466,574
320127 (Dgki)	420,557,466,574
331374 (Dgkk)	420,557,466,574
380921 (Dgkh)	420,557,466,574
56077 (Dgke)	420,557,466,574
18717 (Pip5k1c)	696,348,742,365
18719 (Pip5k1b)	696,348,742,365
18720 (Pip5k1a)	696,348,742,365
22376 (Was)	851,348,897,365
170758 (Rac3)	696,387,742,404
19353 (Rac1)	696,387,742,404
19354 (Rac2)	696,387,742,404
242687 (Wasf2)	851,389,897,406
245880 (Wasf3)	851,389,897,406
83767 (Wasf1)	851,389,897,406
19012 (Plpp1)	443,520,489,537
50784 (Plpp2)	443,520,489,537
67916 (Plpp3)	443,520,489,537
20683 (Sp1)	484,461,530,478
20683 (Sp1)	194,578,240,595
14281 (Fos)	384,588,430,605
16476 (Jun)	384,588,430,605
15251 (Hif1a)	260,572,306,589
20683 (Sp1)	570,588,616,605
18783 (Pla2g4a)	1006,210,1052,227
211429 (Pla2g4b)	1006,210,1052,227
232889 (Pla2g4c)	1006,210,1052,227
271844 (Pla2g4f)	1006,210,1052,227
329502 (Pla2g4e)	1006,210,1052,227
78390 (Pla2g4d)	1006,210,1052,227
18750 (Prkca)	696,458,742,475
18751 (Prkcb)	696,458,742,475
18752 (Prkcg)	696,458,742,475
mmu05231: Choline metabolism in cancer	40,45,329,70
mmu04010: MAPK signaling pathway	646,87,758,121
mmu04151: PI3K-Akt signaling pathway	287,216,399,250
mmu00564: Glycerophospholipid metabolism	304,649,430,683
mmu04150: mTOR signaling pathway	713,289,825,323
mmu04810: Regulation of actin cytoskeleton	941,389,1053,423
