C02165 (Leukotriene B4)	435,161,4
C14776 (8(S)-HETE)	435,161,4
C15493 (9-cis-Retinoic acid)	435,247,4
C15493 (9-cis-Retinoic acid)	435,697,4
C14767 (9(S)-HODE)	435,613,4
C14762 (13(S)-HODE)	435,613,4
C15493 (9-cis-Retinoic acid)	435,470,4
11832 (Aqp7)	863,812,909,829
14626 (Gk2)	813,824,859,841
14933 (Gk)	813,824,859,841
18534 (Pck1)	813,801,859,818
74551 (Pck2)	813,801,859,818
103968 (Plin1)	863,617,909,634
11520 (Plin2)	863,617,909,634
57435 (Plin4)	863,617,909,634
66968 (Plin5)	863,617,909,634
12491 (Cd36)	120,123,166,140
225579 (Slc27a6)	120,151,166,168
26457 (Slc27a1)	120,151,166,168
26458 (Slc27a2)	120,151,166,168
26459 (Slc27a5)	120,151,166,168
26569 (Slc27a4)	120,151,166,168
11770 (Fabp4)	205,124,251,141
12140 (Fabp7)	205,124,251,141
14077 (Fabp3)	205,124,251,141
14079 (Fabp2)	205,124,251,141
14080 (Fabp1)	205,124,251,141
16204 (Fabp6)	205,124,251,141
16592 (Fabp5)	205,124,251,141
19013 (Ppara)	547,201,593,218
20181 (Rxra)	547,218,593,235
20182 (Rxrb)	547,218,593,235
20183 (Rxrg)	547,218,593,235
19015 (Ppard)	547,426,593,443
20181 (Rxra)	547,443,593,460
20182 (Rxrb)	547,443,593,460
20183 (Rxrg)	547,443,593,460
19016 (Pparg)	547,651,593,668
20181 (Rxra)	547,668,593,685
20182 (Rxrb)	547,668,593,685
20183 (Rxrg)	547,668,593,685
20280 (Scp2)	813,558,859,575
113868 (Acaa1a)	813,535,859,552
235674 (Acaa1b)	813,535,859,552
11364 (Acadm)	863,569,909,586
11363 (Acadl)	863,546,909,563
100040843 (Cyp4a32)	813,512,859,529
13117 (Cyp4a10)	813,512,859,529
13118 (Cyp4a12b)	813,512,859,529
13119 (Cyp4a14)	813,512,859,529
230639 (Cyp4a29)	813,512,859,529
277753 (Cyp4a12a)	813,512,859,529
435802 (Cyp4a30b)	813,512,859,529
666168 (Cyp4a31)	813,512,859,529
74147 (Ehhadh)	813,489,859,506
12896 (Cpt2)	863,523,909,540
12894 (Cpt1a)	863,500,909,517
12895 (Cpt1b)	863,500,909,517
78070 (Cpt1c)	863,500,909,517
14081 (Acsl1)	813,449,859,466
216739 (Acsl6)	813,449,859,466
328845 (Acsbg2)	813,449,859,466
433256 (Acsl5)	813,449,859,466
50790 (Acsl4)	813,449,859,466
74205 (Acsl3)	813,449,859,466
78625 (1700061G19Rik)	813,449,859,466
94180 (Acsbg1)	813,449,859,466
108078 (Olr1)	863,437,909,454
16956 (Lpl)	813,426,859,443
12491 (Cd36)	863,414,909,431
14077 (Fabp3)	813,403,859,420
13122 (Cyp7a1)	813,294,859,311
26457 (Slc27a1)	863,391,909,408
26569 (Slc27a4)	863,391,909,408
15360 (Hmgcs2)	813,105,859,122
208715 (Hmgcs1)	813,105,859,122
20411 (Sorbs1)	813,663,859,680
83995 (Mmp1a)	863,663,909,680
83996 (Mmp1b)	863,663,909,680
11770 (Fabp4)	813,640,859,657
57875 (Angptl4)	813,617,859,634
11430 (Acox1)	813,581,859,598
80911 (Acox3)	813,581,859,598
93732 (Acox2)	813,581,859,598
16202 (Ilk)	813,731,859,748
14080 (Fabp1)	813,380,859,397
18607 (Pdpk1)	863,731,909,748
11807 (Apoa2)	813,168,859,185
18830 (Pltp)	863,180,909,197
11450 (Adipoq)	863,640,909,657
20249 (Scd1)	813,254,859,271
20250 (Scd2)	813,254,859,271
30049 (Scd3)	813,254,859,271
329065 (Scd4)	813,254,859,271
56473 (Fads2)	863,243,909,260
11814 (Apoc3)	813,191,859,208
13124 (Cyp8b1)	813,317,859,334
22259 (Nr1h3)	863,294,909,311
104086 (Cyp27a1)	863,317,909,334
11806 (Apoa1)	813,145,859,162
22190 (Ubc)	813,765,859,782
13167 (Dbi)	813,357,859,374
66113 (Apoa5)	863,157,909,174
109264 (Me3)	813,231,859,248
17436 (Me1)	813,231,859,248
22227 (Ucp1)	813,697,859,714
mmu04920: Adipocytokine signaling pathway	504,148,631,182
mmu00071: Fatty acid degradation	963,134,1101,159
mmu00072: Synthesis and degradation of ketone bodies	958,213,1106,247
mmu00120: Primary bile acid biosynthesis	963,174,1101,199
mmu00564: Glycerophospholipid metabolism	963,264,1101,298
mmu03320: PPAR signaling pathway	48,28,263,53
