C01245 (D-myo-Inositol 1,4,5-trisphosphate)	411,160,4
C00076 (Calcium cation)	455,160,4
C00165 (Diacylglycerol)	413,205,4
C05981 (Phosphatidylinositol-3,4,5-trisphosphate)	600,292,4
C01245 (D-myo-Inositol 1,4,5-trisphosphate)	409,577,4
C00076 (Calcium cation)	450,577,4
C00165 (Diacylglycerol)	410,622,4
C05981 (Phosphatidylinositol-3,4,5-trisphosphate)	599,709,4
13645 (Egf)	172,187,218,204
21802 (Tgfa)	172,210,218,227
18590 (Pdgfa)	172,237,218,254
18591 (Pdgfb)	172,237,218,254
16000 (Igf1)	172,262,218,279
13649 (Egfr)	256,208,302,225
18595 (Pdgfra)	256,237,302,254
18596 (Pdgfrb)	256,237,302,254
16001 (Igf1r)	256,262,302,279
13645 (Egf)	173,604,219,621
21802 (Tgfa)	173,627,219,644
18590 (Pdgfa)	173,654,219,671
18591 (Pdgfb)	173,654,219,671
16000 (Igf1)	173,679,219,696
13649 (Egfr)	257,624,303,641
18595 (Pdgfra)	257,654,303,671
18596 (Pdgfrb)	257,654,303,671
16001 (Igf1r)	257,679,303,696
12313 (Calm1)	492,153,538,170
12314 (Calm2)	492,153,538,170
12315 (Calm3)	492,153,538,170
494124 (Calm5)	492,153,538,170
70405 (Calml3)	492,153,538,170
75600 (Calml4)	492,153,538,170
80796 (Calm4)	492,153,538,170
108058 (Camk2d)	545,174,591,191
12322 (Camk2a)	545,174,591,191
12323 (Camk2b)	545,174,591,191
12325 (Camk2g)	545,174,591,191
12326 (Camk4)	545,174,591,191
215303 (Camk1g)	545,174,591,191
52163 (Camk1)	545,174,591,191
18750 (Prkca)	470,198,516,215
18751 (Prkcb)	470,198,516,215
18752 (Prkcg)	470,198,516,215
20416 (Shc1)	333,237,379,254
20418 (Shc3)	333,237,379,254
216148 (Shc2)	333,237,379,254
271849 (Shc4)	333,237,379,254
14784 (Grb2)	405,237,451,254
20662 (Sos1)	479,237,525,254
20663 (Sos2)	479,237,525,254
109880 (Braf)	626,237,672,254
110157 (Raf1)	626,237,672,254
11836 (Araf)	626,237,672,254
26395 (Map2k1)	699,237,745,254
26396 (Map2k2)	699,237,745,254
26413 (Mapk1)	773,237,819,254
26417 (Mapk3)	773,237,819,254
18706 (Pik3ca)	523,285,569,302
18707 (Pik3cd)	523,285,569,302
18708 (Pik3r1)	523,285,569,302
18709 (Pik3r2)	523,285,569,302
18710 (Pik3r3)	523,285,569,302
74769 (Pik3cb)	523,285,569,302
11651 (Akt1)	630,285,676,302
11652 (Akt2)	630,285,676,302
23797 (Akt3)	630,285,676,302
19211 (Pten)	547,329,593,346
56717 (Mtor)	699,285,745,302
17246 (Mdm2)	921,278,965,296
12578 (Cdkn2a)	1003,278,1049,295
22059 (Trp53)	872,309,918,326
12443 (Ccnd1)	936,401,982,418
12567 (Cdk4)	936,418,982,435
12571 (Cdk6)	936,418,982,435
12578 (Cdkn2a)	873,443,919,460
19645 (Rb1)	1019,411,1065,428
13555 (E2f1)	1019,448,1065,465
13557 (E2f3)	1019,448,1065,465
242705 (E2f2)	1019,448,1065,465
18803 (Plcg1)	329,594,375,611
234779 (Plcg2)	329,594,375,611
12313 (Calm1)	491,570,537,587
12314 (Calm2)	491,570,537,587
12315 (Calm3)	491,570,537,587
494124 (Calm5)	491,570,537,587
70405 (Calml3)	491,570,537,587
75600 (Calml4)	491,570,537,587
80796 (Calm4)	491,570,537,587
108058 (Camk2d)	543,591,589,608
12322 (Camk2a)	543,591,589,608
12323 (Camk2b)	543,591,589,608
12325 (Camk2g)	543,591,589,608
12326 (Camk4)	543,591,589,608
215303 (Camk1g)	543,591,589,608
52163 (Camk1)	543,591,589,608
18750 (Prkca)	468,615,514,632
18751 (Prkcb)	468,615,514,632
18752 (Prkcg)	468,615,514,632
20416 (Shc1)	330,654,376,671
20418 (Shc3)	330,654,376,671
216148 (Shc2)	330,654,376,671
271849 (Shc4)	330,654,376,671
14784 (Grb2)	403,654,449,671
20662 (Sos1)	477,654,523,671
20663 (Sos2)	477,654,523,671
15461 (Hras)	551,654,597,671
16653 (Kras)	551,654,597,671
18176 (Nras)	551,654,597,671
109880 (Braf)	624,654,670,671
110157 (Raf1)	624,654,670,671
11836 (Araf)	624,654,670,671
26395 (Map2k1)	697,654,743,671
26396 (Map2k2)	697,654,743,671
18706 (Pik3ca)	521,702,567,719
18707 (Pik3cd)	521,702,567,719
18708 (Pik3r1)	521,702,567,719
18709 (Pik3r2)	521,702,567,719
18710 (Pik3r3)	521,702,567,719
74769 (Pik3cb)	521,702,567,719
11651 (Akt1)	627,702,673,719
11652 (Akt2)	627,702,673,719
23797 (Akt3)	627,702,673,719
56717 (Mtor)	697,702,743,719
12443 (Ccnd1)	882,750,928,767
12567 (Cdk4)	882,767,928,784
12571 (Cdk6)	882,767,928,784
19645 (Rb1)	965,760,1011,777
13555 (E2f1)	965,798,1011,815
13557 (E2f3)	965,798,1011,815
242705 (E2f2)	965,798,1011,815
18803 (Plcg1)	331,177,377,194
234779 (Plcg2)	331,177,377,194
15461 (Hras)	552,237,598,254
16653 (Kras)	552,237,598,254
18176 (Nras)	552,237,598,254
12575 (Cdkn1a)	872,375,918,392
26413 (Mapk1)	770,654,816,671
26417 (Mapk3)	770,654,816,671
19211 (Pten)	392,853,438,870
22059 (Trp53)	928,580,974,597
12575 (Cdkn1a)	1058,560,1104,577
13197 (Gadd45a)	1110,560,1156,577
17873 (Gadd45b)	1110,560,1156,577
23882 (Gadd45g)	1110,560,1156,577
12028 (Bax)	1058,582,1104,599
12018 (Bak1)	1110,582,1156,599
107986 (Ddb2)	1058,604,1104,621
27015 (Polk)	1110,604,1156,621
mmu04060: Cytokine-cytokine receptor interaction	147,298,251,332
mmu04012: ErbB signaling pathway	324,299,428,333
mmu04020: Calcium signaling pathway	611,150,715,184
mmu04115: p53 signaling pathway	988,494,1092,528
mmu04020: Calcium signaling pathway	610,568,714,602
mmu04010: MAPK signaling pathway	726,567,830,601
mmu04150: mTOR signaling pathway	697,736,801,770
mmu04110: Cell cycle	1022,736,1126,761
mmu04010: MAPK signaling pathway	727,151,831,185
mmu04150: mTOR signaling pathway	697,318,801,352
mmu04110: Cell cycle	988,339,1092,364
mmu05214: Glioma	40,45,132,70
