C00002 (ATP)	902,409,4
C00076 (Calcium cation)	627,319,4
C00076 (Calcium cation)	789,325,4
C00076 (Calcium cation)	712,449,4
C00076 (Calcium cation)	831,157,4
C01330 (Sodium cation)	845,265,4
C00076 (Calcium cation)	299,506,4
24052 (Sgcd)	275,200,321,217
12288 (Cacna1c)	646,313,692,330
12289 (Cacna1d)	646,313,692,330
12292 (Cacna1s)	646,313,692,330
12293 (Cacna2d1)	646,313,692,330
12294 (Cacna2d3)	646,313,692,330
12295 (Cacnb1)	646,313,692,330
12296 (Cacnb2)	646,313,692,330
12297 (Cacnb3)	646,313,692,330
12298 (Cacnb4)	646,313,692,330
12299 (Cacng1)	646,313,692,330
12300 (Cacng2)	646,313,692,330
140723 (Cacng5)	646,313,692,330
319734 (Cacna2d4)	646,313,692,330
54376 (Cacng3)	646,313,692,330
54377 (Cacng4)	646,313,692,330
54378 (Cacng6)	646,313,692,330
54652 (Cacna1f)	646,313,692,330
56808 (Cacna2d2)	646,313,692,330
81904 (Cacng7)	646,313,692,330
81905 (Cacng8)	646,313,692,330
20191 (Ryr2)	721,314,767,331
11937 (Atp2a1)	839,350,885,367
11938 (Atp2a2)	839,350,885,367
53313 (Atp2a3)	839,350,885,367
110891 (Slc8a2)	813,200,859,217
110893 (Slc8a3)	813,200,859,217
20541 (Slc8a1)	813,200,859,217
104099 (Itga9)	126,202,172,219
109700 (Itga1)	126,202,172,219
16398 (Itga2)	126,202,172,219
16399 (Itga2b)	126,202,172,219
16400 (Itga3)	126,202,172,219
16401 (Itga4)	126,202,172,219
16402 (Itga5)	126,202,172,219
16403 (Itga6)	126,202,172,219
16404 (Itga7)	126,202,172,219
16410 (Itgav)	126,202,172,219
213119 (Itga10)	126,202,172,219
241226 (Itga8)	126,202,172,219
319480 (Itga11)	126,202,172,219
16412 (Itgb1)	170,202,216,219
16416 (Itgb3)	170,202,216,219
16419 (Itgb5)	170,202,216,219
16420 (Itgb6)	170,202,216,219
16421 (Itgb7)	170,202,216,219
192897 (Itgb4)	170,202,216,219
320910 (Itgb8)	170,202,216,219
24053 (Sgcg)	321,200,367,217
24051 (Sgcb)	412,200,458,217
20391 (Sgca)	366,200,412,217
13138 (Dag1)	456,153,502,170
13138 (Dag1)	457,200,503,217
16772 (Lama1)	457,114,503,131
16773 (Lama2)	457,114,503,131
13726 (Emd)	591,504,637,521
16905 (Lmna)	559,529,605,546
21954 (Tnni3)	366,488,412,505
21924 (Tnnc1)	312,472,358,489
21956 (Tnnt2)	148,566,194,583
22003 (Tpm1)	434,547,480,564
22004 (Tpm2)	434,547,480,564
326618 (Tpm4)	434,547,480,564
59069 (Tpm3)	434,547,480,564
13405 (Dmd)	404,275,450,292
11464 (Actc1)	414,517,460,534
17906 (Myl2)	368,583,414,600
22138 (Ttn)	163,469,209,486
17868 (Mybpc3)	182,667,228,684
13346 (Des)	107,293,153,310
105787 (Prkaa1)	963,447,1009,464
108079 (Prkaa2)	963,447,1009,464
108097 (Prkab2)	963,464,1009,481
19079 (Prkab1)	963,464,1009,481
108099 (Prkag2)	963,481,1009,498
19082 (Prkag1)	963,481,1009,498
241113 (Prkag3)	963,481,1009,498
11421 (Ace)	857,619,903,636
217246 (Ace3)	857,619,903,636
16000 (Igf1)	910,619,956,636
21803 (Tgfb1)	963,619,1009,636
21808 (Tgfb2)	963,619,1009,636
21809 (Tgfb3)	963,619,1009,636
21926 (Tnf)	837,645,883,662
16193 (Il6)	891,645,937,662
17897 (Myl3)	368,561,414,578
11461 (Actb)	370,321,416,338
11465 (Actg1)	370,321,416,338
11461 (Actb)	181,298,227,315
11465 (Actg1)	181,298,227,315
13346 (Des)	441,468,487,485
140781 (Myh7)	338,616,384,633
17888 (Myh6)	338,616,384,633
13614 (Edn1)	945,645,991,662
11606 (Agt)	999,645,1045,662
mmu05410: Hypertrophic cardiomyopathy (HCM)	40,45,359,70
mmu04260: Cardiac muscle contraction	441,354,559,388
mmu04512: ECM-receptor interaction	317,124,435,158
mmu04630: JAK-STAT signaling pathway	820,574,938,608
mmu04350: TGF-beta signaling pathway	950,575,1068,609
mmu04614: Renin-angiotensin system	884,533,1002,567
