C00422 (Triacylglycerol)	705,574,4
C00641 (1,2-Diacyl-sn-glycerol)	561,573,4
C00111 (Glycerone phosphate)	93,319,4
C00093 (sn-Glycerol 3-phosphate)	381,390,4
C00197 (3-Phospho-D-glycerate)	215,168,4
C00258 (D-Glycerate)	381,168,4
C00577 (D-Glyceraldehyde)	381,246,4
C00184 (Glycerone)	214,319,4
C00116 (Glycerol)	381,319,4
C00029 (UDP-glucose)	597,753,4
C00040 (Acyl-CoA)	597,610,4
C00162 (Fatty acid)	597,389,4
C11521 (UDP-6-sulfoquinovose)	597,677,4
C00681 (1-Acyl-sn-glycerol 3-phosphate)	381,487,4
C00416 (Phosphatidate)	381,574,4
C05401 (3-beta-D-Galactosyl-sn-glycerol)	559,920,4
C00040 (Acyl-CoA)	411,507,4
C13508 (Sulfoquinovosyldiacylglycerol)	705,647,4
C04872 (1,2-Diacyl-3-[3-(alpha-D-N-acetylneuraminyl)-beta-D-galactosyl]-sn-glycerol)	345,920,4
C00040 (Acyl-CoA)	412,405,4
C06037 (Digalactosyl-diacylglycerol)	345,839,4
C06038 (Acyl1-monogalactosyl-diacylglycerol)	633,876,4
C04315 (2-Acyl-3-O-(beta-D-galactosyl)-sn-glycerol)	669,845,4
C06365 (alpha-Kojibiosyldiacylglycerol)	345,667,4
C20897 (Glycerophosphoglycoglycerolipid)	237,667,4
C03692 (1,2-Diacyl-3-beta-D-galactosyl-sn-glycerol)	453,839,4
C06364 (1,2-Diacyl-3-alpha-D-glucosyl-sn-glycerol)	453,667,4
C01885 (1-Acylglycerol)	489,487,4
C02457 (Propane-1,3-diol)	680,319,4
C00969 (3-Hydroxypropanal)	574,319,4
C06040 (Diglucosyldiacylglycerol)	345,724,4
C06041 (Glycerophosphoglycoglycerolipid)	237,724,4
C04046 (3-D-Glucosyl-1,2-diacylglycerol)	453,724,4
C06042 (Lipoteichoic acid)	129,667,4
C20898 (Lipoteichoic acid)	129,724,4
C20991 (1,2-Diacyl-3-O-[beta-D-galactosyl-(1->6)-beta-D-galactosyl]-sn-glycerol)	345,879,4
C00631 (2-Phospho-D-glycerate)	215,117,4
C00103 (D-Glucose 1-phosphate)	684,753,4
C02133 (Acyl phosphate)	268,406,4
C00173 (Acyl-[acyl-carrier protein])	163,406,4
116939 (Pnpla3)	613,513,659,530
12613 (Cel)	613,513,659,530
15450 (Lipc)	613,513,659,530
16891 (Lipg)	613,513,659,530
18946 (Pnliprp1)	613,513,659,530
18947 (Pnliprp2)	613,513,659,530
66853 (Pnpla2)	613,513,659,530
67717 (Lipf)	613,513,659,530
69060 (Pnlip)	613,513,659,530
13350 (Dgat1)	613,575,659,592
67800 (Dgat2)	613,575,659,592
14245 (Lpin1)	425,555,471,572
19012 (Plpp1)	425,555,471,572
381925 (Plpp4)	425,555,471,572
50784 (Plpp2)	425,555,471,572
64898 (Lpin2)	425,555,471,572
64899 (Lpin3)	425,555,471,572
67916 (Plpp3)	425,555,471,572
71910 (Plpp5)	425,555,471,572
233549 (Mogat2)	466,514,512,531
68393 (Mogat1)	466,514,512,531
116939 (Pnpla3)	534,503,580,520
12613 (Cel)	534,503,580,520
15450 (Lipc)	534,503,580,520
16891 (Lipg)	534,503,580,520
18946 (Pnliprp1)	534,503,580,520
18947 (Pnliprp2)	534,503,580,520
66853 (Pnpla2)	534,503,580,520
67717 (Lipf)	534,503,580,520
69060 (Pnlip)	534,503,580,520
218121 (Mboat1)	359,519,405,536
225010 (Lclat1)	359,519,405,536
28169 (Agpat3)	359,519,405,536
52123 (Agpat5)	359,519,405,536
55979 (Agpat1)	359,519,405,536
67216 (Mboat2)	359,519,405,536
67512 (Agpat2)	359,519,405,536
68262 (Agpat4)	359,519,405,536
69923 (Agk)	423,478,469,495
23945 (Mgll)	468,414,514,431
102247 (Gpat4)	359,414,405,431
14732 (Gpam)	359,414,405,431
215456 (Gpat2)	359,414,405,431
231510 (Gpat3)	359,414,405,431
225913 (Tkfc)	134,300,180,317
14626 (Gk2)	382,348,428,365
14933 (Gk)	382,348,428,365
11677 (Akr1b3)	461,270,507,287
11997 (Akr1b7)	461,270,507,287
14187 (Akr1b8)	461,270,507,287
67861 (Akr1b10)	461,270,507,287
110695 (Aldh7a1)	357,200,403,217
11669 (Aldh2)	357,200,403,217
11671 (Aldh3a2)	357,200,403,217
56752 (Aldh9a1)	357,200,403,217
72535 (Aldh1b1)	357,200,403,217
58810 (Akr1a1)	411,270,457,287
16956 (Lpl)	613,534,659,551
11605 (Gla)	381,792,427,809
104418 (Dgkz)	425,600,471,617
110197 (Dgkg)	425,600,471,617
110524 (Dgkq)	425,600,471,617
13139 (Dgka)	425,600,471,617
217480 (Dgkb)	425,600,471,617
227333 (Dgkd)	425,600,471,617
320127 (Dgki)	425,600,471,617
331374 (Dgkk)	425,600,471,617
380921 (Dgkh)	425,600,471,617
56077 (Dgke)	425,600,471,617
381925 (Plpp4)	425,576,471,593
71910 (Plpp5)	425,576,471,593
235582 (Glyctk)	271,108,317,125
mmu00564: Glycerophospholipid metabolism	35,444,152,478
mmu00010: Glycolysis / Gluconeogenesis	58,156,128,181
mmu00071: Fatty acid degradation	664,373,738,407
mmu00561: Glycerolipid metabolism	40,45,259,70
mmu00010: Glycolysis / Gluconeogenesis	729,735,827,769
