C00076 (Calcium cation)	296,138,4
C00575 (3',5'-Cyclic AMP)	296,154,4
11865 (Arntl)	725,549,771,566
12753 (Clock)	725,566,771,583
18143 (Npas2)	725,566,771,583
19883 (Rora)	725,456,771,473
19885 (Rorc)	725,456,771,473
225998 (Rorb)	725,456,771,473
217166 (Nr1d1)	598,370,644,387
18626 (Per1)	429,217,475,234
18627 (Per2)	429,217,475,234
18628 (Per3)	429,217,475,234
12952 (Cry1)	475,558,521,575
12953 (Cry2)	475,558,521,575
18627 (Per2)	429,558,475,575
104318 (Csnk1d)	452,575,498,592
27373 (Csnk1e)	452,575,498,592
12952 (Cry1)	475,268,521,285
12953 (Cry2)	475,268,521,285
21402 (Skp1a)	282,208,328,225
26965 (Cul1)	282,208,328,225
56438 (Rbx1)	282,208,328,225
103583 (Fbxw11)	282,225,328,242
12234 (Btrc)	282,225,328,242
21402 (Skp1a)	282,259,328,276
26965 (Cul1)	282,259,328,276
56438 (Rbx1)	282,259,328,276
50789 (Fbxl3)	282,276,328,293
105787 (Prkaa1)	373,308,419,325
108079 (Prkaa2)	373,308,419,325
108097 (Prkab2)	373,308,419,325
108099 (Prkag2)	373,308,419,325
19079 (Prkab1)	373,308,419,325
19082 (Prkag1)	373,308,419,325
241113 (Prkag3)	373,308,419,325
12912 (Creb1)	708,138,754,155
104318 (Csnk1d)	351,170,397,187
27373 (Csnk1e)	351,170,397,187
20893 (Bhlhe40)	522,319,568,336
79362 (Bhlhe41)	522,319,568,336
mmu04710: Circadian rhythm	40,45,209,70
mmu04120: Ubiquitin mediated proteolysis	224,355,337,389
mmu04713: Circadian entrainment	374,89,504,123
mmu04010: MAPK signaling pathway	513,89,626,123
