C00575 (3',5'-Cyclic AMP)	583,427,4
C00076 (Calcium cation)	624,169,4
C01245 (D-myo-Inositol 1,4,5-trisphosphate)	608,256,4
C00165 (Diacylglycerol)	681,390,4
C00076 (Calcium cation)	628,320,4
C00008 (ADP)	220,382,4
C02198 (Thromboxane A2)	220,191,4
C02198 (Thromboxane A2)	909,823,4
C00533 (Nitric oxide)	685,668,4
C00942 (3',5'-Cyclic GMP)	848,667,4
C05981 (Phosphatidylinositol-3,4,5-trisphosphate)	639,491,4
C01312 (Prostaglandin I2)	220,490,4
C00219 (Arachidonate)	428,788,4
C00427 (Prostaglandin H2)	674,775,4
C05956 (Prostaglandin G2)	675,797,4
C00076 (Calcium cation)	220,321,4
C00002 (ATP)	235,285,4
16438 (Itpr1)	661,311,707,328
16439 (Itpr2)	661,311,707,328
16440 (Itpr3)	661,311,707,328
14062 (F2r)	273,230,319,247
14065 (F2rl3)	273,230,319,247
18441 (P2ry1)	273,352,319,369
21390 (Tbxa2r)	273,182,319,199
18795 (Plcb1)	455,352,501,369
18796 (Plcb2)	455,352,501,369
18797 (Plcb3)	455,352,501,369
18798 (Plcb4)	455,352,501,369
243816 (Gp6)	273,528,319,545
16398 (Itga2)	273,600,319,617
16412 (Itgb1)	273,600,319,617
14729 (Gp5)	273,658,319,675
234779 (Plcg2)	455,603,501,620
19395 (Rasgrp2)	782,381,828,398
19419 (Rasgrp1)	782,381,828,398
109905 (Rap1a)	879,381,925,398
215449 (Rap1b)	879,381,925,398
54519 (Apbb1ip)	977,381,1023,398
21894 (Tln1)	1076,381,1122,398
70549 (Tln2)	1076,381,1122,398
16399 (Itga2b)	1186,381,1232,398
16416 (Itgb3)	1186,381,1232,398
109305 (Orai1)	602,105,648,122
18706 (Pik3ca)	368,600,416,617
18707 (Pik3cd)	368,600,416,617
18708 (Pik3r1)	368,600,416,617
18709 (Pik3r2)	368,600,416,617
18710 (Pik3r3)	368,600,416,617
74769 (Pik3cb)	368,600,416,617
11651 (Akt1)	454,659,500,676
11652 (Akt2)	454,659,500,676
23797 (Akt3)	454,659,500,676
18127 (Nos3)	567,659,613,676
234889 (Gucy1a2)	747,659,793,676
239134 (Gucy1b2)	747,659,793,676
54195 (Gucy1b1)	747,659,793,676
60596 (Gucy1a1)	747,659,793,676
19091 (Prkg1)	906,659,952,676
19092 (Prkg2)	906,659,952,676
19094 (Mapk11)	1001,659,1047,676
26415 (Mapk13)	1001,659,1047,676
26416 (Mapk14)	1001,659,1047,676
29857 (Mapk12)	1001,659,1047,676
26413 (Mapk1)	1094,659,1140,676
26417 (Mapk3)	1094,659,1140,676
14682 (Gnaq)	368,352,414,369
14674 (Gna13)	368,182,414,199
16801 (Arhgef1)	455,182,501,199
69632 (Arhgef12)	455,182,501,199
11848 (Rhoa)	680,182,726,199
67653 (4930544G11Rik)	680,182,726,199
19877 (Rock1)	772,182,818,199
19878 (Rock2)	772,182,818,199
17931 (Ppp1r12a)	863,182,909,199
19045 (Ppp1ca)	863,182,909,199
19046 (Ppp1cb)	863,182,909,199
19047 (Ppp1cc)	863,182,909,199
434233 (Ppp1ccb)	863,182,909,199
67268 (Myl12a)	961,182,1007,199
67938 (Myl12b)	961,182,1007,199
107589 (Mylk)	772,229,818,246
213435 (Mylk3)	772,229,818,246
228785 (Mylk2)	772,229,818,246
238564 (Mylk4)	772,229,818,246
70839 (P2ry12)	274,418,320,435
14677 (Gnai1)	368,418,414,435
14678 (Gnai2)	368,418,414,435
14679 (Gnai3)	368,418,414,435
104110 (Adcy4)	459,418,505,435
104111 (Adcy3)	459,418,505,435
11512 (Adcy6)	459,418,505,435
11513 (Adcy7)	459,418,505,435
11514 (Adcy8)	459,418,505,435
11515 (Adcy9)	459,418,505,435
210044 (Adcy2)	459,418,505,435
224129 (Adcy5)	459,418,505,435
432530 (Adcy1)	459,418,505,435
104709 (Pik3r6)	458,482,504,499
30955 (Pik3cg)	458,482,504,499
320207 (Pik3r5)	458,482,504,499
19222 (Ptgir)	273,482,319,499
14683 (Gnas)	368,482,414,499
18783 (Pla2g4a)	273,779,319,796
211429 (Pla2g4b)	273,779,319,796
232889 (Pla2g4c)	273,779,319,796
271844 (Pla2g4f)	273,779,319,796
329502 (Pla2g4e)	273,779,319,796
78390 (Pla2g4d)	273,779,319,796
20866 (Stim1)	721,276,767,293
22371 (Vwf)	46,684,92,701
19224 (Ptgs1)	593,766,639,783
21391 (Tbxas1)	767,766,813,783
18747 (Prkaca)	782,420,828,437
18749 (Prkacb)	782,420,828,437
22323 (Vasp)	879,420,925,437
11461 (Actb)	977,420,1023,437
11465 (Actg1)	977,420,1023,437
12825 (Col3a1)	46,562,92,579
12842 (Col1a1)	46,562,92,579
12843 (Col1a2)	46,562,92,579
110135 (Fgb)	1273,381,1319,398
14161 (Fga)	1273,381,1319,398
99571 (Fgg)	1273,381,1319,398
108101 (Fermt3)	1076,350,1122,367
18436 (P2rx1)	273,312,319,329
14723 (Gp1ba)	273,675,319,692
14724 (Gp1bb)	273,692,319,709
54368 (Gp9)	273,709,319,726
14127 (Fcer1g)	294,545,340,562
17096 (Lyn)	392,514,438,531
666513 (Gm11787)	392,514,438,531
14360 (Fyn)	391,538,437,555
16822 (Lcp2)	429,586,475,603
12229 (Btk)	442,620,488,637
20963 (Syk)	317,576,363,593
17096 (Lyn)	331,727,377,744
666513 (Gm11787)	331,727,377,744
18759 (Prkci)	782,347,828,364
18762 (Prkcz)	782,347,828,364
20619 (Snap23)	273,859,319,876
22320 (Vamp8)	319,859,365,876
22320 (Vamp8)	579,859,625,876
14674 (Gna13)	1124,428,1170,445
20779 (Src)	1065,474,1111,491
20963 (Syk)	1094,507,1140,524
232906 (Arhgap35)	977,474,1023,491
11848 (Rhoa)	879,474,925,491
67653 (4930544G11Rik)	879,474,925,491
14061 (F2)	197,230,243,247
mmu05211: Renal cell carcinoma	40,45,244,70
mmu04020: Calcium signaling pathway	423,261,546,295
mmu04015: Rap1 signaling pathway	874,337,997,371
mmu00590: Arachidonic acid metabolism	883,762,1006,796
mmu04020: Calcium signaling pathway	155,733,278,767
mmu04610: Complement and coagulation cascades	1232,325,1355,359
mmu04151: PI3K-Akt signaling pathway	340,680,463,714
