C00238 (Potassium cation)	317,598,4
C01245 (D-myo-Inositol 1,4,5-trisphosphate)	406,669,4
C00076 (Calcium cation)	617,667,4
C00002 (ATP)	161,596,4
C00076 (Calcium cation)	161,640,4
C00155 (L-Homocysteine)	161,822,4
C00533 (Nitric oxide)	804,731,4
C00076 (Calcium cation)	161,668,4
66824 (Pycard)	824,1102,870,1119
12362 (Casp1)	895,1102,942,1119
66824 (Pycard)	825,1020,871,1037
12362 (Casp1)	896,1020,943,1037
66824 (Pycard)	824,1185,870,1202
12362 (Casp1)	895,1185,942,1202
66824 (Pycard)	825,664,871,681
12362 (Casp1)	896,664,943,681
107607 (Nod1)	305,149,351,166
257632 (Nod2)	305,319,351,336
192656 (Ripk2)	595,319,641,336
12675 (Chuk)	824,158,870,175
16150 (Ikbkb)	824,158,870,175
26409 (Map3k7)	824,303,870,320
66513 (Tab1)	824,320,870,337
66724 (Tab3)	824,320,870,337
68652 (Tab2)	824,320,870,337
195046 (Nlrp1a)	753,485,799,502
637515 (Nlrp1b)	753,485,799,502
216799 (Nlrp3)	753,663,799,680
66824 (Pycard)	824,485,870,502
12362 (Casp1)	895,485,942,502
16176 (Il1b)	1133,1034,1179,1051
16173 (Il18)	1133,1054,1179,1071
268973 (Nlrc4)	754,1020,800,1037
67955 (Sugt1)	742,743,788,760
15516 (Hsp90ab1)	742,760,788,777
15519 (Hsp90aa1)	742,760,788,777
12362 (Casp1)	1036,969,1082,986
26414 (Mapk10)	974,302,1020,319
26419 (Mapk8)	974,302,1020,319
26420 (Mapk9)	974,302,1020,319
26413 (Mapk1)	974,282,1020,299
26417 (Mapk3)	974,282,1020,299
19094 (Mapk11)	974,322,1020,339
26415 (Mapk13)	974,322,1020,339
26416 (Mapk14)	974,322,1020,339
29857 (Mapk12)	974,322,1020,339
54483 (Mefv)	843,743,889,760
19200 (Pstpip1)	843,760,889,777
16176 (Il1b)	1132,909,1178,926
16173 (Il18)	1132,929,1178,946
17940 (Naip1)	595,1020,641,1037
17948 (Naip2)	595,1020,641,1037
17951 (Naip5)	595,1020,641,1037
17952 (Naip6)	595,1020,641,1037
53880 (Naip7)	595,1020,641,1037
16176 (Il1b)	1706,1033,1752,1050
16173 (Il18)	1706,1053,1752,1070
383619 (Aim2)	753,1102,799,1119
27223 (Trp53bp1)	753,1140,799,1157
18439 (P2rx7)	216,603,262,620
22368 (Trpv2)	216,632,262,649
28240 (Trpm2)	216,632,262,649
58800 (Trpm7)	216,632,262,649
55991 (Panx1)	216,574,262,591
18033 (Nfkb1)	1453,956,1499,973
19697 (Rela)	1453,956,1499,973
16176 (Il1b)	1255,909,1301,926
16173 (Il18)	1255,929,1301,946
16476 (Jun)	1259,303,1305,320
16151 (Ikbkg)	824,141,870,158
22031 (Traf3)	824,382,870,399
56480 (Tbk1)	974,366,1020,383
56489 (Ikbke)	974,383,1020,400
54123 (Irf7)	1121,383,1167,400
54131 (Irf3)	1121,383,1167,400
266632 (Irak4)	1453,764,1499,781
378425 (Nlrp12)	1545,956,1591,973
12374 (Casr)	216,660,262,677
210198 (Gprc6a)	216,660,262,677
16438 (Itpr1)	451,661,497,678
16439 (Itpr2)	451,661,497,678
16440 (Itpr3)	451,661,497,678
18795 (Plcb1)	305,660,351,677
18796 (Plcb2)	305,660,351,677
18797 (Plcb3)	305,660,351,677
18798 (Plcb4)	305,660,351,677
54483 (Mefv)	753,1185,799,1202
16451 (Jak1)	1545,601,1591,618
54721 (Tyk2)	1545,618,1591,635
20846 (Stat1)	1453,610,1499,627
20847 (Stat2)	1453,610,1499,627
12363 (Casp4)	1250,610,1302,627
69146 (Gsdmd)	1071,658,1117,675
21898 (Tlr4)	1638,740,1684,757
17874 (Myd88)	1545,772,1591,789
15975 (Ifnar1)	1638,610,1684,627
15976 (Ifnar2)	1638,610,1684,627
69538 (Antxr1)	216,485,262,502
71914 (Antxr2)	216,485,262,502
257632 (Nod2)	305,387,351,404
14469 (Gbp2)	474,1087,520,1104
229898 (Gbp5)	474,1087,520,1104
11848 (Rhoa)	441,1185,487,1202
67653 (4930544G11Rik)	441,1185,487,1202
12363 (Casp4)	1120,610,1166,627
15962 (Ifna1)	1453,383,1499,400
15964 (Ifna11)	1453,383,1499,400
15965 (Ifna2)	1453,383,1499,400
15967 (Ifna4)	1453,383,1499,400
15968 (Ifna5)	1453,383,1499,400
15969 (Ifna6)	1453,383,1499,400
15970 (Ifna7)	1453,383,1499,400
15972 (Ifna9)	1453,383,1499,400
15974 (Ifnab)	1453,383,1499,400
15977 (Ifnb1)	1453,383,1499,400
230396 (Ifna13)	1453,383,1499,400
242517 (Ifna15)	1453,383,1499,400
242519 (Ifna12)	1453,383,1499,400
404549 (Ifna14)	1453,383,1499,400
228607 (Mavs)	557,755,603,772
22333 (Vdac1)	595,682,641,699
22334 (Vdac2)	595,682,641,699
22335 (Vdac3)	595,682,641,699
215999 (Mcu)	595,708,641,725
67955 (Sugt1)	361,184,407,201
59079 (Erbin)	361,291,407,308
106759 (Ticam1)	1545,708,1591,725
59125 (Nek7)	742,703,788,720
14468 (Gbp2b)	1121,508,1167,525
14469 (Gbp2)	1121,508,1167,525
229898 (Gbp5)	1121,508,1167,525
229900 (Gbp7)	1121,508,1167,525
55932 (Gbp3)	1121,508,1167,525
210766 (Brcc3)	742,723,788,740
368203 (Gm5136)	742,723,788,740
12364 (Casp12)	944,703,990,720
22034 (Traf6)	1453,781,1499,798
18035 (Nfkbia)	1453,918,1499,935
18036 (Nfkbib)	1453,918,1499,935
54123 (Irf7)	1453,708,1499,725
54131 (Irf3)	1453,708,1499,725
56338 (Txnip)	595,817,641,834
11796 (Birc3)	595,257,641,274
11797 (Birc2)	595,257,641,274
11798 (Xiap)	595,278,641,295
22166 (Txn1)	595,834,641,851
56551 (Txn2)	595,834,641,851
228607 (Mavs)	595,387,641,404
106025 (Sharpin)	595,190,641,207
24105 (Rbck1)	595,190,641,207
268749 (Rnf31)	595,190,641,207
77040 (Atg16l1)	305,217,351,234
56486 (Gabarap)	388,234,434,251
57436 (Gabarapl1)	388,234,434,251
93739 (Gabarapl2)	388,234,434,251
18033 (Nfkb1)	974,196,1020,213
19697 (Rela)	974,196,1020,213
67526 (Atg12)	305,251,351,268
11793 (Atg5)	305,234,351,251
21353 (Tank)	974,400,1020,417
13058 (Cybb)	216,817,262,834
13057 (Cyba)	216,834,262,851
59027 (Nampt)	118,834,164,851
12675 (Chuk)	1453,857,1499,874
16150 (Ikbkb)	1453,857,1499,874
16151 (Ikbkg)	1453,840,1499,857
66824 (Pycard)	824,1234,870,1251
12362 (Casp1)	895,1234,942,1251
15951 (Ifi204)	753,1234,799,1251
226691 (Ifi207)	753,1234,799,1251
72512 (Tmem173)	1545,1147,1591,1164
56480 (Tbk1)	1545,1103,1591,1120
54123 (Irf7)	1453,1093,1499,1110
54131 (Irf3)	1453,1093,1499,1110
257632 (Nod2)	791,524,837,541
15951 (Ifi204)	704,1140,750,1157
226691 (Ifi207)	704,1140,750,1157
66824 (Pycard)	824,871,870,888
12362 (Casp1)	895,871,942,888
101613 (Nlrp6)	753,871,799,888
66824 (Pycard)	824,920,870,937
12362 (Casp1)	895,920,942,937
66824 (Pycard)	824,969,870,986
12362 (Casp1)	895,969,942,986
378425 (Nlrp12)	753,969,799,986
21929 (Tnfaip3)	693,278,739,295
239319 (Card6)	644,190,690,207
22051 (Trip6)	644,211,690,228
22030 (Traf2)	644,278,690,295
22033 (Traf5)	644,278,690,295
22034 (Traf6)	644,278,690,295
270151 (Nlrx1)	595,350,641,367
332579 (Card9)	644,257,690,274
192656 (Ripk2)	595,149,641,166
11798 (Xiap)	595,211,641,228
18035 (Nfkbia)	974,159,1020,176
18036 (Nfkbib)	974,159,1020,176
16391 (Irf9)	1453,587,1499,604
18753 (Prkcd)	754,1064,800,1081
12370 (Casp8)	895,703,941,720
14082 (Fadd)	895,720,941,737
12043 (Bcl2)	742,524,788,541
12048 (Bcl2l1)	742,544,788,561
170731 (Mfn2)	595,787,641,804
67414 (Mfn1)	595,787,641,804
15951 (Ifi204)	1234,1185,1280,1202
226691 (Ifi207)	1234,1185,1280,1202
66824 (Pycard)	1295,1234,1341,1251
12362 (Casp1)	1356,1234,1403,1251
15951 (Ifi204)	1234,1234,1280,1251
226691 (Ifi207)	1234,1234,1280,1251
216877 (Dhx33)	511,755,557,772
19766 (Ripk1)	305,779,351,796
56532 (Ripk3)	305,779,351,796
74006 (Dnm1l)	383,779,429,796
13030 (Ctsb)	595,538,641,555
216799 (Nlrp3)	1256,994,1302,1011
23960 (Oas1g)	383,708,429,725
23961 (Oas1b)	383,708,429,725
246727 (Oas3)	383,708,429,725
246728 (Oas2)	383,708,429,725
246730 (Oas1a)	383,708,429,725
24014 (Rnasel)	511,708,557,725
16173 (Il18)	1502,202,1548,219
16193 (Il6)	1453,222,1499,239
21926 (Tnf)	1502,222,1548,239
14825 (Cxcl1)	1503,250,1549,267
20310 (Cxcl2)	1503,250,1549,267
330122 (Cxcl3)	1503,250,1549,267
20293 (Ccl12)	1454,270,1500,287
20296 (Ccl2)	1454,270,1500,287
20304 (Ccl5)	1503,270,1549,287
18033 (Nfkb1)	1453,1114,1499,1131
19697 (Rela)	1453,1114,1499,1131
15951 (Ifi204)	1453,1147,1499,1164
226691 (Ifi207)	1453,1147,1499,1164
16176 (Il1b)	1453,202,1499,219
15962 (Ifna1)	1722,609,1768,626
15964 (Ifna11)	1722,609,1768,626
15965 (Ifna2)	1722,609,1768,626
15967 (Ifna4)	1722,609,1768,626
15968 (Ifna5)	1722,609,1768,626
15969 (Ifna6)	1722,609,1768,626
15970 (Ifna7)	1722,609,1768,626
15972 (Ifna9)	1722,609,1768,626
15974 (Ifnab)	1722,609,1768,626
15977 (Ifnb1)	1722,609,1768,626
230396 (Ifna13)	1722,609,1768,626
242517 (Ifna15)	1722,609,1768,626
242519 (Ifna12)	1722,609,1768,626
404549 (Ifna14)	1722,609,1768,626
15962 (Ifna1)	1256,709,1302,726
15964 (Ifna11)	1256,709,1302,726
15965 (Ifna2)	1256,709,1302,726
15967 (Ifna4)	1256,709,1302,726
15968 (Ifna5)	1256,709,1302,726
15969 (Ifna6)	1256,709,1302,726
15970 (Ifna7)	1256,709,1302,726
15972 (Ifna9)	1256,709,1302,726
15974 (Ifnab)	1256,709,1302,726
15977 (Ifnb1)	1256,709,1302,726
230396 (Ifna13)	1256,709,1302,726
242517 (Ifna15)	1256,709,1302,726
242519 (Ifna12)	1256,709,1302,726
404549 (Ifna14)	1256,709,1302,726
15962 (Ifna1)	1133,1103,1179,1120
15964 (Ifna11)	1133,1103,1179,1120
15965 (Ifna2)	1133,1103,1179,1120
15967 (Ifna4)	1133,1103,1179,1120
15968 (Ifna5)	1133,1103,1179,1120
15969 (Ifna6)	1133,1103,1179,1120
15970 (Ifna7)	1133,1103,1179,1120
15972 (Ifna9)	1133,1103,1179,1120
15974 (Ifnab)	1133,1103,1179,1120
15977 (Ifnb1)	1133,1103,1179,1120
230396 (Ifna13)	1133,1103,1179,1120
242517 (Ifna15)	1133,1103,1179,1120
242519 (Ifna12)	1133,1103,1179,1120
404549 (Ifna14)	1133,1103,1179,1120
12796 (Camp)	1454,297,1500,314
100038927 (Defa30)	1503,297,1549,314
100041688 (Defa35)	1503,297,1549,314
100041759 (Gm15293)	1503,297,1549,314
100041787 (Gm15292)	1503,297,1549,314
100041811 (Defa27)	1503,297,1549,314
100041890 (Defa32)	1503,297,1549,314
100041895 (Defa37)	1503,297,1549,314
100041952 (Defa34)	1503,297,1549,314
100294660 (Defa2)	1503,297,1549,314
100503970	1503,297,1549,314
100505096 (Defa33)	1503,297,1549,314
100862126 (Defa36)	1503,297,1549,314
13216 (Defa1)	1503,297,1549,314
13218 (Defa29)	1503,297,1549,314
13219 (Defa-rs10)	1503,297,1549,314
13221 (Defa-rs12)	1503,297,1549,314
13222 (Defa-rs2)	1503,297,1549,314
13223 (Defa-rs4)	1503,297,1549,314
13226 (Defa31)	1503,297,1549,314
13236 (Defa25)	1503,297,1549,314
13237 (Defa3)	1503,297,1549,314
13238 (Defa4)	1503,297,1549,314
13239 (Defa5)	1503,297,1549,314
13240 (Defa6)	1503,297,1549,314
23855 (Defa17)	1503,297,1549,314
244332 (Defb14)	1503,297,1549,314
382000 (CRS1C-3)	1503,297,1549,314
382059 (Defa22)	1503,297,1549,314
497114 (Defa23)	1503,297,1549,314
503491 (Defa24)	1503,297,1549,314
56519 (Defb4)	1503,297,1549,314
626682 (Defa28)	1503,297,1549,314
626708 (Defa26)	1503,297,1549,314
634825 (Gm14851)	1503,297,1549,314
66298 (Defa21)	1503,297,1549,314
665927 (Gm7849)	1503,297,1549,314
665956 (Gm7861)	1503,297,1549,314
68009 (Defa20)	1503,297,1549,314
109333 (Pkn2)	570,1185,616,1202
320795 (Pkn1)	570,1185,616,1202
22627 (Ywhae)	651,1213,697,1230
map03070: Bacterial secretion system	77,1040,168,1068
mmu04621: NOD-like receptor signaling pathway	40,45,356,70
mmu04010: MAPK signaling pathway	1052,280,1191,299
mmu04064: NF-kappa B signaling pathway	1044,211,1205,233
map00550: Peptidoglycan biosynthesis	135,225,215,256
mmu04140: Autophagy - animal	471,231,536,253
mmu04620: Toll-like receptor signaling pathway	1519,836,1619,872
