C00080 (H+)	359,291,4
C05981 (Phosphatidylinositol-3,4,5-trisphosphate)	440,1009,4
C00027 (Hydrogen peroxide)	260,936,4
100503895 (Tpsab1)	52,298,98,315
17229 (Tpsb2)	52,298,98,315
18815 (Plg)	52,318,98,335
100040233 (Gm10334)	52,338,98,355
103964 (Try5)	52,338,98,355
22072 (Prss2)	52,338,98,355
22074 (Try4)	52,338,98,355
436522 (Try10)	52,338,98,355
67373 (2210010C04Rik)	52,338,98,355
73626 (1810009J06Rik)	52,338,98,355
230073 (Ddx58)	383,580,429,597
71586 (Ifih1)	383,601,429,618
228607 (Mavs)	459,590,505,607
217069 (Trim25)	422,537,468,554
56480 (Tbk1)	665,662,711,679
56489 (Ikbke)	665,679,711,696
142980 (Tlr3)	367,670,413,687
106759 (Ticam1)	458,670,504,687
12675 (Chuk)	666,590,712,607
16150 (Ikbkb)	666,590,712,607
16151 (Ikbkg)	666,590,712,607
18033 (Nfkb1)	765,556,811,573
19697 (Rela)	765,556,811,573
18035 (Nfkbia)	765,590,811,607
18036 (Nfkbib)	765,590,811,607
12914 (Crebbp)	922,703,968,720
328572 (Ep300)	922,703,968,720
54131 (Irf3)	765,677,811,694
54123 (Irf7)	765,733,811,750
18706 (Pik3ca)	359,1001,405,1018
18707 (Pik3cd)	359,1001,405,1018
18708 (Pik3r1)	359,1001,405,1018
18709 (Pik3r2)	359,1001,405,1018
18710 (Pik3r3)	359,1001,405,1018
74769 (Pik3cb)	359,1001,405,1018
11651 (Akt1)	474,1001,520,1018
11652 (Akt2)	474,1001,520,1018
23797 (Akt3)	474,1001,520,1018
170743 (Tlr7)	367,733,413,750
17874 (Myd88)	458,733,504,750
266632 (Irak4)	573,733,619,750
216799 (Nlrp3)	359,928,405,945
66824 (Pycard)	359,945,405,962
12362 (Casp1)	359,962,405,979
16176 (Il1b)	751,941,797,958
16173 (Il18)	751,962,797,979
77125 (Il33)	751,983,797,1000
15975 (Ifnar1)	196,858,242,875
15976 (Ifnar2)	196,858,242,875
15977 (Ifnb1)	129,868,175,885
16451 (Jak1)	290,858,336,875
54721 (Tyk2)	290,858,336,875
20846 (Stat1)	616,858,662,875
20847 (Stat2)	616,858,662,875
16391 (Irf9)	774,858,820,875
17858 (Mx2)	1022,818,1068,835
23960 (Oas1g)	1022,837,1068,854
23961 (Oas1b)	1022,837,1068,854
246727 (Oas3)	1022,837,1068,854
246728 (Oas2)	1022,837,1068,854
246730 (Oas1a)	1022,837,1068,854
56417 (Adar)	1022,856,1068,873
18854 (Pml)	1022,875,1068,892
12265 (Ciita)	818,917,864,934
100504404 (H2-Ea-ps)	1022,917,1068,934
14960 (H2-Aa)	1022,917,1068,934
14961 (H2-Ab1)	1022,917,1068,934
14969 (H2-Eb1)	1022,917,1068,934
14998 (H2-DMa)	1022,917,1068,934
14999 (H2-DMb1)	1022,917,1068,934
15000 (H2-DMb2)	1022,917,1068,934
15001 (H2-Oa)	1022,917,1068,934
15002 (H2-Ob)	1022,917,1068,934
15962 (Ifna1)	1022,724,1068,741
15964 (Ifna11)	1022,724,1068,741
15965 (Ifna2)	1022,724,1068,741
15967 (Ifna4)	1022,724,1068,741
15968 (Ifna5)	1022,724,1068,741
15969 (Ifna6)	1022,724,1068,741
15970 (Ifna7)	1022,724,1068,741
15972 (Ifna9)	1022,724,1068,741
15974 (Ifnab)	1022,724,1068,741
230396 (Ifna13)	1022,724,1068,741
242517 (Ifna15)	1022,724,1068,741
242519 (Ifna12)	1022,724,1068,741
404549 (Ifna14)	1022,724,1068,741
12702 (Socs3)	579,819,625,836
20304 (Ccl5)	1022,651,1068,668
15977 (Ifnb1)	1022,743,1068,760
15894 (Icam1)	1022,696,1068,713
16175 (Il1a)	1022,528,1068,545
16176 (Il1b)	1022,528,1068,545
16193 (Il6)	1022,547,1068,564
21926 (Tnf)	1022,585,1068,602
16159 (Il12a)	1022,566,1068,583
16160 (Il12b)	1022,566,1068,583
19106 (Eif2ak2)	487,496,533,513
100037258 (Dnajc3)	466,456,512,473
81489 (Dnajb1)	382,456,428,473
13665 (Eif2s1)	616,496,662,513
23960 (Oas1g)	393,386,439,403
23961 (Oas1b)	393,386,439,403
246727 (Oas3)	393,386,439,403
246728 (Oas2)	393,386,439,403
246730 (Oas1a)	393,386,439,403
24014 (Rnasel)	538,386,584,403
22035 (Tnfsf10)	132,1031,178,1048
21933 (Tnfrsf10b)	196,1031,242,1048
11739 (Slc25a4)	550,1097,596,1114
11740 (Slc25a5)	550,1097,596,1114
73333 (Slc25a31)	550,1097,596,1114
22333 (Vdac1)	550,1080,596,1097
16646 (Kpna1)	1007,1376,1053,1393
16647 (Kpna2)	1007,1376,1053,1393
16650 (Kpna6)	1007,1376,1053,1393
381686 (Kpna7)	1007,1376,1053,1393
103573 (Xpo1)	925,1390,971,1407
18750 (Prkca)	367,1257,413,1274
110157 (Raf1)	463,1257,509,1274
26395 (Map2k1)	542,1257,588,1274
26396 (Map2k2)	542,1257,588,1274
26413 (Mapk1)	621,1257,667,1274
26417 (Mapk3)	621,1257,667,1274
11461 (Actb)	239,1428,285,1445
11465 (Actg1)	239,1428,285,1445
110196 (Fdps)	244,1225,290,1242
58185 (Rsad2)	244,1190,290,1207
18815 (Plg)	149,1441,195,1458
54188 (Cpsf4)	1233,1144,1279,1161
382035 (Pabpn1l)	1233,1161,1279,1178
54196 (Pabpn1)	1233,1161,1279,1178
170722 (Nxf7)	1031,1225,1077,1242
245610 (Nxf3)	1031,1225,1077,1242
53319 (Nxf1)	1031,1225,1077,1242
83454 (Nxf2)	1031,1225,1077,1242
237082 (Nxt2)	1031,1242,1077,1259
56488 (Nxt1)	1031,1242,1077,1259
66679 (Rae1)	1077,1242,1123,1259
232989 (Hnrnpul1)	1077,1225,1123,1242
269966 (Nup98)	863,1243,909,1260
20293 (Ccl12)	1022,632,1068,649
20296 (Ccl2)	1022,632,1068,649
15945 (Cxcl10)	1022,670,1068,687
18751 (Prkcb)	496,266,542,283
214523 (Tmprss4)	196,332,242,349
50528 (Tmprss2)	196,332,242,349
231382 (Tmprss11d)	196,353,242,370
14103 (Fasl)	132,1052,178,1069
14102 (Fas)	196,1052,242,1069
270151 (Nlrx1)	459,573,505,590
19326 (Rab11b)	753,1344,799,1361
53869 (Rab11a)	753,1344,799,1361
15978 (Ifng)	129,890,175,907
15979 (Ifngr1)	196,890,242,907
15980 (Ifngr2)	196,890,242,907
16451 (Jak1)	290,890,336,907
16452 (Jak2)	290,890,336,907
20846 (Stat1)	616,890,662,907
21898 (Tlr4)	196,712,242,729
21937 (Tnfrsf1a)	196,1073,242,1090
22031 (Traf3)	573,670,619,687
12675 (Chuk)	666,733,712,750
12675 (Chuk)	666,769,712,786
16150 (Ikbkb)	666,769,712,786
18035 (Nfkbia)	765,769,811,786
18036 (Nfkbib)	765,769,811,786
18033 (Nfkb1)	765,803,811,820
19697 (Rela)	765,803,811,820
12445 (Ccnd3)	840,1052,886,1069
12567 (Cdk4)	912,1042,958,1059
12571 (Cdk6)	912,1042,958,1059
76815 (Calcoco2)	620,629,666,646
15962 (Ifna1)	129,847,175,864
15964 (Ifna11)	129,847,175,864
15965 (Ifna2)	129,847,175,864
15967 (Ifna4)	129,847,175,864
15968 (Ifna5)	129,847,175,864
15969 (Ifna6)	129,847,175,864
15970 (Ifna7)	129,847,175,864
15972 (Ifna9)	129,847,175,864
15974 (Ifnab)	129,847,175,864
230396 (Ifna13)	129,847,175,864
242517 (Ifna15)	129,847,175,864
242519 (Ifna12)	129,847,175,864
404549 (Ifna14)	129,847,175,864
14082 (Fadd)	281,1052,327,1069
12370 (Casp8)	359,1044,405,1061
71609 (Tradd)	281,1035,327,1052
12028 (Bax)	461,1099,507,1116
12018 (Bak1)	461,1121,507,1138
13063 (Cycs)	607,1110,653,1127
13067 (Cyct)	607,1110,653,1127
12367 (Casp3)	761,1110,807,1127
12371 (Casp9)	685,1110,731,1127
12122 (Bid)	384,1110,430,1127
11783 (Apaf1)	607,1139,653,1156
mmu05164: Influenza A	40,45,162,70
mmu04144: Endocytosis	522,198,614,223
mmu04620: Toll-like receptor signaling pathway	479,695,596,729
mmu04630: JAK-STAT signaling pathway	384,827,501,861
mmu04621: NOD-like receptor signaling pathway	415,930,535,964
mmu04622: RIG-I-like receptor signaling pathway	526,552,633,586
mmu03015: mRNA surveillance pathway	996,1095,1153,1120
mmu00900: Terpenoid backbone biosynthesis	79,1247,200,1281
mmu04010: MAPK signaling pathway	499,1212,631,1246
mmu05416: Viral myocarditis	1201,675,1299,700
mmu03013: RNA transport	1044,1405,1136,1430
mmu04110: Cell cycle	991,1021,1081,1046
mmu04210: Apoptosis	624,1077,733,1102
