C00061 (FMN)	188,372,7
C00390 (Ubiquinol)	568,277,19
C00399 (Ubiquinone)	532,248,15
C00524 (Cytochrome c)	768,198,18
C00080 (H+)	283,314,4
C00080 (H+)	307,314,4
C00080 (H+)	307,155,4
C00004 (NADH)	135,446,4
C00003 (NAD+)	252,460,4
C00080 (H+)	267,460,4
C00122 (Fumarate)	472,400,4
C00080 (H+)	654,155,4
C00080 (H+)	654,376,4
C00080 (H+)	868,155,4
C00007 (Oxygen)	827,355,4
C00001 (H2O)	908,355,4
C00080 (H+)	868,355,4
C00080 (H+)	1067,161,4
C00008 (ADP)	1018,454,4
C00009 (Orthophosphate)	1004,454,4
C00080 (H+)	1067,464,4
C00013 (Diphosphate)	914,454,4
C00536 (Triphosphate)	815,454,4
C00002 (ATP)	1116,464,4
C00001 (H2O)	1129,464,4
C00042 (Succinate)	393,400,4
12857 (Cox4i1)	297,746,343,763
84682 (Cox4i2)	297,746,343,763
68197 (Ndufc2)	619,605,665,622
66377 (Ndufc1)	573,605,619,622
68342 (Ndufb10)	481,605,527,622
66218 (Ndufb9)	435,605,481,622
67264 (Ndufb8)	389,605,435,622
66916 (Ndufb7)	343,605,389,622
230075 (Ndufb6)	297,605,343,622
66046 (Ndufb5)	251,605,297,622
100041273 (Ndufb4c)	205,605,251,622
100042503 (Ndufb4b)	205,605,251,622
68194 (Ndufb4)	205,605,251,622
66495 (Ndufb3)	159,605,205,622
68198 (Ndufb2)	113,605,159,622
69875 (Ndufa11)	573,581,619,598
70316 (Ndufab1)	527,581,573,598
67273 (Ndufa10)	481,581,527,598
66108 (Ndufa9)	435,581,481,598
68375 (Ndufa8)	389,581,435,598
66416 (Ndufa7)	343,581,389,598
67130 (Ndufa6)	297,581,343,598
68202 (Ndufa5)	251,581,297,598
17992 (Ndufa4)	205,581,251,598
407790 (Ndufa4l2)	205,581,251,598
66091 (Ndufa3)	159,581,205,598
17991 (Ndufa2)	113,581,159,598
54405 (Ndufa1)	67,581,113,598
78330 (Ndufv3)	527,509,573,526
72900 (Ndufv2)	481,509,527,526
17995 (Ndufv1)	435,509,481,526
225887 (Ndufs8)	389,509,435,526
75406 (Ndufs7)	343,509,389,526
407785 (Ndufs6)	297,509,343,526
595136 (Ndufs5)	251,509,297,526
17993 (Ndufs4)	205,509,251,526
68349 (Ndufs3)	159,509,205,526
226646 (Ndufs2)	113,509,159,526
227197 (Ndufs1)	67,509,113,526
17722 (ND6)	343,486,389,503
17721 (ND5)	297,486,343,503
17720 (ND4L)	251,486,297,503
17719 (ND4)	205,486,251,503
17718 (ND3)	159,486,205,503
17717 (ND2)	113,486,159,503
17716 (ND1)	67,486,113,503
12856 (Cox17)	849,746,895,763
226139 (Cox15)	803,755,849,772
69802 (Cox11)	757,755,803,772
100041273 (Ndufb4c)	150,424,196,441
100042503 (Ndufb4b)	150,424,196,441
104130 (Ndufb11)	150,424,196,441
17991 (Ndufa2)	150,424,196,441
17992 (Ndufa4)	150,424,196,441
17993 (Ndufs4)	150,424,196,441
17995 (Ndufv1)	150,424,196,441
225887 (Ndufs8)	150,424,196,441
226646 (Ndufs2)	150,424,196,441
227197 (Ndufs1)	150,424,196,441
230075 (Ndufb6)	150,424,196,441
407785 (Ndufs6)	150,424,196,441
407790 (Ndufa4l2)	150,424,196,441
54405 (Ndufa1)	150,424,196,441
595136 (Ndufs5)	150,424,196,441
66046 (Ndufb5)	150,424,196,441
66091 (Ndufa3)	150,424,196,441
66108 (Ndufa9)	150,424,196,441
66218 (Ndufb9)	150,424,196,441
66377 (Ndufc1)	150,424,196,441
66414 (Ndufa12)	150,424,196,441
66416 (Ndufa7)	150,424,196,441
66495 (Ndufb3)	150,424,196,441
66916 (Ndufb7)	150,424,196,441
67130 (Ndufa6)	150,424,196,441
67184 (Ndufa13)	150,424,196,441
67264 (Ndufb8)	150,424,196,441
67273 (Ndufa10)	150,424,196,441
68194 (Ndufb4)	150,424,196,441
68197 (Ndufc2)	150,424,196,441
68198 (Ndufb2)	150,424,196,441
68202 (Ndufa5)	150,424,196,441
68342 (Ndufb10)	150,424,196,441
68349 (Ndufs3)	150,424,196,441
68375 (Ndufa8)	150,424,196,441
70316 (Ndufab1)	150,424,196,441
72900 (Ndufv2)	150,424,196,441
75406 (Ndufs7)	150,424,196,441
78330 (Ndufv3)	150,424,196,441
12868 (Cox8a)	711,746,757,763
12869 (Cox8b)	711,746,757,763
75483 (Cox8c)	711,746,757,763
12867 (Cox7c)	665,746,711,763
66142 (Cox7b)	619,746,665,763
78174 (Cox7b2)	619,746,665,763
12865 (Cox7a1)	573,746,619,763
12866 (Cox7a2)	573,746,619,763
20463 (Cox7a2l)	573,746,619,763
12864 (Cox6c)	527,746,573,763
100041273 (Ndufb4c)	174,403,220,420
100042503 (Ndufb4b)	174,403,220,420
104130 (Ndufb11)	174,403,220,420
17716 (ND1)	174,403,220,420
17717 (ND2)	174,403,220,420
17718 (ND3)	174,403,220,420
17719 (ND4)	174,403,220,420
17720 (ND4L)	174,403,220,420
17721 (ND5)	174,403,220,420
17722 (ND6)	174,403,220,420
17991 (Ndufa2)	174,403,220,420
17992 (Ndufa4)	174,403,220,420
17993 (Ndufs4)	174,403,220,420
17995 (Ndufv1)	174,403,220,420
225887 (Ndufs8)	174,403,220,420
226646 (Ndufs2)	174,403,220,420
227197 (Ndufs1)	174,403,220,420
230075 (Ndufb6)	174,403,220,420
407785 (Ndufs6)	174,403,220,420
407790 (Ndufa4l2)	174,403,220,420
54405 (Ndufa1)	174,403,220,420
595136 (Ndufs5)	174,403,220,420
66046 (Ndufb5)	174,403,220,420
66091 (Ndufa3)	174,403,220,420
66108 (Ndufa9)	174,403,220,420
66218 (Ndufb9)	174,403,220,420
66377 (Ndufc1)	174,403,220,420
66414 (Ndufa12)	174,403,220,420
66416 (Ndufa7)	174,403,220,420
66495 (Ndufb3)	174,403,220,420
66916 (Ndufb7)	174,403,220,420
67130 (Ndufa6)	174,403,220,420
67184 (Ndufa13)	174,403,220,420
67264 (Ndufb8)	174,403,220,420
67273 (Ndufa10)	174,403,220,420
68194 (Ndufb4)	174,403,220,420
68197 (Ndufc2)	174,403,220,420
68198 (Ndufb2)	174,403,220,420
68202 (Ndufa5)	174,403,220,420
68342 (Ndufb10)	174,403,220,420
68349 (Ndufs3)	174,403,220,420
68375 (Ndufa8)	174,403,220,420
69875 (Ndufa11)	174,403,220,420
70316 (Ndufab1)	174,403,220,420
72900 (Ndufv2)	174,403,220,420
75406 (Ndufs7)	174,403,220,420
78330 (Ndufv3)	174,403,220,420
17711 (CYTB)	631,339,677,356
22272 (Uqcrq)	631,339,677,356
22273 (Uqcrc1)	631,339,677,356
66152 (Uqcr10)	631,339,677,356
66445 (Cyc1)	631,339,677,356
66576 (Uqcrh)	631,339,677,356
66594 (Uqcr11)	631,339,677,356
66694 (Uqcrfs1)	631,339,677,356
67003 (Uqcrc2)	631,339,677,356
67530 (Uqcrb)	631,339,677,356
110323 (Cox6b1)	845,307,891,324
12857 (Cox4i1)	845,307,891,324
12858 (Cox5a)	845,307,891,324
12859 (Cox5b)	845,307,891,324
12861 (Cox6a1)	845,307,891,324
12862 (Cox6a2)	845,307,891,324
12864 (Cox6c)	845,307,891,324
12865 (Cox7a1)	845,307,891,324
12866 (Cox7a2)	845,307,891,324
12867 (Cox7c)	845,307,891,324
12868 (Cox8a)	845,307,891,324
12869 (Cox8b)	845,307,891,324
17708 (COX1)	845,307,891,324
17709 (COX2)	845,307,891,324
17710 (COX3)	845,307,891,324
20463 (Cox7a2l)	845,307,891,324
333182 (Cox6b2)	845,307,891,324
66142 (Cox7b)	845,307,891,324
75483 (Cox8c)	845,307,891,324
78174 (Cox7b2)	845,307,891,324
84682 (Cox4i2)	845,307,891,324
108664 (Atp6v1h)	1021,400,1067,417
110935 (Atp6v1b1)	1021,400,1067,417
114143 (Atp6v0b)	1021,400,1067,417
11946 (Atp5a1)	1021,400,1067,417
11947 (Atp5b)	1021,400,1067,417
11949 (Atp5c1)	1021,400,1067,417
11950 (Atp5f1)	1021,400,1067,417
11951 (Atp5g1)	1021,400,1067,417
11957 (Atp5j)	1021,400,1067,417
11958 (Atp5k)	1021,400,1067,417
11964 (Atp6v1a)	1021,400,1067,417
11966 (Atp6v1b2)	1021,400,1067,417
11972 (Atp6v0d1)	1021,400,1067,417
11973 (Atp6v1e1)	1021,400,1067,417
11974 (Atp6v0e)	1021,400,1067,417
11975 (Atp6v0a1)	1021,400,1067,417
11984 (Atp6v0c)	1021,400,1067,417
140494 (Atp6v0a4)	1021,400,1067,417
17705 (ATP6)	1021,400,1067,417
17706 (ATP8)	1021,400,1067,417
21871 (Atp6v0a2)	1021,400,1067,417
228033 (Atp5g3)	1021,400,1067,417
242341 (Atp6v0d2)	1021,400,1067,417
27060 (Tcirg1)	1021,400,1067,417
27425 (Atp5l)	1021,400,1067,417
28080 (Atp5o)	1021,400,1067,417
338375 (Atp6v1g3)	1021,400,1067,417
54411 (Atp6ap1)	1021,400,1067,417
57423 (Atp5j2)	1021,400,1067,417
66043 (Atp5d)	1021,400,1067,417
66144 (Atp6v1f)	1021,400,1067,417
66237 (Atp6v1g2)	1021,400,1067,417
66290 (Atp6v1g1)	1021,400,1067,417
66335 (Atp6v1c1)	1021,400,1067,417
67126 (Atp5e)	1021,400,1067,417
67942 (Atp5g2)	1021,400,1067,417
68775 (Atp6v1c2)	1021,400,1067,417
71679 (Atp5h)	1021,400,1067,417
73834 (Atp6v1d)	1021,400,1067,417
74915 (Atp6v1e2)	1021,400,1067,417
76252 (Atp6v0e2)	1021,400,1067,417
11944 (Atp4a)	1069,400,1115,417
11945 (Atp4b)	1069,400,1115,417
192113 (Atp12a)	1069,400,1115,417
67895 (Ppa1)	931,446,977,463
74776 (Ppa2)	931,446,977,463
76429 (Lhpp)	931,446,977,463
66052 (Sdhc)	68,661,114,678
66925 (Sdhd)	113,661,159,678
66945 (Sdha)	159,661,205,678
67680 (Sdhb)	205,661,251,678
66594 (Uqcr11)	803,679,849,696
66152 (Uqcr10)	757,679,803,696
22272 (Uqcrq)	711,679,757,696
67530 (Uqcrb)	665,679,711,696
66576 (Uqcrh)	619,679,665,696
67003 (Uqcrc2)	573,679,619,696
22273 (Uqcrc1)	527,679,573,696
66445 (Cyc1)	481,662,527,679
17711 (CYTB)	435,662,481,679
66694 (Uqcrfs1)	389,662,435,679
110323 (Cox6b1)	481,746,527,763
333182 (Cox6b2)	481,746,527,763
12861 (Cox6a1)	435,746,481,763
12862 (Cox6a2)	435,746,481,763
12859 (Cox5b)	389,746,435,763
12858 (Cox5a)	343,746,389,763
17709 (COX2)	251,746,297,763
70383 (Cox10)	68,769,114,786
17708 (COX1)	205,746,251,763
17710 (COX3)	159,746,205,763
70383 (Cox10)	68,746,114,763
11947 (Atp5b)	931,596,977,613
11946 (Atp5a1)	885,596,931,613
11949 (Atp5c1)	977,596,1023,613
28080 (Atp5o)	885,613,931,630
66043 (Atp5d)	1023,596,1069,613
67126 (Atp5e)	1069,596,1115,613
11951 (Atp5g1)	1023,613,1069,630
228033 (Atp5g3)	1023,613,1069,630
67942 (Atp5g2)	1023,613,1069,630
17705 (ATP6)	931,613,977,630
11950 (Atp5f1)	977,613,1023,630
11958 (Atp5k)	1115,613,1161,630
11957 (Atp5j)	977,630,1023,647
57423 (Atp5j2)	885,630,931,647
17706 (ATP8)	1115,630,1161,647
71679 (Atp5h)	1069,613,1115,630
27425 (Atp5l)	931,630,977,647
11964 (Atp6v1a)	885,788,931,805
110935 (Atp6v1b1)	931,788,977,805
11966 (Atp6v1b2)	931,788,977,805
66335 (Atp6v1c1)	977,788,1023,805
68775 (Atp6v1c2)	977,788,1023,805
73834 (Atp6v1d)	1023,788,1069,805
11973 (Atp6v1e1)	1069,788,1115,805
74915 (Atp6v1e2)	1069,788,1115,805
66144 (Atp6v1f)	1115,788,1161,805
338375 (Atp6v1g3)	1161,788,1207,805
66237 (Atp6v1g2)	1161,788,1207,805
66290 (Atp6v1g1)	1161,788,1207,805
108664 (Atp6v1h)	1207,788,1253,805
11975 (Atp6v0a1)	885,805,931,822
140494 (Atp6v0a4)	885,805,931,822
21871 (Atp6v0a2)	885,805,931,822
27060 (Tcirg1)	885,805,931,822
11972 (Atp6v0d1)	977,805,1023,822
242341 (Atp6v0d2)	977,805,1023,822
11974 (Atp6v0e)	1023,805,1069,822
76252 (Atp6v0e2)	1023,805,1069,822
54411 (Atp6ap1)	1069,805,1115,822
114143 (Atp6v0b)	931,805,977,822
11984 (Atp6v0c)	931,805,977,822
104130 (Ndufb11)	527,605,573,622
66414 (Ndufa12)	619,581,665,598
67184 (Ndufa13)	665,581,711,598
66052 (Sdhc)	411,349,457,366
66925 (Sdhd)	411,349,457,366
66945 (Sdha)	411,349,457,366
67680 (Sdhb)	411,349,457,366
mmu00190: Oxidative phosphorylation	40,45,283,70
