C00219 (Arachidonate)	624,257,4
C00533 (Nitric oxide)	128,203,4
C00641 (1,2-Diacyl-sn-glycerol)	605,532,4
C01245 (D-myo-Inositol 1,4,5-trisphosphate)	514,349,4
C01330 (Sodium cation)	384,485,4
C01330 (Sodium cation)	382,361,4
C00025 (L-Glutamate)	197,511,4
C00942 (3',5'-Cyclic GMP)	440,153,4
C00076 (Calcium cation)	384,426,4
C01245 (D-myo-Inositol 1,4,5-trisphosphate)	514,474,4
C01330 (Sodium cation)	381,320,4
C00165 (Diacylglycerol)	575,294,4
C00219 (Arachidonate)	625,567,4
C00025 (L-Glutamate)	195,318,4
18795 (Plcb1)	446,524,492,541
18796 (Plcb2)	446,524,492,541
18797 (Plcb3)	446,524,492,541
18798 (Plcb4)	446,524,492,541
14672 (Gna11)	363,524,409,541
14682 (Gnaq)	363,524,409,541
14799 (Gria1)	290,477,336,494
14800 (Gria2)	290,477,336,494
53623 (Gria3)	290,477,336,494
20190 (Ryr1)	544,434,590,451
18783 (Pla2g4a)	446,559,492,576
211429 (Pla2g4b)	446,559,492,576
232889 (Pla2g4c)	446,559,492,576
271844 (Pla2g4f)	446,559,492,576
329502 (Pla2g4e)	446,559,492,576
78390 (Pla2g4d)	446,559,492,576
18783 (Pla2g4a)	446,248,492,265
211429 (Pla2g4b)	446,248,492,265
232889 (Pla2g4c)	446,248,492,265
271844 (Pla2g4f)	446,248,492,265
329502 (Pla2g4e)	446,248,492,265
78390 (Pla2g4d)	446,248,492,265
14673 (Gna12)	363,632,409,649
14674 (Gna13)	363,632,409,649
14677 (Gnai1)	363,632,409,649
14678 (Gnai2)	363,632,409,649
14679 (Gnai3)	363,632,409,649
14681 (Gnao1)	363,632,409,649
14683 (Gnas)	363,632,409,649
14687 (Gnaz)	363,632,409,649
14673 (Gna12)	363,592,409,609
14674 (Gna13)	363,592,409,609
14677 (Gnai1)	363,592,409,609
14678 (Gnai2)	363,592,409,609
14679 (Gnai3)	363,592,409,609
14681 (Gnao1)	363,592,409,609
14683 (Gnas)	363,592,409,609
14687 (Gnaz)	363,592,409,609
14673 (Gna12)	363,559,409,576
14674 (Gna13)	363,559,409,576
14677 (Gnai1)	363,559,409,576
14678 (Gnai2)	363,559,409,576
14679 (Gnai3)	363,559,409,576
14681 (Gnao1)	363,559,409,576
14683 (Gnas)	363,559,409,576
14687 (Gnaz)	363,559,409,576
18125 (Nos1)	53,195,99,212
18795 (Plcb1)	446,286,492,303
18796 (Plcb2)	446,286,492,303
18797 (Plcb3)	446,286,492,303
18798 (Plcb4)	446,286,492,303
14672 (Gna11)	363,286,409,303
14682 (Gnaq)	363,286,409,303
14816 (Grm1)	290,524,336,541
18750 (Prkca)	668,285,714,302
18751 (Prkcb)	668,285,714,302
18752 (Prkcg)	668,285,714,302
16001 (Igf1r)	290,631,336,648
12921 (Crhr1)	290,591,336,608
12918 (Crh)	85,591,131,608
16000 (Igf1)	85,631,131,648
234889 (Gucy1a2)	363,146,409,163
239134 (Gucy1b2)	363,146,409,163
54195 (Gucy1b3)	363,146,409,163
60596 (Gucy1a3)	363,146,409,163
14673 (Gna12)	363,248,409,265
14674 (Gna13)	363,248,409,265
14677 (Gnai1)	363,248,409,265
14678 (Gnai2)	363,248,409,265
14679 (Gnai3)	363,248,409,265
14681 (Gnao1)	363,248,409,265
14683 (Gnas)	363,248,409,265
14687 (Gnaz)	363,248,409,265
14804 (Grid2)	290,247,336,264
19091 (Prkg1)	472,146,518,163
19092 (Prkg2)	472,146,518,163
12286 (Cacna1a)	290,415,336,432
19051 (Ppp1r17)	555,123,601,140
14799 (Gria1)	290,353,336,370
14800 (Gria2)	290,353,336,370
53623 (Gria3)	290,353,336,370
26413 (Mapk1)	592,198,638,215
26417 (Mapk3)	592,198,638,215
26395 (Map2k1)	516,198,562,215
26396 (Map2k2)	516,198,562,215
109880 (Braf)	446,198,492,215
110157 (Raf1)	446,198,492,215
11836 (Araf)	446,198,492,215
15461 (Hras)	363,198,409,215
16653 (Kras)	363,198,409,215
18176 (Nras)	363,198,409,215
19052 (Ppp2ca)	634,123,680,140
19053 (Ppp2cb)	634,123,680,140
51792 (Ppp2r1a)	634,123,680,140
73699 (Ppp2r1b)	634,123,680,140
17096 (Lyn)	446,320,492,337
666513 (Gm11787)	446,320,492,337
14816 (Grm1)	290,286,336,303
16438 (Itpr1)	535,393,581,410
16439 (Itpr2)	535,393,581,410
16440 (Itpr3)	535,393,581,410
mmu04730: Long-term depression	40,45,234,70
mmu04020: Calcium signaling pathway	397,475,498,509
mmu04724: Glutamatergic synapse	192,114,284,148
