C00951 (Estradiol-17beta)	563,34,4
C00410 (Progesterone)	563,34,4
C07653 (Flutamide)	563,34,4
C01227 (Dehydroepiandrosterone)	563,34,4
C00280 (Androstenedione)	563,34,4
C00735 (Cortisol)	563,34,4
C00762 (Cortisone)	563,34,4
C00187 (Cholesterol)	717,31,4
C05981 (Phosphatidylinositol-3,4,5-trisphosphate)	452,660,4
C00165 (Diacylglycerol)	284,1164,4
C01245 (D-myo-Inositol 1,4,5-trisphosphate)	284,1202,4
C00076 (Calcium cation)	334,1203,4
C00416 (Phosphatidate)	677,1160,4
C00122 (Fumarate)	966,123,4
C00149 ((S)-Malate)	966,168,4
C16038 (2-Amino-1-methyl-6-phenylimidazo[4,5-b]pyridine)	1776,28,4
C00777 (Retinoate)	1158,1206,4
C15493 (9-cis-Retinoic acid)	1158,1206,4
C00535 (Testosterone)	398,34,4
C03917 (Dihydrotestosterone)	483,34,4
C00575 (3',5'-Cyclic AMP)	356,522,4
C00165 (Diacylglycerol)	251,806,4
C01245 (D-myo-Inositol 1,4,5-trisphosphate)	223,806,4
C00076 (Calcium cation)	223,838,4
C00584 (Prostaglandin E2)	45,521,4
C00681 (1-Acyl-sn-glycerol 3-phosphate)	61,454,4
C01471 (Acrolein)	1174,117,4
C21642 (4-Hydroxynonenal)	1174,145,4
C00533 (Nitric oxide)	1174,174,4
C00704 (O2.-)	1209,117,4
C21641 (Hydroperoxyl radical)	1241,117,4
C00027 (Hydrogen peroxide)	1209,146,4
C16844 (Hydroxyl radical)	1241,146,4
C00039 (DNA)	1661,635,4
C00951 (Estradiol-17beta)	1221,1212,4
C00951 (Estradiol-17beta)	1221,1128,4
C00951 (Estradiol-17beta)	1221,1262,4
13176 (Dcc)	110,212,156,229
12367 (Casp3)	192,180,238,197
12371 (Casp9)	256,202,302,219
12367 (Casp3)	392,212,438,229
12550 (Cdh1)	108,306,154,323
12387 (Ctnnb1)	154,306,200,323
20890 (Wnt8a)	29,377,75,394
216795 (Wnt9a)	29,377,75,394
22408 (Wnt1)	29,377,75,394
22409 (Wnt10a)	29,377,75,394
22410 (Wnt10b)	29,377,75,394
22411 (Wnt11)	29,377,75,394
22412 (Wnt9b)	29,377,75,394
22413 (Wnt2)	29,377,75,394
22414 (Wnt2b)	29,377,75,394
22415 (Wnt3)	29,377,75,394
22416 (Wnt3a)	29,377,75,394
22417 (Wnt4)	29,377,75,394
22418 (Wnt5a)	29,377,75,394
22419 (Wnt5b)	29,377,75,394
22420 (Wnt6)	29,377,75,394
22421 (Wnt7a)	29,377,75,394
22422 (Wnt7b)	29,377,75,394
22423 (Wnt8b)	29,377,75,394
93735 (Wnt16)	29,377,75,394
12385 (Ctnna1)	168,289,214,306
12386 (Ctnna2)	168,289,214,306
216033 (Ctnna3)	168,289,214,306
12387 (Ctnnb1)	366,307,412,324
16412 (Itgb1)	108,602,154,619
13542 (Dvl1)	427,377,473,394
13543 (Dvl2)	427,377,473,394
13544 (Dvl3)	427,377,473,394
12826 (Col4a1)	29,594,75,611
12827 (Col4a2)	29,594,75,611
12828 (Col4a3)	29,594,75,611
12829 (Col4a4)	29,594,75,611
12830 (Col4a5)	29,594,75,611
14268 (Fn1)	29,594,75,611
16772 (Lama1)	29,594,75,611
16773 (Lama2)	29,594,75,611
16774 (Lama3)	29,594,75,611
16775 (Lama4)	29,594,75,611
16776 (Lama5)	29,594,75,611
16777 (Lamb1)	29,594,75,611
16779 (Lamb2)	29,594,75,611
16780 (Lamb3)	29,594,75,611
16782 (Lamc2)	29,594,75,611
226519 (Lamc1)	29,594,75,611
23928 (Lamc3)	29,594,75,611
94216 (Col4a6)	29,594,75,611
16398 (Itga2)	108,585,154,602
16399 (Itga2b)	108,585,154,602
16400 (Itga3)	108,585,154,602
16403 (Itga6)	108,585,154,602
16410 (Itgav)	108,585,154,602
14083 (Ptk2)	288,595,334,612
19211 (Pten)	398,614,444,631
14362 (Fzd1)	108,369,154,386
14365 (Fzd3)	108,369,154,386
14366 (Fzd4)	108,369,154,386
14367 (Fzd5)	108,369,154,386
14368 (Fzd6)	108,369,154,386
14369 (Fzd7)	108,369,154,386
14370 (Fzd8)	108,369,154,386
14371 (Fzd9)	108,369,154,386
57265 (Fzd2)	108,369,154,386
93897 (Fzd10)	108,369,154,386
72993 (Appl1)	256,220,302,237
110279 (Bcr)	145,677,191,694
11350 (Abl1)	145,677,191,694
12928 (Crk)	288,660,334,677
12929 (Crkl)	288,660,334,677
12402 (Cbl)	288,677,334,694
12928 (Crk)	288,694,334,711
12929 (Crkl)	288,694,334,711
18706 (Pik3ca)	406,679,452,696
18707 (Pik3cd)	406,679,452,696
18708 (Pik3r1)	406,679,452,696
18709 (Pik3r2)	406,679,452,696
18710 (Pik3r3)	406,679,452,696
74769 (Pik3cb)	406,679,452,696
20850 (Stat5a)	525,851,571,868
20851 (Stat5b)	525,851,571,868
16451 (Jak1)	300,887,346,904
16452 (Jak2)	300,887,346,904
16453 (Jak3)	300,887,346,904
13649 (Egfr)	108,913,154,930
13866 (Erbb2)	108,933,154,950
18595 (Pdgfra)	108,959,154,976
18596 (Pdgfrb)	108,959,154,976
16001 (Igf1r)	109,982,155,999
16590 (Kit)	108,1006,154,1023
14255 (Flt3)	109,1030,155,1047
17295 (Met)	109,1052,155,1069
14182 (Fgfr1)	109,1076,155,1093
14183 (Fgfr2)	109,1076,155,1093
14184 (Fgfr3)	109,1076,155,1093
14186 (Fgfr4)	109,1076,155,1093
108989 (Tpr)	109,1142,155,1159
18211 (Ntrk1)	109,1142,155,1159
21787 (Tfg)	109,1142,155,1159
59069 (Tpm3)	109,1142,155,1159
21802 (Tgfa)	30,910,76,927
13645 (Egf)	30,933,76,950
15234 (Hgf)	30,1052,76,1069
18590 (Pdgfa)	30,959,76,976
18591 (Pdgfb)	30,959,76,976
16000 (Igf1)	30,982,76,999
16002 (Igf2)	30,982,76,999
11835 (Ar)	476,125,522,142
15516 (Hsp90ab1)	476,142,522,159
15519 (Hsp90aa1)	476,142,522,159
22027 (Hsp90b1)	476,142,522,159
11835 (Ar)	476,188,522,205
11835 (Ar)	476,205,522,222
56637 (Gsk3b)	535,377,581,394
12005 (Axin1)	581,394,627,411
12006 (Axin2)	581,394,627,411
11789 (Apc)	627,394,673,411
23805 (Apc2)	627,394,673,411
12675 (Chuk)	581,553,627,570
16150 (Ikbkb)	581,553,627,570
16151 (Ikbkg)	581,553,627,570
56717 (Mtor)	584,657,630,674
12371 (Casp9)	584,685,630,702
12015 (Bad)	584,714,630,731
17246 (Mdm2)	584,764,630,781
12576 (Cdkn1b)	584,791,630,808
12048 (Bcl2l1)	658,715,704,732
20848 (Stat3)	525,875,571,892
20846 (Stat1)	525,898,571,915
14784 (Grb2)	211,1006,259,1024
20662 (Sos1)	282,1006,328,1023
20663 (Sos2)	282,1006,328,1023
15461 (Hras)	356,1006,402,1023
16653 (Kras)	356,1006,402,1023
18176 (Nras)	356,1006,402,1023
109880 (Braf)	438,1007,484,1024
110157 (Raf1)	438,1007,484,1024
11836 (Araf)	438,1007,484,1024
26395 (Map2k1)	517,1007,563,1024
26396 (Map2k2)	517,1007,563,1024
54354 (Rassf5)	447,933,493,950
56289 (Rassf1)	476,960,522,977
18035 (Nfkbia)	662,554,708,571
18033 (Nfkb1)	662,587,708,604
18034 (Nfkb2)	662,587,708,604
19697 (Rela)	662,587,708,604
58231 (Stk4)	632,922,678,939
12443 (Ccnd1)	632,947,678,964
19713 (Ret)	232,1042,278,1059
27057 (Ncoa4)	232,1042,278,1059
76551 (Ccdc6)	232,1042,278,1059
56289 (Rassf1)	306,1077,352,1094
18803 (Plcg1)	208,1174,254,1191
234779 (Plcg2)	208,1174,254,1191
19730 (Ralgds)	457,1093,503,1110
56044 (Rala)	513,1138,559,1155
64143 (Ralb)	513,1138,559,1155
11848 (Rhoa)	513,1186,559,1203
170758 (Rac3)	513,1186,559,1203
19353 (Rac1)	513,1186,559,1203
19354 (Rac2)	513,1186,559,1203
67653 (4930544G11Rik)	513,1186,559,1203
19765 (Ralbp1)	589,1126,635,1143
18805 (Pld1)	589,1153,635,1170
18806 (Pld2)	589,1153,635,1170
26414 (Mapk10)	589,1186,635,1203
26419 (Mapk8)	589,1186,635,1203
26420 (Mapk9)	589,1186,635,1203
12540 (Cdc42)	668,1126,714,1143
170758 (Rac3)	668,1126,714,1143
19353 (Rac1)	668,1126,714,1143
19354 (Rac2)	668,1126,714,1143
16476 (Jun)	759,972,805,989
14281 (Fos)	759,995,805,1012
17869 (Myc)	759,1018,805,1035
22059 (Trp53)	801,764,847,781
16842 (Lef1)	735,436,781,453
21414 (Tcf7)	735,436,781,453
21415 (Tcf7l1)	735,436,781,453
21416 (Tcf7l2)	735,436,781,453
18750 (Prkca)	322,1157,368,1174
18751 (Prkcb)	322,1157,368,1174
18752 (Prkcg)	322,1157,368,1174
20423 (Shh)	648,23,694,40
19206 (Ptch1)	648,72,694,89
319757 (Smo)	729,72,775,89
24069 (Sufu)	729,155,775,172
14194 (Fh1)	906,135,952,152
112405 (Egln1)	1001,114,1047,131
112406 (Egln2)	1001,114,1047,131
112407 (Egln3)	1001,114,1047,131
67673 (Elob)	1059,100,1105,117
67923 (Eloc)	1059,117,1105,134
22346 (Vhl)	1059,134,1105,151
71745 (Cul2)	1105,117,1151,134
56438 (Rbx1)	1105,134,1151,151
13819 (Epas1)	1046,219,1092,236
15251 (Hif1a)	1046,219,1092,236
11863 (Arnt)	999,277,1045,294
11864 (Arnt2)	999,277,1045,294
12914 (Crebbp)	1094,297,1140,314
328572 (Ep300)	1094,297,1140,314
13063 (Cycs)	1288,186,1334,203
13067 (Cyct)	1288,186,1334,203
12190 (Brca2)	1329,292,1375,309
19361 (Rad51)	1329,309,1375,326
17350 (Mlh1)	1533,288,1579,305
17685 (Msh2)	1534,310,1580,327
21803 (Tgfb1)	1618,20,1664,37
21808 (Tgfb2)	1618,20,1664,37
21809 (Tgfb3)	1618,20,1664,37
21812 (Tgfbr1)	1618,64,1664,81
21813 (Tgfbr2)	1618,81,1664,98
17126 (Smad2)	1618,131,1664,148
17127 (Smad3)	1618,131,1664,148
17128 (Smad4)	1687,131,1733,148
12028 (Bax)	1412,399,1458,416
17686 (Msh3)	1465,399,1511,416
21813 (Tgfbr2)	1519,399,1565,416
17688 (Msh6)	1466,422,1512,439
14013 (Mecom)	1674,277,1720,294
12394 (Runx1)	1674,299,1720,316
14013 (Mecom)	1674,299,1720,316
13016 (Ctbp1)	1686,345,1732,362
13017 (Ctbp2)	1686,345,1732,362
15182 (Hdac2)	1686,362,1732,379
433759 (Hdac1)	1686,362,1732,379
14869 (Gstp2)	1790,180,1836,197
14870 (Gstp1)	1790,180,1836,197
225884 (Gstp3)	1790,180,1836,197
18510 (Pax8)	977,1131,1023,1148
19016 (Pparg)	977,1131,1023,1148
20181 (Rxra)	1021,1104,1066,1121
20182 (Rxrb)	1021,1104,1066,1121
20183 (Rxrg)	1021,1104,1066,1121
19016 (Pparg)	1078,1104,1124,1121
218772 (Rarb)	1136,1087,1182,1104
20181 (Rxra)	1136,1104,1182,1121
20182 (Rxrb)	1136,1104,1182,1121
20183 (Rxrg)	1136,1104,1182,1121
16842 (Lef1)	1257,1168,1303,1185
21414 (Tcf7)	1257,1168,1303,1185
21415 (Tcf7l1)	1257,1168,1303,1185
21416 (Tcf7l2)	1257,1168,1303,1185
16480 (Jup)	1301,1196,1347,1213
19401 (Rara)	1417,1118,1463,1135
235320 (Zbtb16)	1417,1118,1463,1135
18854 (Pml)	1477,1118,1523,1135
19401 (Rara)	1477,1118,1523,1135
12394 (Runx1)	1559,1118,1605,1135
12395 (Runx1t1)	1559,1118,1605,1135
20375 (Spi1)	1519,1062,1565,1079
20375 (Spi1)	1576,1062,1622,1079
12606 (Cebpa)	1637,1062,1683,1079
12606 (Cebpa)	1698,1062,1744,1079
12394 (Runx1)	1786,1063,1832,1080
22059 (Trp53)	1423,542,1469,559
17246 (Mdm2)	1469,579,1515,596
17342 (Mitf)	1545,539,1592,555
17869 (Myc)	1636,732,1682,749
17187 (Max)	1636,749,1682,766
22642 (Zbtb17)	1558,725,1604,742
12443 (Ccnd1)	1337,729,1383,746
12444 (Ccnd2)	1337,729,1383,746
12445 (Ccnd3)	1337,729,1383,746
12575 (Cdkn1a)	1392,673,1438,690
12567 (Cdk4)	1337,712,1383,729
12571 (Cdk6)	1337,712,1383,729
19645 (Rb1)	1243,721,1289,738
13555 (E2f1)	1243,758,1289,775
13557 (E2f3)	1243,758,1289,775
242705 (E2f2)	1243,758,1289,775
12566 (Cdk2)	1315,770,1361,787
12447 (Ccne1)	1315,787,1361,804
12448 (Ccne2)	1315,787,1361,804
27401 (Skp2)	1432,872,1478,889
54124 (Cks1b)	1478,812,1524,829
66197 (Cks2)	1478,812,1524,829
12427 (Ccna1)	1416,1011,1462,1028
12428 (Ccna2)	1416,1011,1462,1028
12576 (Cdkn1b)	1397,806,1443,823
12579 (Cdkn2b)	1430,724,1476,741
12578 (Cdkn2a)	1300,669,1346,686
12578 (Cdkn2a)	1546,579,1592,596
14102 (Fas)	1468,71,1514,88
14082 (Fadd)	1468,109,1514,126
12370 (Casp8)	1468,146,1514,163
12122 (Bid)	1468,185,1514,202
12156 (Bmp2)	755,306,801,323
12159 (Bmp4)	755,306,801,323
14632 (Gli1)	808,306,854,323
15245 (Hhip)	755,331,801,348
19206 (Ptch1)	808,331,854,348
19207 (Ptch2)	808,331,854,348
20890 (Wnt8a)	808,356,854,373
216795 (Wnt9a)	808,356,854,373
22408 (Wnt1)	808,356,854,373
22409 (Wnt10a)	808,356,854,373
22410 (Wnt10b)	808,356,854,373
22411 (Wnt11)	808,356,854,373
22412 (Wnt9b)	808,356,854,373
22413 (Wnt2)	808,356,854,373
22414 (Wnt2b)	808,356,854,373
22415 (Wnt3)	808,356,854,373
22416 (Wnt3a)	808,356,854,373
22417 (Wnt4)	808,356,854,373
22418 (Wnt5a)	808,356,854,373
22419 (Wnt5b)	808,356,854,373
22420 (Wnt6)	808,356,854,373
22421 (Wnt7a)	808,356,854,373
22422 (Wnt7b)	808,356,854,373
22423 (Wnt8b)	808,356,854,373
93735 (Wnt16)	808,356,854,373
11799 (Birc5)	803,474,849,491
17869 (Myc)	805,504,851,521
12443 (Ccnd1)	805,525,851,542
19225 (Ptgs2)	790,551,836,568
18126 (Nos2)	790,572,836,589
12043 (Bcl2)	741,636,787,653
11796 (Birc3)	843,597,889,614
11797 (Birc2)	843,597,889,614
11798 (Xiap)	843,597,889,614
329581 (Birc7)	843,597,889,614
22029 (Traf1)	843,619,889,636
22030 (Traf2)	843,619,889,636
22031 (Traf3)	843,619,889,636
22032 (Traf4)	843,619,889,636
22033 (Traf5)	843,619,889,636
22034 (Traf6)	843,619,889,636
12443 (Ccnd1)	791,642,837,659
12048 (Bcl2l1)	791,619,837,636
12048 (Bcl2l1)	780,862,826,879
14205 (Vegfd)	780,888,826,905
18654 (Pgf)	780,888,826,905
22339 (Vegfa)	780,888,826,905
22340 (Vegfb)	780,888,826,905
22341 (Vegfc)	780,888,826,905
14205 (Vegfd)	1047,357,1093,374
18654 (Pgf)	1047,357,1093,374
22339 (Vegfa)	1047,357,1093,374
22340 (Vegfb)	1047,357,1093,374
22341 (Vegfc)	1047,357,1093,374
21802 (Tgfa)	1099,357,1145,374
21803 (Tgfb1)	1047,403,1093,420
21808 (Tgfb2)	1047,403,1093,420
21809 (Tgfb3)	1047,403,1093,420
20525 (Slc2a1)	995,357,1041,374
13143 (Dapk2)	631,1053,677,1070
13144 (Dapk3)	631,1053,677,1070
69635 (Dapk1)	631,1053,677,1070
12567 (Cdk4)	884,1062,930,1079
23871 (Ets1)	759,1043,805,1060
14205 (Vegfd)	868,960,914,977
18654 (Pgf)	868,960,914,977
22339 (Vegfa)	868,960,914,977
22340 (Vegfb)	868,960,914,977
22341 (Vegfc)	868,960,914,977
17390 (Mmp2)	868,983,914,1000
17395 (Mmp9)	868,983,914,1000
83995 (Mmp1a)	868,983,914,1000
83996 (Mmp1b)	868,983,914,1000
12443 (Ccnd1)	884,1040,930,1057
12982 (Csf2ra)	1524,916,1570,933
12986 (Csf3r)	1524,938,1570,955
12978 (Csf1r)	1574,938,1620,955
16193 (Il6)	1645,938,1691,955
13555 (E2f1)	1698,916,1744,933
13557 (E2f3)	1698,916,1744,933
242705 (E2f2)	1698,916,1744,933
12986 (Csf3r)	1645,916,1691,933
17869 (Myc)	1698,938,1744,955
12978 (Csf1r)	1766,916,1812,933
12043 (Bcl2)	1403,226,1449,243
12371 (Casp9)	1289,132,1335,149
12443 (Ccnd1)	1300,971,1346,988
17869 (Myc)	1300,995,1346,1012
19015 (Ppard)	1300,1017,1346,1034
12575 (Cdkn1a)	584,822,630,839
56458 (Foxo1)	584,740,630,757
18095 (Nkx3-1)	459,595,505,612
26413 (Mapk1)	657,1006,703,1023
26417 (Mapk3)	657,1006,703,1023
11651 (Akt1)	480,655,526,672
11652 (Akt2)	480,655,526,672
23797 (Akt3)	480,655,526,672
12387 (Ctnnb1)	618,377,664,394
14632 (Gli1)	729,207,775,224
14633 (Gli2)	729,207,775,224
14634 (Gli3)	729,207,775,224
14103 (Fasl)	1468,20,1514,37
17311 (Kitl)	30,1007,76,1024
14256 (Flt3l)	30,1029,76,1046
14164 (Fgf1)	30,1077,76,1094
14165 (Fgf10)	30,1077,76,1094
14170 (Fgf15)	30,1077,76,1094
14171 (Fgf17)	30,1077,76,1094
14172 (Fgf18)	30,1077,76,1094
14173 (Fgf2)	30,1077,76,1094
14174 (Fgf3)	30,1077,76,1094
14175 (Fgf4)	30,1077,76,1094
14176 (Fgf5)	30,1077,76,1094
14177 (Fgf6)	30,1077,76,1094
14178 (Fgf7)	30,1077,76,1094
14179 (Fgf8)	30,1077,76,1094
14180 (Fgf9)	30,1077,76,1094
56636 (Fgf21)	30,1077,76,1094
64654 (Fgf23)	30,1077,76,1094
67112 (Fgf22)	30,1077,76,1094
80857 (Fgf20)	30,1077,76,1094
80903 (Fgf16)	30,1077,76,1094
11607 (Agtr1a)	108,442,154,459
11608 (Agtr1b)	108,442,154,459
14062 (F2r)	108,442,154,459
14065 (F2rl3)	108,442,154,459
14745 (Lpar1)	108,442,154,459
381810 (Lpar5)	108,442,154,459
53978 (Lpar2)	108,442,154,459
65086 (Lpar3)	108,442,154,459
67168 (Lpar6)	108,442,154,459
78134 (Lpar4)	108,442,154,459
19216 (Ptger1)	108,513,154,530
19217 (Ptger2)	108,513,154,530
19218 (Ptger3)	108,513,154,530
19219 (Ptger4)	108,513,154,530
12061 (Bdkrb1)	108,721,154,738
12062 (Bdkrb2)	108,721,154,738
13617 (Ednra)	108,721,154,738
13618 (Ednrb)	108,721,154,738
14683 (Gnas)	189,513,235,530
104110 (Adcy4)	270,513,316,530
104111 (Adcy3)	270,513,316,530
11512 (Adcy6)	270,513,316,530
11513 (Adcy7)	270,513,316,530
11514 (Adcy8)	270,513,316,530
11515 (Adcy9)	270,513,316,530
210044 (Adcy2)	270,513,316,530
224129 (Adcy5)	270,513,316,530
432530 (Adcy1)	270,513,316,530
18747 (Prkaca)	397,513,443,530
18749 (Prkacb)	397,513,443,530
100503710 (Gm5741)	271,558,317,575
14688 (Gnb1)	271,558,317,575
14693 (Gnb2)	271,558,317,575
14695 (Gnb3)	271,558,317,575
14696 (Gnb4)	271,558,317,575
14697 (Gnb5)	271,558,317,575
14699 (Gngt1)	271,558,317,575
14700 (Gng10)	271,558,317,575
14701 (Gng12)	271,558,317,575
14702 (Gng2)	271,558,317,575
14704 (Gng3)	271,558,317,575
14706 (Gng4)	271,558,317,575
14707 (Gng5)	271,558,317,575
14708 (Gng7)	271,558,317,575
14709 (Gng8)	271,558,317,575
14710 (Gngt2)	271,558,317,575
64337 (Gng13)	271,558,317,575
66066 (Gng11)	271,558,317,575
14673 (Gna12)	189,442,235,459
14674 (Gna13)	189,442,235,459
16801 (Arhgef1)	271,442,317,459
213498 (Arhgef11)	271,442,317,459
269608 (Plekhg5)	271,442,317,459
69632 (Arhgef12)	271,442,317,459
11848 (Rhoa)	352,442,398,459
67653 (4930544G11Rik)	352,442,398,459
19877 (Rock1)	434,442,480,459
19878 (Rock2)	434,442,480,459
18750 (Prkca)	300,850,346,867
18751 (Prkcb)	300,850,346,867
18752 (Prkcg)	300,850,346,867
14672 (Gna11)	189,721,235,738
14682 (Gnaq)	189,721,235,738
18795 (Plcb1)	213,757,259,774
18796 (Plcb2)	213,757,259,774
18797 (Plcb3)	213,757,259,774
18798 (Plcb4)	213,757,259,774
19395 (Rasgrp2)	302,962,348,979
19419 (Rasgrp1)	302,962,348,979
233046 (Rasgrp4)	302,962,348,979
240168 (Rasgrp3)	302,962,348,979
14677 (Gnai1)	190,477,236,494
14678 (Gnai2)	190,477,236,494
14679 (Gnai3)	190,477,236,494
12767 (Cxcr4)	108,477,154,494
20315 (Cxcl12)	29,477,75,494
16576 (Kif7)	683,155,729,172
16449 (Jag1)	820,23,866,40
16450 (Jag2)	820,23,866,40
18128 (Notch1)	847,72,893,89
18129 (Notch2)	847,72,893,89
18131 (Notch3)	847,72,893,89
18132 (Notch4)	847,72,893,89
13388 (Dll1)	876,23,922,40
13389 (Dll3)	876,23,922,40
54485 (Dll4)	876,23,922,40
13866 (Erbb2)	903,306,949,323
15205 (Hes1)	877,331,923,348
15208 (Hes5)	877,331,923,348
15213 (Hey1)	930,331,976,348
15214 (Hey2)	930,331,976,348
56198 (Heyl)	930,331,976,348
14257 (Flt4)	903,356,949,373
18024 (Nfe2l2)	1192,232,1238,249
50868 (Keap1)	1192,195,1238,212
15368 (Hmox1)	1169,427,1215,444
18104 (Nqo1)	1221,427,1267,444
103140 (Gstt3)	1169,449,1215,466
14857 (Gsta1)	1169,449,1215,466
14858 (Gsta2)	1169,449,1215,466
14859 (Gsta3)	1169,449,1215,466
14860 (Gsta4)	1169,449,1215,466
14862 (Gstm1)	1169,449,1215,466
14863 (Gstm2)	1169,449,1215,466
14864 (Gstm3)	1169,449,1215,466
14865 (Gstm4)	1169,449,1215,466
14866 (Gstm5)	1169,449,1215,466
14867 (Gstm6)	1169,449,1215,466
14869 (Gstp2)	1169,449,1215,466
14870 (Gstp1)	1169,449,1215,466
14871 (Gstt1)	1169,449,1215,466
14872 (Gstt2)	1169,449,1215,466
14873 (Gsto1)	1169,449,1215,466
211666 (Mgst2)	1169,449,1215,466
225884 (Gstp3)	1169,449,1215,466
56615 (Mgst1)	1169,449,1215,466
66447 (Mgst3)	1169,449,1215,466
68214 (Gsto2)	1169,449,1215,466
68312 (Gstm7)	1169,449,1215,466
75886 (Gstt4)	1169,449,1215,466
232223 (Txnrd3)	1221,449,1267,466
26462 (Txnrd2)	1221,449,1267,466
50493 (Txnrd1)	1221,449,1267,466
13197 (Gadd45a)	1322,585,1368,602
17873 (Gadd45b)	1322,585,1368,602
23882 (Gadd45g)	1322,585,1368,602
12028 (Bax)	1270,607,1316,624
12018 (Bak1)	1322,607,1368,624
107986 (Ddb2)	1270,629,1316,646
27015 (Polk)	1322,629,1368,646
21752 (Tert)	1572,633,1618,650
21748 (Terc)	1572,650,1618,667
13982 (Esr1)	1198,1175,1244,1192
13983 (Esr2)	1198,1175,1244,1192
17977 (Ncoa1)	1198,1073,1244,1090
17979 (Ncoa3)	1198,1073,1244,1090
14281 (Fos)	1198,1090,1244,1107
16476 (Jun)	1198,1090,1244,1107
20683 (Sp1)	1198,1090,1244,1107
13982 (Esr1)	1198,1056,1244,1073
13983 (Esr2)	1198,1056,1244,1073
16973 (Lrp5)	108,386,154,403
16974 (Lrp6)	108,386,154,403
14296 (Frat1)	451,360,497,377
212398 (Frat2)	451,360,497,377
27412 (Peg12)	451,360,497,377
11682 (Alk)	329,936,375,953
78798 (Eml4)	329,936,375,953
58988 (Rps6kb2)	658,657,704,674
72508 (Rps6kb1)	658,657,704,674
73086 (Rps6ka5)	759,1075,805,1092
17869 (Myc)	884,1087,930,1104
12313 (Calm1)	369,1195,415,1212
12314 (Calm2)	369,1195,415,1212
12315 (Calm3)	369,1195,415,1212
494124 (Calm5)	369,1195,415,1212
70405 (Calml3)	369,1195,415,1212
75600 (Calml4)	369,1195,415,1212
80796 (Calm4)	369,1195,415,1212
108058 (Camk2d)	445,1195,491,1212
12322 (Camk2a)	445,1195,491,1212
12323 (Camk2b)	445,1195,491,1212
12325 (Camk2g)	445,1195,491,1212
13712 (Elk1)	398,1157,444,1174
21402 (Skp1a)	1432,855,1478,872
26965 (Cul1)	1432,855,1478,872
56438 (Rbx1)	1432,855,1478,872
58801 (Pmaip1)	1480,217,1526,234
170770 (Bbc3)	1531,217,1577,234
12015 (Bad)	1480,239,1526,256
12125 (Bcl2l11)	1531,239,1577,256
12367 (Casp3)	1288,90,1334,107
12369 (Casp7)	1288,90,1334,107
11783 (Apaf1)	1262,170,1308,187
18712 (Pim1)	780,842,826,859
18715 (Pim2)	780,842,826,859
13856 (Epo)	30,879,76,896
15962 (Ifna1)	30,879,76,896
15964 (Ifna11)	30,879,76,896
15965 (Ifna2)	30,879,76,896
15967 (Ifna4)	30,879,76,896
15968 (Ifna5)	30,879,76,896
15969 (Ifna6)	30,879,76,896
15970 (Ifna7)	30,879,76,896
15972 (Ifna9)	30,879,76,896
15974 (Ifnab)	30,879,76,896
15978 (Ifng)	30,879,76,896
16159 (Il12a)	30,879,76,896
16160 (Il12b)	30,879,76,896
16163 (Il13)	30,879,76,896
16168 (Il15)	30,879,76,896
16183 (Il2)	30,879,76,896
16187 (Il3)	30,879,76,896
16189 (Il4)	30,879,76,896
16191 (Il5)	30,879,76,896
16193 (Il6)	30,879,76,896
16196 (Il7)	30,879,76,896
230396 (Ifna13)	30,879,76,896
242517 (Ifna15)	30,879,76,896
242519 (Ifna12)	30,879,76,896
404549 (Ifna14)	30,879,76,896
83430 (Il23a)	30,879,76,896
12983 (Csf2rb)	109,879,155,896
12984 (Csf2rb2)	109,879,155,896
13857 (Epor)	109,879,155,896
15975 (Ifnar1)	109,879,155,896
15976 (Ifnar2)	109,879,155,896
15979 (Ifngr1)	109,879,155,896
15980 (Ifngr2)	109,879,155,896
16161 (Il12rb1)	109,879,155,896
16162 (Il12rb2)	109,879,155,896
16164 (Il13ra1)	109,879,155,896
16169 (Il15ra)	109,879,155,896
16184 (Il2ra)	109,879,155,896
16185 (Il2rb)	109,879,155,896
16186 (Il2rg)	109,879,155,896
16188 (Il3ra)	109,879,155,896
16190 (Il4ra)	109,879,155,896
16192 (Il5ra)	109,879,155,896
16194 (Il6ra)	109,879,155,896
16195 (Il6st)	109,879,155,896
16197 (Il7r)	109,879,155,896
209590 (Il23r)	109,879,155,896
20847 (Stat2)	525,922,571,939
20849 (Stat4)	525,922,571,939
20852 (Stat6)	525,922,571,939
12048 (Bcl2l1)	1403,247,1449,264
12018 (Bak1)	1340,208,1386,225
11682 (Alk)	154,1209,200,1226
78798 (Eml4)	154,1209,200,1226
14061 (F2)	29,686,75,703
16644 (Kng1)	29,709,75,726
385643 (Kng2)	29,709,75,726
13614 (Edn1)	29,732,75,749
11606 (Agt)	29,755,75,772
14061 (F2)	29,405,75,422
11606 (Agt)	29,426,75,443
map09020	51,26,231,53
mmu04520: Adherens junction	236,267,346,305
mmu04310: Wnt signaling pathway	235,392,346,430
mmu04512: ECM-receptor interaction	10,622,112,656
mmu04060: Cytokine-cytokine receptor interaction	10,828,113,862
mmu04630: JAK-STAT signaling pathway	426,801,539,835
mmu04010: MAPK signaling pathway	515,1037,616,1071
mmu04150: mTOR signaling pathway	573,611,676,645
mmu04210: Apoptosis	1340,107,1440,132
mmu04115: p53 signaling pathway	1453,488,1556,522
mmu04110: Cell cycle	1454,691,1556,716
mmu04370: VEGF signaling pathway	1025,499,1127,533
mmu03320: PPAR signaling pathway	946,1174,1049,1208
mmu04350: TGF-beta signaling pathway	1654,162,1757,196
mmu04510: Focal adhesion	164,614,276,639
mmu04151: PI3K-Akt signaling pathway	430,710,533,744
mmu04024: cAMP signaling pathway	367,541,470,575
mmu04330: Notch signaling pathway	763,100,863,134
mmu04340: Hedgehog signaling pathway	602,99,724,133
mmu04915: Estrogen signaling pathway	1171,964,1287,998
mmu04066: HIF-1 signaling pathway	931,209,1031,243
mmu04020: Calcium signaling pathway	236,1110,339,1144
