C05981 (Phosphatidylinositol-3,4,5-trisphosphate)	872,282,4
C00165 (Diacylglycerol)	888,660,4
C01245 (D-myo-Inositol 1,4,5-trisphosphate)	889,703,4
C00076 (Calcium cation)	949,703,4
C00044 (GTP)	684,421,4
C00035 (GDP)	357,116,4
C00076 (Calcium cation)	280,467,4
C00165 (Diacylglycerol)	400,305,4
C01245 (D-myo-Inositol 1,4,5-trisphosphate)	400,262,4
C00076 (Calcium cation)	449,260,4
C00575 (3',5'-Cyclic AMP)	278,423,4
26413 (Mapk1)	1022,418,1068,435
26417 (Mapk3)	1022,418,1068,435
26395 (Map2k1)	949,418,995,435
26396 (Map2k2)	949,418,995,435
110157 (Raf1)	831,418,877,435
15461 (Hras)	660,441,706,458
16653 (Kras)	660,441,706,458
17532 (Mras)	660,441,706,458
18176 (Nras)	660,441,706,458
20130 (Rras)	660,441,706,458
66922 (Rras2)	660,441,706,458
14784 (Grb2)	248,211,294,228
20662 (Sos1)	375,224,421,241
20663 (Sos2)	375,224,421,241
11651 (Akt1)	911,274,957,291
11652 (Akt2)	911,274,957,291
23797 (Akt3)	911,274,957,291
18706 (Pik3ca)	784,274,830,291
18707 (Pik3cd)	784,274,830,291
18708 (Pik3r1)	784,274,830,291
18709 (Pik3r2)	784,274,830,291
18710 (Pik3r3)	784,274,830,291
74769 (Pik3cb)	784,274,830,291
20416 (Shc1)	248,237,294,254
20418 (Shc3)	248,237,294,254
216148 (Shc2)	248,237,294,254
271849 (Shc4)	248,237,294,254
11600 (Angpt1)	99,296,145,313
11601 (Angpt2)	99,296,145,313
11602 (Angpt4)	99,296,145,313
12064 (Bdnf)	99,296,145,313
12977 (Csf1)	99,296,145,313
13636 (Efna1)	99,296,145,313
13637 (Efna2)	99,296,145,313
13638 (Efna3)	99,296,145,313
13639 (Efna4)	99,296,145,313
13640 (Efna5)	99,296,145,313
13645 (Egf)	99,296,145,313
14164 (Fgf1)	99,296,145,313
14165 (Fgf10)	99,296,145,313
14170 (Fgf15)	99,296,145,313
14171 (Fgf17)	99,296,145,313
14172 (Fgf18)	99,296,145,313
14173 (Fgf2)	99,296,145,313
14174 (Fgf3)	99,296,145,313
14175 (Fgf4)	99,296,145,313
14176 (Fgf5)	99,296,145,313
14177 (Fgf6)	99,296,145,313
14178 (Fgf7)	99,296,145,313
14179 (Fgf8)	99,296,145,313
14180 (Fgf9)	99,296,145,313
14205 (Vegfd)	99,296,145,313
14256 (Flt3l)	99,296,145,313
15234 (Hgf)	99,296,145,313
16000 (Igf1)	99,296,145,313
16002 (Igf2)	99,296,145,313
16333 (Ins1)	99,296,145,313
16334 (Ins2)	99,296,145,313
17311 (Kitl)	99,296,145,313
18048 (Klk1b4)	99,296,145,313
18049 (Ngf)	99,296,145,313
18205 (Ntf3)	99,296,145,313
18590 (Pdgfa)	99,296,145,313
18591 (Pdgfb)	99,296,145,313
18654 (Pgf)	99,296,145,313
21802 (Tgfa)	99,296,145,313
22339 (Vegfa)	99,296,145,313
22340 (Vegfb)	99,296,145,313
22341 (Vegfc)	99,296,145,313
54635 (Pdgfc)	99,296,145,313
56636 (Fgf21)	99,296,145,313
64654 (Fgf23)	99,296,145,313
67112 (Fgf22)	99,296,145,313
71785 (Pdgfd)	99,296,145,313
78405 (Ntf5)	99,296,145,313
80857 (Fgf20)	99,296,145,313
80903 (Fgf16)	99,296,145,313
12978 (Csf1r)	177,296,223,313
13649 (Egfr)	177,296,223,313
13836 (Epha2)	177,296,223,313
14182 (Fgfr1)	177,296,223,313
14183 (Fgfr2)	177,296,223,313
14184 (Fgfr3)	177,296,223,313
14186 (Fgfr4)	177,296,223,313
14254 (Flt1)	177,296,223,313
14255 (Flt3)	177,296,223,313
14257 (Flt4)	177,296,223,313
16001 (Igf1r)	177,296,223,313
16337 (Insr)	177,296,223,313
16542 (Kdr)	177,296,223,313
16590 (Kit)	177,296,223,313
17295 (Met)	177,296,223,313
18053 (Ngfr)	177,296,223,313
18211 (Ntrk1)	177,296,223,313
18212 (Ntrk2)	177,296,223,313
18595 (Pdgfra)	177,296,223,313
18596 (Pdgfrb)	177,296,223,313
21687 (Tek)	177,296,223,313
14388 (Gab1)	300,211,346,228
14389 (Gab2)	300,211,346,228
19247 (Ptpn11)	300,237,346,254
21844 (Tiam1)	784,180,830,197
170758 (Rac3)	858,180,904,197
19353 (Rac1)	858,180,904,197
19354 (Rac2)	858,180,904,197
19730 (Ralgds)	784,563,830,580
19731 (Rgl1)	784,586,830,603
19732 (Rgl2)	784,610,830,627
56044 (Rala)	862,586,908,603
64143 (Ralb)	862,586,908,603
18805 (Pld1)	946,585,992,602
18806 (Pld2)	946,585,992,602
74055 (Plce1)	784,673,830,690
18750 (Prkca)	940,653,986,670
18751 (Prkcb)	940,653,986,670
18752 (Prkcg)	940,653,986,670
11350 (Abl1)	866,737,912,754
11352 (Abl2)	866,737,912,754
225870 (Rin1)	784,752,830,769
12015 (Bad)	1002,274,1048,291
12048 (Bcl2l1)	1083,274,1129,291
12675 (Chuk)	1002,236,1048,253
16150 (Ikbkb)	1002,236,1048,253
16151 (Ikbkg)	1002,236,1048,253
18033 (Nfkb1)	1082,236,1128,253
19697 (Rela)	1082,236,1128,253
54601 (Foxo4)	1003,311,1049,328
14103 (Fasl)	1084,311,1130,328
26414 (Mapk10)	944,533,990,550
26419 (Mapk8)	944,533,990,550
26420 (Mapk9)	944,533,990,550
19765 (Ralbp1)	946,616,992,633
12540 (Cdc42)	1046,605,1092,622
170758 (Rac3)	1046,627,1092,644
19353 (Rac1)	1046,627,1092,644
19354 (Rac2)	1046,627,1092,644
18778 (Pla2g1b)	1114,379,1160,396
18780 (Pla2g2a)	1114,379,1160,396
18781 (Pla2g2c)	1114,379,1160,396
18782 (Pla2g2d)	1114,379,1160,396
18783 (Pla2g4a)	1114,379,1160,396
18784 (Pla2g5)	1114,379,1160,396
211429 (Pla2g4b)	1114,379,1160,396
225845 (Plaat3)	1114,379,1160,396
232889 (Pla2g4c)	1114,379,1160,396
237625 (Pla2g3)	1114,379,1160,396
26565 (Pla2g10)	1114,379,1160,396
26970 (Pla2g2e)	1114,379,1160,396
26971 (Pla2g2f)	1114,379,1160,396
271844 (Pla2g4f)	1114,379,1160,396
329502 (Pla2g4e)	1114,379,1160,396
53357 (Pla2g6)	1114,379,1160,396
66350 (Pla2g12a)	1114,379,1160,396
69836 (Pla2g12b)	1114,379,1160,396
78390 (Pla2g4d)	1114,379,1160,396
85031 (Pla1a)	1114,379,1160,396
13712 (Elk1)	1114,409,1160,426
23871 (Ets1)	1114,430,1160,447
23872 (Ets2)	1114,430,1160,447
19344 (Rab5b)	866,773,912,790
19345 (Rab5c)	866,773,912,790
271457 (Rab5a)	866,773,912,790
15461 (Hras)	334,136,380,153
16653 (Kras)	334,136,380,153
17532 (Mras)	334,136,380,153
18176 (Nras)	334,136,380,153
20130 (Rras)	334,136,380,153
66922 (Rras2)	334,136,380,153
19395 (Rasgrp2)	438,296,484,313
19419 (Rasgrp1)	438,296,484,313
233046 (Rasgrp4)	438,296,484,313
240168 (Rasgrp3)	438,296,484,313
19417 (Rasgrf1)	523,379,569,396
19418 (Rasgrf2)	523,379,569,396
114713 (Rasa2)	512,222,558,239
19414 (Rasa3)	512,222,558,239
19415 (Rasal1)	512,222,558,239
218397 (Rasa1)	512,222,558,239
226525 (Rasal2)	512,222,558,239
240057 (Syngap1)	512,222,558,239
320484 (Rasal3)	512,222,558,239
54153 (Rasa4)	512,222,558,239
18015 (Nf1)	484,191,530,208
11848 (Rhoa)	1002,199,1048,216
67653 (4930544G11Rik)	1002,199,1048,216
17356 (Afdn)	784,346,830,363
54354 (Rassf5)	784,124,830,141
56289 (Rassf1)	784,96,830,113
58231 (Stk4)	858,96,904,113
58231 (Stk4)	858,124,904,141
217944 (Rapgef5)	784,493,830,510
109905 (Rap1a)	862,493,908,510
215449 (Rap1b)	862,493,908,510
54354 (Rassf5)	573,513,619,530
21844 (Tiam1)	573,545,619,562
18706 (Pik3ca)	573,572,619,589
18707 (Pik3cd)	573,572,619,589
18708 (Pik3r1)	573,572,619,589
18709 (Pik3r2)	573,572,619,589
18710 (Pik3r3)	573,572,619,589
74769 (Pik3cb)	573,572,619,589
17356 (Afdn)	573,602,619,619
110157 (Raf1)	573,632,619,649
217944 (Rapgef5)	573,679,619,696
19730 (Ralgds)	573,708,619,725
74055 (Plce1)	573,736,619,753
225870 (Rin1)	573,766,619,783
15461 (Hras)	454,593,500,610
16653 (Kras)	454,593,500,610
18176 (Nras)	454,593,500,610
17532 (Mras)	454,657,500,674
20130 (Rras)	455,702,501,719
19765 (Ralbp1)	573,792,619,809
19765 (Ralbp1)	784,813,830,830
11845 (Arf6)	866,813,912,830
19353 (Rac1)	947,813,993,830
20662 (Sos1)	367,593,413,610
20663 (Sos2)	367,593,413,610
19417 (Rasgrf1)	367,702,413,719
19395 (Rasgrp2)	367,657,413,674
19419 (Rasgrp1)	367,657,413,674
233046 (Rasgrp4)	367,657,413,674
240168 (Rasgrp3)	367,657,413,674
14810 (Grin1)	177,458,223,475
14811 (Grin2a)	177,458,223,475
14812 (Grin2b)	177,458,223,475
12313 (Calm1)	327,456,373,473
12314 (Calm2)	327,456,373,473
12315 (Calm3)	327,456,373,473
494124 (Calm5)	327,456,373,473
70405 (Calml3)	327,456,373,473
75600 (Calml4)	327,456,373,473
80796 (Calm4)	327,456,373,473
100503710 (Gm5741)	288,379,334,396
14688 (Gnb1)	288,379,334,396
14693 (Gnb2)	288,379,334,396
14695 (Gnb3)	288,379,334,396
14696 (Gnb4)	288,379,334,396
14697 (Gnb5)	288,379,334,396
14699 (Gngt1)	288,379,334,396
14700 (Gng10)	288,379,334,396
14701 (Gng12)	288,379,334,396
14702 (Gng2)	288,379,334,396
14704 (Gng3)	288,379,334,396
14706 (Gng4)	288,379,334,396
14707 (Gng5)	288,379,334,396
14708 (Gng7)	288,379,334,396
14709 (Gng8)	288,379,334,396
14710 (Gngt2)	288,379,334,396
64337 (Gng13)	288,379,334,396
66066 (Gng11)	288,379,334,396
15566 (Htr7)	177,379,223,396
18803 (Plcg1)	310,296,356,313
234779 (Plcg2)	310,296,356,313
22637 (Zap70)	248,334,294,351
16797 (Lat)	318,334,364,351
18479 (Pak1)	1002,167,1048,184
18481 (Pak3)	1002,167,1048,184
214230 (Pak6)	1002,167,1048,184
224105 (Pak2)	1002,167,1048,184
241656 (Pak7)	1002,167,1048,184
70584 (Pak4)	1002,167,1048,184
66482 (Exoc2)	944,559,990,576
56480 (Tbk1)	1044,560,1090,577
19696 (Rel)	1119,560,1165,577
72399 (Brap)	784,466,830,483
16706 (Ksr1)	909,438,955,455
333050 (Ksr2)	909,438,955,455
72399 (Brap)	573,656,619,673
18747 (Prkaca)	328,416,374,433
18749 (Prkacb)	328,416,374,433
56392 (Shoc2)	760,397,806,414
mmu04010: MAPK signaling pathway	882,372,992,406
mmu04014: Ras signaling pathway	40,45,273,70
mmu04151: PI3K-Akt signaling pathway	842,305,952,339
mmu04020: Calcium signaling pathway	996,669,1106,703
mmu04144: Endocytosis	1091,750,1183,775
mmu04810: Regulation of actin cytoskeleton	1062,145,1172,179
mmu04720: Long-term potentiation	481,430,617,455
mmu04660: T cell receptor signaling pathway	388,331,498,365
mmu04015: Rap1 signaling pathway	930,486,1040,520
