22059 (Trp53)	1171,295,1217,312
22215 (Ube3a)	1171,278,1217,295
13383 (Dlg1)	1171,377,1217,394
105782 (Scrib)	1171,403,1217,420
19303 (Pxn)	1171,433,1217,450
12018 (Bak1)	1171,460,1217,477
54131 (Irf3)	1171,489,1217,506
19645 (Rb1)	1171,559,1217,576
19650 (Rbl1)	1171,588,1217,605
19651 (Rbl2)	1171,615,1217,632
21374 (Tbp)	1171,829,1217,846
227606 (Tbpl2)	1171,829,1217,846
237336 (Tbpl1)	1171,829,1217,846
19179 (Psmc1)	1171,519,1217,536
107932 (Chd4)	1171,888,1217,905
16476 (Jun)	1171,858,1217,875
16391 (Irf9)	1171,962,1217,979
22059 (Trp53)	1836,260,1882,277
22059 (Trp53)	1836,336,1882,353
12367 (Casp3)	1836,574,1882,591
12370 (Casp8)	1836,574,1882,591
16151 (Ikbkg)	1836,547,1882,564
12028 (Bax)	1836,688,1882,705
12015 (Bad)	1836,711,1882,728
58801 (Pmaip1)	1836,733,1882,750
22059 (Trp53)	1836,601,1882,618
19645 (Rb1)	1836,631,1882,648
22029 (Traf1)	1836,892,1882,909
22030 (Traf2)	1836,892,1882,909
22031 (Traf3)	1836,892,1882,909
22033 (Traf5)	1836,892,1882,909
20779 (Src)	184,212,230,229
13194 (Ddb1)	184,343,230,360
26413 (Mapk1)	184,265,230,282
26417 (Mapk3)	184,265,230,282
11909 (Atf2)	184,294,230,311
11911 (Atf4)	184,294,230,311
12912 (Creb1)	184,294,230,311
12913 (Creb3)	184,294,230,311
12915 (Atf6b)	184,294,230,311
208647 (Creb3l2)	184,294,230,311
208677 (Creb3l3)	184,294,230,311
231991 (Creb5)	184,294,230,311
26427 (Creb3l1)	184,294,230,311
78284 (Creb3l4)	184,294,230,311
16451 (Jak1)	184,417,230,434
20848 (Stat3)	184,453,230,470
20850 (Stat5a)	184,453,230,470
20851 (Stat5b)	184,453,230,470
18706 (Pik3ca)	184,636,230,653
18707 (Pik3cd)	184,636,230,653
18708 (Pik3r1)	184,636,230,653
18709 (Pik3r2)	184,636,230,653
18710 (Pik3r3)	184,636,230,653
74769 (Pik3cb)	184,636,230,653
18033 (Nfkb1)	184,676,230,693
18034 (Nfkb2)	184,676,230,693
19696 (Rel)	184,676,230,693
19697 (Rela)	184,676,230,693
13654 (Egr2)	184,912,230,929
13655 (Egr3)	184,912,230,929
22059 (Trp53)	184,752,230,769
12566 (Cdk2)	184,849,230,866
12567 (Cdk4)	1509,668,1555,685
12571 (Cdk6)	1509,668,1555,685
12578 (Cdkn2a)	1509,712,1555,729
12579 (Cdkn2b)	1509,712,1555,729
19645 (Rb1)	1509,738,1555,755
13383 (Dlg1)	1509,763,1555,780
18970 (Polb)	1509,930,1555,947
22059 (Trp53)	1509,956,1555,973
17120 (Mad1l1)	1509,850,1555,867
234729 (Vac14)	1509,875,1555,892
19385 (Ranbp1)	1509,900,1555,917
14534 (Kat2a)	1509,203,1555,220
18519 (Kat2b)	1509,203,1555,220
11909 (Atf2)	1509,296,1555,313
11911 (Atf4)	1509,296,1555,313
12912 (Creb1)	1509,296,1555,313
12913 (Creb3)	1509,296,1555,313
12915 (Atf6b)	1509,296,1555,313
208647 (Creb3l2)	1509,296,1555,313
208677 (Creb3l3)	1509,296,1555,313
231991 (Creb5)	1509,296,1555,313
26427 (Creb3l1)	1509,296,1555,313
78284 (Creb3l4)	1509,296,1555,313
20807 (Srf)	1509,319,1555,336
18706 (Pik3ca)	1509,607,1555,624
18707 (Pik3cd)	1509,607,1555,624
18708 (Pik3r1)	1509,607,1555,624
18709 (Pik3r2)	1509,607,1555,624
18710 (Pik3r3)	1509,607,1555,624
74769 (Pik3cb)	1509,607,1555,624
16151 (Ikbkg)	1509,358,1555,375
71609 (Tradd)	845,745,891,762
22029 (Traf1)	845,773,891,790
22030 (Traf2)	845,773,891,790
22031 (Traf3)	845,773,891,790
22033 (Traf5)	845,773,891,790
17096 (Lyn)	845,905,891,922
666513 (Gm11787)	845,905,891,922
20963 (Syk)	845,933,891,950
16453 (Jak3)	845,839,891,856
252870 (Usp7)	845,212,891,229
19664 (Rbpj)	845,482,891,499
19668 (Rbpjl)	845,482,891,499
22059 (Trp53)	845,529,891,546
12443 (Ccnd1)	845,569,891,586
12444 (Ccnd2)	845,569,891,586
12445 (Ccnd3)	845,569,891,586
12571 (Cdk6)	845,586,891,603
12427 (Ccna1)	845,615,891,632
12428 (Ccna2)	845,615,891,632
12566 (Cdk2)	845,632,891,649
17246 (Mdm2)	845,279,891,296
66973 (Mrps18b)	845,692,891,709
12447 (Ccne1)	1171,698,1217,715
12448 (Ccne2)	1171,698,1217,715
12566 (Cdk2)	1171,715,1217,732
12427 (Ccna1)	1171,741,1217,758
12428 (Ccna2)	1171,741,1217,758
12566 (Cdk2)	1171,758,1217,775
69116 (Ubr4)	1171,792,1217,809
54131 (Irf3)	1836,216,1882,233
12774 (Ccr5)	1836,397,1882,414
12776 (Ccr8)	1836,423,1882,440
12771 (Ccr3)	1836,449,1882,466
12773 (Ccr4)	1836,471,1882,488
15451 (Hpn)	184,567,230,584
12447 (Ccne1)	184,832,230,849
12448 (Ccne2)	184,832,230,849
12367 (Casp3)	184,506,230,523
22335 (Vdac3)	184,940,230,957
15461 (Hras)	184,239,230,256
16653 (Kras)	184,239,230,256
18176 (Nras)	184,239,230,256
22627 (Ywhae)	184,373,230,390
22628 (Ywhag)	184,373,230,390
22629 (Ywhah)	184,373,230,390
22630 (Ywhaq)	184,373,230,390
22631 (Ywhaz)	184,373,230,390
54401 (Ywhab)	184,373,230,390
27401 (Skp2)	845,659,891,676
19664 (Rbpj)	845,328,891,345
19668 (Rbpjl)	845,328,891,345
66354 (Snw1)	845,345,891,362
14884 (Gtf2h1)	845,370,891,387
14885 (Gtf2h4)	845,370,891,387
209357 (Gtf2h3)	845,370,891,387
23894 (Gtf2h2)	845,370,891,387
68153 (Gtf2e2)	845,396,891,413
74197 (Gtf2e1)	845,396,891,413
99169	845,396,891,413
56463 (Snd1)	845,413,891,430
12914 (Crebbp)	845,435,891,452
328572 (Ep300)	845,435,891,452
229906 (Gtf2b)	845,458,891,475
22059 (Trp53)	845,239,891,256
11972 (Atp6v0d1)	1171,227,1217,244
242341 (Atp6v0d2)	1171,227,1217,244
83945 (Dnaja3)	1171,987,1217,1004
12575 (Cdkn1a)	1171,639,1217,656
12576 (Cdkn1b)	1171,662,1217,679
12914 (Crebbp)	1171,334,1217,351
328572 (Ep300)	1171,334,1217,351
18746 (Pkm)	1171,934,1217,951
15182 (Hdac2)	1171,905,1217,922
15183 (Hdac3)	1171,905,1217,922
15184 (Hdac5)	1171,905,1217,922
15185 (Hdac6)	1171,905,1217,922
170787 (Hdac10)	1171,905,1217,922
208727 (Hdac4)	1171,905,1217,922
232232 (Hdac11)	1171,905,1217,922
433759 (Hdac1)	1171,905,1217,922
56233 (Hdac7)	1171,905,1217,922
70315 (Hdac8)	1171,905,1217,922
79221 (Hdac9)	1171,905,1217,922
12914 (Crebbp)	1509,227,1555,244
328572 (Ep300)	1509,227,1555,244
18033 (Nfkb1)	1509,415,1555,432
18034 (Nfkb2)	1509,415,1555,432
19696 (Rel)	1509,415,1555,432
19697 (Rela)	1509,415,1555,432
12443 (Ccnd1)	1509,685,1555,702
12444 (Ccnd2)	1509,685,1555,702
12445 (Ccnd3)	1509,685,1555,702
114713 (Rasa2)	1509,456,1555,473
12540 (Cdc42)	1509,481,1555,498
19353 (Rac1)	1509,506,1555,523
11848 (Rhoa)	1509,531,1555,548
67653 (4930544G11Rik)	1509,531,1555,548
20259 (Scin)	1509,555,1555,572
227753 (Gsn)	1509,555,1555,572
109711 (Actn1)	1509,579,1555,596
60595 (Actn4)	1509,579,1555,596
18035 (Nfkbia)	1509,385,1555,402
21374 (Tbp)	1509,250,1555,267
227606 (Tbpl2)	1509,250,1555,267
237336 (Tbpl1)	1509,250,1555,267
235459 (Gtf2a2)	1509,272,1555,289
71828 (Gtf2a1l)	1509,272,1555,289
83602 (Gtf2a1)	1509,272,1555,289
107995 (Cdc20)	1509,822,1555,839
12649 (Chek1)	1509,795,1555,812
12571 (Cdk6)	1836,657,1882,674
18706 (Pik3ca)	1836,855,1882,872
18707 (Pik3cd)	1836,855,1882,872
18708 (Pik3r1)	1836,855,1882,872
18709 (Pik3r2)	1836,855,1882,872
18710 (Pik3r3)	1836,855,1882,872
74769 (Pik3cb)	1836,855,1882,872
12914 (Crebbp)	1836,192,1882,209
328572 (Ep300)	1836,192,1882,209
54123 (Irf7)	1836,305,1882,322
16195 (Il6st)	1836,372,1882,389
17164 (Mapkapk2)	1836,509,1882,526
12266 (C3)	1836,762,1882,779
100529082 (Gm11127)	1836,795,1882,812
110557 (H2-Q6)	1836,795,1882,812
110558 (H2-Q9)	1836,795,1882,812
110696 (H2-M10.3)	1836,795,1882,812
14963 (H2-Bl)	1836,795,1882,812
14964 (H2-D1)	1836,795,1882,812
14972 (H2-K1)	1836,795,1882,812
14980 (H2-L)	1836,795,1882,812
14985 (H2-M10.1)	1836,795,1882,812
14990 (H2-M2)	1836,795,1882,812
14991 (H2-M3)	1836,795,1882,812
14997 (H2-M9)	1836,795,1882,812
15006 (H2-Q1)	1836,795,1882,812
15007 (H2-Q10)	1836,795,1882,812
15013 (H2-Q2)	1836,795,1882,812
15015 (H2-Q4)	1836,795,1882,812
15018 (H2-Q7)	1836,795,1882,812
15019 (H2-Q8)	1836,795,1882,812
15024 (H2-T10)	1836,795,1882,812
15033 (H2-T18)	1836,795,1882,812
15039 (H2-T22)	1836,795,1882,812
15040 (H2-T23)	1836,795,1882,812
15042 (H2-T24)	1836,795,1882,812
15043 (H2-T3)	1836,795,1882,812
15051 (H2-T9)	1836,795,1882,812
224753 (H2-M10.4)	1836,795,1882,812
224754 (H2-M11)	1836,795,1882,812
224756 (H2-M1)	1836,795,1882,812
224761 (H2-M10.5)	1836,795,1882,812
240095 (H2-M5)	1836,795,1882,812
333715 (H2-M10.2)	1836,795,1882,812
399549 (H2-M10.6)	1836,795,1882,812
547349 (H2-K1)	1836,795,1882,812
630294 (Gm7030)	1836,795,1882,812
667803 (H2-T-ps)	1836,795,1882,812
667977 (Gm8909)	1836,795,1882,812
69717 (Gm10499)	1836,795,1882,812
12776 (Ccr8)	1836,985,1882,1002
17000 (Ltbr)	513,237,559,254
15387 (Hnrnpk)	513,379,559,396
110957 (D1Pas1)	513,448,559,465
13205 (Ddx3x)	513,448,559,465
22627 (Ywhae)	513,494,559,511
19106 (Eif2ak2)	513,525,559,542
12575 (Cdkn1a)	513,409,559,426
18747 (Prkaca)	513,555,559,572
18749 (Prkacb)	513,555,559,572
22059 (Trp53)	513,650,559,667
12028 (Bax)	513,679,559,696
19106 (Eif2ak2)	513,707,559,724
14784 (Grb2)	513,778,559,795
18706 (Pik3ca)	513,736,559,753
18707 (Pik3cd)	513,736,559,753
18708 (Pik3r1)	513,736,559,753
18709 (Pik3r2)	513,736,559,753
18710 (Pik3r3)	513,736,559,753
74769 (Pik3cb)	513,736,559,753
71609 (Tradd)	513,847,559,864
12534 (Cdk1)	513,906,559,923
21374 (Tbp)	513,936,559,953
227606 (Tbpl2)	513,936,559,953
237336 (Tbpl1)	513,936,559,953
20684 (Sp100)	513,319,559,336
18033 (Nfkb1)	513,265,559,282
18034 (Nfkb2)	513,265,559,282
19696 (Rel)	513,265,559,282
19697 (Rela)	513,265,559,282
319177 (Hist1h2ba)	513,601,559,618
319178 (Hist1h2bb)	513,601,559,618
319179 (Hist1h2be)	513,601,559,618
319180 (Hist1h2bf)	513,601,559,618
319181 (Hist1h2bg)	513,601,559,618
319182 (Hist1h2bh)	513,601,559,618
319183 (Hist1h2bj)	513,601,559,618
319184 (Hist1h2bk)	513,601,559,618
319185 (Hist1h2bl)	513,601,559,618
319186 (Hist1h2bm)	513,601,559,618
319187 (Hist1h2bn)	513,601,559,618
319188 (Hist1h2bp)	513,601,559,618
319189 (Hist2h2bb)	513,601,559,618
319190 (Hist2h2be)	513,601,559,618
665596 (Hist1h2bq)	513,601,559,618
665622 (Hist1h2br)	513,601,559,618
68024 (Hist1h2bc)	513,601,559,618
69382 (1700024P04Rik)	513,601,559,618
69389 (H2bfm)	513,601,559,618
78303 (Hist3h2ba)	513,601,559,618
100041230 (Hist1h4m)	513,618,559,635
319155 (Hist1h4c)	513,618,559,635
319156 (Hist1h4d)	513,618,559,635
319157 (Hist1h4f)	513,618,559,635
319158 (Hist1h4i)	513,618,559,635
319159 (Hist1h4j)	513,618,559,635
319160 (Hist1h4k)	513,618,559,635
319161 (Hist1h4n)	513,618,559,635
320332 (Hist4h4)	513,618,559,635
326619 (Hist1h4a)	513,618,559,635
326620 (Hist1h4b)	513,618,559,635
69386 (Hist1h4h)	513,618,559,635
97122 (Hist2h4)	513,618,559,635
mmu05203: Viral carcinogenesis	40,45,246,70
mmu04115: p53 signaling pathway	1238,336,1347,370
mmu04110: Cell cycle	1238,744,1347,769
mmu04210: Apoptosis	1902,732,2011,757
mmu04115: p53 signaling pathway	1902,275,2011,309
mmu04110: Cell cycle	1577,748,1686,773
mmu04115: p53 signaling pathway	1578,962,1687,996
mmu05166: Human T-cell leukemia virus 1 infection	1442,128,1551,153
mmu05169: Epstein-Barr virus infection	779,136,943,161
mmu04662: B cell receptor signaling pathway	918,941,1027,975
mmu04630: JAK-STAT signaling pathway	918,852,1027,886
mmu04064: NF-kappa B signaling pathway	918,796,1027,830
mmu04115: p53 signaling pathway	918,284,1027,318
mmu04110: Cell cycle	918,664,1027,689
mmu04062: Chemokine signaling pathway	1902,463,2011,497
mmu04630: JAK-STAT signaling pathway	253,457,362,491
mmu04210: Apoptosis	253,532,362,557
mmu04115: p53 signaling pathway	254,789,363,823
mmu04110: Cell cycle	253,864,362,889
mmu04064: NF-kappa B signaling pathway	1577,412,1686,446
mmu04064: NF-kappa B signaling pathway	253,680,362,714
mmu04151: PI3K-Akt signaling pathway	253,615,362,649
mmu04010: MAPK signaling pathway	253,274,362,308
mmu04064: NF-kappa B signaling pathway	1902,538,2011,572
mmu03022: Basal transcription factors	918,413,1027,447
mmu04151: PI3K-Akt signaling pathway	1577,640,1686,674
mmu04142: Lysosome	1238,247,1347,272
mmu04810: Regulation of actin cytoskeleton	1577,550,1686,584
mmu03022: Basal transcription factors	1577,287,1686,321
mmu04110: Cell cycle	1902,660,2011,685
mmu04151: PI3K-Akt signaling pathway	1902,833,2011,867
mmu04151: PI3K-Akt signaling pathway	581,720,690,754
mmu04115: p53 signaling pathway	581,647,690,681
mmu04064: NF-kappa B signaling pathway	581,271,690,305
mmu03320: PPAR signaling pathway	581,345,690,379
mmu04110: Cell cycle	581,419,690,444
mmu04010: MAPK signaling pathway	581,804,690,838
mmu04210: Apoptosis	581,874,690,899
mmu05160: Hepatitis C	446,110,555,135
mmu05161: Hepatitis B	113,135,222,160
mmu05167: Kaposi sarcoma-associated herpesvirus infection	1764,125,2026,150
mmu05165: Human papillomavirus infection	1099,137,1293,162
