C00027 (Hydrogen peroxide)	461,555,4
C00076 (Calcium cation)	688,420,4
C00076 (Calcium cation)	586,434,4
C00575 (3',5'-Cyclic AMP)	820,228,4
C04637 (1-Phosphatidyl-D-myo-inositol 4,5-bisphosphate)	952,368,4
100039801 (Cldn24)	252,684,298,701
114141 (Cldn16)	252,684,298,701
12737 (Cldn1)	252,684,298,701
12738 (Cldn2)	252,684,298,701
12739 (Cldn3)	252,684,298,701
12740 (Cldn4)	252,684,298,701
12741 (Cldn5)	252,684,298,701
18260 (Ocln)	252,684,298,701
18417 (Cldn11)	252,684,298,701
239931 (Cldn17)	252,684,298,701
242653 (Cldn19)	252,684,298,701
53624 (Cldn7)	252,684,298,701
54419 (Cldn6)	252,684,298,701
54420 (Cldn8)	252,684,298,701
56173 (Cldn14)	252,684,298,701
56492 (Cldn18)	252,684,298,701
56863 (Cldn9)	252,684,298,701
57255 (Cldn13)	252,684,298,701
58187 (Cldn10)	252,684,298,701
60363 (Cldn15)	252,684,298,701
621628 (Cldn20)	252,684,298,701
69524 (Esam)	252,684,298,701
71908 (Cldn23)	252,684,298,701
73934 (Cldn34c4)	252,684,298,701
74987 (Cldn34d)	252,684,298,701
75677 (Cldn22)	252,684,298,701
17390 (Mmp2)	283,569,329,586
17395 (Mmp9)	283,569,329,586
100039801 (Cldn24)	175,684,221,701
114141 (Cldn16)	175,684,221,701
12737 (Cldn1)	175,684,221,701
12738 (Cldn2)	175,684,221,701
12739 (Cldn3)	175,684,221,701
12740 (Cldn4)	175,684,221,701
12741 (Cldn5)	175,684,221,701
18260 (Ocln)	175,684,221,701
18417 (Cldn11)	175,684,221,701
239931 (Cldn17)	175,684,221,701
242653 (Cldn19)	175,684,221,701
53624 (Cldn7)	175,684,221,701
54419 (Cldn6)	175,684,221,701
54420 (Cldn8)	175,684,221,701
56173 (Cldn14)	175,684,221,701
56492 (Cldn18)	175,684,221,701
56863 (Cldn9)	175,684,221,701
57255 (Cldn13)	175,684,221,701
58187 (Cldn10)	175,684,221,701
60363 (Cldn15)	175,684,221,701
621628 (Cldn20)	175,684,221,701
69524 (Esam)	175,684,221,701
71908 (Cldn23)	175,684,221,701
73934 (Cldn34c4)	175,684,221,701
74987 (Cldn34d)	175,684,221,701
75677 (Cldn22)	175,684,221,701
19247 (Ptpn11)	396,600,442,617
12562 (Cdh5)	268,624,314,641
673094 (Cd99)	167,512,213,529
18613 (Pecam1)	316,475,362,492
16414 (Itgb2)	258,422,304,439
16415 (Itgb2l)	258,422,304,439
12388 (Ctnnd1)	314,637,360,654
12927 (Bcar1)	729,563,775,580
17356 (Afdn)	876,450,922,467
20469 (Sipa1)	956,482,1002,499
18613 (Pecam1)	257,475,303,492
16456 (F11r)	316,413,362,430
16408 (Itgal)	258,405,304,422
12562 (Cdh5)	158,624,204,641
19247 (Ptpn11)	413,499,459,516
673094 (Cd99)	108,512,154,529
16412 (Itgb1)	167,456,213,473
16401 (Itga4)	167,439,213,456
67374 (Jam2)	108,447,154,464
16414 (Itgb2)	167,391,213,408
16415 (Itgb2l)	167,391,213,408
16409 (Itgam)	167,374,213,391
18706 (Pik3ca)	612,394,658,411
18707 (Pik3cd)	612,394,658,411
18708 (Pik3r1)	612,394,658,411
18709 (Pik3r2)	612,394,658,411
18710 (Pik3r3)	612,394,658,411
74769 (Pik3cb)	612,394,658,411
12387 (Ctnnb1)	386,475,432,492
11461 (Actb)	803,624,849,641
11465 (Actg1)	803,624,849,641
17898 (Myl7)	803,569,849,586
17906 (Myl2)	803,569,849,586
17907 (Mylpf)	803,569,849,586
59310 (Myl10)	803,569,849,586
67268 (Myl12a)	803,569,849,586
67938 (Myl12b)	803,569,849,586
98932 (Myl9)	803,569,849,586
19877 (Rock1)	803,514,849,531
19878 (Rock2)	803,514,849,531
18750 (Prkca)	664,458,710,475
18751 (Prkcb)	664,458,710,475
18752 (Prkcg)	664,458,710,475
14083 (Ptk2)	729,518,775,535
11848 (Rhoa)	803,460,849,477
67653 (4930544G11Rik)	803,460,849,477
83964 (Jam3)	108,383,154,400
19094 (Mapk11)	545,580,591,597
26415 (Mapk13)	545,580,591,597
26416 (Mapk14)	545,580,591,597
29857 (Mapk12)	545,580,591,597
11855 (Arhgap5)	772,387,818,404
232906 (Arhgap35)	772,387,818,404
12385 (Ctnna1)	503,624,549,641
12386 (Ctnna2)	503,624,549,641
216033 (Ctnna3)	503,624,549,641
13058 (Cybb)	515,491,561,508
13057 (Cyba)	558,491,604,508
17970 (Ncf2)	515,508,561,525
19303 (Pxn)	729,541,775,558
17969 (Ncf1)	558,508,604,525
19353 (Rac1)	596,444,642,461
17972 (Ncf4)	537,525,583,542
12387 (Ctnnb1)	384,624,430,641
109905 (Rap1a)	706,158,752,175
215449 (Rap1b)	706,158,752,175
22324 (Vav1)	548,168,594,185
22325 (Vav2)	548,168,594,185
57257 (Vav3)	548,168,594,185
16409 (Itgam)	750,268,796,285
16408 (Itgal)	666,268,712,285
19353 (Rac1)	843,147,889,164
19354 (Rac2)	832,102,878,119
17698 (Msn)	634,338,680,355
22350 (Ezr)	634,338,680,355
16412 (Itgb1)	571,285,617,302
16414 (Itgb2)	750,285,796,302
16415 (Itgb2l)	750,285,796,302
16414 (Itgb2)	666,285,712,302
16415 (Itgb2l)	666,285,712,302
223864 (Rapgef3)	762,191,808,208
56508 (Rapgef4)	762,191,808,208
16428 (Itk)	788,158,834,175
22165 (Txk)	788,158,834,175
54354 (Rassf5)	706,141,752,158
19229 (Ptk2b)	612,144,658,161
20315 (Cxcl12)	833,321,879,338
12767 (Cxcr4)	833,276,879,293
14677 (Gnai1)	833,251,879,268
14678 (Gnai2)	833,251,879,268
14679 (Gnai3)	833,251,879,268
21838 (Thy1)	750,321,796,338
22329 (Vcam1)	571,321,617,338
15894 (Icam1)	665,321,711,338
18803 (Plcg1)	664,369,710,386
234779 (Plcg2)	664,369,710,386
11461 (Actb)	958,307,1004,324
11465 (Actg1)	958,307,1004,324
17898 (Myl7)	737,74,783,91
17906 (Myl2)	737,74,783,91
17907 (Mylpf)	737,74,783,91
59310 (Myl10)	737,74,783,91
67268 (Myl12a)	737,74,783,91
67938 (Myl12b)	737,74,783,91
98932 (Myl9)	737,74,783,91
19877 (Rock1)	662,74,708,91
19878 (Rock2)	662,74,708,91
11848 (Rhoa)	587,74,633,91
67653 (4930544G11Rik)	587,74,633,91
12540 (Cdc42)	822,125,868,142
16401 (Itga4)	571,268,617,285
74734 (Rhoh)	562,221,608,238
17698 (Msn)	538,338,584,355
22350 (Ezr)	538,338,584,355
22330 (Vcl)	983,358,1029,375
22323 (Vasp)	930,334,976,351
18706 (Pik3ca)	872,200,918,217
18707 (Pik3cd)	872,200,918,217
18708 (Pik3r1)	872,200,918,217
18709 (Pik3r2)	872,200,918,217
18710 (Pik3r3)	872,200,918,217
74769 (Pik3cb)	872,200,918,217
109711 (Actn1)	983,334,1029,351
60595 (Actn4)	983,334,1029,351
22324 (Vav1)	706,112,752,129
22325 (Vav2)	706,112,752,129
57257 (Vav3)	706,112,752,129
11461 (Actb)	476,304,522,321
11465 (Actg1)	476,304,522,321
109905 (Rap1a)	876,481,922,498
215449 (Rap1b)	876,481,922,498
mmu04514: Cell adhesion molecules (CAMs)	309,678,420,712
mmu04810: Regulation of actin cytoskeleton	887,610,998,644
mmu04670: Leukocyte transendothelial migration	40,45,394,70
