11658 (Alcam)	60,573,106,590
12511 (Cd6)	144,573,190,590
20737 (Spn)	145,810,191,827
20612 (Siglec1)	61,810,107,827
19264 (Ptprc)	145,771,191,788
12483 (Cd22)	61,771,107,788
12525 (Cd8a)	250,240,296,257
12526 (Cd8b1)	250,240,296,257
16412 (Itgb1)	910,467,956,484
241226 (Itga8)	910,450,956,467
16414 (Itgb2)	442,635,488,652
16415 (Itgb2l)	442,635,488,652
16408 (Itgal)	442,618,488,635
21939 (Cd40)	526,760,572,777
21939 (Cd40)	442,591,488,608
21939 (Cd40)	334,620,380,637
21939 (Cd40)	335,308,381,325
18007 (Neo1)	1291,793,1337,810
12555 (Cdh15)	1291,767,1337,784
12555 (Cdh15)	1207,767,1253,784
12561 (Cdh4)	1291,742,1337,759
12561 (Cdh4)	1207,742,1253,759
12560 (Cdh3)	1291,651,1337,668
12560 (Cdh3)	1207,651,1253,668
16412 (Itgb1)	1290,502,1336,519
16403 (Itga6)	1290,485,1336,502
19294 (Nectin2)	1290,459,1336,476
12550 (Cdh1)	1290,407,1336,424
12550 (Cdh1)	1206,407,1252,424
12550 (Cdh1)	1290,214,1336,231
12550 (Cdh1)	1206,214,1252,231
18417 (Cldn11)	1099,788,1145,805
18417 (Cldn11)	1015,788,1061,805
13003 (Vcan)	1015,544,1061,561
12550 (Cdh1)	1100,425,1146,442
12550 (Cdh1)	1015,425,1061,442
17136 (Mag)	1099,395,1145,412
17136 (Mag)	1015,395,1061,412
17528 (Mpz)	1099,365,1145,382
68481 (Mpzl1)	1099,365,1145,382
17528 (Mpz)	1015,365,1061,382
68481 (Mpzl1)	1015,365,1061,382
58998 (Nectin3)	1206,459,1252,476
269116 (Nfasc)	1015,608,1061,625
269116 (Nfasc)	1100,544,1146,561
66797 (Cntnap2)	1100,691,1146,708
53321 (Cntnap1)	1100,626,1146,643
66797 (Cntnap2)	1100,264,1146,281
53321 (Cntnap1)	1100,195,1146,212
269116 (Nfasc)	1015,178,1061,195
269116 (Nfasc)	1100,139,1146,156
19274 (Ptprm)	909,652,955,669
19274 (Ptprm)	825,652,871,669
21367 (Cntn2)	1100,247,1146,264
21367 (Cntn2)	1015,246,1061,263
21367 (Cntn2)	1100,674,1146,691
21367 (Cntn2)	1015,673,1061,690
21367 (Cntn2)	909,721,955,738
21367 (Cntn2)	825,721,871,738
12805 (Cntn1)	1100,178,1146,195
12805 (Cntn1)	1100,609,1146,626
12805 (Cntn1)	1100,569,1146,586
12805 (Cntn1)	1015,631,1061,648
12805 (Cntn1)	909,618,955,635
319504 (Nrcam)	1100,520,1146,537
319504 (Nrcam)	1100,112,1146,129
319504 (Nrcam)	825,618,871,635
192167 (Nlgn1)	910,497,956,514
216856 (Nlgn2)	910,497,956,514
245537 (Nlgn3)	910,497,956,514
18189 (Nrxn1)	825,497,871,514
18190 (Nrxn2)	825,497,871,514
18191 (Nrxn3)	825,497,871,514
320910 (Itgb8)	910,425,956,442
16410 (Itgav)	910,408,956,425
15529 (Sdc2)	1015,125,1061,142
20969 (Sdc1)	1015,125,1061,142
20970 (Sdc3)	1015,125,1061,142
20971 (Sdc4)	1015,125,1061,142
15529 (Sdc2)	910,379,956,396
20969 (Sdc1)	910,379,956,396
20970 (Sdc3)	910,379,956,396
20971 (Sdc4)	910,379,956,396
19268 (Ptprf)	826,353,872,370
320840 (Negr1)	910,269,956,286
320840 (Negr1)	826,269,872,286
94332 (Cadm3)	909,584,955,601
94332 (Cadm3)	825,584,871,601
54725 (Cadm1)	1290,242,1336,259
54725 (Cadm1)	1206,242,1252,259
54725 (Cadm1)	910,238,956,255
54725 (Cadm1)	826,238,872,255
12558 (Cdh2)	1290,433,1336,450
12558 (Cdh2)	1206,433,1252,450
12558 (Cdh2)	1291,717,1337,734
12558 (Cdh2)	1207,717,1253,734
12558 (Cdh2)	909,789,955,806
12558 (Cdh2)	825,789,871,806
17967 (Ncam1)	909,686,955,703
17968 (Ncam2)	909,686,955,703
17967 (Ncam1)	825,686,871,703
17968 (Ncam2)	825,686,871,703
16728 (L1cam)	909,755,955,772
16728 (L1cam)	825,755,871,772
16728 (L1cam)	910,207,956,224
16728 (L1cam)	826,207,872,224
17967 (Ncam1)	910,178,956,195
17968 (Ncam2)	910,178,956,195
17967 (Ncam1)	826,178,872,195
17968 (Ncam2)	826,178,872,195
12558 (Cdh2)	910,148,956,165
12558 (Cdh2)	826,148,872,165
58235 (Nectin1)	1290,187,1336,204
58235 (Nectin1)	1206,187,1252,204
58998 (Nectin3)	1207,623,1253,640
58998 (Nectin3)	1291,596,1337,613
58235 (Nectin1)	1291,623,1337,640
58235 (Nectin1)	1207,596,1253,613
58998 (Nectin3)	826,118,872,135
58998 (Nectin3)	910,93,956,110
58235 (Nectin1)	910,118,956,135
58235 (Nectin1)	826,93,872,110
19294 (Nectin2)	718,734,764,751
52118 (Pvr)	718,708,764,725
225825 (Cd226)	633,721,679,738
20339 (Sele)	717,591,763,608
20340 (Glg1)	633,591,679,608
20344 (Selp)	717,552,763,569
20345 (Selplg)	633,552,679,569
12490 (Cd34)	718,515,764,532
14663 (Glycam1)	718,486,764,503
20343 (Sell)	634,486,680,503
17123 (Madcam1)	719,457,765,474
22329 (Vcam1)	718,369,764,386
16421 (Itgb7)	634,426,680,443
104099 (Itga9)	634,360,680,377
16412 (Itgb1)	634,377,680,394
16412 (Itgb1)	634,329,680,346
16401 (Itga4)	634,409,680,426
16401 (Itga4)	634,312,680,329
673094 (Cd99)	717,669,763,686
673094 (Cd99)	633,669,679,686
18613 (Pecam1)	717,630,763,647
18613 (Pecam1)	633,630,679,647
12481 (Cd2)	633,773,679,790
15894 (Icam1)	718,191,764,208
15896 (Icam2)	718,241,764,258
67374 (Jam2)	718,320,764,337
83964 (Jam3)	718,280,764,297
83964 (Jam3)	634,280,680,297
16414 (Itgb2)	634,249,680,266
16415 (Itgb2l)	634,249,680,266
16409 (Itgam)	634,232,680,249
16414 (Itgb2)	634,201,680,218
16415 (Itgb2l)	634,201,680,218
16408 (Itgal)	634,184,680,201
16456 (F11r)	718,114,764,131
16456 (F11r)	634,114,680,131
18613 (Pecam1)	526,790,572,807
21947 (Cd40lg)	442,760,488,777
16456 (F11r)	526,730,572,747
16456 (F11r)	442,730,488,747
15896 (Icam2)	526,627,572,644
21947 (Cd40lg)	526,591,572,608
20344 (Selp)	526,563,572,580
83964 (Jam3)	526,528,572,545
16414 (Itgb2)	442,536,488,553
16415 (Itgb2l)	442,536,488,553
673094 (Cd99)	526,353,572,370
18613 (Pecam1)	526,321,572,338
12562 (Cdh5)	526,290,572,307
69524 (Esam)	526,259,572,276
83964 (Jam3)	526,228,572,245
67374 (Jam2)	526,197,572,214
16456 (F11r)	526,165,572,182
16414 (Itgb2)	250,759,296,776
16415 (Itgb2l)	250,759,296,776
16408 (Itgal)	250,742,296,759
15894 (Icam1)	334,750,380,767
15896 (Icam2)	334,750,380,767
16414 (Itgb2)	334,719,380,736
16415 (Itgb2l)	334,719,380,736
16408 (Itgal)	334,702,380,719
15894 (Icam1)	250,710,296,727
15896 (Icam2)	250,710,296,727
58205 (Pdcd1lg2)	334,674,380,691
60533 (Cd274)	334,649,380,666
18566 (Pdcd1)	250,674,296,691
21947 (Cd40lg)	250,620,296,637
12504 (Cd4)	250,586,296,603
100504404 (H2-Ea-ps)	335,557,381,574
14960 (H2-Aa)	335,557,381,574
14961 (H2-Ab1)	335,557,381,574
14969 (H2-Eb1)	335,557,381,574
14998 (H2-DMa)	335,557,381,574
14999 (H2-DMb1)	335,557,381,574
15000 (H2-DMb2)	335,557,381,574
15001 (H2-Oa)	335,557,381,574
15002 (H2-Ob)	335,557,381,574
12524 (Cd86)	335,518,381,535
12519 (Cd80)	335,489,381,506
12487 (Cd28)	250,489,296,506
12481 (Cd2)	250,460,296,477
21947 (Cd40lg)	250,308,296,325
15894 (Icam1)	335,274,381,291
15896 (Icam2)	335,274,381,291
16414 (Itgb2)	250,283,296,300
16415 (Itgb2l)	250,283,296,300
16408 (Itgal)	250,266,296,283
100529082 (Gm11127)	335,216,381,233
110557 (H2-Q6)	335,216,381,233
110558 (H2-Q9)	335,216,381,233
110696 (H2-M10.3)	335,216,381,233
14963 (H2-Bl)	335,216,381,233
14964 (H2-D1)	335,216,381,233
14972 (H2-K1)	335,216,381,233
14980 (H2-L)	335,216,381,233
14985 (H2-M10.1)	335,216,381,233
14990 (H2-M2)	335,216,381,233
14991 (H2-M3)	335,216,381,233
14997 (H2-M9)	335,216,381,233
15006 (H2-Q1)	335,216,381,233
15007 (H2-Q10)	335,216,381,233
15013 (H2-Q2)	335,216,381,233
15015 (H2-Q4)	335,216,381,233
15018 (H2-Q7)	335,216,381,233
15019 (H2-Q8)	335,216,381,233
15024 (H2-T10)	335,216,381,233
15033 (H2-T18)	335,216,381,233
15039 (H2-T22)	335,216,381,233
15040 (H2-T23)	335,216,381,233
15042 (H2-T24)	335,216,381,233
15043 (H2-T3)	335,216,381,233
15051 (H2-T9)	335,216,381,233
224753 (H2-M10.4)	335,216,381,233
224754 (H2-M11)	335,216,381,233
224756 (H2-M1)	335,216,381,233
224761 (H2-M10.5)	335,216,381,233
240095 (H2-M5)	335,216,381,233
333715 (H2-M10.2)	335,216,381,233
399549 (H2-M10.6)	335,216,381,233
547349 (H2-K1)	335,216,381,233
630294 (Gm7030)	335,216,381,233
667803 (H2-T-ps)	335,216,381,233
667977 (Gm8909)	335,216,381,233
69717 (Gm10499)	335,216,381,233
12524 (Cd86)	335,185,381,202
12519 (Cd80)	335,161,381,178
12487 (Cd28)	250,161,296,178
12481 (Cd2)	250,140,296,157
15894 (Icam1)	60,734,106,751
15896 (Icam2)	60,734,106,751
16414 (Itgb2)	145,743,191,760
16415 (Itgb2l)	145,743,191,760
16408 (Itgal)	145,726,191,743
18613 (Pecam1)	442,790,488,807
20345 (Selplg)	442,563,488,580
16409 (Itgam)	442,519,488,536
673094 (Cd99)	442,353,488,370
21939 (Cd40)	60,544,106,561
16414 (Itgb2)	60,703,106,720
16415 (Itgb2l)	60,703,106,720
67374 (Jam2)	442,197,488,214
69524 (Esam)	442,259,488,276
16456 (F11r)	442,165,488,182
18260 (Ocln)	526,134,572,151
18260 (Ocln)	442,134,488,151
100039801 (Cldn24)	526,103,572,120
114141 (Cldn16)	526,103,572,120
12737 (Cldn1)	526,103,572,120
12738 (Cldn2)	526,103,572,120
12739 (Cldn3)	526,103,572,120
12740 (Cldn4)	526,103,572,120
12741 (Cldn5)	526,103,572,120
18417 (Cldn11)	526,103,572,120
239931 (Cldn17)	526,103,572,120
242653 (Cldn19)	526,103,572,120
53624 (Cldn7)	526,103,572,120
54419 (Cldn6)	526,103,572,120
54420 (Cldn8)	526,103,572,120
56173 (Cldn14)	526,103,572,120
56492 (Cldn18)	526,103,572,120
56863 (Cldn9)	526,103,572,120
57255 (Cldn13)	526,103,572,120
58187 (Cldn10)	526,103,572,120
60363 (Cldn15)	526,103,572,120
621628 (Cldn20)	526,103,572,120
71908 (Cldn23)	526,103,572,120
73934 (Cldn34c4)	526,103,572,120
74987 (Cldn34d)	526,103,572,120
75677 (Cldn22)	526,103,572,120
100039801 (Cldn24)	442,103,488,120
114141 (Cldn16)	442,103,488,120
12737 (Cldn1)	442,103,488,120
12738 (Cldn2)	442,103,488,120
12739 (Cldn3)	442,103,488,120
12740 (Cldn4)	442,103,488,120
12741 (Cldn5)	442,103,488,120
18417 (Cldn11)	442,103,488,120
239931 (Cldn17)	442,103,488,120
242653 (Cldn19)	442,103,488,120
53624 (Cldn7)	442,103,488,120
54419 (Cldn6)	442,103,488,120
54420 (Cldn8)	442,103,488,120
56173 (Cldn14)	442,103,488,120
56492 (Cldn18)	442,103,488,120
56863 (Cldn9)	442,103,488,120
57255 (Cldn13)	442,103,488,120
58187 (Cldn10)	442,103,488,120
60363 (Cldn15)	442,103,488,120
621628 (Cldn20)	442,103,488,120
71908 (Cldn23)	442,103,488,120
73934 (Cldn34c4)	442,103,488,120
74987 (Cldn34d)	442,103,488,120
75677 (Cldn22)	442,103,488,120
18260 (Ocln)	1290,132,1336,149
16456 (F11r)	1290,160,1336,177
100039801 (Cldn24)	1290,105,1336,122
114141 (Cldn16)	1290,105,1336,122
12737 (Cldn1)	1290,105,1336,122
12738 (Cldn2)	1290,105,1336,122
12739 (Cldn3)	1290,105,1336,122
12740 (Cldn4)	1290,105,1336,122
12741 (Cldn5)	1290,105,1336,122
18417 (Cldn11)	1290,105,1336,122
239931 (Cldn17)	1290,105,1336,122
242653 (Cldn19)	1290,105,1336,122
53624 (Cldn7)	1290,105,1336,122
54419 (Cldn6)	1290,105,1336,122
54420 (Cldn8)	1290,105,1336,122
56173 (Cldn14)	1290,105,1336,122
56492 (Cldn18)	1290,105,1336,122
56863 (Cldn9)	1290,105,1336,122
57255 (Cldn13)	1290,105,1336,122
58187 (Cldn10)	1290,105,1336,122
60363 (Cldn15)	1290,105,1336,122
621628 (Cldn20)	1290,105,1336,122
71908 (Cldn23)	1290,105,1336,122
73934 (Cldn34c4)	1290,105,1336,122
74987 (Cldn34d)	1290,105,1336,122
75677 (Cldn22)	1290,105,1336,122
15894 (Icam1)	145,695,191,712
15896 (Icam2)	145,695,191,712
12504 (Cd4)	144,344,190,361
54167 (Icos)	144,276,190,293
102657 (Cd276)	60,488,106,505
21947 (Cd40lg)	144,544,190,561
58205 (Pdcd1lg2)	60,459,106,476
60533 (Cd274)	60,431,106,448
18613 (Pecam1)	442,321,488,338
19264 (Ptprc)	250,790,296,807
50723 (Icosl)	60,276,106,293
18566 (Pdcd1)	144,459,190,476
12562 (Cdh5)	442,290,488,307
100529082 (Gm11127)	60,378,106,395
110557 (H2-Q6)	60,378,106,395
110558 (H2-Q9)	60,378,106,395
110696 (H2-M10.3)	60,378,106,395
14963 (H2-Bl)	60,378,106,395
14964 (H2-D1)	60,378,106,395
14972 (H2-K1)	60,378,106,395
14980 (H2-L)	60,378,106,395
14985 (H2-M10.1)	60,378,106,395
14990 (H2-M2)	60,378,106,395
14991 (H2-M3)	60,378,106,395
14997 (H2-M9)	60,378,106,395
15006 (H2-Q1)	60,378,106,395
15007 (H2-Q10)	60,378,106,395
15013 (H2-Q2)	60,378,106,395
15015 (H2-Q4)	60,378,106,395
15018 (H2-Q7)	60,378,106,395
15019 (H2-Q8)	60,378,106,395
15024 (H2-T10)	60,378,106,395
15033 (H2-T18)	60,378,106,395
15039 (H2-T22)	60,378,106,395
15040 (H2-T23)	60,378,106,395
15042 (H2-T24)	60,378,106,395
15043 (H2-T3)	60,378,106,395
15051 (H2-T9)	60,378,106,395
224753 (H2-M10.4)	60,378,106,395
224754 (H2-M11)	60,378,106,395
224756 (H2-M1)	60,378,106,395
224761 (H2-M10.5)	60,378,106,395
240095 (H2-M5)	60,378,106,395
333715 (H2-M10.2)	60,378,106,395
399549 (H2-M10.6)	60,378,106,395
547349 (H2-K1)	60,378,106,395
630294 (Gm7030)	60,378,106,395
667803 (H2-T-ps)	60,378,106,395
667977 (Gm8909)	60,378,106,395
69717 (Gm10499)	60,378,106,395
100504404 (H2-Ea-ps)	60,315,106,332
14960 (H2-Aa)	60,315,106,332
14961 (H2-Ab1)	60,315,106,332
14969 (H2-Eb1)	60,315,106,332
14998 (H2-DMa)	60,315,106,332
14999 (H2-DMb1)	60,315,106,332
15000 (H2-DMb2)	60,315,106,332
15001 (H2-Oa)	60,315,106,332
15002 (H2-Ob)	60,315,106,332
225825 (Cd226)	145,669,191,686
16456 (F11r)	1206,160,1252,177
12519 (Cd80)	60,223,106,240
83964 (Jam3)	442,228,488,245
16408 (Itgal)	60,686,106,703
12525 (Cd8a)	144,407,190,424
12526 (Cd8b1)	144,407,190,424
12483 (Cd22)	335,790,381,807
100039801 (Cldn24)	1206,105,1252,122
114141 (Cldn16)	1206,105,1252,122
12737 (Cldn1)	1206,105,1252,122
12738 (Cldn2)	1206,105,1252,122
12739 (Cldn3)	1206,105,1252,122
12740 (Cldn4)	1206,105,1252,122
12741 (Cldn5)	1206,105,1252,122
18417 (Cldn11)	1206,105,1252,122
239931 (Cldn17)	1206,105,1252,122
242653 (Cldn19)	1206,105,1252,122
53624 (Cldn7)	1206,105,1252,122
54419 (Cldn6)	1206,105,1252,122
54420 (Cldn8)	1206,105,1252,122
56173 (Cldn14)	1206,105,1252,122
56492 (Cldn18)	1206,105,1252,122
56863 (Cldn9)	1206,105,1252,122
57255 (Cldn13)	1206,105,1252,122
58187 (Cldn10)	1206,105,1252,122
60363 (Cldn15)	1206,105,1252,122
621628 (Cldn20)	1206,105,1252,122
71908 (Cldn23)	1206,105,1252,122
73934 (Cldn34c4)	1206,105,1252,122
74987 (Cldn34d)	1206,105,1252,122
75677 (Cldn22)	1206,105,1252,122
12477 (Ctla4)	144,250,190,267
12487 (Cd28)	144,223,190,240
12524 (Cd86)	60,250,106,267
18260 (Ocln)	1206,132,1252,149
12481 (Cd2)	144,140,190,157
60533 (Cd274)	144,196,190,213
242122 (Vtcn1)	60,516,106,533
225825 (Cd226)	144,605,190,622
19294 (Nectin2)	60,631,106,648
52118 (Pvr)	60,605,106,622
100043314 (Tigit)	144,629,190,646
60533 (Cd274)	250,518,296,535
60533 (Cd274)	250,185,296,202
225825 (Cd226)	250,334,296,351
19294 (Nectin2)	335,356,381,373
52118 (Pvr)	335,334,381,351
100043314 (Tigit)	250,356,296,373
58998 (Nectin3)	335,377,381,394
15529 (Sdc2)	826,379,872,396
20969 (Sdc1)	826,379,872,396
20970 (Sdc3)	826,379,872,396
20971 (Sdc4)	826,379,872,396
80883 (Ntng1)	826,301,872,318
171171 (Ntng2)	826,327,872,344
241568 (Lrrc4c)	910,301,956,318
192198 (Lrrc4)	910,327,956,344
272381 (Lrrc4b)	910,353,956,370
74048 (Vsir)	60,168,106,185
207683 (Igsf11)	144,168,190,185
mmu04670: Leukocyte transendothelial migration	649,830,752,875
mmu04670: Leukocyte transendothelial migration	455,431,558,476
mmu04660: T cell receptor signaling pathway	74,842,177,876
mmu04530: Tight junction	455,392,558,417
mmu04610: Complement and coagulation cascades	455,836,558,870
mmu04530: Tight junction	1220,281,1323,315
mmu04520: Adherens junction	1220,329,1323,363
mmu04514: Cell adhesion molecules (CAMs)	40,45,273,70
