C01330 (Sodium cation)	107,529,4
C01780 (Aldosterone)	649,361,4
C00238 (Potassium cation)	514,561,4
C01330 (Sodium cation)	653,570,4
C00735 (Cortisol)	644,291,4
C00762 (Cortisone)	468,292,4
C05981 (Phosphatidylinositol-3,4,5-trisphosphate)	384,576,4
C00698 (Cl-)	123,186,4
C00238 (Potassium cation)	224,391,4
C00575 (3',5'-Cyclic AMP)	508,425,4
20276 (Scnn1a)	135,521,181,538
20277 (Scnn1b)	135,521,181,538
20278 (Scnn1g)	135,521,181,538
11928 (Atp1a1)	559,559,605,576
11931 (Atp1b1)	559,559,605,576
11932 (Atp1b2)	559,559,605,576
11933 (Atp1b3)	559,559,605,576
11936 (Fxyd2)	559,559,605,576
232975 (Atp1a3)	559,559,605,576
27222 (Atp1a4)	559,559,605,576
67821 (Atp1b4)	559,559,605,576
98660 (Atp1a2)	559,559,605,576
20393 (Sgk1)	271,489,317,506
110784 (Nr3c2)	493,348,539,365
16653 (Kras)	442,526,488,543
83814 (Nedd4l)	218,572,264,589
108017 (Fxyd4)	559,516,605,533
15484 (Hsd11b2)	506,269,552,286
16337 (Insr)	559,643,605,660
16367 (Irs1)	463,641,509,658
18706 (Pik3ca)	393,605,439,622
18707 (Pik3cd)	393,605,439,622
18708 (Pik3r1)	393,605,439,622
18709 (Pik3r2)	393,605,439,622
18710 (Pik3r3)	393,605,439,622
74769 (Pik3cb)	393,605,439,622
18607 (Pdpk1)	314,537,360,554
16333 (Ins1)	641,627,687,644
16334 (Ins2)	641,627,687,644
16000 (Igf1)	642,657,688,674
56379 (Kcnj1)	134,382,180,399
55948 (Sfn)	283,572,329,589
26413 (Mapk1)	511,449,557,466
26417 (Mapk3)	511,449,557,466
18750 (Prkca)	481,395,527,412
18751 (Prkcb)	481,395,527,412
18752 (Prkcg)	481,395,527,412
65962 (Slc9a3r2)	135,406,181,423
mmu04960: Aldosterone-regulated sodium reabsorption	40,45,433,70
mmu04120: Ubiquitin mediated proteolysis	276,646,391,680
mmu00140: Steroid hormone biosynthesis	320,267,435,301
mmu04530: Tight junction	194,104,309,129
