14109 (Fau)	966,704,1012,721
270106 (Rpl13)	446,661,492,678
19943 (Rpl28)	602,749,648,766
20044 (Rps14)	600,369,646,386
66475 (Rps23)	494,453,540,470
20084 (Rps18)	554,369,600,386
20090 (Rps29)	624,285,670,302
68052 (Rps13)	523,547,569,564
27207 (Rps11)	394,285,440,302
20054 (Rps15)	670,210,716,227
20104 (Rps6)	446,704,492,721
20116 (Rps8)	498,704,544,721
20068 (Rps17)	550,704,596,721
20085 (Rps19)	602,704,648,721
20088 (Rps24)	654,704,700,721
100043813 (Rps27rt)	810,704,856,721
57294 (Rps27)	810,704,856,721
67941 (Rps27l)	810,704,856,721
78294 (Rps27a)	862,704,908,721
20115 (Rps7)	394,793,440,810
67097 (Rps10)	446,793,492,810
20042 (Rps12)	498,793,544,810
237433 (Gm4925)	498,793,544,810
66481 (Rps21)	550,793,596,810
75617 (Rps25)	706,704,752,721
27370 (Rps26)	758,704,804,721
54127 (Rps28)	914,704,960,721
20102 (Rps4x)	532,285,578,302
20091 (Rps3a1)	394,704,440,721
17725 (mt-Rnr2)	474,97,520,114
236598 (Rn28s1)	474,97,520,114
100861471 (n-R5s100)	520,97,566,114
100861472 (n-R5s103)	520,97,566,114
100861473 (n-R5s104)	520,97,566,114
100861474 (n-R5s105)	520,97,566,114
100861475 (n-R5s108)	520,97,566,114
100861477 (n-R5s110)	520,97,566,114
100861478 (n-R5s111)	520,97,566,114
100861479 (n-R5s113)	520,97,566,114
100861480 (Gm25018)	520,97,566,114
100861481 (n-R5s117)	520,97,566,114
100861482 (n-R5s121)	520,97,566,114
100861483 (n-R5s122)	520,97,566,114
100861484 (n-R5s123)	520,97,566,114
100861486 (n-R5s124)	520,97,566,114
100861487 (n-R5s128)	520,97,566,114
100861488 (Gm26391)	520,97,566,114
100861489 (n-R5s133)	520,97,566,114
100861490 (n-R5s134)	520,97,566,114
100861491 (n-R5s136)	520,97,566,114
100861492 (n-R5s138)	520,97,566,114
100861493 (n-R5s139)	520,97,566,114
100861494 (Gm22109)	520,97,566,114
100861495 (n-R5s141)	520,97,566,114
100861496 (n-R5s142)	520,97,566,114
100861497 (n-R5s143)	520,97,566,114
100861498 (n-R5s144)	520,97,566,114
100861499 (Gm25212)	520,97,566,114
100861500 (n-R5s146)	520,97,566,114
100861501 (Gm22291)	520,97,566,114
100861502 (Gm23284)	520,97,566,114
100861503 (n-R5s149)	520,97,566,114
19804 (Rn5s)	520,97,566,114
107732 (Mrpl10)	774,444,820,461
66419 (Mrpl11)	866,444,912,461
27367 (Rpl3)	486,210,532,227
66211 (Rpl3l)	486,210,532,227
67025 (Rpl11)	578,285,624,302
20005 (Rpl9)	716,285,762,302
11837 (Rplp0)	774,461,820,478
269261 (Rpl12)	866,461,912,478
22121 (Rpl13a)	815,369,861,386
68537 (Mrpl13)	815,352,861,369
790956 (Rs5-8s1)	566,97,612,114
27398 (Mrpl2)	624,193,670,210
94062 (Mrpl3)	486,193,532,210
19896 (Rpl10a)	820,461,866,478
26961 (Rpl8)	624,210,670,227
68463 (Mrpl14)	440,268,486,285
100044627	440,285,486,302
100862455	440,285,486,302
65019 (Rpl23)	440,285,486,302
26451 (Rpl27a)	992,285,1038,302
27395 (Mrpl15)	992,268,1038,285
100503670 (Rpl5)	854,285,900,302
67681 (Mrpl18)	854,268,900,285
319195 (Rpl17)	716,210,762,227
216767 (Mrpl22)	716,193,762,210
268449 (Rpl23a)	578,210,624,227
19935 (Mrpl23)	578,193,624,210
19941 (Rpl26)	486,285,532,302
67707 (Mrpl24)	486,268,532,285
66489 (Rpl35)	854,210,900,227
107734 (Mrpl30)	946,268,992,285
19989 (Rpl7)	946,285,992,302
66480 (Rpl15)	498,661,544,678
19899 (Rpl18)	723,369,769,386
19921 (Rpl19)	808,285,854,302
19933 (Rpl21)	550,661,596,678
225215 (Rsl24d1)	602,661,648,678
68193 (Rpl24)	602,661,648,678
19946 (Rpl30)	540,453,586,470
67248 (Rpl39)	862,661,908,678
68172 (Rpl39l)	862,661,908,678
22186 (Uba52)	914,661,960,678
67945 (Rpl41)	966,661,1012,678
19982 (Rpl36a)	1018,661,1064,678
66483 (Rpl36al)	1018,661,1064,678
114641 (Rpl31)	654,661,700,678
665562 (Rpl31-ps12)	654,661,700,678
19951 (Rpl32)	762,285,808,302
619547 (Rpl34-ps1)	394,369,440,386
68436 (Rpl34)	394,369,440,386
57808 (Rpl35a)	706,661,752,678
100502825 (Rpl37rt)	758,661,804,678
67281 (Rpl37)	758,661,804,678
19981 (Rpl37a)	810,661,856,678
19988 (Rpl6)	394,749,440,766
76808 (Rpl18a)	446,749,492,766
19934 (Rpl22)	498,749,544,766
68028 (Rpl22l1)	498,749,544,766
108167922	550,749,596,766
19942 (Rpl27)	550,749,596,766
102634941 (Gm29376)	654,749,700,766
19944 (Rpl29)	654,749,700,766
54217 (Rpl36)	706,749,752,766
67671 (Rpl38)	758,749,804,766
67891 (Rpl4)	532,210,578,227
27176 (Rpl7a)	591,453,637,470
110954 (Rpl10)	394,661,440,678
67115 (Rpl14)	440,369,486,386
66163 (Mrpl4)	532,193,578,210
78523 (Mrpl9)	941,530,987,547
56282 (Mrpl12)	682,444,728,461
56040 (Rplp1)	728,461,774,478
67186 (Rplp2)	728,461,774,478
94063 (Mrpl16)	808,193,854,210
27397 (Mrpl17)	769,352,815,369
56284 (Mrpl19)	718,602,764,619
66448 (Mrpl20)	663,530,709,547
353242 (Mrpl21)	508,602,554,619
94064 (Mrpl27)	554,602,600,619
68611 (Mrpl28)	394,602,440,619
75398 (Mrpl32)	873,530,919,547
66845 (Mrpl33)	440,602,486,619
94065 (Mrpl34)	709,530,755,547
66223 (Mrpl35)	617,530,663,547
94066 (Mrpl36)	508,352,554,369
17724 (mt-Rnr1)	624,97,670,114
77721 (Mrps5)	900,268,946,285
50529 (Mrps7)	448,436,494,453
69527 (Mrps9)	861,352,907,369
64657 (Mrps10)	440,193,486,210
16898 (Rps2)	900,285,946,302
20103 (Rps5)	448,453,494,470
267019 (Rps15a)	670,285,716,302
100862433	861,369,907,386
20055 (Rps16)	861,369,907,386
67427 (Rps20)	440,210,486,227
16785 (Rpsa)	394,547,440,564
27050 (Rps3)	762,210,808,227
67994 (Mrps11)	600,352,646,369
24030 (Mrps12)	494,436,540,453
64659 (Mrps14)	624,268,670,285
66407 (Mrps15)	523,530,569,547
66258 (Mrps17)	394,268,440,285
121022 (Mrps6)	1033,530,1079,547
66242 (Mrps16)	672,602,718,619
68565 (Mrps18a)	987,530,1033,547
68735 (Mrps18c)	987,530,1033,547
66292 (Mrps21)	908,602,954,619
76846 (Rps9)	646,369,692,386
118451 (Mrps2)	394,530,440,547
94061 (Mrpl1)	820,444,866,461
mmu03010: Ribosome	40,45,135,70
