C05981 (Phosphatidylinositol-3,4,5-trisphosphate)	580,167,4
C00584 (Prostaglandin E2)	203,726,4
C05981 (Phosphatidylinositol-3,4,5-trisphosphate)	579,497,4
C01245 (D-myo-Inositol 1,4,5-trisphosphate)	579,530,4
C00165 (Diacylglycerol)	580,577,4
C00076 (Calcium cation)	695,543,4
C01245 (D-myo-Inositol 1,4,5-trisphosphate)	581,991,4
C00165 (Diacylglycerol)	581,1036,4
C00076 (Calcium cation)	695,1003,4
C20640 (Cyclic GMP-AMP)	680,357,4
13685 (Eif4ebp1)	947,93,993,110
58988 (Rps6kb2)	947,119,993,136
72508 (Rps6kb1)	947,119,993,136
56717 (Mtor)	855,105,901,122
19744 (Rheb)	772,105,818,122
22084 (Tsc2)	690,113,736,130
64930 (Tsc1)	690,96,736,113
11651 (Akt1)	626,160,672,177
11652 (Akt2)	626,160,672,177
23797 (Akt3)	626,160,672,177
18706 (Pik3ca)	478,160,524,177
18707 (Pik3cd)	478,160,524,177
18708 (Pik3r1)	478,160,524,177
18709 (Pik3r2)	478,160,524,177
18710 (Pik3r3)	478,160,524,177
74769 (Pik3cb)	478,160,524,177
13649 (Egfr)	272,235,318,252
14103 (Fasl)	183,1397,229,1414
12675 (Chuk)	731,193,777,210
16150 (Ikbkb)	731,193,777,210
16151 (Ikbkg)	731,193,777,210
18033 (Nfkb1)	933,193,979,210
19697 (Rela)	933,193,979,210
14784 (Grb2)	387,235,433,252
20662 (Sos1)	480,235,526,252
20663 (Sos2)	480,235,526,252
15461 (Hras)	573,235,619,252
16653 (Kras)	573,235,619,252
18176 (Nras)	573,235,619,252
110157 (Raf1)	666,235,712,252
26395 (Map2k1)	759,235,805,252
26396 (Map2k2)	759,235,805,252
26413 (Mapk1)	852,235,898,252
26417 (Mapk3)	852,235,898,252
16410 (Itgav)	272,292,318,309
16416 (Itgb3)	272,309,318,326
21926 (Tnf)	183,1345,229,1362
21937 (Tnfrsf1a)	272,1345,318,1362
14082 (Fadd)	383,1375,429,1392
12370 (Casp8)	459,1375,505,1392
14102 (Fas)	272,1397,318,1414
18595 (Pdgfra)	272,160,318,177
100529082 (Gm11127)	757,1242,803,1259
110557 (H2-Q6)	757,1242,803,1259
110558 (H2-Q9)	757,1242,803,1259
110696 (H2-M10.3)	757,1242,803,1259
14963 (H2-Bl)	757,1242,803,1259
14964 (H2-D1)	757,1242,803,1259
14972 (H2-K1)	757,1242,803,1259
14980 (H2-L)	757,1242,803,1259
14985 (H2-M10.1)	757,1242,803,1259
14990 (H2-M2)	757,1242,803,1259
14991 (H2-M3)	757,1242,803,1259
14997 (H2-M9)	757,1242,803,1259
15006 (H2-Q1)	757,1242,803,1259
15007 (H2-Q10)	757,1242,803,1259
15013 (H2-Q2)	757,1242,803,1259
15015 (H2-Q4)	757,1242,803,1259
15018 (H2-Q7)	757,1242,803,1259
15019 (H2-Q8)	757,1242,803,1259
15024 (H2-T10)	757,1242,803,1259
15033 (H2-T18)	757,1242,803,1259
15039 (H2-T22)	757,1242,803,1259
15040 (H2-T23)	757,1242,803,1259
15042 (H2-T24)	757,1242,803,1259
15043 (H2-T3)	757,1242,803,1259
15051 (H2-T9)	757,1242,803,1259
224753 (H2-M10.4)	757,1242,803,1259
224754 (H2-M11)	757,1242,803,1259
224756 (H2-M1)	757,1242,803,1259
224761 (H2-M10.5)	757,1242,803,1259
240095 (H2-M5)	757,1242,803,1259
333715 (H2-M10.2)	757,1242,803,1259
399549 (H2-M10.6)	757,1242,803,1259
547349 (H2-K1)	757,1242,803,1259
630294 (Gm7030)	757,1242,803,1259
667803 (H2-T-ps)	757,1242,803,1259
667977 (Gm8909)	757,1242,803,1259
69717 (Gm10499)	757,1242,803,1259
100529082 (Gm11127)	272,1244,318,1261
110557 (H2-Q6)	272,1244,318,1261
110558 (H2-Q9)	272,1244,318,1261
110696 (H2-M10.3)	272,1244,318,1261
14963 (H2-Bl)	272,1244,318,1261
14964 (H2-D1)	272,1244,318,1261
14972 (H2-K1)	272,1244,318,1261
14980 (H2-L)	272,1244,318,1261
14985 (H2-M10.1)	272,1244,318,1261
14990 (H2-M2)	272,1244,318,1261
14991 (H2-M3)	272,1244,318,1261
14997 (H2-M9)	272,1244,318,1261
15006 (H2-Q1)	272,1244,318,1261
15007 (H2-Q10)	272,1244,318,1261
15013 (H2-Q2)	272,1244,318,1261
15015 (H2-Q4)	272,1244,318,1261
15018 (H2-Q7)	272,1244,318,1261
15019 (H2-Q8)	272,1244,318,1261
15024 (H2-T10)	272,1244,318,1261
15033 (H2-T18)	272,1244,318,1261
15039 (H2-T22)	272,1244,318,1261
15040 (H2-T23)	272,1244,318,1261
15042 (H2-T24)	272,1244,318,1261
15043 (H2-T3)	272,1244,318,1261
15051 (H2-T9)	272,1244,318,1261
224753 (H2-M10.4)	272,1244,318,1261
224754 (H2-M11)	272,1244,318,1261
224756 (H2-M1)	272,1244,318,1261
224761 (H2-M10.5)	272,1244,318,1261
240095 (H2-M5)	272,1244,318,1261
333715 (H2-M10.2)	272,1244,318,1261
399549 (H2-M10.6)	272,1244,318,1261
547349 (H2-K1)	272,1244,318,1261
630294 (Gm7030)	272,1244,318,1261
667803 (H2-T-ps)	272,1244,318,1261
667977 (Gm8909)	272,1244,318,1261
69717 (Gm10499)	272,1244,318,1261
19225 (Ptgs2)	1180,567,1226,584
71609 (Tradd)	306,1362,352,1379
12675 (Chuk)	731,430,777,447
16150 (Ikbkb)	731,430,777,447
16151 (Ikbkg)	731,430,777,447
11651 (Akt1)	622,489,667,506
11652 (Akt2)	622,489,667,506
23797 (Akt3)	622,489,667,506
18035 (Nfkbia)	826,430,872,447
18033 (Nfkb1)	933,430,979,447
19697 (Rela)	933,430,979,447
12028 (Bax)	613,1430,659,1447
12018 (Bak1)	613,1452,659,1469
13063 (Cycs)	754,1441,800,1458
13067 (Cyct)	754,1441,800,1458
12367 (Casp3)	908,1441,954,1458
21937 (Tnfrsf1a)	272,403,318,420
20848 (Stat3)	697,813,743,830
100503710 (Gm5741)	387,489,433,506
14688 (Gnb1)	387,489,433,506
14693 (Gnb2)	387,489,433,506
14695 (Gnb3)	387,489,433,506
14696 (Gnb4)	387,489,433,506
14697 (Gnb5)	387,489,433,506
14699 (Gngt1)	387,489,433,506
14700 (Gng10)	387,489,433,506
14701 (Gng12)	387,489,433,506
14702 (Gng2)	387,489,433,506
14704 (Gng3)	387,489,433,506
14706 (Gng4)	387,489,433,506
14707 (Gng5)	387,489,433,506
14708 (Gng7)	387,489,433,506
14709 (Gng8)	387,489,433,506
14710 (Gngt2)	387,489,433,506
64337 (Gng13)	387,489,433,506
66066 (Gng11)	387,489,433,506
18033 (Nfkb1)	933,489,979,506
19697 (Rela)	933,489,979,506
12371 (Casp9)	832,1441,878,1458
12122 (Bid)	531,1441,577,1458
16193 (Il6)	1235,507,1281,524
22339 (Vegfa)	1180,835,1226,852
18018 (Nfatc1)	933,557,979,574
18019 (Nfatc2)	933,557,979,574
18021 (Nfatc3)	933,557,979,574
73181 (Nfatc4)	933,557,979,574
19055 (Ppp3ca)	826,557,872,574
19056 (Ppp3cb)	826,557,872,574
19057 (Ppp3cc)	826,557,872,574
19058 (Ppp3r1)	826,557,872,574
19059 (Ppp3r2)	826,557,872,574
16438 (Itpr1)	622,550,668,567
16439 (Itpr2)	622,550,668,567
16440 (Itpr3)	622,550,668,567
12675 (Chuk)	731,489,777,506
16150 (Ikbkb)	731,489,777,506
16151 (Ikbkg)	731,489,777,506
18035 (Nfkbia)	826,489,872,506
18706 (Pik3ca)	480,489,526,506
18707 (Pik3cd)	480,489,526,506
18708 (Pik3r1)	480,489,526,506
18709 (Pik3r2)	480,489,526,506
18710 (Pik3r3)	480,489,526,506
74769 (Pik3cb)	480,489,526,506
12313 (Calm1)	731,557,777,574
12314 (Calm2)	731,557,777,574
12315 (Calm3)	731,557,777,574
494124 (Calm5)	731,557,777,574
70405 (Calml3)	731,557,777,574
75600 (Calml4)	731,557,777,574
80796 (Calm4)	731,557,777,574
18795 (Plcb1)	480,539,526,556
18796 (Plcb2)	480,539,526,556
18797 (Plcb3)	480,539,526,556
18798 (Plcb4)	480,539,526,556
14672 (Gna11)	387,539,433,556
14682 (Gnaq)	387,539,433,556
14673 (Gna12)	387,641,433,658
14674 (Gna13)	387,641,433,658
11848 (Rhoa)	573,641,619,658
67653 (4930544G11Rik)	573,641,619,658
19877 (Rock1)	731,641,777,658
19878 (Rock2)	731,641,777,658
21354 (Tap1)	757,1157,803,1174
21355 (Tap2)	757,1157,803,1174
21356 (Tapbp)	757,1174,803,1191
20293 (Ccl12)	144,611,190,628
20296 (Ccl2)	144,611,190,628
20302 (Ccl3)	195,611,241,628
20303 (Ccl4)	144,632,190,649
20304 (Ccl5)	195,632,241,649
20312 (Cx3cl1)	144,653,190,670
14677 (Gnai1)	387,609,433,626
14678 (Gnai2)	387,609,433,626
14679 (Gnai3)	387,609,433,626
14681 (Gnao1)	387,609,433,626
104110 (Adcy4)	480,609,526,626
104111 (Adcy3)	480,609,526,626
11512 (Adcy6)	480,609,526,626
11513 (Adcy7)	480,609,526,626
11514 (Adcy8)	480,609,526,626
11515 (Adcy9)	480,609,526,626
210044 (Adcy2)	480,609,526,626
224129 (Adcy5)	480,609,526,626
432530 (Adcy1)	480,609,526,626
18747 (Prkaca)	573,609,619,626
18749 (Prkacb)	573,609,619,626
16194 (Il6ra)	272,813,318,830
16451 (Jak1)	387,813,433,830
12443 (Ccnd1)	1180,791,1226,808
19225 (Ptgs2)	1180,813,1226,830
20779 (Src)	387,301,433,318
170758 (Rac3)	480,301,526,318
19353 (Rac1)	480,301,526,318
19354 (Rac2)	480,301,526,318
11848 (Rhoa)	573,301,619,318
67653 (4930544G11Rik)	573,301,619,318
16193 (Il6)	183,813,229,830
19216 (Ptger1)	272,719,318,736
19217 (Ptger2)	272,719,318,736
19218 (Ptger3)	272,719,318,736
19219 (Ptger4)	272,719,318,736
18747 (Prkaca)	574,686,620,703
18749 (Prkacb)	574,686,620,703
12387 (Ctnnb1)	858,710,904,727
56637 (Gsk3b)	731,737,777,754
18706 (Pik3ca)	480,737,526,754
18707 (Pik3cd)	480,737,526,754
18708 (Pik3r1)	480,737,526,754
18709 (Pik3r2)	480,737,526,754
18710 (Pik3r3)	480,737,526,754
74769 (Pik3cb)	480,737,526,754
11651 (Akt1)	622,737,667,754
11652 (Akt2)	622,737,667,754
23797 (Akt3)	622,737,667,754
14677 (Gnai1)	387,714,433,731
14678 (Gnai2)	387,714,433,731
14679 (Gnai3)	387,714,433,731
14681 (Gnao1)	387,714,433,731
12443 (Ccnd1)	1180,699,1226,716
17869 (Myc)	1180,722,1226,739
16177 (Il1r1)	272,464,318,481
21926 (Tnf)	183,403,229,420
16176 (Il1b)	183,464,229,481
20304 (Ccl5)	187,1254,233,1271
12768 (Ccr1)	96,1254,142,1271
12770 (Ccr1l1)	96,1254,142,1271
12771 (Ccr3)	96,1254,142,1271
12774 (Ccr5)	96,1254,142,1271
20315 (Cxcl12)	183,1000,229,1017
12767 (Cxcr4)	272,1000,318,1017
14083 (Ptk2)	911,1007,957,1024
12928 (Crk)	911,1024,957,1041
12929 (Crkl)	911,1024,957,1041
12927 (Bcar1)	957,1007,1003,1024
19303 (Pxn)	957,1024,1003,1041
18750 (Prkca)	731,1015,777,1032
18751 (Prkcb)	731,1015,777,1032
18752 (Prkcg)	731,1015,777,1032
19229 (Ptk2b)	820,1016,866,1033
18795 (Plcb1)	480,1000,526,1017
18796 (Plcb2)	480,1000,526,1017
18797 (Plcb3)	480,1000,526,1017
18798 (Plcb4)	480,1000,526,1017
16154 (Il10ra)	272,1073,318,1090
16155 (Il10rb)	272,1073,318,1090
16451 (Jak1)	387,1073,433,1090
20848 (Stat3)	697,1073,743,1090
12765 (Cxcr2)	96,1077,142,1094
18795 (Plcb1)	480,851,526,868
18796 (Plcb2)	480,851,526,868
18797 (Plcb3)	480,851,526,868
18798 (Plcb4)	480,851,526,868
14672 (Gna11)	387,851,433,868
14682 (Gnaq)	387,851,433,868
14677 (Gnai1)	387,941,433,958
14678 (Gnai2)	387,941,433,958
14679 (Gnai3)	387,941,433,958
14681 (Gnao1)	387,941,433,958
11848 (Rhoa)	480,880,526,897
67653 (4930544G11Rik)	480,880,526,897
19094 (Mapk11)	751,880,797,897
26415 (Mapk13)	751,880,797,897
26416 (Mapk14)	751,880,797,897
29857 (Mapk12)	751,880,797,897
11909 (Atf2)	861,904,907,921
11911 (Atf4)	861,904,907,921
12912 (Creb1)	861,904,907,921
12913 (Creb3)	861,904,907,921
12915 (Atf6b)	861,904,907,921
208647 (Creb3l2)	861,904,907,921
208677 (Creb3l3)	861,904,907,921
231991 (Creb5)	861,904,907,921
26427 (Creb3l1)	861,904,907,921
78284 (Creb3l4)	861,904,907,921
14683 (Gnas)	387,915,433,932
26399 (Map2k6)	604,880,650,897
12578 (Cdkn2a)	1231,1115,1277,1132
12575 (Cdkn1a)	1101,1211,1147,1228
17246 (Mdm2)	1149,1115,1195,1132
22059 (Trp53)	1101,1145,1147,1162
13555 (E2f1)	1248,1284,1294,1301
13557 (E2f3)	1248,1284,1294,1301
242705 (E2f2)	1248,1284,1294,1301
19645 (Rb1)	1248,1247,1294,1264
12567 (Cdk4)	1165,1254,1211,1271
12571 (Cdk6)	1165,1254,1211,1271
12443 (Ccnd1)	1165,1237,1211,1254
12578 (Cdkn2a)	1102,1279,1148,1296
13712 (Elk1)	1076,224,1122,241
20683 (Sp1)	1076,247,1122,264
19766 (Ripk1)	480,406,526,423
71609 (Tradd)	526,406,572,423
22033 (Traf5)	480,423,526,440
22030 (Traf2)	526,423,572,440
20293 (Ccl12)	1180,484,1226,501
20296 (Ccl2)	1180,484,1226,501
20304 (Ccl5)	1235,484,1281,501
12387 (Ctnnb1)	858,642,904,659
16801 (Arhgef1)	480,641,526,658
213498 (Arhgef11)	480,641,526,658
69632 (Arhgef12)	480,641,526,658
75547 (Akap13)	480,641,526,658
14827 (Pdia3)	723,1196,769,1213
12317 (Calr)	723,1213,769,1230
12010 (B2m)	723,1268,769,1285
104110 (Adcy4)	481,686,527,703
104111 (Adcy3)	481,686,527,703
11512 (Adcy6)	481,686,527,703
11513 (Adcy7)	481,686,527,703
11514 (Adcy8)	481,686,527,703
11515 (Adcy9)	481,686,527,703
210044 (Adcy2)	481,686,527,703
224129 (Adcy5)	481,686,527,703
432530 (Adcy1)	481,686,527,703
100503710 (Gm5741)	387,737,433,754
14688 (Gnb1)	387,737,433,754
14693 (Gnb2)	387,737,433,754
14695 (Gnb3)	387,737,433,754
14696 (Gnb4)	387,737,433,754
14697 (Gnb5)	387,737,433,754
14699 (Gngt1)	387,737,433,754
14700 (Gng10)	387,737,433,754
14701 (Gng12)	387,737,433,754
14702 (Gng2)	387,737,433,754
14704 (Gng3)	387,737,433,754
14706 (Gng4)	387,737,433,754
14707 (Gng5)	387,737,433,754
14708 (Gng7)	387,737,433,754
14709 (Gng8)	387,737,433,754
14710 (Gngt2)	387,737,433,754
64337 (Gng13)	387,737,433,754
66066 (Gng11)	387,737,433,754
100503710 (Gm5741)	387,880,433,897
14688 (Gnb1)	387,880,433,897
14693 (Gnb2)	387,880,433,897
14695 (Gnb3)	387,880,433,897
14696 (Gnb4)	387,880,433,897
14697 (Gnb5)	387,880,433,897
14699 (Gngt1)	387,880,433,897
14700 (Gng10)	387,880,433,897
14701 (Gng12)	387,880,433,897
14702 (Gng2)	387,880,433,897
14704 (Gng3)	387,880,433,897
14706 (Gng4)	387,880,433,897
14707 (Gng5)	387,880,433,897
14708 (Gng7)	387,880,433,897
14709 (Gng8)	387,880,433,897
14710 (Gngt2)	387,880,433,897
64337 (Gng13)	387,880,433,897
66066 (Gng11)	387,880,433,897
104110 (Adcy4)	480,922,526,939
104111 (Adcy3)	480,922,526,939
11512 (Adcy6)	480,922,526,939
11513 (Adcy7)	480,922,526,939
11514 (Adcy8)	480,922,526,939
11515 (Adcy9)	480,922,526,939
210044 (Adcy2)	480,922,526,939
224129 (Adcy5)	480,922,526,939
432530 (Adcy1)	480,922,526,939
18747 (Prkaca)	573,922,619,939
18749 (Prkacb)	573,922,619,939
100503710 (Gm5741)	387,1000,433,1017
14688 (Gnb1)	387,1000,433,1017
14693 (Gnb2)	387,1000,433,1017
14695 (Gnb3)	387,1000,433,1017
14696 (Gnb4)	387,1000,433,1017
14697 (Gnb5)	387,1000,433,1017
14699 (Gngt1)	387,1000,433,1017
14700 (Gng10)	387,1000,433,1017
14701 (Gng12)	387,1000,433,1017
14702 (Gng2)	387,1000,433,1017
14704 (Gng3)	387,1000,433,1017
14706 (Gng4)	387,1000,433,1017
14707 (Gng5)	387,1000,433,1017
14708 (Gng7)	387,1000,433,1017
14709 (Gng8)	387,1000,433,1017
14710 (Gngt2)	387,1000,433,1017
64337 (Gng13)	387,1000,433,1017
66066 (Gng11)	387,1000,433,1017
16438 (Itpr1)	622,1010,668,1027
16439 (Itpr2)	622,1010,668,1027
16440 (Itpr3)	622,1010,668,1027
14683 (Gnas)	387,686,433,703
15977 (Ifnb1)	1180,361,1226,378
15962 (Ifna1)	1180,339,1226,356
15964 (Ifna11)	1180,339,1226,356
15965 (Ifna2)	1180,339,1226,356
15967 (Ifna4)	1180,339,1226,356
15968 (Ifna5)	1180,339,1226,356
15969 (Ifna6)	1180,339,1226,356
15970 (Ifna7)	1180,339,1226,356
15972 (Ifna9)	1180,339,1226,356
15974 (Ifnab)	1180,339,1226,356
230396 (Ifna13)	1180,339,1226,356
242517 (Ifna15)	1180,339,1226,356
242519 (Ifna12)	1180,339,1226,356
404549 (Ifna14)	1180,339,1226,356
56480 (Tbk1)	826,349,872,366
54131 (Irf3)	980,349,1026,366
214763 (Cgas)	573,349,619,366
72512 (Tmem173)	731,349,777,366
mmu05163: Human cytomegalovirus infection	40,45,365,70
mmu04064: NF-kappa B signaling pathway	938,154,1048,188
mmu04630: JAK-STAT signaling pathway	522,782,642,816
mmu04151: PI3K-Akt signaling pathway	539,117,663,151
mmu04612: Antigen processing and presentation	365,1258,479,1292
mmu04150: mTOR signaling pathway	748,70,901,95
mmu04210: Apoptosis	396,1444,505,1469
mmu04010: MAPK signaling pathway	904,249,1012,283
mmu04810: Regulation of actin cytoskeleton	696,269,820,303
mmu03050: Proteasome	883,1183,992,1208
mmu00590: Arachidonic acid metabolism	1073,627,1197,661
mmu04110: Cell cycle	1333,1222,1435,1256
mmu04668: TNF signaling pathway	317,427,470,452
mmu04623: Cytosolic DNA-sensing pathway	355,344,479,378
