C00024 (Acetyl-CoA)	199,624,4
C01996 (Acetylcholine)	244,453,4
C01996 (Acetylcholine)	469,385,4
C00575 (3',5'-Cyclic AMP)	968,619,4
C01245 (D-myo-Inositol 1,4,5-trisphosphate)	1057,373,4
C00165 (Diacylglycerol)	1057,426,4
C00076 (Calcium cation)	1121,382,4
C01330 (Sodium cation)	737,667,4
C00076 (Calcium cation)	737,667,4
C00114 (Choline)	674,718,4
C00076 (Calcium cation)	675,391,4
C01996 (Acetylcholine)	644,505,4
C00114 (Choline)	248,624,4
C00033 (Acetate)	716,719,4
C00010 (CoA)	197,452,4
C00114 (Choline)	299,559,4
C00033 (Acetate)	349,558,4
C00238 (Potassium cation)	828,475,4
C00076 (Calcium cation)	735,753,4
C00076 (Calcium cation)	927,83,4
C00076 (Calcium cation)	698,203,4
C00238 (Potassium cation)	828,518,4
C04637 (1-Phosphatidyl-D-myo-inositol 4,5-bisphosphate)	947,402,4
108015 (Chrnb4)	758,659,804,676
110834 (Chrna3)	758,659,804,676
11438 (Chrna4)	758,659,804,676
11440 (Chrna6)	758,659,804,676
11441 (Chrna7)	758,659,804,676
11444 (Chrnb2)	758,659,804,676
12669 (Chrm1)	758,422,804,439
243764 (Chrm2)	758,563,804,580
12672 (Chrm4)	758,607,804,624
11423 (Ache)	682,636,728,653
20508 (Slc18a3)	269,446,315,463
104110 (Adcy4)	888,611,934,628
104111 (Adcy3)	888,611,934,628
11512 (Adcy6)	888,611,934,628
11513 (Adcy7)	888,611,934,628
11514 (Adcy8)	888,611,934,628
11515 (Adcy9)	888,611,934,628
210044 (Adcy2)	888,611,934,628
224129 (Adcy5)	888,611,934,628
432530 (Adcy1)	888,611,934,628
18747 (Prkaca)	1002,611,1048,628
18749 (Prkacb)	1002,611,1048,628
14672 (Gna11)	861,377,907,394
14682 (Gnaq)	861,377,907,394
18795 (Plcb1)	964,377,1010,394
18796 (Plcb2)	964,377,1010,394
18797 (Plcb3)	964,377,1010,394
18798 (Plcb4)	964,377,1010,394
16438 (Itpr1)	1096,338,1142,355
16439 (Itpr2)	1096,338,1142,355
16440 (Itpr3)	1096,338,1142,355
18750 (Prkca)	1098,419,1144,436
18751 (Prkcb)	1098,419,1144,436
18752 (Prkcg)	1098,419,1144,436
12647 (Chat)	170,540,216,557
63993 (Slc5a7)	608,710,654,727
12286 (Cacna1a)	608,383,654,400
12287 (Cacna1b)	608,383,654,400
100503710 (Gm5741)	870,575,916,592
14677 (Gnai1)	870,575,916,592
14678 (Gnai2)	870,575,916,592
14679 (Gnai3)	870,575,916,592
14681 (Gnao1)	870,575,916,592
14688 (Gnb1)	870,575,916,592
14693 (Gnb2)	870,575,916,592
14695 (Gnb3)	870,575,916,592
14696 (Gnb4)	870,575,916,592
14697 (Gnb5)	870,575,916,592
14699 (Gngt1)	870,575,916,592
14700 (Gng10)	870,575,916,592
14701 (Gng12)	870,575,916,592
14702 (Gng2)	870,575,916,592
14704 (Gng3)	870,575,916,592
14706 (Gng4)	870,575,916,592
14707 (Gng5)	870,575,916,592
14708 (Gng7)	870,575,916,592
14709 (Gng8)	870,575,916,592
14710 (Gngt2)	870,575,916,592
64337 (Gng13)	870,575,916,592
66066 (Gng11)	870,575,916,592
213788 (Chrm5)	758,348,804,365
12671 (Chrm3)	758,387,804,404
12672 (Chrm4)	537,235,583,252
11423 (Ache)	238,517,284,534
110862 (Kcnq3)	758,467,804,484
16515 (Kcnj12)	758,467,804,484
16518 (Kcnj2)	758,467,804,484
16520 (Kcnj4)	758,467,804,484
16535 (Kcnq1)	758,467,804,484
16536 (Kcnq2)	758,467,804,484
211480 (Kcnj14)	758,467,804,484
226922 (Kcnq5)	758,467,804,484
60613 (Kcnq4)	758,467,804,484
26413 (Mapk1)	1084,611,1130,628
26417 (Mapk3)	1084,611,1130,628
11911 (Atf4)	1166,611,1212,628
12912 (Creb1)	1166,611,1212,628
12913 (Creb3)	1166,611,1212,628
208647 (Creb3l2)	1166,611,1212,628
208677 (Creb3l3)	1166,611,1212,628
231991 (Creb5)	1166,611,1212,628
26427 (Creb3l1)	1166,611,1212,628
78284 (Creb3l4)	1166,611,1212,628
108058 (Camk2d)	990,642,1036,659
12322 (Camk2a)	990,642,1036,659
12323 (Camk2b)	990,642,1036,659
12325 (Camk2g)	990,642,1036,659
12326 (Camk4)	990,642,1036,659
100503710 (Gm5741)	538,313,584,330
14677 (Gnai1)	538,313,584,330
14678 (Gnai2)	538,313,584,330
14679 (Gnai3)	538,313,584,330
14681 (Gnao1)	538,313,584,330
14688 (Gnb1)	538,313,584,330
14693 (Gnb2)	538,313,584,330
14695 (Gnb3)	538,313,584,330
14696 (Gnb4)	538,313,584,330
14697 (Gnb5)	538,313,584,330
14699 (Gngt1)	538,313,584,330
14700 (Gng10)	538,313,584,330
14701 (Gng12)	538,313,584,330
14702 (Gng2)	538,313,584,330
14704 (Gng3)	538,313,584,330
14706 (Gng4)	538,313,584,330
14707 (Gng5)	538,313,584,330
14708 (Gng7)	538,313,584,330
14709 (Gng8)	538,313,584,330
14710 (Gngt2)	538,313,584,330
64337 (Gng13)	538,313,584,330
66066 (Gng11)	538,313,584,330
243764 (Chrm2)	483,235,529,252
18706 (Pik3ca)	896,736,942,753
18707 (Pik3cd)	896,736,942,753
18708 (Pik3r1)	896,736,942,753
18709 (Pik3r2)	896,736,942,753
18710 (Pik3r3)	896,736,942,753
74769 (Pik3cb)	896,736,942,753
11651 (Akt1)	972,736,1018,753
11652 (Akt2)	972,736,1018,753
23797 (Akt3)	972,736,1018,753
12043 (Bcl2)	1047,736,1093,753
12288 (Cacna1c)	758,743,804,760
12289 (Cacna1d)	758,743,804,760
12292 (Cacna1s)	758,743,804,760
54652 (Cacna1f)	758,743,804,760
11441 (Chrna7)	674,147,720,164
12669 (Chrm1)	733,147,779,164
12671 (Chrm3)	733,147,779,164
213788 (Chrm5)	733,147,779,164
104709 (Pik3r6)	952,555,998,572
30955 (Pik3cg)	952,555,998,572
320207 (Pik3r5)	952,555,998,572
15461 (Hras)	1027,555,1073,572
16653 (Kras)	1027,555,1073,572
18176 (Nras)	1027,555,1073,572
26395 (Map2k1)	1096,555,1142,572
26413 (Mapk1)	1169,555,1215,572
26417 (Mapk3)	1169,555,1215,572
14281 (Fos)	1242,555,1288,572
16452 (Jak2)	830,709,876,726
14360 (Fyn)	885,700,931,717
16519 (Kcnj3)	758,508,804,525
16522 (Kcnj6)	758,508,804,525
mmu04975: Fat digestion and absorption	40,45,239,70
mmu00564: Glycerophospholipid metabolism	291,609,414,643
mmu04721: Synaptic vesicle cycle	400,472,523,506
mmu04020: Calcium signaling pathway	894,323,1017,357
mmu04010: MAPK signaling pathway	1133,506,1243,540
