G00010	408,183,4
C00076 (Calcium cation)	640,437,4
G00010	378,329,4
G00009	333,194,4
G00011	501,391,4
G00011	528,167,4
G10694	616,166,4
G00012	634,396,4
11911 (Atf4)	273,629,319,646
13198 (Ddit3)	338,711,384,728
26414 (Mapk10)	527,629,573,646
26419 (Mapk8)	527,629,573,646
26420 (Mapk9)	527,629,573,646
22030 (Traf2)	525,513,571,530
26408 (Map3k5)	527,552,573,569
26400 (Map2k7)	527,590,573,607
13665 (Eif2s1)	275,513,321,530
12330 (Canx)	417,117,463,134
12317 (Calr)	418,173,464,190
17872 (Ppp1r15a)	249,552,295,569
14827 (Pdia3)	418,143,464,160
12364 (Casp12)	618,552,664,569
12333 (Capn1)	618,513,664,530
12334 (Capn2)	618,513,664,530
100046078 (Gm15266)	35,192,81,209
20335 (Sec61g)	35,192,81,209
53421 (Sec61a1)	35,192,81,209
57743 (Sec61a2)	35,192,81,209
66212 (Sec61b)	35,192,81,209
269523 (Vcp)	920,371,966,388
100046078 (Gm15266)	744,408,790,425
20335 (Sec61g)	744,408,790,425
53421 (Sec61a1)	744,408,790,425
57743 (Sec61a2)	744,408,790,425
66212 (Sec61b)	744,408,790,425
103963 (Rpn1)	114,221,160,238
13135 (Dad1)	114,221,160,238
13200 (Ddost)	114,221,160,238
16430 (Stt3a)	114,221,160,238
20014 (Rpn2)	114,221,160,238
68292 (Stt3b)	114,221,160,238
80286 (Tusc3)	114,221,160,238
108687 (Edem2)	570,358,616,375
192193 (Edem1)	570,358,616,375
66967 (Edem3)	570,358,616,375
20334 (Sec23a)	771,151,817,168
218811 (Sec24c)	771,151,817,168
27054 (Sec23b)	771,151,817,168
69608 (Sec24d)	771,151,817,168
77371 (Sec24a)	771,151,817,168
99683 (Sec24b)	771,151,817,168
66890 (Lman2)	642,169,688,186
70361 (Lman1)	642,189,688,206
22230 (Ufd1)	924,435,970,452
217365 (Nploc4)	924,418,970,435
50527 (Ero1l)	699,324,745,341
67475 (Ero1lb)	699,324,745,341
17155 (Man1a)	543,169,589,186
17156 (Man1a2)	543,169,589,186
227619 (Man1b1)	543,169,589,186
230815 (Man1c1)	543,169,589,186
14376 (Ganab)	344,169,390,186
19089 (Prkcsh)	344,169,390,186
14376 (Ganab)	479,267,525,284
19089 (Prkcsh)	479,267,525,284
57377 (Mogs)	344,135,390,152
320011 (Uggt1)	395,243,441,260
66435 (Uggt2)	395,243,441,260
17155 (Man1a)	571,391,617,408
17156 (Man1a2)	571,391,617,408
227619 (Man1b1)	571,391,617,408
230815 (Man1c1)	571,391,617,408
223455 (March6)	736,595,782,612
74126 (Syvn1)	737,684,783,701
22213 (Ube2g2)	737,700,783,717
67128 (Ube2g1)	737,700,783,717
14828 (Hspa5)	199,294,245,313
140740 (Sec63)	35,209,81,226
69276 (Sec62)	35,209,81,226
12018 (Bak1)	617,448,663,465
12028 (Bax)	617,448,663,465
12915 (Atf6b)	400,469,446,486
226641 (Atf6)	400,469,446,486
78943 (Ern1)	525,469,571,486
13666 (Eif2ak3)	275,469,321,486
15467 (Eif2ak1)	275,469,321,486
19106 (Eif2ak2)	275,469,321,486
27103 (Eif2ak4)	275,469,321,486
56453 (Mbtps1)	428,526,474,543
270669 (Mbtps2)	428,547,474,564
22433 (Xbp1)	466,621,512,638
22393 (Wfs1)	372,547,418,564
19358 (Rad23a)	987,384,1033,401
19359 (Rad23b)	987,384,1033,401
244178 (Ubqln3)	986,362,1032,379
54609 (Ubqln2)	986,362,1032,379
56085 (Ubqln1)	986,362,1032,379
94232 (Ubqln4)	986,362,1032,379
59007 (Ngly1)	987,401,1033,418
140499 (Ube2j2)	736,612,782,629
22213 (Ube2g2)	736,612,782,629
56228 (Ube2j1)	736,612,782,629
67128 (Ube2g1)	736,612,782,629
63958 (Ube4b)	1039,362,1085,379
226418 (Yod1)	1014,315,1060,332
110616 (Atxn3)	1039,384,1085,401
18786 (Plaa)	1014,332,1060,349
15481 (Hspa8)	894,259,940,276
15482 (Hspa1l)	894,259,940,276
15511 (Hspa1b)	894,259,940,276
15512 (Hspa2)	894,259,940,276
193740 (Hspa1a)	894,259,940,276
20338 (Sel1l)	847,666,893,683
228684 (Sel1l2)	847,666,893,683
74126 (Syvn1)	882,683,928,700
116891 (Derl2)	843,306,889,323
67819 (Derl1)	843,306,889,323
70377 (Derl3)	843,306,889,323
216440 (Os9)	753,338,799,355
64209 (Herpud1)	836,683,882,700
66753 (Erlec1)	753,360,799,377
140499 (Ube2j2)	882,700,928,717
22213 (Ube2g2)	882,700,928,717
56228 (Ube2j1)	882,700,928,717
67128 (Ube2g1)	882,700,928,717
109815 (Selenos)	893,649,939,666
56438 (Rbx1)	1038,666,1084,683
230904 (Fbxo2)	992,700,1038,717
50762 (Fbxo6)	992,700,1038,717
216080 (Ube2d1)	949,621,995,638
56550 (Ube2d2a)	949,621,995,638
66105 (Ube2d3)	949,621,995,638
73318 (Ube2d2b)	949,621,995,638
13002 (Dnajc5)	995,595,1041,612
15502 (Dnaja1)	995,595,1041,612
231098 (Dnajc5g)	995,595,1041,612
56445 (Dnaja2)	995,595,1041,612
56709 (Dnajb12)	995,595,1041,612
56812 (Dnajb2)	995,595,1041,612
66326 (Dnajc5b)	995,595,1041,612
81489 (Dnajb1)	995,595,1041,612
15481 (Hspa8)	995,612,1041,629
15482 (Hspa1l)	995,612,1041,629
15511 (Hspa1b)	995,612,1041,629
15512 (Hspa2)	995,612,1041,629
193740 (Hspa1a)	995,612,1041,629
56424 (Stub1)	995,629,1041,646
105245 (Txndc5)	700,360,746,377
12304 (Pdia4)	700,360,746,377
18453 (P4hb)	700,360,746,377
67397 (Erp29)	700,360,746,377
71853 (Pdia6)	700,360,746,377
100037258 (Dnajc3)	199,311,245,328
13418 (Dnajc1)	199,311,245,328
66861 (Dnajc10)	199,311,245,328
67838 (Dnajb11)	199,311,245,328
386649 (Nsfl1c)	843,369,889,386
66530 (Ubxn6)	843,369,889,386
13002 (Dnajc5)	894,276,940,293
15502 (Dnaja1)	894,276,940,293
231098 (Dnajc5g)	894,276,940,293
56445 (Dnaja2)	894,276,940,293
56709 (Dnajb12)	894,276,940,293
56812 (Dnajb2)	894,276,940,293
66326 (Dnajc5b)	894,276,940,293
81489 (Dnajb1)	894,276,940,293
22213 (Ube2g2)	848,612,894,629
75744 (Svip)	869,401,915,418
216080 (Ube2d1)	992,675,1038,692
56550 (Ube2d2a)	992,675,1038,692
66105 (Ube2d3)	992,675,1038,692
73318 (Ube2d2b)	992,675,1038,692
21402 (Skp1a)	1038,700,1084,717
26965 (Cul1)	1038,683,1084,700
116891 (Derl2)	893,612,939,629
67819 (Derl1)	893,612,939,629
70377 (Derl3)	893,612,939,629
193670 (Rnf185)	893,595,939,612
54197 (Rnf5)	893,595,939,612
67819 (Derl1)	893,666,939,683
15516 (Hsp90ab1)	947,259,993,276
15519 (Hsp90aa1)	947,259,993,276
18024 (Nfe2l2)	327,526,373,543
110379 (Sec13)	771,134,817,151
240667 (Sec31b)	771,134,817,151
69162 (Sec31a)	771,134,817,151
20224 (Sar1a)	725,151,771,168
66397 (Sar1b)	725,151,771,168
50907 (Preb)	725,189,771,206
22027 (Hsp90b1)	254,294,300,311
12043 (Bcl2)	340,748,386,765
12043 (Bcl2)	646,485,692,502
235416 (Lman1l)	642,210,688,227
229801 (Tram1l1)	843,289,889,306
72265 (Tram1)	843,289,889,306
56424 (Stub1)	1051,595,1097,612
50873 (Prkn)	1051,612,1097,629
12017 (Bag1)	894,299,940,316
15505 (Hsph1)	894,299,940,316
18415 (Hspa4l)	894,299,940,316
213539 (Bag2)	894,299,940,316
66245 (Hspbp1)	894,299,940,316
12954 (Cryaa)	947,299,993,316
12955 (Cryab)	947,299,993,316
12282 (Hyou1)	153,294,199,311
81500 (Sil1)	153,294,199,311
57377 (Mogs)	114,237,160,254
216197 (Ckap4)	160,237,206,254
81910 (Rrbp1)	212,203,258,220
27061 (Bcap31)	744,391,790,408
107513 (Ssr1)	698,408,744,425
20832 (Ssr4)	698,408,744,425
66256 (Ssr2)	698,408,744,425
67437 (Ssr3)	698,408,744,425
23802 (Amfr)	893,578,939,595
mmu04141: Protein processing in endoplasmic reticulum	40,45,460,70
mmu03060: Protein export	9,145,101,170
mmu04210: Apoptosis	601,626,681,651
mmu03050: Proteasome	1098,344,1190,369
mmu00510: N-Glycan biosynthesis	277,233,369,267
mmu04210: Apoptosis	325,782,405,807
mmu05010: Alzheimer disease	18,485,110,519
mmu05012: Parkinson disease	18,530,110,564
mmu05020: Prion diseases	17,450,109,475
mmu04930: Type II diabetes mellitus	18,574,110,608
