C00696 (Prostaglandin D2)	818,563,4
C05952 (Leukotriene E4)	818,521,4
C05951 (Leukotriene D4)	838,494,4
C02166 (Leukotriene C4)	798,494,4
C00219 (Arachidonate)	710,530,4
C00374 (Heparin)	805,172,4
C00388 (Histamine)	752,172,4
C00076 (Calcium cation)	621,150,4
C00165 (Diacylglycerol)	542,195,4
C05981 (Phosphatidylinositol-3,4,5-trisphosphate)	339,190,4
C01245 (D-myo-Inositol 1,4,5-trisphosphate)	542,149,4
14127 (Fcer1g)	156,389,202,406
14126 (Ms4a2)	156,372,202,389
14125 (Fcer1a)	156,355,202,372
14126 (Ms4a2)	156,298,202,315
14125 (Fcer1a)	156,281,202,298
14360 (Fyn)	265,275,311,292
21926 (Tnf)	762,392,808,409
16163 (Il13)	787,274,833,291
16189 (Il4)	733,274,779,291
11651 (Akt1)	598,248,644,265
11652 (Akt2)	598,248,644,265
23797 (Akt3)	598,248,644,265
12981 (Csf2)	760,333,806,350
19094 (Mapk11)	598,370,644,387
26415 (Mapk13)	598,370,644,387
26416 (Mapk14)	598,370,644,387
29857 (Mapk12)	598,370,644,387
26398 (Map2k4)	525,309,571,326
26400 (Map2k7)	525,309,571,326
26397 (Map2k3)	525,370,571,387
26399 (Map2k6)	525,370,571,387
18607 (Pdpk1)	487,247,533,264
18706 (Pik3ca)	400,302,446,319
18707 (Pik3cd)	400,302,446,319
18708 (Pik3r1)	400,302,446,319
18709 (Pik3r2)	400,302,446,319
18710 (Pik3r3)	400,302,446,319
74769 (Pik3cb)	400,302,446,319
18750 (Prkca)	602,189,648,206
14389 (Gab2)	309,223,355,240
16822 (Lcp2)	341,346,387,363
12229 (Btk)	282,131,328,148
20963 (Syk)	251,346,297,363
17096 (Lyn)	228,228,274,245
666513 (Gm11787)	228,228,274,245
16797 (Lat)	280,501,326,518
18803 (Plcg1)	416,161,462,178
234779 (Plcg2)	416,161,462,178
16331 (Inpp5d)	210,172,256,189
14127 (Fcer1g)	156,315,202,332
26413 (Mapk1)	602,435,648,452
26417 (Mapk3)	602,435,648,452
26395 (Map2k1)	534,435,580,452
26396 (Map2k2)	534,435,580,452
110157 (Raf1)	466,435,512,452
15461 (Hras)	435,500,481,517
16653 (Kras)	435,500,481,517
18176 (Nras)	435,500,481,517
20662 (Sos1)	384,545,430,562
20663 (Sos2)	384,545,430,562
14784 (Grb2)	316,545,362,562
18783 (Pla2g4a)	648,482,694,499
211429 (Pla2g4b)	648,482,694,499
232889 (Pla2g4c)	648,482,694,499
271844 (Pla2g4f)	648,482,694,499
329502 (Pla2g4e)	648,482,694,499
78390 (Pla2g4d)	648,482,694,499
26414 (Mapk10)	598,309,644,326
26419 (Mapk8)	598,309,644,326
26420 (Mapk9)	598,309,644,326
170758 (Rac3)	449,340,495,357
19353 (Rac1)	449,340,495,357
19354 (Rac2)	449,340,495,357
22324 (Vav1)	384,435,430,452
22325 (Vav2)	384,435,430,452
57257 (Vav3)	384,435,430,452
16191 (Il5)	787,310,833,327
16187 (Il3)	733,310,779,327
11689 (Alox5)	718,537,764,554
11690 (Alox5ap)	718,554,764,571
mmu04070: Phosphatidylinositol signaling system	401,107,514,141
mmu04010: MAPK signaling pathway	508,481,620,515
mmu00590: Arachidonic acid metabolism	673,579,784,613
mmu04664: Fc epsilon RI signaling pathway	40,45,254,70
