C00031 (D-Glucose)	119,283,4
C00575 (3',5'-Cyclic AMP)	421,397,4
C00076 (Calcium cation)	837,183,4
C00002 (ATP)	586,233,4
C00092 (D-Glucose 6-phosphate)	296,283,4
C00022 (Pyruvate)	362,283,4
C00031 (D-Glucose)	225,283,4
C01245 (D-myo-Inositol 1,4,5-trisphosphate)	519,527,4
C00165 (Diacylglycerol)	516,675,4
C01996 (Acetylcholine)	96,582,4
C00076 (Calcium cation)	667,524,4
C00162 (Fatty acid)	96,629,4
C00238 (Potassium cation)	690,70,4
C01330 (Sodium cation)	459,186,4
C00238 (Potassium cation)	580,187,4
C01330 (Sodium cation)	567,71,4
C00238 (Potassium cation)	979,70,4
C00076 (Calcium cation)	560,522,4
20525 (Slc2a1)	151,274,197,291
20526 (Slc2a2)	151,274,197,291
16514 (Kcnj11)	665,121,711,138
12288 (Cacna1c)	813,121,859,138
12289 (Cacna1d)	813,121,859,138
12292 (Cacna1s)	813,121,859,138
54652 (Cacna1f)	813,121,859,138
12671 (Chrm3)	151,574,197,591
14652 (Glp1r)	151,348,197,365
18795 (Plcb1)	331,574,377,591
18796 (Plcb2)	331,574,377,591
18797 (Plcb3)	331,574,377,591
18798 (Plcb4)	331,574,377,591
104110 (Adcy4)	329,389,375,406
104111 (Adcy3)	329,389,375,406
11512 (Adcy6)	329,389,375,406
11513 (Adcy7)	329,389,375,406
11514 (Adcy8)	329,389,375,406
11515 (Adcy9)	329,389,375,406
210044 (Adcy2)	329,389,375,406
224129 (Adcy5)	329,389,375,406
432530 (Adcy1)	329,389,375,406
18747 (Prkaca)	523,348,569,365
18749 (Prkacb)	523,348,569,365
14683 (Gnas)	244,389,290,406
14672 (Gna11)	244,574,290,591
14682 (Gnaq)	244,574,290,591
14526 (Gcg)	70,348,116,365
103988 (Gck)	232,259,278,276
16333 (Ins1)	832,346,878,363
16334 (Ins2)	832,346,878,363
18750 (Prkca)	645,666,691,683
18751 (Prkcb)	645,666,691,683
18752 (Prkcg)	645,666,691,683
20191 (Ryr2)	645,551,691,568
11909 (Atf2)	663,314,709,331
11911 (Atf4)	663,314,709,331
12912 (Creb1)	663,314,709,331
12913 (Creb3)	663,314,709,331
12915 (Atf6b)	663,314,709,331
208647 (Creb3l2)	663,314,709,331
208677 (Creb3l3)	663,314,709,331
231991 (Creb5)	663,314,709,331
26427 (Creb3l1)	663,314,709,331
78284 (Creb3l4)	663,314,709,331
108058 (Camk2d)	708,492,754,509
12322 (Camk2a)	708,492,754,509
12323 (Camk2b)	708,492,754,509
12325 (Camk2g)	708,492,754,509
233081 (Ffar1)	151,620,197,637
68667 (Trpm4)	435,121,481,138
11928 (Atp1a1)	551,121,597,138
11931 (Atp1b1)	551,121,597,138
11932 (Atp1b2)	551,121,597,138
11933 (Atp1b3)	551,121,597,138
11936 (Fxyd2)	551,121,597,138
232975 (Atp1a3)	551,121,597,138
27222 (Atp1a4)	551,121,597,138
67821 (Atp1b4)	551,121,597,138
98660 (Atp1a2)	551,121,597,138
56508 (Rapgef4)	526,452,572,469
20927 (Abcc8)	620,121,666,138
116838 (Rims2)	626,445,672,462
20907 (Stx1a)	1046,398,1092,415
20614 (Snap25)	1046,415,1092,432
22318 (Vamp2)	988,405,1034,422
12425 (Cckar)	151,522,197,539
14607 (Gip)	70,389,116,406
236781 (Gpr119)	151,389,197,406
11516 (Adcyap1)	70,430,116,447
11517 (Adcyap1r1)	151,430,197,447
16440 (Itpr3)	538,551,584,568
18609 (Pdx1)	663,378,709,395
26875 (Pclo)	626,462,672,479
19339 (Rab3a)	710,452,756,469
16333 (Ins1)	1107,311,1153,328
16334 (Ins2)	1107,311,1153,328
108058 (Camk2d)	814,242,860,259
12322 (Camk2a)	814,242,860,259
12323 (Camk2b)	814,242,860,259
12325 (Camk2g)	814,242,860,259
100502876 (Kcnmb3)	956,121,1002,138
140492 (Kcnn2)	956,121,1002,138
140493 (Kcnn3)	956,121,1002,138
16531 (Kcnma1)	956,121,1002,138
16532 (Kcnu1)	956,121,1002,138
16533 (Kcnmb1)	956,121,1002,138
16534 (Kcnn4)	956,121,1002,138
58802 (Kcnmb4)	956,121,1002,138
72413 (Kcnmb2)	956,121,1002,138
84036 (Kcnn1)	956,121,1002,138
12424 (Cck)	70,521,116,538
mmu05211: Renal cell carcinoma	40,45,219,70
mmu00020: Citrate cycle (TCA cycle)	435,266,547,300
mmu04020: Calcium signaling pathway	252,625,375,659
