C00165 (Diacylglycerol)	446,386,4
C01245 (D-myo-Inositol 1,4,5-trisphosphate)	446,424,4
C00575 (3',5'-Cyclic AMP)	445,331,4
C01330 (Sodium cation)	306,561,4
C00708 (Iodide)	171,551,4
C00708 (Iodide)	832,554,4
C02515 (3-Iodo-L-tyrosine)	907,667,4
C01060 (3,5-Diiodo-L-tyrosine)	961,667,4
C02515 (3-Iodo-L-tyrosine)	907,753,4
C01060 (3,5-Diiodo-L-tyrosine)	961,753,4
C01829 (Thyroxine)	961,812,4
C02465 (Triiodothyronine)	907,812,4
C02515 (3-Iodo-L-tyrosine)	425,757,4
C01060 (3,5-Diiodo-L-tyrosine)	479,754,4
C01829 (Thyroxine)	479,813,4
C02465 (Triiodothyronine)	430,816,4
C02465 (Triiodothyronine)	309,829,4
C01829 (Thyroxine)	309,806,4
C02465 (Triiodothyronine)	183,829,4
C01829 (Thyroxine)	183,806,4
C02515 (3-Iodo-L-tyrosine)	420,660,4
C01060 (3,5-Diiodo-L-tyrosine)	454,661,4
C01330 (Sodium cation)	169,650,4
C00238 (Potassium cation)	302,655,4
C00708 (Iodide)	438,581,4
C00005 (NADPH)	727,670,4
C00006 (NADP+)	725,624,4
C00007 (Oxygen)	813,671,4
C00027 (Hydrogen peroxide)	816,623,4
C00027 (Hydrogen peroxide)	915,624,4
C00076 (Calcium cation)	499,428,4
C00027 (Hydrogen peroxide)	907,715,4
C00027 (Hydrogen peroxide)	720,765,4
C00001 (H2O)	719,714,4
C00051 (Glutathione)	675,714,4
C00127 (Glutathione disulfide)	675,765,4
C00005 (NADPH)	631,765,4
C00006 (NADP+)	629,714,4
C00092 (D-Glucose 6-phosphate)	585,714,4
C00117 (D-Ribose 5-phosphate)	586,765,4
C00231 (D-Xylulose 5-phosphate)	586,765,4
C00708 (Iodide)	940,453,4
C02465 (Triiodothyronine)	1114,285,4
C01829 (Thyroxine)	1114,285,4
C01829 (Thyroxine)	113,731,4
C01829 (Thyroxine)	113,755,4
C01829 (Thyroxine)	113,781,4
C02465 (Triiodothyronine)	113,828,4
C02465 (Triiodothyronine)	113,852,4
C02465 (Triiodothyronine)	113,878,4
18747 (Prkaca)	482,322,528,339
18749 (Prkacb)	482,322,528,339
12640 (Cga)	138,347,184,364
22094 (Tshb)	138,347,184,364
22095 (Tshr)	221,348,267,365
14682 (Gnaq)	289,377,335,394
18795 (Plcb1)	364,377,410,394
18796 (Plcb2)	364,377,410,394
18797 (Plcb3)	364,377,410,394
18798 (Plcb4)	364,377,410,394
14683 (Gnas)	289,322,335,339
104110 (Adcy4)	365,322,411,339
104111 (Adcy3)	365,322,411,339
11512 (Adcy6)	365,322,411,339
11513 (Adcy7)	365,322,411,339
11514 (Adcy8)	365,322,411,339
11515 (Adcy9)	365,322,411,339
210044 (Adcy2)	365,322,411,339
224129 (Adcy5)	365,322,411,339
432530 (Adcy1)	365,322,411,339
21819 (Tg)	653,421,699,438
114479 (Slc5a5)	221,547,267,564
11928 (Atp1a1)	222,645,268,662
11931 (Atp1b1)	222,645,268,662
11932 (Atp1b2)	222,645,268,662
11933 (Atp1b3)	222,645,268,662
11936 (Fxyd2)	222,645,268,662
232975 (Atp1a3)	222,645,268,662
27222 (Atp1a4)	222,645,268,662
67821 (Atp1b4)	222,645,268,662
98660 (Atp1a2)	222,645,268,662
23985 (Slc26a4)	747,547,793,564
214593 (Duox2)	747,636,793,653
22018 (Tpo)	747,583,793,600
70337 (Iyd)	386,618,432,635
18750 (Prkca)	482,377,528,394
18751 (Prkcb)	482,377,528,394
18752 (Prkcg)	482,377,528,394
22130 (Ttf1)	579,317,625,334
74044 (Ttf2)	579,340,625,357
18510 (Pax8)	579,364,625,381
11909 (Atf2)	579,387,625,404
11911 (Atf4)	579,387,625,404
12912 (Creb1)	579,387,625,404
12913 (Creb3)	579,387,625,404
12915 (Atf6b)	579,387,625,404
208647 (Creb3l2)	579,387,625,404
208677 (Creb3l3)	579,387,625,404
231991 (Creb5)	579,387,625,404
26427 (Creb3l1)	579,387,625,404
78284 (Creb3l4)	579,387,625,404
21819 (Tg)	912,689,958,706
21819 (Tg)	912,773,958,790
21819 (Tg)	430,777,476,794
66811 (Duoxa2)	748,688,794,705
22018 (Tpo)	880,584,926,601
16438 (Itpr1)	479,458,525,475
16439 (Itpr2)	479,458,525,475
16440 (Itpr3)	479,458,525,475
22018 (Tpo)	882,728,928,745
21819 (Tg)	651,497,697,514
21819 (Tg)	651,514,697,531
14828 (Hspa5)	620,447,666,464
22027 (Hsp90b1)	620,469,666,486
12330 (Canx)	685,447,731,464
12304 (Pdia4)	685,469,731,486
21819 (Tg)	517,605,563,622
21819 (Tg)	526,628,572,645
14725 (Lrp2)	745,809,791,826
21819 (Tg)	912,835,958,852
14725 (Lrp2)	660,809,706,826
21819 (Tg)	660,836,706,853
21819 (Tg)	145,887,191,904
14775 (Gpx1)	680,729,726,746
14776 (Gpx2)	680,729,726,746
14778 (Gpx3)	680,729,726,746
14780 (Gpx5)	680,729,726,746
67305 (Gpx7)	680,729,726,746
69590 (Gpx8)	680,729,726,746
75512 (Gpx6)	680,729,726,746
11889 (Asgr1)	605,519,651,536
11890 (Asgr2)	605,519,651,536
14782 (Gsr)	629,729,675,746
11657 (Alb)	51,722,97,739
22139 (Ttr)	51,747,97,764
331535 (Serpina7)	51,772,97,789
11657 (Alb)	51,819,97,836
22139 (Ttr)	51,844,97,861
331535 (Serpina7)	51,869,97,886
mmu04918: Thyroid hormone synthesis	40,45,301,70
mmu04530: Tight junction	609,144,724,169
mmu00350: Tyrosine metabolism	983,679,1110,704
mmu04142: Lysosome	516,800,600,825
mmu04020: Calcium signaling pathway	327,447,439,481
mmu04146: Peroxisome	488,562,572,587
mmu00480: Glutathione metabolism	511,666,645,691
