C04637 (1-Phosphatidyl-D-myo-inositol 4,5-bisphosphate)	971,165,4
C01245 (D-myo-Inositol 1,4,5-trisphosphate)	781,1098,4
C00076 (Calcium cation)	838,1098,4
C00338 (Lipopolysaccharide)	298,836,4
C05981 (Phosphatidylinositol-3,4,5-trisphosphate)	552,977,4
16412 (Itgb1)	344,298,390,315
20779 (Src)	450,179,496,196
170758 (Rac3)	786,178,832,195
19353 (Rac1)	786,178,832,195
19354 (Rac2)	786,178,832,195
73178 (Wasl)	904,199,950,216
242894 (Actr3b)	976,200,1022,217
66713 (Actr2)	976,200,1022,217
74117 (Actr3)	976,200,1022,217
14268 (Fn1)	272,311,318,328
12927 (Bcar1)	531,178,577,195
12928 (Crk)	603,178,649,195
12929 (Crkl)	603,178,649,195
330662 (Dock1)	675,178,721,195
18717 (Pip5k1c)	877,156,923,173
18719 (Pip5k1b)	877,156,923,173
18720 (Pip5k1a)	877,156,923,173
11461 (Actb)	1048,201,1094,218
11465 (Actg1)	1048,201,1094,218
14083 (Ptk2)	450,304,496,321
215280 (Wipf1)	879,238,925,255
330319 (Wipf3)	879,238,925,255
68524 (Wipf2)	879,238,925,255
11845 (Arf6)	853,117,899,134
19229 (Ptk2b)	450,285,496,302
19303 (Pxn)	532,304,578,321
26431 (Git2)	675,320,721,337
54126 (Arhgef7)	675,340,721,357
12540 (Cdc42)	786,331,832,348
22376 (Was)	904,331,950,348
242894 (Actr3b)	975,291,1021,308
66713 (Actr2)	975,291,1021,308
74117 (Actr3)	975,291,1021,308
11461 (Actb)	1047,291,1093,308
11465 (Actg1)	1047,291,1093,308
11848 (Rhoa)	786,417,832,434
67653 (4930544G11Rik)	786,417,832,434
19877 (Rock1)	904,417,950,434
19878 (Rock2)	904,417,950,434
108100 (Baiap2)	832,291,878,308
242687 (Wasf2)	904,291,950,308
446099 (Nlrp4e)	892,589,938,606
83564 (Nlrp4c)	892,589,938,606
54483 (Mefv)	892,615,938,632
66824 (Pycard)	991,589,1037,606
12362 (Casp1)	1037,589,1083,606
16173 (Il18)	1114,578,1160,595
16176 (Il1b)	1114,599,1160,616
16885 (Limk1)	938,518,984,535
109333 (Pkn2)	769,601,815,618
320795 (Pkn1)	769,601,815,618
11848 (Rhoa)	674,601,720,618
67653 (4930544G11Rik)	674,601,720,618
110651 (Rps6ka3)	769,632,815,649
20111 (Rps6ka1)	769,632,815,649
20112 (Rps6ka2)	769,632,815,649
67071 (Rps6ka6)	769,632,815,649
216799 (Nlrp3)	892,570,938,587
110596 (Arhgef28)	675,417,721,434
16801 (Arhgef1)	675,417,721,434
69632 (Arhgef12)	675,417,721,434
16401 (Itga4)	344,281,390,298
16402 (Itga5)	344,281,390,298
23880 (Fyb)	442,387,488,404
54353 (Skap2)	442,412,488,429
16818 (Lck)	422,1116,468,1133
22637 (Zap70)	500,1116,546,1133
16822 (Lcp2)	615,1116,661,1133
16797 (Lat)	615,1095,661,1112
18803 (Plcg1)	698,1089,744,1106
18018 (Nfatc1)	918,1095,964,1112
18019 (Nfatc2)	918,1095,964,1112
18021 (Nfatc3)	918,1095,964,1112
16183 (Il2)	1162,1106,1208,1123
16153 (Il10)	1162,1126,1208,1143
22324 (Vav1)	615,1137,661,1154
22325 (Vav2)	615,1137,661,1154
57257 (Vav3)	615,1137,661,1154
14281 (Fos)	918,1116,964,1133
16476 (Jun)	918,1116,964,1133
19353 (Rac1)	835,519,881,536
16150 (Ikbkb)	793,715,839,732
26409 (Map3k7)	666,735,712,752
19094 (Mapk11)	918,809,964,826
26415 (Mapk13)	918,809,964,826
26416 (Mapk14)	918,809,964,826
29857 (Mapk12)	918,809,964,826
12675 (Chuk)	793,698,839,715
26414 (Mapk10)	918,834,964,851
26419 (Mapk8)	918,834,964,851
26420 (Mapk9)	918,834,964,851
22030 (Traf2)	587,735,633,752
22034 (Traf6)	587,735,633,752
66513 (Tab1)	666,701,712,718
68652 (Tab2)	666,718,712,735
18035 (Nfkbia)	917,715,963,732
16151 (Ikbkg)	793,681,839,698
26398 (Map2k4)	793,834,839,851
26400 (Map2k7)	793,834,839,851
18033 (Nfkb1)	917,750,963,767
19697 (Rela)	917,750,963,767
26397 (Map2k3)	793,809,839,826
26399 (Map2k6)	793,809,839,826
14281 (Fos)	1022,810,1068,827
16476 (Jun)	1022,810,1068,827
17874 (Myd88)	433,735,479,752
16179 (Irak1)	510,744,556,761
21898 (Tlr4)	344,827,390,844
266632 (Irak4)	510,727,556,744
26413 (Mapk1)	918,781,964,798
26417 (Mapk3)	918,781,964,798
26395 (Map2k1)	793,781,839,798
26396 (Map2k2)	793,781,839,798
21926 (Tnf)	1161,746,1207,763
15977 (Ifnb1)	1162,890,1208,907
16193 (Il6)	1161,768,1207,785
18706 (Pik3ca)	469,969,515,986
18707 (Pik3cd)	469,969,515,986
18708 (Pik3r1)	469,969,515,986
18709 (Pik3r2)	469,969,515,986
18710 (Pik3r3)	469,969,515,986
74769 (Pik3cb)	469,969,515,986
11651 (Akt1)	588,969,634,986
11652 (Akt2)	588,969,634,986
23797 (Akt3)	588,969,634,986
56637 (Gsk3b)	713,951,759,968
20293 (Ccl12)	713,987,759,1004
20296 (Ccl2)	713,987,759,1004
16176 (Il1b)	1161,790,1207,807
106759 (Ticam1)	510,891,556,908
56480 (Tbk1)	666,891,712,908
54131 (Irf3)	918,891,964,908
242894 (Actr3b)	975,331,1021,348
66713 (Actr2)	975,331,1021,348
74117 (Actr3)	975,331,1021,348
11461 (Actb)	1047,331,1093,348
11465 (Actg1)	1047,331,1093,348
18033 (Nfkb1)	918,1137,964,1154
19697 (Rela)	918,1137,964,1154
mmu04510: Focal adhesion	413,128,505,153
mmu04810: Regulation of actin cytoskeleton	1262,250,1377,284
mmu04621: NOD-like receptor signaling pathway	1042,514,1157,548
mmu05135: Yersinia infection	40,45,219,70
mmu04620: Toll-like receptor signaling pathway	413,676,528,710
mmu04660: T cell receptor signaling pathway	413,1161,528,1195
map03070: Bacterial secretion system	221,597,365,631
