G01391	647,508,4
G13074	647,447,4
G13073	647,386,4
G01977	647,325,4
G01945	647,264,4
G02632	511,752,4
G09660	511,691,4
G13040	511,630,4
G13039	511,569,4
G13038	511,508,4
G13037	511,447,4
G13036	511,386,4
G13035	511,325,4
G13034	511,264,4
G00872 (DWA-2)	294,508,4
G13043	294,447,4
G12336	294,386,4
G13042	294,325,4
G13041	294,264,4
C00925 (Heparan sulfate)	511,203,4
C00426 (Dermatan sulfate)	294,203,4
C00634 (Chondroitin 4-sulfate)	385,386,4
C00573 (Keratan sulfate)	647,203,4
G10505 (Hyaluronic acid)	73,203,4
G00526	73,264,4
G00711	73,325,4
G10008	73,386,4
27029 (Sgsh)	489,403,535,420
545291 (Hpse2)	513,226,559,243
15442 (Hpse)	463,226,509,243
75612 (Gns)	625,403,671,420
15931 (Ids)	272,282,318,299
15931 (Ids)	489,282,535,299
50917 (Galns)	625,282,671,299
15932 (Idua)	272,344,318,361
15932 (Idua)	489,344,535,361
11881 (Arsb)	272,403,318,420
12091 (Glb1)	625,344,671,361
109685 (Hyal3)	272,466,318,483
15586 (Hyal1)	272,466,318,483
15587 (Hyal2)	272,466,318,483
20690 (Spam1)	272,466,318,483
74409 (Hyal6)	272,466,318,483
74468 (Hyal5)	272,466,318,483
77042 (Hyal4)	272,466,318,483
52120 (Hgsnat)	489,466,535,483
15211 (Hexa)	692,466,738,483
15212 (Hexb)	692,466,738,483
109685 (Hyal3)	202,466,248,483
15586 (Hyal1)	202,466,248,483
15587 (Hyal2)	202,466,248,483
20690 (Spam1)	202,466,248,483
74409 (Hyal6)	202,466,248,483
74468 (Hyal5)	202,466,248,483
77042 (Hyal4)	202,466,248,483
27419 (Naglu)	489,527,535,544
15211 (Hexa)	625,466,671,483
15212 (Hexb)	625,466,671,483
110006 (Gusb)	489,648,535,665
75612 (Gns)	489,710,535,727
109685 (Hyal3)	841,329,871,329,871,333,841,333
15586 (Hyal1)	841,329,871,329,871,333,841,333
15587 (Hyal2)	841,329,871,329,871,333,841,333
20690 (Spam1)	841,329,871,329,871,333,841,333
74409 (Hyal6)	841,329,871,329,871,333,841,333
74468 (Hyal5)	841,329,871,329,871,333,841,333
77042 (Hyal4)	841,329,871,329,871,333,841,333
11881 (Arsb)	813,286,813,316,817,316,817,286
110006 (Gusb)	920,329,950,329,950,333,920,333
50917 (Galns)	980,286,980,316,984,316,984,286
109685 (Hyal3)	919,461,949,461,949,465,919,465
15586 (Hyal1)	919,461,949,461,949,465,919,465
15587 (Hyal2)	919,461,949,461,949,465,919,465
20690 (Spam1)	919,461,949,461,949,465,919,465
74409 (Hyal6)	919,461,949,461,949,465,919,465
74468 (Hyal5)	919,461,949,461,949,465,919,465
77042 (Hyal4)	919,461,949,461,949,465,919,465
110006 (Gusb)	1001,462,1031,462,1031,466,1001,466
15931 (Ids)	806,418,806,448,810,448,810,418
15932 (Idua)	828,461,858,461,858,465,828,465
27419 (Naglu)	906,601,936,601,936,605,906,605
110006 (Gusb)	985,601,1015,601,1015,605,985,605
15931 (Ids)	806,558,806,588,810,588,810,558
15932 (Idua)	828,601,858,601,858,605,828,605
27419 (Naglu)	1077,601,1107,601,1107,605,1077,605
15442 (Hpse)	1156,601,1186,601,1186,605,1156,605
545291 (Hpse2)	1156,601,1186,601,1186,605,1156,605
27029 (Sgsh)	870,558,870,588,874,588,874,558
15211 (Hexa)	912,740,942,740,942,744,912,744
15212 (Hexb)	912,740,942,740,942,744,912,744
75612 (Gns)	876,697,876,727,880,727,880,697
12091 (Glb1)	983,740,1013,740,1013,744,983,744
50917 (Galns)	800,697,800,727,804,727,804,697
12091 (Glb1)	822,740,852,740,852,744,822,744
75612 (Gns)	1040,697,1040,727,1044,727,1044,697
109685 (Hyal3)	51,226,97,243
15586 (Hyal1)	51,226,97,243
15587 (Hyal2)	51,226,97,243
20690 (Spam1)	51,226,97,243
74409 (Hyal6)	51,226,97,243
74468 (Hyal5)	51,226,97,243
77042 (Hyal4)	51,226,97,243
110006 (Gusb)	51,282,97,299
110006 (Gusb)	829,187,859,187,859,191,829,191
110006 (Gusb)	991,187,1021,187,1021,191,991,191
15211 (Hexa)	1075,740,1105,740,1105,744,1075,744
15212 (Hexb)	1075,740,1105,740,1105,744,1075,744
mmu00534: Glycosaminoglycan biosynthesis - heparan sulfate / heparin	465,113,558,147
mmu00533: Glycosaminoglycan biosynthesis - keratan sulfate	601,113,694,147
mmu00532: Glycosaminoglycan biosynthesis - chondroitin sulfate / dermatan sulfate	336,113,448,147
mmu00531: Glycosaminoglycan degradation	40,45,327,70
