C00533 (Nitric oxide)	1542,539,4
C00634 (Chondroitin 4-sulfate)	1437,810,4
G10505 (Hyaluronic acid)	1437,827,4
G00054 (Type II A antigen)	1066,832,4
G00052 (Type II B antigen)	1066,832,4
15894 (Icam1)	1400,904,1446,921
15234 (Hgf)	456,433,502,450
15529 (Sdc2)	517,367,563,384
20969 (Sdc1)	517,367,563,384
16971 (Lrp1)	517,386,563,403
12520 (Cd81)	517,405,563,422
17295 (Met)	517,424,563,441
13349 (Ackr1)	698,642,744,659
14934 (Gypa)	698,661,744,678
71683 (Gypc)	698,680,744,697
22329 (Vcam1)	1400,715,1446,732
12491 (Cd36)	1207,924,1253,941
18613 (Pecam1)	1400,656,1446,673
100503605 (Hbb-bs)	802,253,848,270
101488143 (Hbb-bt)	802,253,848,270
110257 (Hba-a2)	802,253,848,270
15122 (Hba-a1)	802,253,848,270
15129 (Hbb-b1)	802,253,848,270
15130 (Hbb-b2)	802,253,848,270
81897 (Tlr9)	933,253,979,270
21898 (Tlr4)	933,285,979,302
24088 (Tlr2)	933,285,979,302
17874 (Myd88)	990,269,1036,286
16153 (Il10)	1166,208,1212,225
15978 (Ifng)	1166,407,1212,424
16193 (Il6)	1166,288,1212,305
20293 (Ccl12)	1166,307,1212,324
20296 (Ccl2)	1166,307,1212,324
21926 (Tnf)	1166,376,1212,393
16159 (Il12a)	1008,340,1054,357
16173 (Il18)	1008,359,1054,376
12946 (Cr1l)	1050,865,1096,882
12491 (Cd36)	1050,845,1096,862
12491 (Cd36)	1400,675,1446,692
16408 (Itgal)	1284,933,1330,950
16414 (Itgb2)	1284,933,1330,950
16415 (Itgb2l)	1284,933,1330,950
21947 (Cd40lg)	1284,952,1330,969
21939 (Cd40)	1400,952,1446,969
16408 (Itgal)	1284,1039,1330,1056
16414 (Itgb2)	1284,1039,1330,1056
16415 (Itgb2l)	1284,1039,1330,1056
12845 (Comp)	1400,734,1446,751
21825 (Thbs1)	1400,734,1446,751
21826 (Thbs2)	1400,734,1446,751
21827 (Thbs3)	1400,734,1446,751
21828 (Thbs4)	1400,734,1446,751
20339 (Sele)	1400,753,1446,770
21803 (Tgfb1)	1166,227,1212,244
21808 (Tgfb2)	1166,227,1212,244
21809 (Tgfb3)	1166,227,1212,244
16176 (Il1b)	1166,356,1212,373
12985 (Csf3)	1166,326,1212,343
100043861 (Klrb1)	993,432,1039,449
16635 (Klra4)	993,432,1039,449
17057 (Klrb1a)	993,432,1039,449
17059 (Klrb1c)	993,432,1039,449
232408 (Klrb1f)	993,432,1039,449
27007 (Klrk1)	993,432,1039,449
80782 (Klrb1b)	993,432,1039,449
100043861 (Klrb1)	993,559,1039,576
16635 (Klra4)	993,559,1039,576
17057 (Klrb1a)	993,559,1039,576
17059 (Klrb1c)	993,559,1039,576
232408 (Klrb1f)	993,559,1039,576
27007 (Klrk1)	993,559,1039,576
80782 (Klrb1b)	993,559,1039,576
20344 (Selp)	1284,971,1330,988
mmu04620: Toll-like receptor signaling pathway	903,189,1000,223
mmu04610: Complement and coagulation cascades	1113,844,1193,878
mmu04210: Apoptosis	1496,887,1576,912
mmu04514: Cell adhesion molecules (CAMs)	1493,698,1637,723
mmu05144: Malaria	40,45,132,70
