C05917 (Iodopsin)	359,373,4
C00473 (Retinol)	198,272,4
C00376 (Retinal)	359,272,4
C02094 (beta-Carotene)	359,208,4
C00777 (Retinoate)	551,208,4
C02075 (Retinyl ester)	198,373,4
C02588 (Retinyl palmitate)	198,373,4
C00899 (11-cis-Retinol)	198,474,4
C02110 (11-cis-Retinal)	359,474,4
C16682 (9-cis-Retinol)	198,128,4
C16681 (9-cis-Retinal)	360,128,4
C15493 (9-cis-Retinoic acid)	551,128,4
C15492 (all-trans-13,14-Dihydroretinol)	100,208,4
C00778 (Rhodopsin)	410,474,4
C05914 (Bathorhodopsin)	410,423,4
C05915 (Lumirhodopsin)	410,373,4
C05916 (Metarhodopsin)	410,323,4
C03455 (11-cis-Retinyl palmitate)	198,575,4
C05916 (Metarhodopsin)	410,272,4
C11061 (all-trans-Retinoyl-beta-glucuronide)	699,373,4
C16677 (all-trans-4-Hydroxyretinoic acid)	699,208,4
C16678 (all-trans-4-Oxoretinoic acid)	848,208,4
C16683 (4-Oxoretinol)	301,208,4
C16680 (all-trans-5,6-Epoxyretinoic acid)	699,323,4
C16679 (all-trans-18-Hydroxyretinoic acid)	699,272,4
C21797 (all-trans-3,4-Didehydroretinol)	100,176,4
11522 (Adh1)	229,250,275,267
11529 (Adh7)	229,250,275,267
11532 (Adh5)	229,250,275,267
26876 (Adh4)	229,250,275,267
63857 (Bco1)	336,224,382,241
11668 (Aldh1a1)	444,209,490,226
19378 (Aldh1a2)	444,209,490,226
26358 (Aldh1a7)	444,209,490,226
11761 (Aox1)	444,188,490,205
213043 (Aox2)	444,188,490,205
71724 (Aox3)	444,188,490,205
71872 (Aox4)	444,188,490,205
79235 (Lrat)	200,330,246,347
17252 (Rdh11)	246,469,292,486
19682 (Rdh5)	246,469,292,486
98711 (Rdh10)	246,469,292,486
67442 (Retsat)	127,200,173,217
19892 (Rpe65)	175,410,221,427
17252 (Rdh11)	253,130,299,147
19682 (Rdh5)	253,130,299,147
77974 (Rdh12)	253,130,299,147
13350 (Dgat1)	150,532,196,549
245532 (Awat2)	150,532,196,549
79235 (Lrat)	200,532,246,549
13350 (Dgat1)	150,330,196,347
245532 (Awat2)	150,330,196,347
13082 (Cyp26a1)	571,189,617,206
232174 (Cyp26b1)	571,189,617,206
546726 (Cyp26c1)	571,189,617,206
100041375 (Cyp3a41b)	619,210,665,227
13112 (Cyp3a11)	619,210,665,227
13113 (Cyp3a13)	619,210,665,227
13114 (Cyp3a16)	619,210,665,227
337924 (Cyp3a44)	619,210,665,227
53973 (Cyp3a41a)	619,210,665,227
56388 (Cyp3a25)	619,210,665,227
13076 (Cyp1a1)	619,189,665,206
13077 (Cyp1a2)	619,189,665,206
13082 (Cyp26a1)	733,189,779,206
232174 (Cyp26b1)	733,189,779,206
546726 (Cyp26c1)	733,189,779,206
13082 (Cyp26a1)	222,200,268,217
103142 (Rdh9)	229,271,275,288
107605 (Rdh1)	229,271,275,288
17252 (Rdh11)	229,271,275,288
19683 (Rdh16)	229,271,275,288
235033 (Rdh8)	229,271,275,288
54150 (Rdh7)	229,271,275,288
77974 (Rdh12)	229,271,275,288
98711 (Rdh10)	229,271,275,288
20148 (Dhrs3)	277,271,323,288
241452 (Dhrs9)	277,271,323,288
28200 (Dhrs4)	277,271,323,288
13082 (Cyp26a1)	594,234,640,251
232174 (Cyp26b1)	594,234,640,251
546726 (Cyp26c1)	594,234,640,251
13085 (Cyp2a12)	594,304,640,321
13086 (Cyp2a4)	594,304,640,321
13087 (Cyp2a5)	594,304,640,321
13088 (Cyp2b10)	594,304,640,321
13089 (Cyp2b13)	594,304,640,321
13090 (Cyp2b19)	594,304,640,321
13094 (Cyp2b9)	594,304,640,321
243881 (Cyp2b23)	594,304,640,321
74134 (Cyp2s1)	594,304,640,321
100041375 (Cyp3a41b)	594,325,640,342
13112 (Cyp3a11)	594,325,640,342
13113 (Cyp3a13)	594,325,640,342
13114 (Cyp3a16)	594,325,640,342
337924 (Cyp3a44)	594,325,640,342
53973 (Cyp3a41a)	594,325,640,342
56388 (Cyp3a25)	594,325,640,342
100041375 (Cyp3a41b)	570,274,616,291
13112 (Cyp3a11)	570,274,616,291
13113 (Cyp3a13)	570,274,616,291
13114 (Cyp3a16)	570,274,616,291
337924 (Cyp3a44)	570,274,616,291
53973 (Cyp3a41a)	570,274,616,291
56388 (Cyp3a25)	570,274,616,291
13076 (Cyp1a1)	570,253,616,270
100040843 (Cyp4a32)	618,274,664,291
13117 (Cyp4a10)	618,274,664,291
13118 (Cyp4a12b)	618,274,664,291
13119 (Cyp4a14)	618,274,664,291
230639 (Cyp4a29)	618,274,664,291
277753 (Cyp4a12a)	618,274,664,291
435802 (Cyp4a30b)	618,274,664,291
666168 (Cyp4a31)	618,274,664,291
107141 (Cyp2c50)	618,253,664,270
13085 (Cyp2a12)	618,253,664,270
13086 (Cyp2a4)	618,253,664,270
13087 (Cyp2a5)	618,253,664,270
13088 (Cyp2b10)	618,253,664,270
13089 (Cyp2b13)	618,253,664,270
13090 (Cyp2b19)	618,253,664,270
13094 (Cyp2b9)	618,253,664,270
13095 (Cyp2c29)	618,253,664,270
13096 (Cyp2c37)	618,253,664,270
13097 (Cyp2c38)	618,253,664,270
13098 (Cyp2c39)	618,253,664,270
13099 (Cyp2c40)	618,253,664,270
226105 (Cyp2c70)	618,253,664,270
226143 (Cyp2c23)	618,253,664,270
243881 (Cyp2b23)	618,253,664,270
404195 (Cyp2c54)	618,253,664,270
433247 (Cyp2c68)	618,253,664,270
69888 (Cyp2c66)	618,253,664,270
72082 (Cyp2c55)	618,253,664,270
72303 (Cyp2c65)	618,253,664,270
13076 (Cyp1a1)	781,189,827,206
13077 (Cyp1a2)	781,189,827,206
100041375 (Cyp3a41b)	781,210,827,227
13112 (Cyp3a11)	781,210,827,227
13113 (Cyp3a13)	781,210,827,227
13114 (Cyp3a16)	781,210,827,227
337924 (Cyp3a44)	781,210,827,227
53973 (Cyp3a41a)	781,210,827,227
56388 (Cyp3a25)	781,210,827,227
107141 (Cyp2c50)	571,210,617,227
13085 (Cyp2a12)	571,210,617,227
13086 (Cyp2a4)	571,210,617,227
13087 (Cyp2a5)	571,210,617,227
13088 (Cyp2b10)	571,210,617,227
13089 (Cyp2b13)	571,210,617,227
13090 (Cyp2b19)	571,210,617,227
13094 (Cyp2b9)	571,210,617,227
13095 (Cyp2c29)	571,210,617,227
13096 (Cyp2c37)	571,210,617,227
13097 (Cyp2c38)	571,210,617,227
13098 (Cyp2c39)	571,210,617,227
13099 (Cyp2c40)	571,210,617,227
226105 (Cyp2c70)	571,210,617,227
226143 (Cyp2c23)	571,210,617,227
243881 (Cyp2b23)	571,210,617,227
404195 (Cyp2c54)	571,210,617,227
433247 (Cyp2c68)	571,210,617,227
69888 (Cyp2c66)	571,210,617,227
72082 (Cyp2c55)	571,210,617,227
72303 (Cyp2c65)	571,210,617,227
74134 (Cyp2s1)	571,210,617,227
107141 (Cyp2c50)	733,210,779,227
13085 (Cyp2a12)	733,210,779,227
13086 (Cyp2a4)	733,210,779,227
13087 (Cyp2a5)	733,210,779,227
13088 (Cyp2b10)	733,210,779,227
13089 (Cyp2b13)	733,210,779,227
13090 (Cyp2b19)	733,210,779,227
13094 (Cyp2b9)	733,210,779,227
13095 (Cyp2c29)	733,210,779,227
13096 (Cyp2c37)	733,210,779,227
13097 (Cyp2c38)	733,210,779,227
13098 (Cyp2c39)	733,210,779,227
13099 (Cyp2c40)	733,210,779,227
226105 (Cyp2c70)	733,210,779,227
226143 (Cyp2c23)	733,210,779,227
243881 (Cyp2b23)	733,210,779,227
404195 (Cyp2c54)	733,210,779,227
433247 (Cyp2c68)	733,210,779,227
69888 (Cyp2c66)	733,210,779,227
72082 (Cyp2c55)	733,210,779,227
72303 (Cyp2c65)	733,210,779,227
74134 (Cyp2s1)	733,210,779,227
28200 (Dhrs4)	253,109,299,126
11761 (Aox1)	444,109,490,126
213043 (Aox2)	444,109,490,126
71724 (Aox3)	444,109,490,126
71872 (Aox4)	444,109,490,126
11668 (Aldh1a1)	444,130,490,147
19378 (Aldh1a2)	444,130,490,147
26358 (Aldh1a7)	444,130,490,147
100559 (Ugt2b38)	594,364,640,381
100727 (Ugt2b34)	594,364,640,381
112417 (Ugt2b37)	594,364,640,381
22236 (Ugt1a2)	594,364,640,381
22238 (Ugt2b5)	594,364,640,381
231396 (Ugt2b36)	594,364,640,381
243085 (Ugt2b35)	594,364,640,381
394430 (Ugt1a10)	594,364,640,381
394432 (Ugt1a7c)	594,364,640,381
394433 (Ugt1a5)	594,364,640,381
394434 (Ugt1a9)	594,364,640,381
394435 (Ugt1a6b)	594,364,640,381
394436 (Ugt1a1)	594,364,640,381
552899 (Ugt2a2)	594,364,640,381
71773 (Ugt2b1)	594,364,640,381
72094 (Ugt2a3)	594,364,640,381
94215 (Ugt2a1)	594,364,640,381
94284 (Ugt1a6a)	594,364,640,381
242285 (Sdr16c5)	277,250,323,267
27400 (Hsd17b6)	277,250,323,267
mmu00830: Retinol metabolism	40,45,311,70
map00906: Carotenoid biosynthesis	322,145,397,179
