C00082 (L-Tyrosine)	125,637,4
C00355 (3,4-Dihydroxy-L-phenylalanine)	197,637,4
C03758 (Dopamine)	266,637,4
C03758 (Dopamine)	405,593,4
C01161 (3,4-Dihydroxyphenylacetate)	384,531,4
C00027 (Hydrogen peroxide)	428,530,4
C00082 (L-Tyrosine)	125,272,4
C00355 (3,4-Dihydroxy-L-phenylalanine)	197,272,4
C03758 (Dopamine)	266,272,4
C03758 (Dopamine)	408,234,4
C01161 (3,4-Dihydroxyphenylacetate)	387,185,4
C00027 (Hydrogen peroxide)	427,186,4
C03758 (Dopamine)	567,571,4
C03758 (Dopamine)	526,328,4
C03758 (Dopamine)	569,260,4
C03758 (Dopamine)	526,638,4
C00575 (3',5'-Cyclic AMP)	865,628,4
C00082 (L-Tyrosine)	125,993,4
C00355 (3,4-Dihydroxy-L-phenylalanine)	197,993,4
C03758 (Dopamine)	266,993,4
C03758 (Dopamine)	405,949,4
C01161 (3,4-Dihydroxyphenylacetate)	385,886,4
C00027 (Hydrogen peroxide)	427,885,4
C03758 (Dopamine)	526,1065,4
C03758 (Dopamine)	567,995,4
C00575 (3',5'-Cyclic AMP)	884,1069,4
C00469 (Ethanol)	275,770,4
C00076 (Calcium cation)	594,533,4
C00469 (Ethanol)	594,487,4
C00469 (Ethanol)	842,979,4
C00076 (Calcium cation)	700,957,4
C00212 (Adenosine)	594,703,4
C00469 (Ethanol)	591,728,4
C00469 (Ethanol)	595,913,4
C00469 (Ethanol)	255,1133,4
C00025 (L-Glutamate)	597,558,4
C00025 (L-Glutamate)	599,983,4
110877 (Slc18a1)	320,302,366,319
214084 (Slc18a2)	320,302,366,319
110877 (Slc18a1)	313,666,359,683
214084 (Slc18a2)	313,666,359,683
13488 (Drd1)	622,321,668,338
13162 (Slc6a3)	504,251,550,268
14810 (Grin1)	622,524,668,541
14811 (Grin2a)	622,524,668,541
14812 (Grin2b)	622,524,668,541
14813 (Grin2c)	622,524,668,541
14814 (Grin2d)	622,524,668,541
170483 (Grin3b)	622,524,668,541
242443 (Grin3a)	622,524,668,541
13488 (Drd1)	622,618,668,635
109731 (Maob)	411,556,457,573
17161 (Maoa)	411,556,457,573
13162 (Slc6a3)	504,562,550,579
21823 (Th)	134,612,180,629
13195 (Ddc)	203,612,249,629
21823 (Th)	134,250,180,267
13195 (Ddc)	203,250,249,267
109731 (Maob)	411,211,457,228
17161 (Maoa)	411,211,457,228
19045 (Ppp1ca)	724,980,770,997
19046 (Ppp1cb)	724,980,770,997
19047 (Ppp1cc)	724,980,770,997
434233 (Ppp1ccb)	724,980,770,997
14683 (Gnas)	707,618,753,635
19049 (Ppp1r1b)	821,1006,867,1023
224129 (Adcy5)	789,620,835,637
18747 (Prkaca)	895,620,941,637
18749 (Prkacb)	895,620,941,637
21823 (Th)	134,970,180,987
13195 (Ddc)	203,970,249,987
110877 (Slc18a1)	320,1021,366,1038
214084 (Slc18a2)	320,1021,366,1038
109731 (Maob)	411,917,457,934
17161 (Maoa)	411,917,457,934
13162 (Slc6a3)	504,986,550,1003
13488 (Drd1)	622,1058,668,1075
14683 (Gnas)	708,1058,754,1075
224129 (Adcy5)	796,1058,842,1075
18747 (Prkaca)	922,1058,968,1075
18749 (Prkacb)	922,1058,968,1075
11909 (Atf2)	1080,949,1126,966
11911 (Atf4)	1080,949,1126,966
12912 (Creb1)	1080,949,1126,966
12913 (Creb3)	1080,949,1126,966
12915 (Atf6b)	1080,949,1126,966
208647 (Creb3l2)	1080,949,1126,966
208677 (Creb3l3)	1080,949,1126,966
231991 (Creb5)	1080,949,1126,966
26427 (Creb3l1)	1080,949,1126,966
78284 (Creb3l4)	1080,949,1126,966
12326 (Camk4)	924,949,970,966
11909 (Atf2)	1063,620,1109,637
11911 (Atf4)	1063,620,1109,637
12912 (Creb1)	1063,620,1109,637
12913 (Creb3)	1063,620,1109,637
12915 (Atf6b)	1063,620,1109,637
208647 (Creb3l2)	1063,620,1109,637
208677 (Creb3l3)	1063,620,1109,637
231991 (Creb5)	1063,620,1109,637
26427 (Creb3l1)	1063,620,1109,637
78284 (Creb3l4)	1063,620,1109,637
15182 (Hdac2)	1118,487,1164,504
15183 (Hdac3)	1118,487,1164,504
15184 (Hdac5)	1118,487,1164,504
15185 (Hdac6)	1118,487,1164,504
170787 (Hdac10)	1118,487,1164,504
208727 (Hdac4)	1118,487,1164,504
232232 (Hdac11)	1118,487,1164,504
433759 (Hdac1)	1118,487,1164,504
56233 (Hdac7)	1118,487,1164,504
70315 (Hdac8)	1118,487,1164,504
79221 (Hdac9)	1118,487,1164,504
12918 (Crh)	1175,597,1221,614
109648 (Npy)	1175,620,1221,637
12064 (Bdnf)	1175,643,1221,660
14810 (Grin1)	622,948,668,965
14811 (Grin2a)	622,948,668,965
14812 (Grin2b)	622,948,668,965
14813 (Grin2c)	622,948,668,965
14814 (Grin2d)	622,948,668,965
170483 (Grin3b)	622,948,668,965
242443 (Grin3a)	622,948,668,965
12313 (Calm1)	724,949,770,966
12314 (Calm2)	724,949,770,966
12315 (Calm3)	724,949,770,966
494124 (Calm5)	724,949,770,966
70405 (Calml3)	724,949,770,966
75600 (Calml4)	724,949,770,966
80796 (Calm4)	724,949,770,966
207565 (Camkk2)	821,949,867,966
55984 (Camkk1)	821,949,867,966
13489 (Drd2)	622,582,668,599
100503710 (Gm5741)	707,582,753,599
14677 (Gnai1)	707,582,753,599
14678 (Gnai2)	707,582,753,599
14679 (Gnai3)	707,582,753,599
14681 (Gnao1)	707,582,753,599
14688 (Gnb1)	707,582,753,599
14693 (Gnb2)	707,582,753,599
14695 (Gnb3)	707,582,753,599
14696 (Gnb4)	707,582,753,599
14697 (Gnb5)	707,582,753,599
14699 (Gngt1)	707,582,753,599
14700 (Gng10)	707,582,753,599
14701 (Gng12)	707,582,753,599
14702 (Gng2)	707,582,753,599
14704 (Gng3)	707,582,753,599
14706 (Gng4)	707,582,753,599
14707 (Gng5)	707,582,753,599
14708 (Gng7)	707,582,753,599
14709 (Gng8)	707,582,753,599
14710 (Gngt2)	707,582,753,599
64337 (Gng13)	707,582,753,599
66066 (Gng11)	707,582,753,599
11540 (Adora2a)	622,652,668,669
11541 (Adora2b)	622,652,668,669
14683 (Gnas)	707,652,753,669
13340 (Slc29a2)	622,692,668,709
63959 (Slc29a1)	622,692,668,709
71279 (Slc29a3)	622,692,668,709
15461 (Hras)	767,910,813,927
16653 (Kras)	767,910,813,927
18176 (Nras)	767,910,813,927
109880 (Braf)	804,871,850,888
110157 (Raf1)	804,871,850,888
11836 (Araf)	804,871,850,888
26395 (Map2k1)	880,871,926,888
26413 (Mapk1)	956,871,1002,888
26417 (Mapk3)	956,871,1002,888
14282 (Fosb)	1186,949,1232,966
107435 (Hat1)	1118,569,1164,586
100039319 (H2afb1)	1109,520,1155,537
100042840 (H2al2b)	1109,520,1155,537
100042922 (H2al1a)	1109,520,1155,537
100042927 (H2al1b)	1109,520,1155,537
100042929 (H2al1c)	1109,520,1155,537
100042931 (H2al1d)	1109,520,1155,537
100042939 (H2al1f)	1109,520,1155,537
100042943 (H2al1g)	1109,520,1155,537
100042944 (H2al1h)	1109,520,1155,537
100042946 (H2al1i)	1109,520,1155,537
15267 (Hist2h2aa1)	1109,520,1155,537
15270 (H2afx)	1109,520,1155,537
232440 (H2afj)	1109,520,1155,537
236663 (H2al1j)	1109,520,1155,537
26914 (H2afy)	1109,520,1155,537
319162 (Hist3h2a)	1109,520,1155,537
319163 (Hist1h2aa)	1109,520,1155,537
319164 (Hist1h2ac)	1109,520,1155,537
319165 (Hist1h2ad)	1109,520,1155,537
319166 (Hist1h2ae)	1109,520,1155,537
319167 (Hist1h2ag)	1109,520,1155,537
319168 (Hist1h2ah)	1109,520,1155,537
319169 (Hist1h2ak)	1109,520,1155,537
319170 (Hist1h2an)	1109,520,1155,537
319171 (Hist1h2ap)	1109,520,1155,537
319172 (Hist1h2ab)	1109,520,1155,537
319173 (Hist1h2af)	1109,520,1155,537
319176 (Hist2h2ac)	1109,520,1155,537
319191 (Hist1h2ai)	1109,520,1155,537
319192 (Hist2h2aa2)	1109,520,1155,537
333452 (H2al1o)	1109,520,1155,537
385328 (H2al1n)	1109,520,1155,537
404634 (H2afy2)	1109,520,1155,537
51788 (H2afz)	1109,520,1155,537
547154 (H2al1k)	1109,520,1155,537
547160 (H2al1e)	1109,520,1155,537
547210 (H2al2c)	1109,520,1155,537
621893 (Hist2h2ab)	1109,520,1155,537
624153 (H2afb2)	1109,520,1155,537
624957 (H2afb3)	1109,520,1155,537
665433 (Hist1h2ao)	1109,520,1155,537
68231 (H2al2a)	1109,520,1155,537
76383 (H2al1m)	1109,520,1155,537
77605 (H2afv)	1109,520,1155,537
319177 (Hist1h2ba)	1155,520,1201,537
319178 (Hist1h2bb)	1155,520,1201,537
319179 (Hist1h2be)	1155,520,1201,537
319180 (Hist1h2bf)	1155,520,1201,537
319181 (Hist1h2bg)	1155,520,1201,537
319182 (Hist1h2bh)	1155,520,1201,537
319183 (Hist1h2bj)	1155,520,1201,537
319184 (Hist1h2bk)	1155,520,1201,537
319185 (Hist1h2bl)	1155,520,1201,537
319186 (Hist1h2bm)	1155,520,1201,537
319187 (Hist1h2bn)	1155,520,1201,537
319188 (Hist1h2bp)	1155,520,1201,537
319189 (Hist2h2bb)	1155,520,1201,537
319190 (Hist2h2be)	1155,520,1201,537
665596 (Hist1h2bq)	1155,520,1201,537
665622 (Hist1h2br)	1155,520,1201,537
68024 (Hist1h2bc)	1155,520,1201,537
69382 (1700024P04Rik)	1155,520,1201,537
69389 (H2bfm)	1155,520,1201,537
78303 (Hist3h2ba)	1155,520,1201,537
100041230 (Hist1h4m)	1109,537,1155,554
319155 (Hist1h4c)	1109,537,1155,554
319156 (Hist1h4d)	1109,537,1155,554
319157 (Hist1h4f)	1109,537,1155,554
319158 (Hist1h4i)	1109,537,1155,554
319159 (Hist1h4j)	1109,537,1155,554
319160 (Hist1h4k)	1109,537,1155,554
319161 (Hist1h4n)	1109,537,1155,554
320332 (Hist4h4)	1109,537,1155,554
326619 (Hist1h4a)	1109,537,1155,554
326620 (Hist1h4b)	1109,537,1155,554
69386 (Hist1h4h)	1109,537,1155,554
97122 (Hist2h4)	1109,537,1155,554
15077 (Hist2h3c1)	1155,537,1201,554
15078 (H3f3a)	1155,537,1201,554
15081 (H3f3b)	1155,537,1201,554
260423 (Hist1h3f)	1155,537,1201,554
319148 (Hist1h3c)	1155,537,1201,554
319149 (Hist1h3d)	1155,537,1201,554
319150 (Hist1h3b)	1155,537,1201,554
319151 (Hist1h3e)	1155,537,1201,554
319152 (Hist1h3h)	1155,537,1201,554
319153 (Hist1h3i)	1155,537,1201,554
319154 (Hist2h3b)	1155,537,1201,554
360198 (Hist1h3a)	1155,537,1201,554
382523 (Gm12260)	1155,537,1201,554
625328 (H3f3c)	1155,537,1201,554
667250 (Gm12657)	1155,537,1201,554
97114 (Hist2h3c2)	1155,537,1201,554
97908 (Hist1h3g)	1155,537,1201,554
18212 (Ntrk2)	622,750,668,767
20416 (Shc1)	663,767,709,784
20418 (Shc3)	663,767,709,784
216148 (Shc2)	663,767,709,784
271849 (Shc4)	663,767,709,784
14784 (Grb2)	708,767,754,784
20662 (Sos1)	719,750,765,767
20663 (Sos2)	719,750,765,767
15461 (Hras)	785,750,831,767
16653 (Kras)	785,750,831,767
18176 (Nras)	785,750,831,767
109880 (Braf)	850,750,896,767
110157 (Raf1)	850,750,896,767
11836 (Araf)	850,750,896,767
26395 (Map2k1)	915,750,961,767
26413 (Mapk1)	981,750,1027,767
26417 (Mapk3)	981,750,1027,767
18610 (Pdyn)	1109,750,1155,767
18767 (Pkia)	922,1016,968,1033
mmu05034: Alcoholism	40,45,168,70
mmu04728: Dopaminergic synapse	528,60,634,94
mmu04010: MAPK signaling pathway	845,802,956,836
