G00034	340,497,4
G00033	340,433,4
G00032	471,370,4
G00031	340,370,4
G00030	340,306,4
G00029	471,242,4
G00028	340,242,4
G00027	601,116,4
G00026	471,116,4
G00025	471,179,4
G00023 (Tn antigen)	206,242,4
G00035 (Sialyl-Tn antigen)	204,116,4
C02189 ([Protein]-L-serine)	75,242,4
G10611 (UDP-N-acetyl-D-galactosamine)	96,207,4
G00024 (T antigen)	340,179,4
72077 (Gcnt3)	379,231,425,248
14537 (Gcnt1)	244,350,290,367
56336 (B4galt5)	379,362,425,379
20445 (St6galnac1)	512,106,558,123
20445 (St6galnac1)	181,144,227,161
20442 (St3gal1)	379,107,425,124
20444 (St3gal2)	379,107,425,124
272411 (B3gnt6)	244,231,290,248
108148 (Galnt2)	126,234,172,251
108150 (Galnt7)	126,234,172,251
108760 (Galnt16)	126,234,172,251
14423 (Galnt1)	126,234,172,251
14425 (Galnt3)	126,234,172,251
14426 (Galnt4)	126,234,172,251
171212 (Galnt10)	126,234,172,251
207839 (Galnt6)	126,234,172,251
212996 (Galnt17)	126,234,172,251
230145 (Galnt12)	126,234,172,251
231050 (Galnt11)	126,234,172,251
233733 (Galnt18)	126,234,172,251
241391 (Galnt5)	126,234,172,251
270049 (Galntl6)	126,234,172,251
271786 (Galnt13)	126,234,172,251
67909 (Galntl5)	126,234,172,251
71685 (Galnt14)	126,234,172,251
78754 (Galnt15)	126,234,172,251
59048 (C1galt1c1)	244,171,290,188
94192 (C1galt1)	244,171,290,188
14537 (Gcnt1)	379,171,425,188
218476 (Gcnt4)	379,171,425,188
72077 (Gcnt3)	379,171,425,188
56336 (B4galt5)	414,858,434,858,434,862,414,862
20445 (St6galnac1)	133,676,153,676,153,680,133,680
20442 (St3gal1)	133,790,153,790,153,794,133,794
20444 (St3gal2)	133,790,153,790,153,794,133,794
272411 (B3gnt6)	432,744,442,734,446,734,436,744
108148 (Galnt2)	497,985,517,985,517,989,497,989
108150 (Galnt7)	497,985,517,985,517,989,497,989
108760 (Galnt16)	497,985,517,985,517,989,497,989
14423 (Galnt1)	497,985,517,985,517,989,497,989
14425 (Galnt3)	497,985,517,985,517,989,497,989
14426 (Galnt4)	497,985,517,985,517,989,497,989
171212 (Galnt10)	497,985,517,985,517,989,497,989
207839 (Galnt6)	497,985,517,985,517,989,497,989
212996 (Galnt17)	497,985,517,985,517,989,497,989
230145 (Galnt12)	497,985,517,985,517,989,497,989
231050 (Galnt11)	497,985,517,985,517,989,497,989
233733 (Galnt18)	497,985,517,985,517,989,497,989
241391 (Galnt5)	497,985,517,985,517,989,497,989
270049 (Galntl6)	497,985,517,985,517,989,497,989
271786 (Galnt13)	497,985,517,985,517,989,497,989
67909 (Galntl5)	497,985,517,985,517,989,497,989
71685 (Galnt14)	497,985,517,985,517,989,497,989
78754 (Galnt15)	497,985,517,985,517,989,497,989
108148 (Galnt2)	518,928,538,928,538,932,518,932
108150 (Galnt7)	518,928,538,928,538,932,518,932
108760 (Galnt16)	518,928,538,928,538,932,518,932
14423 (Galnt1)	518,928,538,928,538,932,518,932
14425 (Galnt3)	518,928,538,928,538,932,518,932
14426 (Galnt4)	518,928,538,928,538,932,518,932
171212 (Galnt10)	518,928,538,928,538,932,518,932
207839 (Galnt6)	518,928,538,928,538,932,518,932
212996 (Galnt17)	518,928,538,928,538,932,518,932
230145 (Galnt12)	518,928,538,928,538,932,518,932
231050 (Galnt11)	518,928,538,928,538,932,518,932
233733 (Galnt18)	518,928,538,928,538,932,518,932
241391 (Galnt5)	518,928,538,928,538,932,518,932
270049 (Galntl6)	518,928,538,928,538,932,518,932
271786 (Galnt13)	518,928,538,928,538,932,518,932
67909 (Galntl5)	518,928,538,928,538,932,518,932
71685 (Galnt14)	518,928,538,928,538,932,518,932
78754 (Galnt15)	518,928,538,928,538,932,518,932
14537 (Gcnt1)	496,858,516,858,516,862,496,862
108148 (Galnt2)	579,858,599,858,599,862,579,862
108150 (Galnt7)	579,858,599,858,599,862,579,862
108760 (Galnt16)	579,858,599,858,599,862,579,862
14423 (Galnt1)	579,858,599,858,599,862,579,862
14425 (Galnt3)	579,858,599,858,599,862,579,862
14426 (Galnt4)	579,858,599,858,599,862,579,862
171212 (Galnt10)	579,858,599,858,599,862,579,862
207839 (Galnt6)	579,858,599,858,599,862,579,862
212996 (Galnt17)	579,858,599,858,599,862,579,862
230145 (Galnt12)	579,858,599,858,599,862,579,862
231050 (Galnt11)	579,858,599,858,599,862,579,862
233733 (Galnt18)	579,858,599,858,599,862,579,862
241391 (Galnt5)	579,858,599,858,599,862,579,862
270049 (Galntl6)	579,858,599,858,599,862,579,862
271786 (Galnt13)	579,858,599,858,599,862,579,862
67909 (Galntl5)	579,858,599,858,599,862,579,862
71685 (Galnt14)	579,858,599,858,599,862,579,862
78754 (Galnt15)	579,858,599,858,599,862,579,862
108148 (Galnt2)	519,799,539,799,539,803,519,803
108150 (Galnt7)	519,799,539,799,539,803,519,803
108760 (Galnt16)	519,799,539,799,539,803,519,803
14423 (Galnt1)	519,799,539,799,539,803,519,803
14425 (Galnt3)	519,799,539,799,539,803,519,803
14426 (Galnt4)	519,799,539,799,539,803,519,803
171212 (Galnt10)	519,799,539,799,539,803,519,803
207839 (Galnt6)	519,799,539,799,539,803,519,803
212996 (Galnt17)	519,799,539,799,539,803,519,803
230145 (Galnt12)	519,799,539,799,539,803,519,803
231050 (Galnt11)	519,799,539,799,539,803,519,803
233733 (Galnt18)	519,799,539,799,539,803,519,803
241391 (Galnt5)	519,799,539,799,539,803,519,803
270049 (Galntl6)	519,799,539,799,539,803,519,803
271786 (Galnt13)	519,799,539,799,539,803,519,803
67909 (Galntl5)	519,799,539,799,539,803,519,803
71685 (Galnt14)	519,799,539,799,539,803,519,803
78754 (Galnt15)	519,799,539,799,539,803,519,803
72077 (Gcnt3)	433,711,443,721,447,721,437,711
108148 (Galnt2)	506,724,526,724,526,728,506,728
108150 (Galnt7)	506,724,526,724,526,728,506,728
108760 (Galnt16)	506,724,526,724,526,728,506,728
14423 (Galnt1)	506,724,526,724,526,728,506,728
14425 (Galnt3)	506,724,526,724,526,728,506,728
14426 (Galnt4)	506,724,526,724,526,728,506,728
171212 (Galnt10)	506,724,526,724,526,728,506,728
207839 (Galnt6)	506,724,526,724,526,728,506,728
212996 (Galnt17)	506,724,526,724,526,728,506,728
230145 (Galnt12)	506,724,526,724,526,728,506,728
231050 (Galnt11)	506,724,526,724,526,728,506,728
233733 (Galnt18)	506,724,526,724,526,728,506,728
241391 (Galnt5)	506,724,526,724,526,728,506,728
270049 (Galntl6)	506,724,526,724,526,728,506,728
271786 (Galnt13)	506,724,526,724,526,728,506,728
67909 (Galntl5)	506,724,526,724,526,728,506,728
71685 (Galnt14)	506,724,526,724,526,728,506,728
78754 (Galnt15)	506,724,526,724,526,728,506,728
59048 (C1galt1c1)	432,641,442,631,446,631,436,641
94192 (C1galt1)	432,641,442,631,446,631,436,641
14537 (Gcnt1)	433,608,443,618,447,618,437,608
218476 (Gcnt4)	433,608,443,618,447,618,437,608
72077 (Gcnt3)	433,608,443,618,447,618,437,608
108148 (Galnt2)	507,621,527,621,527,625,507,625
108150 (Galnt7)	507,621,527,621,527,625,507,625
108760 (Galnt16)	507,621,527,621,527,625,507,625
14423 (Galnt1)	507,621,527,621,527,625,507,625
14425 (Galnt3)	507,621,527,621,527,625,507,625
14426 (Galnt4)	507,621,527,621,527,625,507,625
171212 (Galnt10)	507,621,527,621,527,625,507,625
207839 (Galnt6)	507,621,527,621,527,625,507,625
212996 (Galnt17)	507,621,527,621,527,625,507,625
230145 (Galnt12)	507,621,527,621,527,625,507,625
231050 (Galnt11)	507,621,527,621,527,625,507,625
233733 (Galnt18)	507,621,527,621,527,625,507,625
241391 (Galnt5)	507,621,527,621,527,625,507,625
270049 (Galntl6)	507,621,527,621,527,625,507,625
271786 (Galnt13)	507,621,527,621,527,625,507,625
67909 (Galntl5)	507,621,527,621,527,625,507,625
71685 (Galnt14)	507,621,527,621,527,625,507,625
78754 (Galnt15)	507,621,527,621,527,625,507,625
59048 (C1galt1c1)	191,791,201,781,205,781,195,791
94192 (C1galt1)	191,791,201,781,205,781,195,791
20445 (St6galnac1)	192,758,202,768,206,768,196,758
108148 (Galnt2)	266,771,286,771,286,775,266,775
108150 (Galnt7)	266,771,286,771,286,775,266,775
108760 (Galnt16)	266,771,286,771,286,775,266,775
14423 (Galnt1)	266,771,286,771,286,775,266,775
14425 (Galnt3)	266,771,286,771,286,775,266,775
14426 (Galnt4)	266,771,286,771,286,775,266,775
171212 (Galnt10)	266,771,286,771,286,775,266,775
207839 (Galnt6)	266,771,286,771,286,775,266,775
212996 (Galnt17)	266,771,286,771,286,775,266,775
230145 (Galnt12)	266,771,286,771,286,775,266,775
231050 (Galnt11)	266,771,286,771,286,775,266,775
233733 (Galnt18)	266,771,286,771,286,775,266,775
241391 (Galnt5)	266,771,286,771,286,775,266,775
270049 (Galntl6)	266,771,286,771,286,775,266,775
271786 (Galnt13)	266,771,286,771,286,775,266,775
67909 (Galntl5)	266,771,286,771,286,775,266,775
71685 (Galnt14)	266,771,286,771,286,775,266,775
78754 (Galnt15)	266,771,286,771,286,775,266,775
108148 (Galnt2)	217,676,237,676,237,680,217,680
108150 (Galnt7)	217,676,237,676,237,680,217,680
108760 (Galnt16)	217,676,237,676,237,680,217,680
14423 (Galnt1)	217,676,237,676,237,680,217,680
14425 (Galnt3)	217,676,237,676,237,680,217,680
14426 (Galnt4)	217,676,237,676,237,680,217,680
171212 (Galnt10)	217,676,237,676,237,680,217,680
207839 (Galnt6)	217,676,237,676,237,680,217,680
212996 (Galnt17)	217,676,237,676,237,680,217,680
230145 (Galnt12)	217,676,237,676,237,680,217,680
231050 (Galnt11)	217,676,237,676,237,680,217,680
233733 (Galnt18)	217,676,237,676,237,680,217,680
241391 (Galnt5)	217,676,237,676,237,680,217,680
270049 (Galntl6)	217,676,237,676,237,680,217,680
271786 (Galnt13)	217,676,237,676,237,680,217,680
67909 (Galntl5)	217,676,237,676,237,680,217,680
71685 (Galnt14)	217,676,237,676,237,680,217,680
78754 (Galnt15)	217,676,237,676,237,680,217,680
108148 (Galnt2)	131,602,151,602,151,606,131,606
108150 (Galnt7)	131,602,151,602,151,606,131,606
108760 (Galnt16)	131,602,151,602,151,606,131,606
14423 (Galnt1)	131,602,151,602,151,606,131,606
14425 (Galnt3)	131,602,151,602,151,606,131,606
14426 (Galnt4)	131,602,151,602,151,606,131,606
171212 (Galnt10)	131,602,151,602,151,606,131,606
207839 (Galnt6)	131,602,151,602,151,606,131,606
212996 (Galnt17)	131,602,151,602,151,606,131,606
230145 (Galnt12)	131,602,151,602,151,606,131,606
231050 (Galnt11)	131,602,151,602,151,606,131,606
233733 (Galnt18)	131,602,151,602,151,606,131,606
241391 (Galnt5)	131,602,151,602,151,606,131,606
270049 (Galntl6)	131,602,151,602,151,606,131,606
271786 (Galnt13)	131,602,151,602,151,606,131,606
67909 (Galntl5)	131,602,151,602,151,606,131,606
71685 (Galnt14)	131,602,151,602,151,606,131,606
78754 (Galnt15)	131,602,151,602,151,606,131,606
mmu00533: Glycosaminoglycan biosynthesis - keratan sulfate	558,163,650,197
mmu00512: Mucin type O-glycan biosynthesis	40,45,339,70
