16881 (Lig1)	1135,1222,1181,1239
14156 (Fen1)	1058,1222,1104,1239
327762 (Dna2)	980,1221,1026,1238
69724 (Rnaseh2a)	1044,1165,1090,1182
67153 (Rnaseh2b)	1090,1165,1136,1182
106344 (Rfc4)	1090,1107,1136,1124
19718 (Rfc2)	1090,1107,1136,1124
68209 (Rnaseh2c)	1136,1165,1182,1182
69263 (Rfc3)	1136,1107,1182,1124
72151 (Rfc5)	1136,1107,1182,1124
18538 (Pcna)	980,1107,1026,1124
68240 (Rpa3)	1136,1056,1182,1073
17218 (Mcm5)	1045,1039,1091,1056
69745 (Pold4)	1136,909,1182,926
67967 (Pold3)	1090,909,1136,926
66979 (Pole4)	1136,967,1182,984
59001 (Pole3)	1090,967,1136,984
381760 (Ssbp1)	1135,300,1181,317
19819 (Rnaseh1)	980,357,1026,374
17216 (Mcm2)	999,1022,1045,1039
17215 (Mcm3)	1045,1022,1091,1039
17217 (Mcm4)	999,1039,1045,1056
18968 (Pola1)	998,853,1044,870
18969 (Pola2)	1044,853,1090,870
19075 (Prim1)	1090,853,1136,870
19076 (Prim2)	1136,853,1182,870
18971 (Pold1)	998,909,1044,926
18972 (Pold2)	1044,909,1090,926
18973 (Pole)	998,967,1044,984
18974 (Pole2)	1044,967,1090,984
17219 (Mcm6)	999,1056,1045,1073
17220 (Mcm7)	1045,1056,1091,1073
68275 (Rpa1)	1136,1022,1182,1039
19891 (Rpa2)	1136,1039,1182,1056
19687 (Rfc1)	1044,1107,1090,1124
68275 (Rpa1)	1135,600,1181,617
18538 (Pcna)	980,670,1026,687
19819 (Rnaseh1)	1135,670,1181,687
16881 (Lig1)	1135,744,1181,761
14156 (Fen1)	1058,744,1104,762
327762 (Dna2)	980,744,1026,761
19819 (Rnaseh1)	980,1165,1026,1182
mmu03030: DNA replication	40,45,191,70
