C05606 (Melanin)	551,657,4
C00082 (L-Tyrosine)	357,656,4
C00076 (Calcium cation)	443,429,4
C01245 (D-myo-Inositol 1,4,5-trisphosphate)	342,429,4
C00165 (Diacylglycerol)	342,476,4
C00575 (3',5'-Cyclic AMP)	222,189,4
13542 (Dvl1)	314,266,360,283
13543 (Dvl2)	314,266,360,283
13544 (Dvl3)	314,266,360,283
13190 (Dct)	487,582,533,599
22178 (Tyrp1)	429,582,475,599
22173 (Tyr)	372,582,418,599
17342 (Mitf)	509,319,555,336
13190 (Dct)	779,416,825,433
22178 (Tyrp1)	779,394,825,411
22173 (Tyr)	779,371,825,388
18747 (Prkaca)	466,468,512,485
18749 (Prkacb)	466,468,512,485
108058 (Camk2d)	548,421,594,438
12322 (Camk2a)	548,421,594,438
12323 (Camk2b)	548,421,594,438
12325 (Camk2g)	548,421,594,438
12313 (Calm1)	475,421,521,438
12314 (Calm2)	475,421,521,438
12315 (Calm3)	475,421,521,438
494124 (Calm5)	475,421,521,438
70405 (Calml3)	475,421,521,438
75600 (Calml4)	475,421,521,438
80796 (Calm4)	475,421,521,438
14677 (Gnai1)	190,443,236,460
14678 (Gnai2)	190,443,236,460
14679 (Gnai3)	190,443,236,460
14681 (Gnao1)	190,443,236,460
13618 (Ednrb)	116,443,162,460
16590 (Kit)	116,354,162,371
17342 (Mitf)	779,226,825,243
17311 (Kitl)	43,354,89,371
14362 (Fzd1)	116,266,162,283
14365 (Fzd3)	116,266,162,283
14366 (Fzd4)	116,266,162,283
14367 (Fzd5)	116,266,162,283
14368 (Fzd6)	116,266,162,283
14369 (Fzd7)	116,266,162,283
14370 (Fzd8)	116,266,162,283
14371 (Fzd9)	116,266,162,283
57265 (Fzd2)	116,266,162,283
93897 (Fzd10)	116,266,162,283
18795 (Plcb1)	262,443,308,460
18796 (Plcb2)	262,443,308,460
18797 (Plcb3)	262,443,308,460
18798 (Plcb4)	262,443,308,460
50518 (a)	43,158,89,175
12914 (Crebbp)	658,198,704,215
328572 (Ep300)	658,198,704,215
18747 (Prkaca)	267,180,313,197
18749 (Prkacb)	267,180,313,197
16842 (Lef1)	658,265,704,282
21414 (Tcf7)	658,265,704,282
21415 (Tcf7l1)	658,265,704,282
21416 (Tcf7l2)	658,265,704,282
14683 (Gnas)	198,124,244,141
18751 (Prkcb)	302,537,348,554
12912 (Creb1)	658,181,704,198
12913 (Creb3)	658,181,704,198
208647 (Creb3l2)	658,181,704,198
208677 (Creb3l3)	658,181,704,198
26427 (Creb3l1)	658,181,704,198
78284 (Creb3l4)	658,181,704,198
104110 (Adcy4)	116,179,162,196
104111 (Adcy3)	116,179,162,196
11512 (Adcy6)	116,179,162,196
11513 (Adcy7)	116,179,162,196
11514 (Adcy8)	116,179,162,196
11515 (Adcy9)	116,179,162,196
210044 (Adcy2)	116,179,162,196
224129 (Adcy5)	116,179,162,196
432530 (Adcy1)	116,179,162,196
18750 (Prkca)	384,468,430,485
18751 (Prkcb)	384,468,430,485
18752 (Prkcg)	384,468,430,485
56637 (Gsk3b)	413,266,459,283
12387 (Ctnnb1)	512,266,558,283
18976 (Pomc)	43,124,89,141
14681 (Gnao1)	215,266,261,283
14682 (Gnaq)	215,266,261,283
17199 (Mc1r)	116,124,162,141
20890 (Wnt8a)	43,266,89,283
216795 (Wnt9a)	43,266,89,283
22408 (Wnt1)	43,266,89,283
22409 (Wnt10a)	43,266,89,283
22410 (Wnt10b)	43,266,89,283
22411 (Wnt11)	43,266,89,283
22412 (Wnt9b)	43,266,89,283
22413 (Wnt2)	43,266,89,283
22414 (Wnt2b)	43,266,89,283
22415 (Wnt3)	43,266,89,283
22416 (Wnt3a)	43,266,89,283
22417 (Wnt4)	43,266,89,283
22418 (Wnt5a)	43,266,89,283
22419 (Wnt5b)	43,266,89,283
22420 (Wnt6)	43,266,89,283
22421 (Wnt7a)	43,266,89,283
22422 (Wnt7b)	43,266,89,283
22423 (Wnt8b)	43,266,89,283
93735 (Wnt16)	43,266,89,283
26413 (Mapk1)	433,354,479,371
26417 (Mapk3)	433,354,479,371
26395 (Map2k1)	353,354,399,371
26396 (Map2k2)	353,354,399,371
110157 (Raf1)	274,354,320,371
15461 (Hras)	194,354,240,371
16653 (Kras)	194,354,240,371
18176 (Nras)	194,354,240,371
13614 (Edn1)	43,443,89,460
mmu04916: Melanogenesis	40,45,181,70
mmu04310: Wnt signaling pathway	266,222,375,256
mmu00350: Tyrosine metabolism	398,640,507,674
mmu05218: Melanoma	640,353,732,378
mmu04010: MAPK signaling pathway	264,312,374,346
