C01245 (D-myo-Inositol 1,4,5-trisphosphate)	425,540,4
C00076 (Calcium cation)	408,595,4
C00076 (Calcium cation)	744,514,4
C00533 (Nitric oxide)	561,702,4
C16845 (Peroxynitrite)	638,703,4
C00076 (Calcium cation)	681,513,4
C00027 (Hydrogen peroxide)	238,751,4
C00070 (Copper)	201,695,4
C14818 (Fe2+)	201,725,4
66340 (Psenen)	356,271,402,288
19164 (Psen1)	402,271,448,288
19165 (Psen2)	402,271,448,288
59287 (Ncstn)	356,288,402,305
208117 (Aph1b)	402,288,448,305
226548 (Aph1a)	402,288,448,305
68318 (Aph1c)	402,288,448,305
23821 (Bace1)	376,221,422,238
56175 (Bace2)	376,221,422,238
11487 (Adam10)	374,118,420,135
11491 (Adam17)	374,118,420,135
21926 (Tnf)	172,786,218,803
11820 (App)	253,166,299,183
12371 (Casp9)	787,420,833,437
12364 (Casp12)	877,590,923,607
12367 (Casp3)	862,420,908,437
13063 (Cycs)	689,401,735,418
13067 (Cyct)	689,401,735,418
11783 (Apaf1)	689,439,735,456
100041273 (Ndufb4c)	546,201,592,218
100042503 (Ndufb4b)	546,201,592,218
104130 (Ndufb11)	546,201,592,218
17991 (Ndufa2)	546,201,592,218
17992 (Ndufa4)	546,201,592,218
17993 (Ndufs4)	546,201,592,218
17995 (Ndufv1)	546,201,592,218
225887 (Ndufs8)	546,201,592,218
226646 (Ndufs2)	546,201,592,218
227197 (Ndufs1)	546,201,592,218
230075 (Ndufb6)	546,201,592,218
407785 (Ndufs6)	546,201,592,218
407790 (Ndufa4l2)	546,201,592,218
54405 (Ndufa1)	546,201,592,218
595136 (Ndufs5)	546,201,592,218
66046 (Ndufb5)	546,201,592,218
66091 (Ndufa3)	546,201,592,218
66108 (Ndufa9)	546,201,592,218
66218 (Ndufb9)	546,201,592,218
66377 (Ndufc1)	546,201,592,218
66414 (Ndufa12)	546,201,592,218
66416 (Ndufa7)	546,201,592,218
66495 (Ndufb3)	546,201,592,218
66916 (Ndufb7)	546,201,592,218
67130 (Ndufa6)	546,201,592,218
67184 (Ndufa13)	546,201,592,218
67264 (Ndufb8)	546,201,592,218
67273 (Ndufa10)	546,201,592,218
68194 (Ndufb4)	546,201,592,218
68197 (Ndufc2)	546,201,592,218
68198 (Ndufb2)	546,201,592,218
68202 (Ndufa5)	546,201,592,218
68342 (Ndufb10)	546,201,592,218
68349 (Ndufs3)	546,201,592,218
68375 (Ndufa8)	546,201,592,218
69875 (Ndufa11)	546,201,592,218
70316 (Ndufab1)	546,201,592,218
72900 (Ndufv2)	546,201,592,218
75406 (Ndufs7)	546,201,592,218
78330 (Ndufv3)	546,201,592,218
66052 (Sdhc)	546,230,592,247
66925 (Sdhd)	546,230,592,247
66945 (Sdha)	546,230,592,247
67680 (Sdhb)	546,230,592,247
17711 (CYTB)	546,258,592,275
22272 (Uqcrq)	546,258,592,275
22273 (Uqcrc1)	546,258,592,275
66152 (Uqcr10)	546,258,592,275
66445 (Cyc1)	546,258,592,275
66576 (Uqcrh)	546,258,592,275
66594 (Uqcr11)	546,258,592,275
66694 (Uqcrfs1)	546,258,592,275
67003 (Uqcrc2)	546,258,592,275
67530 (Uqcrb)	546,258,592,275
11946 (Atp5a1)	546,316,592,333
11947 (Atp5b)	546,316,592,333
11949 (Atp5c1)	546,316,592,333
11950 (Atp5pb)	546,316,592,333
11951 (Atp5g1)	546,316,592,333
11957 (Atp5j)	546,316,592,333
17705 (ATP6)	546,316,592,333
17706 (ATP8)	546,316,592,333
228033 (Atp5g3)	546,316,592,333
28080 (Atp5o)	546,316,592,333
66043 (Atp5d)	546,316,592,333
67126 (Atp5e)	546,316,592,333
67942 (Atp5g2)	546,316,592,333
71679 (Atp5h)	546,316,592,333
110323 (Cox6b1)	546,288,592,305
12857 (Cox4i1)	546,288,592,305
12858 (Cox5a)	546,288,592,305
12859 (Cox5b)	546,288,592,305
12861 (Cox6a1)	546,288,592,305
12862 (Cox6a2)	546,288,592,305
12864 (Cox6c)	546,288,592,305
12865 (Cox7a1)	546,288,592,305
12866 (Cox7a2)	546,288,592,305
12867 (Cox7c)	546,288,592,305
12868 (Cox8a)	546,288,592,305
12869 (Cox8b)	546,288,592,305
17708 (COX1)	546,288,592,305
17709 (COX2)	546,288,592,305
17710 (COX3)	546,288,592,305
20463 (Cox7a2l)	546,288,592,305
333182 (Cox6b2)	546,288,592,305
66142 (Cox7b)	546,288,592,305
75483 (Cox8c)	546,288,592,305
78174 (Cox7b2)	546,288,592,305
84682 (Cox4i2)	546,288,592,305
20192 (Ryr3)	564,576,610,593
16438 (Itpr1)	564,606,610,623
16439 (Itpr2)	564,606,610,623
16440 (Itpr3)	564,606,610,623
11937 (Atp2a1)	720,547,766,564
11938 (Atp2a2)	720,547,766,564
53313 (Atp2a3)	720,547,766,564
19164 (Psen1)	656,548,702,565
19165 (Psen2)	656,548,702,565
14682 (Gnaq)	329,489,375,506
18795 (Plcb1)	401,490,447,507
18796 (Plcb2)	401,490,447,507
18797 (Plcb3)	401,490,447,507
18798 (Plcb4)	401,490,447,507
14810 (Grin1)	255,588,301,605
14811 (Grin2a)	255,588,301,605
14812 (Grin2b)	255,588,301,605
14813 (Grin2c)	255,588,301,605
14814 (Grin2d)	255,588,301,605
12288 (Cacna1c)	255,623,301,640
12289 (Cacna1d)	255,623,301,640
12292 (Cacna1s)	255,623,301,640
54652 (Cacna1f)	255,623,301,640
15108 (Hsd17b10)	614,325,660,342
12333 (Capn1)	386,692,432,709
12334 (Capn2)	386,692,432,709
12569 (Cdk5r1)	386,743,432,760
12569 (Cdk5r1)	475,743,521,760
12568 (Cdk5)	475,783,521,800
17762 (Mapt)	588,763,634,780
14102 (Fas)	254,423,300,440
21937 (Tnfrsf1a)	254,423,300,440
14082 (Fadd)	327,424,373,441
12370 (Casp8)	400,424,446,441
12122 (Bid)	471,424,517,441
26413 (Mapk1)	566,493,612,510
26417 (Mapk3)	566,493,612,510
18125 (Nos1)	445,692,491,709
13666 (Eif2ak3)	636,631,682,648
78943 (Ern1)	691,631,737,648
226641 (Atf6)	745,631,791,648
11816 (Apoe)	188,392,234,409
12313 (Calm1)	544,446,590,463
12314 (Calm2)	544,446,590,463
12315 (Calm3)	544,446,590,463
494124 (Calm5)	544,446,590,463
70405 (Calml3)	544,446,590,463
75600 (Calml4)	544,446,590,463
80796 (Calm4)	544,446,590,463
19055 (Ppp3ca)	614,446,660,463
19056 (Ppp3cb)	614,446,660,463
19057 (Ppp3cc)	614,446,660,463
19058 (Ppp3r1)	614,446,660,463
19059 (Ppp3r2)	614,446,660,463
12015 (Bad)	632,406,678,423
15925 (Ide)	104,315,150,332
17380 (Mme)	104,351,150,368
11785 (Apbb1)	333,168,379,185
16971 (Lrp1)	254,383,300,400
16956 (Lpl)	188,375,234,392
14433 (Gapdh)	333,192,379,209
234664 (Nae1)	333,144,379,161
12367 (Casp3)	640,805,686,822
12369 (Casp7)	640,828,686,845
56637 (Gsk3b)	557,797,603,814
20617 (Snca)	104,494,150,511
16176 (Il1b)	172,822,218,839
20168 (Rtn3)	440,243,486,260
68585 (Rtn4)	440,243,486,260
mmu05010: Alzheimer disease	40,45,224,70
mmu00190: Oxidative phosphorylation	512,120,625,154
mmu04210: Apoptosis	830,387,943,412
mmu04020: Calcium signaling pathway	467,633,580,667
