C00031 (D-Glucose)	452,385,4
C00162 (Fatty acid)	353,819,4
16333 (Ins1)	426,247,472,264
16334 (Ins2)	426,247,472,264
16367 (Irs1)	996,247,1042,264
384783 (Irs2)	996,247,1042,264
11651 (Akt1)	1198,247,1244,264
11652 (Akt2)	1198,247,1244,264
23797 (Akt3)	1198,247,1244,264
20787 (Srebf1)	938,317,984,334
208104 (Mlxip)	697,377,743,394
21428 (Mlx)	697,377,743,394
58805 (Mlxipl)	697,377,743,394
18770 (Pklr)	873,377,919,394
21926 (Tnf)	426,211,472,228
18033 (Nfkb1)	697,211,743,228
19697 (Rela)	697,211,743,228
16193 (Il6)	426,147,472,164
12702 (Socs3)	785,147,831,164
18706 (Pik3ca)	1079,247,1125,264
18707 (Pik3cd)	1079,247,1125,264
18708 (Pik3r1)	1079,247,1125,264
18709 (Pik3r2)	1079,247,1125,264
18710 (Pik3r3)	1079,247,1125,264
74769 (Pik3cb)	1079,247,1125,264
56637 (Gsk3b)	1282,247,1328,264
606496 (Gsk3a)	1282,247,1328,264
19013 (Ppara)	614,539,660,556
11450 (Adipoq)	426,491,472,508
105787 (Prkaa1)	614,491,660,508
108079 (Prkaa2)	614,491,660,508
108097 (Prkab2)	614,491,660,508
108099 (Prkag2)	614,491,660,508
19079 (Prkab1)	614,491,660,508
19082 (Prkag1)	614,491,660,508
241113 (Prkag3)	614,491,660,508
16846 (Lep)	426,419,472,436
68465 (Adipor2)	521,491,567,508
72674 (Adipor1)	521,491,567,508
12370 (Casp8)	697,1025,743,1042
12122 (Bid)	771,1025,817,1042
13063 (Cycs)	1186,1025,1232,1042
13067 (Cyct)	1186,1025,1232,1042
12367 (Casp3)	1282,1013,1328,1030
12369 (Casp7)	1282,1038,1328,1055
12028 (Bax)	850,1011,896,1028
14102 (Fas)	522,1026,568,1043
13666 (Eif2ak3)	771,869,817,886
13665 (Eif2s1)	850,869,896,886
12125 (Bcl2l11)	850,966,896,983
11911 (Atf4)	930,869,976,886
13198 (Ddit3)	850,918,896,935
13106 (Cyp2e1)	771,842,817,859
21803 (Tgfb1)	1282,874,1328,891
21926 (Tnf)	1282,831,1328,848
14103 (Fasl)	1282,809,1328,826
78943 (Ern1)	771,744,817,761
22030 (Traf2)	850,744,896,761
16476 (Jun)	1125,705,1171,722
26414 (Mapk10)	1125,729,1171,746
26419 (Mapk8)	1125,729,1171,746
26420 (Mapk9)	1125,729,1171,746
16150 (Ikbkb)	996,767,1042,784
18033 (Nfkb1)	1125,767,1171,784
19697 (Rela)	1125,767,1171,784
16175 (Il1a)	1282,723,1328,740
16176 (Il1b)	1282,723,1328,740
16193 (Il6)	1282,743,1328,760
21926 (Tnf)	1282,767,1328,784
26408 (Map3k5)	896,717,942,734
12540 (Cdc42)	614,625,660,642
19353 (Rac1)	614,648,660,665
26403 (Map3k11)	697,636,743,653
21926 (Tnf)	426,683,472,700
26414 (Mapk10)	614,683,660,700
26419 (Mapk8)	614,683,660,700
26420 (Mapk9)	614,683,660,700
16396 (Itch)	614,774,660,791
14103 (Fasl)	426,1026,472,1043
110323 (Cox6b1)	1061,1061,1107,1078
12857 (Cox4i1)	1061,1061,1107,1078
12858 (Cox5a)	1061,1061,1107,1078
12859 (Cox5b)	1061,1061,1107,1078
12861 (Cox6a1)	1061,1061,1107,1078
12862 (Cox6a2)	1061,1061,1107,1078
12864 (Cox6c)	1061,1061,1107,1078
12865 (Cox7a1)	1061,1061,1107,1078
12866 (Cox7a2)	1061,1061,1107,1078
12867 (Cox7c)	1061,1061,1107,1078
12868 (Cox8a)	1061,1061,1107,1078
12869 (Cox8b)	1061,1061,1107,1078
17708 (COX1)	1061,1061,1107,1078
17709 (COX2)	1061,1061,1107,1078
17710 (COX3)	1061,1061,1107,1078
20463 (Cox7a2l)	1061,1061,1107,1078
333182 (Cox6b2)	1061,1061,1107,1078
66142 (Cox7b)	1061,1061,1107,1078
75483 (Cox8c)	1061,1061,1107,1078
78174 (Cox7b2)	1061,1061,1107,1078
84682 (Cox4i2)	1061,1061,1107,1078
100041273 (Ndufb4c)	917,1061,963,1078
100042503 (Ndufb4b)	917,1061,963,1078
104130 (Ndufb11)	917,1061,963,1078
17991 (Ndufa2)	917,1061,963,1078
17992 (Ndufa4)	917,1061,963,1078
17993 (Ndufs4)	917,1061,963,1078
17995 (Ndufv1)	917,1061,963,1078
225887 (Ndufs8)	917,1061,963,1078
226646 (Ndufs2)	917,1061,963,1078
227197 (Ndufs1)	917,1061,963,1078
230075 (Ndufb6)	917,1061,963,1078
407785 (Ndufs6)	917,1061,963,1078
407790 (Ndufa4l2)	917,1061,963,1078
54405 (Ndufa1)	917,1061,963,1078
595136 (Ndufs5)	917,1061,963,1078
66046 (Ndufb5)	917,1061,963,1078
66091 (Ndufa3)	917,1061,963,1078
66108 (Ndufa9)	917,1061,963,1078
66218 (Ndufb9)	917,1061,963,1078
66377 (Ndufc1)	917,1061,963,1078
66414 (Ndufa12)	917,1061,963,1078
66416 (Ndufa7)	917,1061,963,1078
66495 (Ndufb3)	917,1061,963,1078
66916 (Ndufb7)	917,1061,963,1078
67130 (Ndufa6)	917,1061,963,1078
67184 (Ndufa13)	917,1061,963,1078
67264 (Ndufb8)	917,1061,963,1078
67273 (Ndufa10)	917,1061,963,1078
68194 (Ndufb4)	917,1061,963,1078
68197 (Ndufc2)	917,1061,963,1078
68198 (Ndufb2)	917,1061,963,1078
68202 (Ndufa5)	917,1061,963,1078
68342 (Ndufb10)	917,1061,963,1078
68349 (Ndufs3)	917,1061,963,1078
68375 (Ndufa8)	917,1061,963,1078
69875 (Ndufa11)	917,1061,963,1078
70316 (Ndufab1)	917,1061,963,1078
72900 (Ndufv2)	917,1061,963,1078
75406 (Ndufs7)	917,1061,963,1078
78330 (Ndufv3)	917,1061,963,1078
66052 (Sdhc)	965,1061,1011,1078
66925 (Sdhd)	965,1061,1011,1078
66945 (Sdha)	965,1061,1011,1078
67680 (Sdhb)	965,1061,1011,1078
17711 (CYTB)	1013,1061,1059,1078
22272 (Uqcrq)	1013,1061,1059,1078
22273 (Uqcrc1)	1013,1061,1059,1078
66152 (Uqcr10)	1013,1061,1059,1078
66445 (Cyc1)	1013,1061,1059,1078
66576 (Uqcrh)	1013,1061,1059,1078
66594 (Uqcr11)	1013,1061,1059,1078
66694 (Uqcrfs1)	1013,1061,1059,1078
67003 (Uqcrc2)	1013,1061,1059,1078
67530 (Uqcrb)	1013,1061,1059,1078
22433 (Xbp1)	771,571,817,588
16847 (Lepr)	521,419,567,436
22259 (Nr1h3)	697,317,743,334
20181 (Rxra)	785,317,831,334
16333 (Ins1)	426,317,472,334
16334 (Ins2)	426,317,472,334
16337 (Insr)	521,317,567,334
20181 (Rxra)	697,539,743,556
16337 (Insr)	521,247,567,264
12606 (Cebpa)	1124,597,1170,614
16194 (Il6ra)	521,147,567,164
21937 (Tnfrsf1a)	521,211,567,228
mmu04932: Non-alcoholic fatty liver disease (NAFLD)	50,55,413,80
mmu00061: Fatty acid biosynthesis	1573,318,1665,352
mao04910: Insulin signaling pathway	346,266,479,291
mmu04930: Type II diabetes mellitus	1055,151,1147,185
mmu04151: PI3K-Akt signaling pathway	1054,198,1151,232
mmu04920: Adipocytokine signaling pathway	422,442,523,476
mmu03320: PPAR signaling pathway	398,559,527,584
mmu04141: Protein processing in endoplasmic reticulum	803,784,930,818
mmu00190: Oxidative phosphorylation	1178,1089,1270,1123
mmu04210: Apoptosis	1419,1050,1511,1075
mmu04668: TNF signaling pathway	316,211,408,245
