C05981 (Phosphatidylinositol-3,4,5-trisphosphate)	584,235,4
C05981 (Phosphatidylinositol-3,4,5-trisphosphate)	584,422,4
C05981 (Phosphatidylinositol-3,4,5-trisphosphate)	584,643,4
C00575 (3',5'-Cyclic AMP)	584,825,4
C00575 (3',5'-Cyclic AMP)	584,188,4
56458 (Foxo1)	986,224,1032,241
56484 (Foxo3)	986,224,1032,241
58988 (Rps6kb2)	759,273,805,290
72508 (Rps6kb1)	759,273,805,290
56717 (Mtor)	682,273,728,290
67605 (Akt1s1)	682,273,728,290
74370 (Rptor)	682,273,728,290
11651 (Akt1)	693,224,739,241
11652 (Akt2)	693,224,739,241
23797 (Akt3)	693,224,739,241
18706 (Pik3ca)	490,224,536,241
18707 (Pik3cd)	490,224,536,241
18708 (Pik3r1)	490,224,536,241
18709 (Pik3r2)	490,224,536,241
18710 (Pik3r3)	490,224,536,241
74769 (Pik3cb)	490,224,536,241
16000 (Igf1)	226,237,272,254
16001 (Igf1r)	315,237,361,254
16367 (Irs1)	404,206,450,223
16369 (Irs3)	404,206,450,223
16370 (Irs4)	404,206,450,223
384783 (Irs2)	404,206,450,223
15461 (Hras)	404,250,450,267
16653 (Kras)	404,250,450,267
18176 (Nras)	404,250,450,267
56484 (Foxo3)	986,413,1032,430
58988 (Rps6kb2)	759,467,805,484
72508 (Rps6kb1)	759,467,805,484
56717 (Mtor)	682,467,728,484
74370 (Rptor)	682,467,728,484
11651 (Akt1)	693,413,739,430
11652 (Akt2)	693,413,739,430
23797 (Akt3)	693,413,739,430
18706 (Pik3ca)	490,413,536,430
18707 (Pik3cd)	490,413,536,430
18708 (Pik3r1)	490,413,536,430
18709 (Pik3r2)	490,413,536,430
18710 (Pik3r3)	490,413,536,430
74769 (Pik3cb)	490,413,536,430
16000 (Igf1)	226,413,272,430
16333 (Ins1)	226,413,272,430
16334 (Ins2)	226,413,272,430
16001 (Igf1r)	316,413,362,430
16367 (Irs1)	404,390,450,407
56484 (Foxo3)	986,634,1032,651
11651 (Akt1)	695,634,741,651
11652 (Akt2)	695,634,741,651
23797 (Akt3)	695,634,741,651
18706 (Pik3ca)	490,633,536,650
18707 (Pik3cd)	490,633,536,650
74769 (Pik3cb)	490,633,536,650
16337 (Insr)	316,633,362,650
16653 (Kras)	404,815,450,832
18747 (Prkaca)	695,815,741,832
18749 (Prkacb)	695,815,741,832
58988 (Rps6kb2)	759,693,803,710
72508 (Rps6kb1)	759,693,803,710
56717 (Mtor)	682,693,728,710
74370 (Rptor)	682,693,728,710
56717 (Mtor)	692,898,738,915
13688 (Eif4ebp2)	986,491,1032,508
15376 (Foxa2)	986,693,1032,710
16367 (Irs1)	404,606,450,623
18747 (Prkaca)	693,180,739,197
18749 (Prkacb)	693,180,739,197
104110 (Adcy4)	490,180,536,197
104111 (Adcy3)	490,180,536,197
11512 (Adcy6)	490,180,536,197
11513 (Adcy7)	490,180,536,197
11514 (Adcy8)	490,180,536,197
11515 (Adcy9)	490,180,536,197
210044 (Adcy2)	490,180,536,197
224129 (Adcy5)	490,180,536,197
432530 (Adcy1)	490,180,536,197
105787 (Prkaa1)	605,273,651,290
108079 (Prkaa2)	605,273,651,290
108097 (Prkab2)	605,273,651,290
108099 (Prkag2)	605,273,651,290
19079 (Prkab1)	605,273,651,290
19082 (Prkag1)	605,273,651,290
241113 (Prkag3)	605,273,651,290
16333 (Ins1)	226,214,272,231
16334 (Ins2)	226,214,272,231
16337 (Insr)	316,214,362,231
20656 (Sod2)	1266,216,1312,233
20655 (Sod1)	1266,441,1312,458
20656 (Sod2)	1266,441,1312,458
20656 (Sod2)	1266,658,1312,675
12955 (Cryab)	1266,467,1312,484
15481 (Hspa8)	1266,467,1312,484
15482 (Hspa1l)	1266,467,1312,484
15511 (Hspa1b)	1266,467,1312,484
15512 (Hspa2)	1266,467,1312,484
193740 (Hspa1a)	1266,467,1312,484
20480 (Clpb)	1266,923,1312,940
105787 (Prkaa1)	605,467,651,484
108079 (Prkaa2)	605,467,651,484
108097 (Prkab2)	605,467,651,484
108099 (Prkag2)	605,467,651,484
19079 (Prkab1)	605,467,651,484
19082 (Prkag1)	605,467,651,484
241113 (Prkag3)	605,467,651,484
12359 (Cat)	1266,240,1312,257
11793 (Atg5)	1266,265,1312,282
12359 (Cat)	1266,681,1312,698
12359 (Cat)	1266,897,1312,914
20656 (Sod2)	1266,869,1312,886
93759 (Sirt1)	923,757,969,774
93759 (Sirt1)	923,301,969,318
93759 (Sirt1)	923,561,969,578
15182 (Hdac2)	904,527,950,544
433759 (Hdac1)	904,527,950,544
mmu04213: Longevity regulating pathway - multiple species	40,45,475,70
mmu04910: Insulin signaling pathway	198,317,306,351
mmu04150: mTOR signaling pathway	695,317,803,351
mmu04151: PI3K-Akt signaling pathway	425,317,545,351
mmu04068: FoxO signaling pathway	1040,194,1148,228
mmu04152: AMPK signaling pathway	561,317,681,351
mmu04211: Longevity regulating pathway	167,166,296,200
map04212: Longevity regulating pathway - worm	167,578,296,612
