17128 (Smad4)	643,853,689,870
12550 (Cdh1)	1001,792,1047,809
12385 (Ctnna1)	487,639,533,656
12386 (Ctnna2)	487,639,533,656
216033 (Ctnna3)	487,639,533,656
12388 (Ctnnd1)	302,652,348,669
12388 (Ctnnd1)	310,256,356,273
12550 (Cdh1)	257,638,303,655
12550 (Cdh1)	257,336,303,353
12550 (Cdh1)	84,336,130,353
16842 (Lef1)	790,469,836,486
21414 (Tcf7)	790,469,836,486
21415 (Tcf7l1)	790,469,836,486
21416 (Tcf7l2)	790,469,836,486
18099 (Nlk)	718,911,764,928
26409 (Map3k7)	643,911,689,928
12914 (Crebbp)	643,880,689,897
328572 (Ep300)	643,880,689,897
17127 (Smad3)	643,836,689,853
22612 (Yes1)	444,733,490,750
14360 (Fyn)	382,715,428,732
14158 (Fer)	382,694,428,711
20613 (Snai1)	867,807,913,824
20583 (Snai2)	867,778,913,795
26413 (Mapk1)	643,778,689,795
26417 (Mapk3)	643,778,689,795
21812 (Tgfbr1)	257,836,303,853
21813 (Tgfbr2)	257,836,303,853
14182 (Fgfr1)	257,803,303,820
13649 (Egfr)	257,777,303,794
13866 (Erbb2)	257,777,303,794
17295 (Met)	257,752,303,769
16337 (Insr)	257,728,303,745
16001 (Igf1r)	257,704,303,721
12995 (Csnk2a1)	414,397,460,414
13000 (Csnk2a2)	414,397,460,414
13001 (Csnk2b)	414,397,460,414
19271 (Ptprj)	313,488,359,505
15170 (Ptpn6)	313,467,359,484
19246 (Ptpn1)	313,446,359,463
19268 (Ptprf)	257,464,303,481
19263 (Ptprb)	257,442,303,459
19274 (Ptprm)	257,420,303,437
11431 (Acp1)	257,398,303,415
11848 (Rhoa)	650,609,696,626
67653 (4930544G11Rik)	650,609,696,626
11848 (Rhoa)	617,376,663,393
67653 (4930544G11Rik)	617,376,663,393
242687 (Wasf2)	887,285,933,302
245880 (Wasf3)	887,285,933,302
83767 (Wasf1)	887,285,933,302
108100 (Baiap2)	887,268,933,285
22376 (Was)	775,268,821,285
73178 (Wasl)	721,268,767,285
170758 (Rac3)	712,700,758,717
19353 (Rac1)	712,700,758,717
19354 (Rac2)	712,700,758,717
170758 (Rac3)	887,223,933,240
19353 (Rac1)	887,223,933,240
19354 (Rac2)	887,223,933,240
12540 (Cdc42)	775,223,821,240
11461 (Actb)	663,638,709,655
11465 (Actg1)	663,638,709,655
11461 (Actb)	663,336,709,353
11465 (Actg1)	663,336,709,353
12385 (Ctnna1)	487,337,533,354
12386 (Ctnna2)	487,337,533,354
216033 (Ctnna3)	487,337,533,354
21872 (Tjp1)	600,659,646,676
21872 (Tjp1)	610,292,656,309
22330 (Vcl)	550,681,596,698
22330 (Vcl)	557,292,603,309
20411 (Sorbs1)	557,257,603,274
109711 (Actn1)	550,659,596,676
60595 (Actn4)	550,659,596,676
109711 (Actn1)	469,292,515,309
60595 (Actn4)	469,292,515,309
99167 (Ssx2ip)	496,257,542,274
380928 (Lmo7)	438,257,484,274
17356 (Afdn)	600,681,646,698
17356 (Afdn)	485,218,531,235
12387 (Ctnnb1)	684,497,730,514
12550 (Cdh1)	84,638,130,655
12387 (Ctnnb1)	400,638,446,655
29875 (Iqgap1)	698,671,744,688
29875 (Iqgap1)	412,605,458,622
29875 (Iqgap1)	829,268,875,285
12540 (Cdc42)	427,580,473,597
170758 (Rac3)	427,580,473,597
19353 (Rac1)	427,580,473,597
19354 (Rac2)	427,580,473,597
12388 (Ctnnd1)	302,350,348,367
12388 (Ctnnd1)	604,581,650,598
20779 (Src)	432,694,478,711
19294 (Nectin2)	84,218,130,235
58235 (Nectin1)	84,218,130,235
58998 (Nectin3)	84,218,130,235
71740 (Nectin4)	84,218,130,235
12387 (Ctnnb1)	400,336,446,353
29875 (Iqgap1)	385,308,431,325
12540 (Cdc42)	358,277,404,294
170758 (Rac3)	358,277,404,294
19353 (Rac1)	358,277,404,294
19354 (Rac2)	358,277,404,294
20779 (Src)	419,165,465,182
19294 (Nectin2)	257,218,303,235
58235 (Nectin1)	257,218,303,235
58998 (Nectin3)	257,218,303,235
71740 (Nectin4)	257,218,303,235
93742 (Pard3)	327,165,373,182
227377 (Farp2)	510,165,556,182
mmu04520: Adherens junction	40,45,212,70
mmu04530: Tight junction	598,105,708,130
mmu04810: Regulation of actin cytoskeleton	598,184,709,218
mmu04310: Wnt signaling pathway	505,489,614,522
mmu04010: MAPK signaling pathway	465,771,571,805
mmu04350: TGF-beta signaling pathway	464,829,571,863
mmu04060: Cytokine-cytokine receptor interaction	135,772,240,817
