C00076 (Calcium cation)	479,567,4
C00533 (Nitric oxide)	456,237,4
C02737 (Phosphatidylserine)	169,292,4
C00195 (N-Acylsphingosine)	487,611,4
C00219 (Arachidonate)	422,330,4
C00584 (Prostaglandin E2)	513,330,4
16401 (Itga4)	227,487,273,504
16412 (Itgb1)	227,487,273,504
14129 (Fcgr1)	227,457,273,474
14131 (Fcgr3)	227,457,273,474
246256 (Fcgr4)	227,457,273,474
12266 (C3)	159,397,205,414
18751 (Prkcb)	504,571,550,588
17969 (Ncf1)	609,571,655,588
12266 (C3)	159,419,205,436
12946 (Cr1l)	227,397,273,414
16409 (Itgam)	227,419,273,436
16414 (Itgb2)	227,419,273,436
16415 (Itgb2l)	227,419,273,436
15978 (Ifng)	168,808,214,825
16451 (Jak1)	303,809,349,826
16452 (Jak2)	303,809,349,826
20846 (Stat1)	574,809,620,826
100504404 (H2-Ea-ps)	917,813,963,830
14960 (H2-Aa)	917,813,963,830
14961 (H2-Ab1)	917,813,963,830
14969 (H2-Eb1)	917,813,963,830
14998 (H2-DMa)	917,813,963,830
14999 (H2-DMb1)	917,813,963,830
15000 (H2-DMb2)	917,813,963,830
15001 (H2-Oa)	917,813,963,830
15002 (H2-Ob)	917,813,963,830
21898 (Tlr4)	227,147,273,164
24088 (Tlr2)	227,147,273,164
17874 (Myd88)	328,147,374,164
18035 (Nfkbia)	677,147,723,164
18036 (Nfkbib)	677,147,723,164
18033 (Nfkb1)	677,183,723,200
19697 (Rela)	677,183,723,200
16175 (Il1a)	917,132,963,149
16189 (Il4)	917,222,963,239
16159 (Il12a)	917,171,963,188
16160 (Il12b)	917,171,963,188
18126 (Nos2)	350,228,396,245
16153 (Il10)	917,275,963,292
21803 (Tgfb1)	917,294,963,311
21808 (Tgfb2)	917,294,963,311
21809 (Tgfb3)	917,294,963,311
21926 (Tnf)	917,191,963,208
16176 (Il1b)	917,151,963,168
15170 (Ptpn6)	353,709,399,726
13627 (Eef1a1)	353,673,399,690
13628 (Eef1a2)	353,673,399,690
16159 (Il12a)	917,762,963,779
16160 (Il12b)	917,762,963,779
26413 (Mapk1)	574,668,620,685
26417 (Mapk3)	574,668,620,685
13712 (Elk1)	778,657,824,674
14281 (Fos)	917,659,963,676
13058 (Cybb)	609,519,655,536
17357 (Marcksl1)	917,865,963,882
19094 (Mapk11)	575,740,621,757
26415 (Mapk13)	575,740,621,757
26416 (Mapk14)	575,740,621,757
29857 (Mapk12)	575,740,621,757
16179 (Irak1)	415,147,461,164
266632 (Irak4)	415,147,461,164
22034 (Traf6)	502,147,548,164
66513 (Tab1)	589,156,635,173
68652 (Tab2)	589,156,635,173
26409 (Map3k7)	589,139,635,156
15979 (Ifngr1)	227,800,273,817
15980 (Ifngr2)	227,817,273,834
18126 (Nos2)	917,711,963,728
16476 (Jun)	778,698,824,715
13057 (Cyba)	655,519,701,536
17970 (Ncf2)	655,571,701,588
17972 (Ncf4)	633,588,679,605
19225 (Ptgs2)	443,334,489,351
mmu04610: Complement and coagulation cascades	150,358,229,392
mmu04020: Calcium signaling pathway	309,522,402,556
mmu04666: Fc gamma R-mediated phagocytosis	323,397,413,431
mmu04630: JAK-STAT signaling pathway	376,823,482,857
mmu04010: MAPK signaling pathway	552,696,647,730
mmu04120: Ubiquitin mediated proteolysis	649,88,752,122
mmu04620: Toll-like receptor signaling pathway	426,170,529,204
mmu00590: Arachidonic acid metabolism	304,312,394,346
mmu04145: Phagosome	626,439,704,464
mmu05140: Leishmaniasis	40,45,174,70
