69089 (Oxa1l)	82,187,128,204
20813 (Srp14)	274,265,320,282
66661 (Srp72)	323,248,369,265
217337 (Srp68)	323,265,369,282
100101806 (Srp54c)	372,265,418,282
24067 (Srp54a)	372,265,418,282
665155 (Srp54b)	372,265,418,282
66384 (Srp19)	372,248,418,265
67398 (Srpr)	274,296,320,313
27058 (Srp9)	274,248,320,265
100101806 (Srp54c)	82,248,128,265
24067 (Srp54a)	82,248,128,265
665155 (Srp54b)	82,248,128,265
69276 (Sec62)	274,172,320,189
140740 (Sec63)	320,172,366,189
69019 (Spcs1)	272,504,318,521
66624 (Spcs2)	317,504,363,521
53421 (Sec61a1)	274,145,320,162
57743 (Sec61a2)	274,145,320,162
76219 (Arxes1)	363,504,409,521
76687 (Spcs3)	363,504,409,521
76976 (Arxes2)	363,504,409,521
56529 (Sec11a)	409,504,455,521
66286 (Sec11c)	409,504,455,521
66541 (Immp1l)	272,526,318,543
93757 (Immp2l)	318,526,364,543
20818 (Srprb)	274,313,320,330
66212 (Sec61b)	320,145,366,162
100046078 (Gm15266)	366,145,412,162
20335 (Sec61g)	366,145,412,162
14828 (Hspa5)	274,199,320,216
mmu03060: Protein export	40,45,176,70
