231329 (Polr2b)	367,380,413,397
20020 (Polr2a)	367,397,413,414
20021 (Polr2c)	413,380,459,397
69241 (Polr2d)	477,380,523,397
66420 (Polr2e)	634,380,680,397
69833 (Polr2f)	680,380,726,397
67710 (Polr2g)	523,380,569,397
245841 (Polr2h)	726,380,772,397
69920 (Polr2i)	569,380,615,397
66491 (Polr2l)	707,397,753,414
20022 (Polr2j)	413,397,459,414
100862456	661,397,707,414
102641086	661,397,707,414
70428 (Polr3b)	367,475,413,492
218832 (Polr3a)	367,492,413,509
74414 (Polr3c)	477,475,523,492
67065 (Polr3d)	523,475,569,492
20016 (Polr1c)	413,492,459,509
67005 (Polr3k)	569,475,615,492
20018 (Polr1d)	413,475,459,492
78929 (Polr3h)	477,492,523,509
67486 (Polr3g)	523,492,569,509
69870 (Polr3gl)	523,492,569,509
70408 (Polr3f)	569,492,615,509
20017 (Polr1b)	367,562,413,579
20019 (Polr1a)	367,579,413,596
66136 (Znrd1)	477,562,523,579
28071 (Twistnb)	542,579,588,596
64424 (Polr1e)	496,579,542,596
26939 (Polr3e)	615,492,661,509
20016 (Polr1c)	413,579,459,596
20018 (Polr1d)	413,562,459,579
mmu03020: RNA polymerase	40,45,186,72
