C00007 (Oxygen)	449,684,4
C00149 ((S)-Malate)	334,753,4
C00122 (Fumarate)	334,708,4
C00007 (Oxygen)	386,211,4
19247 (Ptpn11)	510,380,556,397
21803 (Tgfb1)	777,619,823,636
21808 (Tgfb2)	777,619,823,636
21809 (Tgfb3)	777,619,823,636
22339 (Vegfa)	777,593,823,610
20525 (Slc2a1)	777,566,823,583
11863 (Arnt)	653,631,699,648
11864 (Arnt2)	653,631,699,648
12914 (Crebbp)	676,570,722,587
328572 (Ep300)	676,570,722,587
71745 (Cul2)	521,707,567,724
56438 (Rbx1)	521,690,567,707
67673 (Elob)	475,724,521,741
67923 (Eloc)	475,707,521,724
22346 (Vhl)	475,690,521,707
112405 (Egln1)	393,699,439,716
112406 (Egln2)	393,699,439,716
112407 (Egln3)	393,699,439,716
13819 (Epas1)	273,623,319,640
15251 (Hif1a)	273,623,319,640
71745 (Cul2)	457,229,503,246
56438 (Rbx1)	457,212,503,229
67673 (Elob)	411,246,457,263
67923 (Eloc)	411,229,457,246
21803 (Tgfb1)	777,127,823,144
21808 (Tgfb2)	777,127,823,144
21809 (Tgfb3)	777,127,823,144
21802 (Tgfa)	777,671,823,688
18591 (Pdgfb)	777,645,823,662
216805 (Flcn)	303,852,349,869
14194 (Fh1)	276,720,322,737
22339 (Vegfa)	777,101,823,118
19353 (Rac1)	557,446,603,463
12928 (Crk)	512,350,558,367
12929 (Crkl)	512,350,558,367
107746 (Rapgef1)	597,349,643,366
20662 (Sos1)	390,415,436,432
20663 (Sos2)	390,415,436,432
14784 (Grb2)	307,415,353,432
112405 (Egln1)	331,223,377,240
112406 (Egln2)	331,223,377,240
112407 (Egln3)	331,223,377,240
22346 (Vhl)	411,212,457,229
11863 (Arnt)	653,151,699,168
11864 (Arnt2)	653,151,699,168
12914 (Crebbp)	674,89,720,106
328572 (Ep300)	674,89,720,106
13819 (Epas1)	261,145,307,162
15251 (Hif1a)	261,145,307,162
17295 (Met)	210,368,256,385
14388 (Gab1)	307,321,353,338
18479 (Pak1)	634,457,680,474
18481 (Pak3)	634,457,680,474
214230 (Pak6)	634,457,680,474
224105 (Pak2)	634,457,680,474
241656 (Pak7)	634,457,680,474
70584 (Pak4)	634,457,680,474
18591 (Pdgfb)	777,153,823,170
20525 (Slc2a1)	777,74,823,91
109905 (Rap1a)	684,349,730,366
215449 (Rap1b)	684,349,730,366
12540 (Cdc42)	557,469,603,486
23871 (Ets1)	865,404,911,421
11651 (Akt1)	815,321,861,338
11652 (Akt2)	815,321,861,338
23797 (Akt3)	815,321,861,338
18706 (Pik3ca)	684,321,730,338
18707 (Pik3cd)	684,321,730,338
18708 (Pik3r1)	684,321,730,338
18709 (Pik3r2)	684,321,730,338
18710 (Pik3r3)	684,321,730,338
74769 (Pik3cb)	684,321,730,338
16476 (Jun)	865,426,911,443
21802 (Tgfa)	777,179,823,196
15234 (Hgf)	128,367,174,384
26413 (Mapk1)	720,415,766,432
26417 (Mapk3)	720,415,766,432
26395 (Map2k1)	638,415,684,432
26396 (Map2k2)	638,415,684,432
109880 (Braf)	556,415,602,432
110157 (Raf1)	556,415,602,432
11836 (Araf)	556,415,602,432
15461 (Hras)	472,416,518,433
16653 (Kras)	472,416,518,433
18176 (Nras)	472,416,518,433
12015 (Bad)	887,321,933,338
94315 (Prcc)	831,502,877,519
209446 (Tfe3)	886,502,932,519
12575 (Cdkn1a)	999,502,1045,519
mmu05211: Renal cell carcinoma	40,45,237,70
mmu04010: MAPK signaling pathway	365,445,465,479
mmu04120: Ubiquitin mediated proteolysis	517,207,617,241
mmu00020: Citrate cycle (TCA cycle)	367,728,467,762
mmu04370: VEGF signaling pathway	965,622,1065,656
mmu04350: TGF-beta signaling pathway	966,665,1066,699
mmu04370: VEGF signaling pathway	964,129,1064,163
mmu04350: TGF-beta signaling pathway	965,174,1065,208
mmu04066: HIF-1 signaling pathway	517,80,617,114
mmu04066: HIF-1 signaling pathway	517,566,617,600
