C00533 (Nitric oxide)	583,473,4
C00076 (Calcium cation)	398,230,4
C01245 (D-myo-Inositol 1,4,5-trisphosphate)	343,230,4
C00165 (Diacylglycerol)	342,178,4
C05981 (Phosphatidylinositol-3,4,5-trisphosphate)	341,439,4
C01312 (Prostaglandin I2)	905,251,4
12540 (Cdc42)	278,340,324,357
16542 (Kdr)	120,301,166,318
18803 (Plcg1)	247,221,293,238
234779 (Plcg2)	247,221,293,238
20698 (Sphk1)	483,108,529,125
56632 (Sphk2)	483,108,529,125
19225 (Ptgs2)	726,222,772,239
18783 (Pla2g4a)	794,168,840,185
211429 (Pla2g4b)	794,168,840,185
232889 (Pla2g4c)	794,168,840,185
271844 (Pla2g4f)	794,168,840,185
329502 (Pla2g4e)	794,168,840,185
78390 (Pla2g4d)	794,168,840,185
15507 (Hspb1)	605,357,651,374
102626 (Mapkapk3)	496,357,542,374
17164 (Mapkapk2)	496,357,542,374
19055 (Ppp3ca)	497,222,543,239
19056 (Ppp3cb)	497,222,543,239
19057 (Ppp3cc)	497,222,543,239
19058 (Ppp3r1)	497,222,543,239
19059 (Ppp3r2)	497,222,543,239
11651 (Akt1)	350,489,396,506
11652 (Akt2)	350,489,396,506
23797 (Akt3)	350,489,396,506
18706 (Pik3ca)	247,410,293,427
18707 (Pik3cd)	247,410,293,427
18708 (Pik3r1)	247,410,293,427
18709 (Pik3r2)	247,410,293,427
18710 (Pik3r3)	247,410,293,427
74769 (Pik3cb)	247,410,293,427
18019 (Nfatc2)	580,222,626,239
18750 (Prkca)	433,147,479,164
18751 (Prkcb)	433,147,479,164
18752 (Prkcg)	433,147,479,164
14083 (Ptk2)	495,290,541,307
19094 (Mapk11)	375,357,421,374
26415 (Mapk13)	375,357,421,374
26416 (Mapk14)	375,357,421,374
29857 (Mapk12)	375,357,421,374
19303 (Pxn)	495,312,541,329
27371 (Sh2d2a)	247,174,293,191
20779 (Src)	176,377,222,394
216148 (Shc2)	247,255,293,272
22339 (Vegfa)	49,301,95,318
26413 (Mapk1)	756,126,802,143
26417 (Mapk3)	756,126,802,143
26395 (Map2k1)	680,126,726,143
26396 (Map2k2)	680,126,726,143
110157 (Raf1)	630,100,676,117
15461 (Hras)	553,89,599,106
16653 (Kras)	553,89,599,106
18176 (Nras)	553,89,599,106
18127 (Nos3)	468,463,514,480
12371 (Casp9)	468,502,514,519
12015 (Bad)	468,541,514,558
170758 (Rac3)	531,411,577,428
19353 (Rac1)	531,411,577,428
19354 (Rac2)	531,411,577,428
mmu04020: Calcium signaling pathway	294,111,404,145
mmu04510: Focal adhesion	558,266,668,291
mmu04010: MAPK signaling pathway	558,139,668,173
mmu04370: VEGF signaling pathway	40,45,262,70
mmu00590: Arachidonic acid metabolism	853,170,963,204
mmu04151: PI3K-Akt signaling pathway	268,526,378,560
