C11596 (FMLP)	712,576,4
C20898 (Lipoteichoic acid)	379,1094,4
11537 (Cfd)	517,155,563,172
12266 (C3)	433,168,479,185
14962 (Cfb)	433,151,479,168
15139 (Hc)	814,409,860,426
317677 (C1s2)	416,302,462,319
50908 (C1s1)	416,302,462,319
50909 (C1ra)	416,285,462,302
667277 (C1rb)	416,285,462,302
12259 (C1qa)	370,294,416,311
12260 (C1qb)	370,294,416,311
12262 (C1qc)	370,294,416,311
12268 (C4b)	517,270,563,287
12263 (C2)	517,253,563,270
17194 (Mbl1)	353,236,399,253
17195 (Mbl2)	353,236,399,253
17174 (Masp1)	415,236,461,253
17175 (Masp2)	415,236,461,253
12273 (C5ar1)	814,641,860,658
14293 (Fpr1)	760,641,806,658
18815 (Plg)	504,334,550,351
12630 (Cfi)	641,367,687,384
99571 (Fgg)	616,502,662,519
14129 (Fcgr1)	605,641,651,658
14130 (Fcgr2b)	605,641,651,658
14131 (Fcgr3)	605,641,651,658
246256 (Fcgr4)	605,641,651,658
13510 (Dsg1a)	207,1016,253,1033
211924 (Dsg1c)	207,1016,253,1033
225256 (Dsg1b)	207,1016,253,1033
100504404 (H2-Ea-ps)	458,1003,504,1020
14960 (H2-Aa)	458,1003,504,1020
14961 (H2-Ab1)	458,1003,504,1020
14969 (H2-Eb1)	458,1003,504,1020
14998 (H2-DMa)	458,1003,504,1020
14999 (H2-DMb1)	458,1003,504,1020
15000 (H2-DMb2)	458,1003,504,1020
15001 (H2-Oa)	458,1003,504,1020
15002 (H2-Ob)	458,1003,504,1020
12628 (Cfh)	473,102,519,119
214403 (Gm4788)	473,102,519,119
12267 (C3ar1)	865,641,911,658
107656 (Krt9)	162,206,208,223
16660 (Krt31)	162,206,208,223
16661 (Krt10)	162,206,208,223
16663 (Krt13)	162,206,208,223
16664 (Krt14)	162,206,208,223
16665 (Krt15)	162,206,208,223
16666 (Krt16)	162,206,208,223
16667 (Krt17)	162,206,208,223
16668 (Krt18)	162,206,208,223
16669 (Krt19)	162,206,208,223
16670 (Krt32)	162,206,208,223
16671 (Krt33b)	162,206,208,223
16672 (Krt34)	162,206,208,223
16673 (Krt36)	162,206,208,223
16675 (Krt27)	162,206,208,223
237934 (Krt39)	162,206,208,223
268482 (Krt12)	162,206,208,223
320864 (Krt26)	162,206,208,223
406221 (Krt40)	162,206,208,223
53617 (Krt35)	162,206,208,223
66809 (Krt20)	162,206,208,223
68239 (Krt42)	162,206,208,223
70810 (Krt25)	162,206,208,223
70843 (Krt28)	162,206,208,223
71888 (Krt33a)	162,206,208,223
75706 (Krt24)	162,206,208,223
94179 (Krt23)	162,206,208,223
99571 (Fgg)	162,228,208,245
15894 (Icam1)	1024,748,1070,765
16414 (Itgb2)	902,756,948,773
16415 (Itgb2l)	902,756,948,773
20344 (Selp)	1024,791,1070,808
20345 (Selplg)	902,791,948,808
16408 (Itgal)	902,739,948,756
16409 (Itgam)	902,739,948,756
19204 (Ptafr)	459,1085,505,1102
16153 (Il10)	638,1085,684,1102
14289 (Fpr2)	709,641,755,658
14290 (Fpr-rs3)	709,641,755,658
14291 (Fpr-rs4)	709,641,755,658
14294 (Fpr3)	709,641,755,658
321020 (Fpr-rs6)	709,641,755,658
13214 (Defb1)	447,734,493,751
244332 (Defb14)	447,734,493,751
56519 (Defb4)	447,734,493,751
100038927 (Defa30)	447,761,493,778
100041688 (Defa35)	447,761,493,778
100041759 (Defa41)	447,761,493,778
100041787 (Defa40)	447,761,493,778
100041811 (Defa27)	447,761,493,778
100041890 (Defa32)	447,761,493,778
100041895 (Defa37)	447,761,493,778
100041952 (Defa34)	447,761,493,778
100294660 (Defa2)	447,761,493,778
100503970	447,761,493,778
100505096 (Defa33)	447,761,493,778
100862126 (Defa36)	447,761,493,778
13216 (Defa1)	447,761,493,778
13218 (Defa29)	447,761,493,778
13219 (Defa-rs10)	447,761,493,778
13221 (Defa-rs12)	447,761,493,778
13222 (Defa-rs2)	447,761,493,778
13223 (Defa-rs4)	447,761,493,778
13226 (Defa31)	447,761,493,778
13236 (Defa25)	447,761,493,778
13237 (Defa3)	447,761,493,778
13238 (Defa4)	447,761,493,778
13239 (Defa5)	447,761,493,778
13240 (Defa6)	447,761,493,778
23855 (Defa17)	447,761,493,778
382000 (Defa39)	447,761,493,778
382059 (Defa22)	447,761,493,778
497114 (Defa23)	447,761,493,778
503491 (Defa24)	447,761,493,778
626682 (Defa28)	447,761,493,778
626708 (Defa26)	447,761,493,778
634825 (Defa38)	447,761,493,778
66298 (Defa21)	447,761,493,778
665927 (Defa42)	447,761,493,778
665956 (Defa43)	447,761,493,778
68009 (Defa20)	447,761,493,778
12796 (Camp)	447,786,493,803
mmu05150: Staphylococcus aureus infection	40,45,340,70
mmu04610: Complement and coagulation cascades	240,96,366,130
mmu04660: T cell receptor signaling pathway	589,955,715,989
mmu04662: B cell receptor signaling pathway	589,1027,715,1061
