C05981 (Phosphatidylinositol-3,4,5-trisphosphate)	393,856,4
C20935 (2-5A)	648,289,4
230073 (Ddx58)	413,366,459,383
228607 (Mavs)	492,366,538,383
22031 (Traf3)	567,366,613,383
56480 (Tbk1)	650,358,696,375
56489 (Ikbke)	650,375,696,392
54123 (Irf7)	812,366,858,383
54131 (Irf3)	812,366,858,383
18033 (Nfkb1)	814,438,860,455
19697 (Rela)	814,438,860,455
142980 (Tlr3)	363,470,409,487
106759 (Ticam1)	490,470,536,487
18035 (Nfkbia)	814,470,860,487
12675 (Chuk)	650,470,696,487
16150 (Ikbkb)	650,470,696,487
16151 (Ikbkg)	650,470,696,487
22034 (Traf6)	567,470,613,487
19766 (Ripk1)	567,487,613,504
15962 (Ifna1)	1023,358,1069,375
15964 (Ifna11)	1023,358,1069,375
15965 (Ifna2)	1023,358,1069,375
15967 (Ifna4)	1023,358,1069,375
15968 (Ifna5)	1023,358,1069,375
15969 (Ifna6)	1023,358,1069,375
15970 (Ifna7)	1023,358,1069,375
15972 (Ifna9)	1023,358,1069,375
15974 (Ifnab)	1023,358,1069,375
15977 (Ifnb1)	1023,358,1069,375
230396 (Ifna13)	1023,358,1069,375
242517 (Ifna15)	1023,358,1069,375
242519 (Ifna12)	1023,358,1069,375
404549 (Ifna14)	1023,358,1069,375
15962 (Ifna1)	83,705,129,722
15964 (Ifna11)	83,705,129,722
15965 (Ifna2)	83,705,129,722
15967 (Ifna4)	83,705,129,722
15968 (Ifna5)	83,705,129,722
15969 (Ifna6)	83,705,129,722
15970 (Ifna7)	83,705,129,722
15972 (Ifna9)	83,705,129,722
15974 (Ifnab)	83,705,129,722
15977 (Ifnb1)	83,705,129,722
230396 (Ifna13)	83,705,129,722
242517 (Ifna15)	83,705,129,722
242519 (Ifna12)	83,705,129,722
404549 (Ifna14)	83,705,129,722
15975 (Ifnar1)	154,696,200,713
15976 (Ifnar2)	154,713,200,730
16451 (Jak1)	239,705,285,722
54721 (Tyk2)	239,705,285,722
20846 (Stat1)	411,705,457,722
20847 (Stat2)	411,705,457,722
16391 (Irf9)	814,701,860,718
20778 (Scarb1)	154,160,200,177
12520 (Cd81)	154,185,200,202
100039801 (Cldn24)	154,202,200,219
114141 (Cldn16)	154,202,200,219
12737 (Cldn1)	154,202,200,219
12738 (Cldn2)	154,202,200,219
12739 (Cldn3)	154,202,200,219
12740 (Cldn4)	154,202,200,219
12741 (Cldn5)	154,202,200,219
18417 (Cldn11)	154,202,200,219
239931 (Cldn17)	154,202,200,219
242653 (Cldn19)	154,202,200,219
53624 (Cldn7)	154,202,200,219
54419 (Cldn6)	154,202,200,219
54420 (Cldn8)	154,202,200,219
56173 (Cldn14)	154,202,200,219
56492 (Cldn18)	154,202,200,219
56863 (Cldn9)	154,202,200,219
57255 (Cldn13)	154,202,200,219
58187 (Cldn10)	154,202,200,219
60363 (Cldn15)	154,202,200,219
621628 (Cldn20)	154,202,200,219
71908 (Cldn23)	154,202,200,219
73934 (Cldn34c4)	154,202,200,219
74987 (Cldn34d)	154,202,200,219
75677 (Cldn22)	154,202,200,219
18260 (Ocln)	154,226,200,243
12702 (Socs3)	359,663,405,680
19052 (Ppp2ca)	372,762,418,779
19053 (Ppp2cb)	372,762,418,779
269643 (Ppp2r2c)	372,762,418,779
51792 (Ppp2r1a)	372,762,418,779
52432 (Ppp2r2d)	372,762,418,779
71978 (Ppp2r2a)	372,762,418,779
72930 (Ppp2r2b)	372,762,418,779
73699 (Ppp2r1b)	372,762,418,779
56469 (Pias1)	433,762,479,779
23960 (Oas1g)	567,279,613,296
23961 (Oas1b)	567,279,613,296
246727 (Oas3)	567,279,613,296
246728 (Oas2)	567,279,613,296
246730 (Oas1a)	567,279,613,296
24014 (Rnasel)	690,279,736,296
13666 (Eif2ak3)	250,549,296,566
15467 (Eif2ak1)	250,549,296,566
19106 (Eif2ak2)	250,549,296,566
27103 (Eif2ak4)	250,549,296,566
13665 (Eif2s1)	538,594,584,611
26413 (Mapk1)	706,809,752,826
26417 (Mapk3)	706,809,752,826
15957 (Ifit1)	537,567,583,584
667373 (Ifit1bl1)	537,567,583,584
16341 (Eif3e)	611,567,657,584
13649 (Egfr)	154,809,200,826
14784 (Grb2)	221,809,267,826
20662 (Sos1)	288,809,334,826
20663 (Sos2)	288,809,334,826
15461 (Hras)	407,809,453,826
16653 (Kras)	407,809,453,826
18176 (Nras)	407,809,453,826
109880 (Braf)	522,809,568,826
110157 (Raf1)	522,809,568,826
11836 (Araf)	522,809,568,826
18706 (Pik3ca)	288,848,334,865
18707 (Pik3cd)	288,848,334,865
18708 (Pik3r1)	288,848,334,865
18709 (Pik3r2)	288,848,334,865
18710 (Pik3r3)	288,848,334,865
74769 (Pik3cb)	288,848,334,865
11651 (Akt1)	452,848,498,865
11652 (Akt2)	452,848,498,865
23797 (Akt3)	452,848,498,865
56637 (Gsk3b)	542,848,588,865
13645 (Egf)	83,809,129,826
22059 (Trp53)	542,922,588,939
12575 (Cdkn1a)	542,897,588,914
21926 (Tnf)	83,999,129,1016
21937 (Tnfrsf1a)	154,999,200,1016
71609 (Tradd)	240,999,286,1016
22030 (Traf2)	321,999,367,1016
18035 (Nfkbia)	570,999,616,1016
18033 (Nfkb1)	570,965,616,982
19697 (Rela)	570,965,616,982
19192 (Psme3)	761,993,807,1010
20181 (Rxra)	834,993,880,1010
22259 (Nr1h3)	834,1010,880,1027
16835 (Ldlr)	154,136,200,153
12015 (Bad)	542,873,588,890
20181 (Rxra)	834,939,880,956
19013 (Ppara)	834,956,880,973
15978 (Ifng)	1023,379,1069,396
21926 (Tnf)	1024,424,1070,441
15945 (Cxcl10)	1024,447,1070,464
23960 (Oas1g)	1037,681,1083,698
23961 (Oas1b)	1037,681,1083,698
246727 (Oas3)	1037,681,1083,698
246728 (Oas2)	1037,681,1083,698
246730 (Oas1a)	1037,681,1083,698
13666 (Eif2ak3)	1089,681,1135,698
15467 (Eif2ak1)	1089,681,1135,698
19106 (Eif2ak2)	1089,681,1135,698
27103 (Eif2ak4)	1089,681,1135,698
15957 (Ifit1)	1037,704,1083,721
667373 (Ifit1bl1)	1037,704,1083,721
54123 (Irf7)	1089,704,1135,721
17858 (Mx2)	1037,726,1083,743
58185 (Rsad2)	1089,726,1135,743
20848 (Stat3)	273,661,319,678
26395 (Map2k1)	614,809,660,826
26396 (Map2k2)	614,809,660,826
22627 (Ywhae)	512,769,558,786
22628 (Ywhag)	512,769,558,786
22629 (Ywhah)	512,769,558,786
22630 (Ywhaq)	512,769,558,786
22631 (Ywhaz)	512,769,558,786
54401 (Ywhab)	512,769,558,786
12387 (Ctnnb1)	632,848,678,865
12575 (Cdkn1a)	1054,921,1100,938
12566 (Cdk2)	1131,921,1177,938
12567 (Cdk4)	1131,921,1177,938
12571 (Cdk6)	1131,921,1177,938
19645 (Rb1)	1206,921,1252,938
13555 (E2f1)	1206,961,1252,978
13557 (E2f3)	1206,961,1252,978
242705 (E2f2)	1206,961,1252,978
12675 (Chuk)	458,999,504,1016
16150 (Ikbkb)	458,999,504,1016
16151 (Ikbkg)	458,999,504,1016
14103 (Fasl)	83,1050,129,1067
14102 (Fas)	154,1050,200,1067
14082 (Fadd)	240,1050,286,1067
12370 (Casp8)	321,1050,367,1067
12367 (Casp3)	663,1050,709,1067
12122 (Bid)	347,1098,393,1115
12028 (Bax)	430,1086,476,1103
13063 (Cycs)	535,1097,581,1114
13067 (Cyct)	535,1097,581,1114
12371 (Casp9)	643,1099,689,1116
12018 (Bak1)	430,1109,476,1126
11783 (Apaf1)	535,1125,581,1142
12633 (Cflar)	259,1085,305,1102
12443 (Ccnd1)	1054,972,1100,989
12567 (Cdk4)	1054,995,1100,1012
17869 (Myc)	1054,1017,1100,1034
mmu05160: Hepatitis C	40,45,170,70
mmu04622: RIG-I-like receptor signaling pathway	459,322,570,356
mmu04620: Toll-like receptor signaling pathway	392,495,503,529
mmu04630: JAK-STAT signaling pathway	205,731,360,756
mmu04144: Endocytosis	252,183,344,208
mmu04010: MAPK signaling pathway	626,765,737,799
mmu04210: Apoptosis	724,1076,816,1101
mmu03320: PPAR signaling pathway	673,943,781,977
mmu04514: Cell adhesion molecules (CAMs)	82,262,208,287
mmu04210: Apoptosis	1086,878,1178,903
mmu04668: TNF signaling pathway	339,957,440,991
