G00181 (Disialosylglobopentaosylceramide)	220,525,4
G00096 (IV3GalNAcb-Gb4Cer)	219,344,4
G00099 (Globo-H)	220,435,4
G00100 (V3(NeuAc)2-Gb5Cer)	333,616,4
G00101	445,525,4
G00098 (Monosialylgalactosylgloboside)	333,525,4
G00097 (Galactosylgloboside)	333,435,4
G00104	668,435,4
G00103	557,435,4
G00102	445,435,4
G00106	108,344,4
G00105 (GalGb3Cer)	108,292,4
G00094 (Globoside)	333,250,4
G00095 (Forssman antigen	445,250,4
IV3GalNAca-Gb4Cer)	445,250,4
G00093 (Globotriaosylceramide)	221,250,4
G00092 (Lactosylceramide)	108,250,4
G00403 (iGb3-Cer)	221,162,4
G00392 (iGb4-Cer)	333,162,4
G02977	445,162,4
G00107	108,434,4
G11492 (IV4-alpha-Gal-Gb4Cer)	445,292,4
G13080 (NORint)	555,292,4
G13081 (NOR2 antigen)	666,292,4
20442 (St3gal1)	310,470,356,487
20444 (St3gal2)	310,470,356,487
93961 (B3galt5)	311,350,357,367
17939 (Naga)	364,255,410,272
239559 (A4galt)	139,241,185,258
15211 (Hexa)	251,256,297,273
15212 (Hexb)	251,256,297,273
20449 (St8sia1)	311,563,357,580
14348 (Fut9)	585,425,631,442
14343 (Fut1)	251,425,297,442
14344 (Fut2)	251,425,297,442
56546 (Sec1)	251,425,297,442
11605 (Gla)	139,209,185,226
26879 (B3galnt1)	251,228,297,245
227671 (Gbgt1)	363,228,409,245
20449 (St8sia1)	77,733,107,733,107,737,77,737
14343 (Fut1)	188,766,203,751,207,751,192,766
14344 (Fut2)	188,766,203,751,207,751,192,766
56546 (Sec1)	188,766,203,751,207,751,192,766
227671 (Gbgt1)	235,683,265,683,265,687,235,687
93961 (B3galt5)	234,727,264,697,268,697,238,727
239559 (A4galt)	393,683,423,683,423,687,393,687
20442 (St3gal1)	171,733,201,733,201,737,171,737
20444 (St3gal2)	171,733,201,733,201,737,171,737
26879 (B3galnt1)	322,683,352,683,352,687,322,687
14348 (Fut9)	166,656,181,641,185,641,170,656
215493 (A3galt2)	139,154,185,171
26879 (B3galnt1)	251,154,297,171
227671 (Gbgt1)	363,153,409,170
26879 (B3galnt1)	322,898,352,898,352,902,322,902
227671 (Gbgt1)	235,898,265,898,265,902,235,902
215493 (A3galt2)	393,899,423,899,423,903,393,903
239559 (A4galt)	365,283,411,300
26879 (B3galnt1)	474,283,520,300
239559 (A4galt)	587,282,633,299
239559 (A4galt)	302,698,302,729,306,729,306,698
26879 (B3galnt1)	313,749,298,764,302,764,317,749
239559 (A4galt)	275,818,275,788,279,788,279,818
mmu00600: Sphingolipid metabolism	68,100,145,134
mmu00603: Glycosphingolipid biosynthesis - globo and isoglobo series	40,45,537,70
