C00338 (Lipopolysaccharide)	138,743,4
C00165 (Diacylglycerol)	487,136,4
C00575 (3',5'-Cyclic AMP)	447,123,4
C01245 (D-myo-Inositol 1,4,5-trisphosphate)	410,136,4
C00076 (Calcium cation)	314,175,4
19417 (Rasgrf1)	369,227,415,244
19418 (Rasgrf2)	369,227,415,244
13537 (Dusp2)	766,355,812,372
18218 (Dusp8)	766,355,812,372
19252 (Dusp1)	766,355,812,372
235584 (Dusp7)	766,355,812,372
240672 (Dusp5)	766,355,812,372
319520 (Dusp4)	766,355,812,372
63953 (Dusp10)	766,355,812,372
67603 (Dusp6)	766,355,812,372
70686 (Dusp16)	766,355,812,372
75590 (Dusp9)	766,355,812,372
19259 (Ptpn5)	717,355,763,372
19279 (Ptprr)	717,355,763,372
320139 (Ptpn7)	717,355,763,372
72349 (Dusp3)	717,355,763,372
19043 (Ppm1b)	573,761,619,778
14103 (Fasl)	114,683,160,700
26921 (Map4k4)	471,478,517,495
18783 (Pla2g4a)	827,210,873,227
211429 (Pla2g4b)	827,210,873,227
232889 (Pla2g4c)	827,210,873,227
271844 (Pla2g4f)	827,210,873,227
329502 (Pla2g4e)	827,210,873,227
78390 (Pla2g4d)	827,210,873,227
16765 (Stmn1)	827,186,873,203
17762 (Mapt)	827,165,873,182
18033 (Nfkb1)	891,122,937,139
18034 (Nfkb2)	891,122,937,139
19697 (Rela)	891,122,937,139
19698 (Relb)	891,122,937,139
12675 (Chuk)	763,133,809,150
16150 (Ikbkb)	763,133,809,150
16151 (Ikbkg)	763,133,809,150
53859 (Map3k14)	763,112,809,129
26413 (Mapk1)	740,302,786,319
26417 (Mapk3)	740,302,786,319
56692 (Lamtor3)	714,277,760,294
26396 (Map2k2)	653,313,699,330
26395 (Map2k1)	653,291,699,308
110157 (Raf1)	558,327,604,344
109880 (Braf)	558,303,604,320
218397 (Rasa1)	398,362,444,379
18015 (Nf1)	398,341,444,358
18750 (Prkca)	464,248,510,265
18751 (Prkcb)	464,248,510,265
18752 (Prkcg)	464,248,510,265
109905 (Rap1a)	505,210,551,227
215449 (Rap1b)	505,210,551,227
18747 (Prkaca)	505,161,551,178
18749 (Prkacb)	505,161,551,178
76089 (Rapgef2)	424,220,470,237
114713 (Rasa2)	334,355,380,372
15461 (Hras)	385,302,431,319
16653 (Kras)	385,302,431,319
17532 (Mras)	385,302,431,319
18176 (Nras)	385,302,431,319
20130 (Rras)	385,302,431,319
66922 (Rras2)	385,302,431,319
19395 (Rasgrp2)	369,248,415,265
19419 (Rasgrp1)	369,248,415,265
233046 (Rasgrp4)	369,248,415,265
240168 (Rasgrp3)	369,248,415,265
20662 (Sos1)	323,302,369,319
20663 (Sos2)	323,302,369,319
100503710 (Gm5741)	239,355,285,372
14673 (Gna12)	239,355,285,372
14701 (Gng12)	239,355,285,372
14784 (Grb2)	260,302,306,319
12978 (Csf1r)	197,302,243,319
13649 (Egfr)	197,302,243,319
13836 (Epha2)	197,302,243,319
13866 (Erbb2)	197,302,243,319
13867 (Erbb3)	197,302,243,319
13869 (Erbb4)	197,302,243,319
14182 (Fgfr1)	197,302,243,319
14183 (Fgfr2)	197,302,243,319
14184 (Fgfr3)	197,302,243,319
14186 (Fgfr4)	197,302,243,319
14254 (Flt1)	197,302,243,319
14255 (Flt3)	197,302,243,319
14257 (Flt4)	197,302,243,319
16001 (Igf1r)	197,302,243,319
16337 (Insr)	197,302,243,319
16542 (Kdr)	197,302,243,319
16590 (Kit)	197,302,243,319
17295 (Met)	197,302,243,319
18053 (Ngfr)	197,302,243,319
18211 (Ntrk1)	197,302,243,319
18212 (Ntrk2)	197,302,243,319
18595 (Pdgfra)	197,302,243,319
18596 (Pdgfrb)	197,302,243,319
21687 (Tek)	197,302,243,319
12286 (Cacna1a)	197,167,243,184
12287 (Cacna1b)	197,167,243,184
12288 (Cacna1c)	197,167,243,184
12289 (Cacna1d)	197,167,243,184
12290 (Cacna1e)	197,167,243,184
12291 (Cacna1g)	197,167,243,184
12292 (Cacna1s)	197,167,243,184
12293 (Cacna2d1)	197,167,243,184
12294 (Cacna2d3)	197,167,243,184
12295 (Cacnb1)	197,167,243,184
12296 (Cacnb2)	197,167,243,184
12297 (Cacnb3)	197,167,243,184
12298 (Cacnb4)	197,167,243,184
12299 (Cacng1)	197,167,243,184
12300 (Cacng2)	197,167,243,184
140723 (Cacng5)	197,167,243,184
239556 (Cacna1i)	197,167,243,184
319734 (Cacna2d4)	197,167,243,184
54376 (Cacng3)	197,167,243,184
54377 (Cacng4)	197,167,243,184
54378 (Cacng6)	197,167,243,184
54652 (Cacna1f)	197,167,243,184
56808 (Cacna2d2)	197,167,243,184
58226 (Cacna1h)	197,167,243,184
81904 (Cacng7)	197,167,243,184
81905 (Cacng8)	197,167,243,184
15370 (Nr4a1)	891,906,937,923
23939 (Mapk7)	740,906,786,923
23938 (Map2k5)	653,906,699,923
18099 (Nlk)	763,843,809,860
12531 (Cdc25b)	828,813,874,830
56613 (Rps6ka4)	828,791,874,808
73086 (Rps6ka5)	828,791,874,808
102626 (Mapkapk3)	828,770,874,787
17164 (Mapkapk2)	828,770,874,787
11911 (Atf4)	891,792,937,809
17260 (Mef2c)	891,727,937,744
17187 (Max)	891,705,937,722
13198 (Ddit3)	891,683,937,700
13714 (Elk4)	891,661,937,678
22059 (Trp53)	891,605,937,622
13712 (Elk1)	891,584,937,601
11909 (Atf2)	891,562,937,579
19094 (Mapk11)	740,694,786,711
26415 (Mapk13)	740,694,786,711
26416 (Mapk14)	740,694,786,711
29857 (Mapk12)	740,694,786,711
19060 (Ppp5c)	634,747,680,764
26399 (Map2k6)	653,710,699,727
26397 (Map2k3)	653,679,699,696
13537 (Dusp2)	764,583,810,600
18218 (Dusp8)	764,583,810,600
235584 (Dusp7)	764,583,810,600
240672 (Dusp5)	764,583,810,600
319520 (Dusp4)	764,583,810,600
63953 (Dusp10)	764,583,810,600
70686 (Dusp16)	764,583,810,600
75590 (Dusp9)	764,583,810,600
19259 (Ptpn5)	720,605,766,622
19279 (Ptprr)	720,605,766,622
320139 (Ptpn7)	720,605,766,622
72349 (Dusp3)	720,605,766,622
19042 (Ppm1a)	663,583,709,600
11651 (Akt1)	620,605,666,622
11652 (Akt2)	620,605,666,622
23797 (Akt3)	620,605,666,622
216965 (Taok1)	557,818,603,835
330177 (Taok3)	557,818,603,835
381921 (Taok2)	557,818,603,835
26407 (Map3k4)	557,791,603,808
15507 (Hspb1)	891,760,937,777
26409 (Map3k7)	557,724,603,741
26408 (Map3k5)	557,694,603,711
53608 (Map3k6)	557,664,603,681
65964 (Map3k20)	557,620,603,637
26404 (Map3k12)	557,600,603,617
71751 (Map3k13)	557,580,603,597
26412 (Map4k2)	471,644,517,661
56274 (Stk3)	471,604,517,621
58231 (Stk4)	471,604,517,621
26940 (Ecsit)	404,770,450,787
68652 (Tab2)	404,746,450,763
66513 (Tab1)	404,724,450,741
13197 (Gadd45a)	338,791,384,808
17873 (Gadd45b)	338,791,384,808
23882 (Gadd45g)	338,791,384,808
22034 (Traf6)	338,759,384,776
13163 (Daxx)	432,694,478,711
22030 (Traf2)	369,644,415,661
12367 (Casp3)	369,604,415,621
12475 (Cd14)	197,734,243,751
21812 (Tgfbr1)	197,705,243,722
21813 (Tgfbr2)	197,705,243,722
14102 (Fas)	197,683,243,700
16177 (Il1r1)	197,654,243,671
16180 (Il1rap)	197,654,243,671
21937 (Tnfrsf1a)	197,621,243,638
21803 (Tgfb1)	114,705,160,722
21808 (Tgfb2)	114,705,160,722
21809 (Tgfb3)	114,705,160,722
16175 (Il1a)	114,654,160,671
16176 (Il1b)	114,654,160,671
21926 (Tnf)	114,621,160,638
17165 (Mapkapk5)	828,748,874,765
12540 (Cdc42)	385,543,431,560
170758 (Rac3)	385,543,431,560
19353 (Rac1)	385,543,431,560
19354 (Rac2)	385,543,431,560
18479 (Pak1)	471,543,517,560
224105 (Pak2)	471,543,517,560
26405 (Map3k2)	557,543,603,560
26406 (Map3k3)	557,543,603,560
19099 (Mapk8ip1)	701,522,747,539
60597 (Mapk8ip2)	701,522,747,539
26403 (Map3k11)	557,511,603,528
26400 (Map2k7)	653,511,699,528
26414 (Mapk10)	740,494,786,511
26419 (Mapk8)	740,494,786,511
26420 (Mapk9)	740,494,786,511
26398 (Map2k4)	653,478,699,495
12928 (Crk)	695,442,741,459
12929 (Crkl)	695,442,741,459
109689 (Arrb1)	642,442,688,459
216869 (Arrb2)	642,442,688,459
14013 (Mecom)	770,446,816,463
15481 (Hspa8)	770,425,816,442
15482 (Hspa1l)	770,425,816,442
15511 (Hspa1b)	770,425,816,442
15512 (Hspa2)	770,425,816,442
193740 (Hspa1a)	770,425,816,442
16478 (Jund)	891,505,937,522
14281 (Fos)	891,483,937,500
16476 (Jun)	891,483,937,500
18021 (Nfatc3)	891,458,937,475
18018 (Nfatc1)	891,437,937,454
19055 (Ppp3ca)	826,382,872,399
19056 (Ppp3cb)	826,382,872,399
19057 (Ppp3cc)	826,382,872,399
19058 (Ppp3r1)	826,382,872,399
19059 (Ppp3r2)	826,382,872,399
30957 (Mapk8ip3)	714,421,760,438
192176 (Flna)	661,421,707,438
286940 (Flnb)	661,421,707,438
68794 (Flnc)	661,421,707,438
26401 (Map3k1)	557,467,603,484
26410 (Map3k8)	557,443,603,460
26411 (Map4k1)	471,511,517,528
225028 (Map4k3)	471,445,517,462
14281 (Fos)	1057,302,1103,319
20807 (Srf)	955,302,1001,319
17869 (Myc)	891,335,937,352
13714 (Elk4)	891,313,937,330
13712 (Elk1)	891,291,937,308
11911 (Atf4)	891,263,937,280
110651 (Rps6ka3)	827,273,873,290
20111 (Rps6ka1)	827,273,873,290
20112 (Rps6ka2)	827,273,873,290
67071 (Rps6ka6)	827,273,873,290
17346 (Mknk1)	827,252,873,269
17347 (Mknk2)	827,252,873,269
11600 (Angpt1)	114,302,160,319
11601 (Angpt2)	114,302,160,319
11602 (Angpt4)	114,302,160,319
11839 (Areg)	114,302,160,319
12064 (Bdnf)	114,302,160,319
12977 (Csf1)	114,302,160,319
13636 (Efna1)	114,302,160,319
13637 (Efna2)	114,302,160,319
13638 (Efna3)	114,302,160,319
13639 (Efna4)	114,302,160,319
13640 (Efna5)	114,302,160,319
13645 (Egf)	114,302,160,319
13874 (Ereg)	114,302,160,319
14164 (Fgf1)	114,302,160,319
14165 (Fgf10)	114,302,160,319
14170 (Fgf15)	114,302,160,319
14171 (Fgf17)	114,302,160,319
14172 (Fgf18)	114,302,160,319
14173 (Fgf2)	114,302,160,319
14174 (Fgf3)	114,302,160,319
14175 (Fgf4)	114,302,160,319
14176 (Fgf5)	114,302,160,319
14177 (Fgf6)	114,302,160,319
14178 (Fgf7)	114,302,160,319
14179 (Fgf8)	114,302,160,319
14180 (Fgf9)	114,302,160,319
14205 (Vegfd)	114,302,160,319
14256 (Flt3l)	114,302,160,319
15234 (Hgf)	114,302,160,319
16000 (Igf1)	114,302,160,319
16002 (Igf2)	114,302,160,319
16333 (Ins1)	114,302,160,319
16334 (Ins2)	114,302,160,319
17311 (Kitl)	114,302,160,319
18048 (Klk1b4)	114,302,160,319
18049 (Ngf)	114,302,160,319
18205 (Ntf3)	114,302,160,319
18590 (Pdgfa)	114,302,160,319
18591 (Pdgfb)	114,302,160,319
18654 (Pgf)	114,302,160,319
21802 (Tgfa)	114,302,160,319
22339 (Vegfa)	114,302,160,319
22340 (Vegfb)	114,302,160,319
22341 (Vegfc)	114,302,160,319
54635 (Pdgfc)	114,302,160,319
56636 (Fgf21)	114,302,160,319
64654 (Fgf23)	114,302,160,319
67112 (Fgf22)	114,302,160,319
71785 (Pdgfd)	114,302,160,319
78405 (Ntf5)	114,302,160,319
80857 (Fgf20)	114,302,160,319
80903 (Fgf16)	114,302,160,319
71609 (Tradd)	276,621,322,638
17874 (Myd88)	276,654,322,671
16179 (Irak1)	306,707,352,724
266632 (Irak4)	306,707,352,724
11836 (Araf)	558,279,604,296
mmu04010: MAPK signaling pathway	40,45,268,70
mmu04070: Phosphatidylinositol signaling system	569,67,690,105
mmu04110: Cell cycle	1284,466,1318,737
mmu04210: Apoptosis	1176,610,1270,636
mmu04310: Wnt signaling pathway	992,833,1086,871
mmu04115: p53 signaling pathway	992,595,1086,633
mmu04668: TNF signaling pathway	245,576,339,614
