C05981 (Phosphatidylinositol-3,4,5-trisphosphate)	462,682,4
C00195 (N-Acylsphingosine)	556,157,4
C12126 (Dihydroceramide)	650,157,4
C00836 (Sphinganine)	742,157,4
C00065 (L-Serine)	886,176,4
C00550 (Sphingomyelin)	433,157,4
C00195 (N-Acylsphingosine)	434,348,4
C00319 (Sphingosine)	434,454,4
C06124 (Sphingosine 1-phosphate)	433,575,4
C06124 (Sphingosine 1-phosphate)	69,760,4
C00550 (Sphingomyelin)	618,225,4
C00195 (N-Acylsphingosine)	618,279,4
C16845 (Peroxynitrite)	502,272,4
C00346 (Ethanolamine phosphate)	558,575,4
C01245 (D-myo-Inositol 1,4,5-trisphosphate)	451,780,4
C00165 (Diacylglycerol)	452,826,4
C05981 (Phosphatidylinositol-3,4,5-trisphosphate)	282,442,4
C00212 (Adenosine)	80,442,4
C00154 (Palmitoyl-CoA)	886,147,4
C00533 (Nitric oxide)	737,682,4
26413 (Mapk1)	696,617,742,634
26417 (Mapk3)	696,617,742,634
26395 (Map2k1)	585,617,631,634
26396 (Map2k2)	585,617,631,634
110157 (Raf1)	468,617,514,634
11651 (Akt1)	574,672,620,689
11652 (Akt2)	574,672,620,689
23797 (Akt3)	574,672,620,689
18706 (Pik3ca)	356,672,402,689
18707 (Pik3cd)	356,672,402,689
18708 (Pik3r1)	356,672,402,689
18709 (Pik3r2)	356,672,402,689
18710 (Pik3r3)	356,672,402,689
74769 (Pik3cb)	356,672,402,689
18607 (Pdpk1)	495,672,541,689
18750 (Prkca)	527,818,573,835
18751 (Prkcb)	527,818,573,835
18752 (Prkcg)	527,818,573,835
13609 (S1pr1)	137,614,183,631
14739 (S1pr2)	137,670,183,687
13610 (S1pr3)	137,770,183,787
13611 (S1pr4)	138,824,184,841
94226 (S1pr5)	137,876,183,893
14677 (Gnai1)	261,660,307,677
14678 (Gnai2)	261,660,307,677
14679 (Gnai3)	261,660,307,677
14682 (Gnaq)	261,770,307,787
14673 (Gna12)	262,876,308,893
14674 (Gna13)	262,876,308,893
15461 (Hras)	355,617,401,634
16653 (Kras)	355,617,401,634
18176 (Nras)	355,617,401,634
18795 (Plcb1)	355,770,401,787
18796 (Plcb2)	355,770,401,787
18797 (Plcb3)	355,770,401,787
18798 (Plcb4)	355,770,401,787
11848 (Rhoa)	348,876,394,893
67653 (4930544G11Rik)	348,876,394,893
19877 (Rock1)	437,876,483,893
19878 (Rock2)	437,876,483,893
19211 (Pten)	527,857,573,874
21926 (Tnf)	54,206,100,223
20773 (Sptlc2)	786,168,832,185
228677 (Sptlc3)	786,168,832,185
268656 (Sptlc1)	786,168,832,185
241447 (Cers6)	677,168,723,185
545975 (Cers3)	677,168,723,185
67260 (Cers4)	677,168,723,185
71949 (Cers5)	677,168,723,185
76893 (Cers2)	677,168,723,185
93898 (Cers1)	677,168,723,185
13244 (Degs1)	580,168,626,185
619326 (9130409I23Rik)	580,168,626,185
70059 (Degs2)	580,168,626,185
18201 (Nsmaf)	221,206,267,223
20598 (Smpd2)	378,206,424,223
11886 (Asah1)	378,408,424,425
171168 (Acer1)	378,408,424,425
230379 (Acer2)	378,408,424,425
54447 (Asah2)	378,408,424,425
20698 (Sphk1)	379,498,425,515
56632 (Sphk2)	379,498,425,515
17250 (Abcc1)	137,566,183,583
13033 (Ctsd)	536,341,582,358
26408 (Map3k5)	536,391,582,408
18762 (Prkcz)	583,451,629,468
100039815 (Gm2436)	604,514,650,531
100039830 (Gm2446)	604,514,650,531
19052 (Ppp2ca)	604,514,650,531
19053 (Ppp2cb)	604,514,650,531
19054 (Ppp2r3d)	604,514,650,531
21770 (Ppp2r5d)	604,514,650,531
225849 (Ppp2r5b)	604,514,650,531
226849 (Ppp2r5a)	604,514,650,531
235542 (Ppp2r3a)	604,514,650,531
26931 (Ppp2r5c)	604,514,650,531
26932 (Ppp2r5e)	604,514,650,531
269643 (Ppp2r2c)	604,514,650,531
51792 (Ppp2r1a)	604,514,650,531
52432 (Ppp2r2d)	604,514,650,531
59032 (Ppp2r3c)	604,514,650,531
71978 (Ppp2r2a)	604,514,650,531
72930 (Ppp2r2b)	604,514,650,531
73699 (Ppp2r1b)	604,514,650,531
20597 (Smpd1)	565,243,611,260
433323 (Sgpp2)	444,498,490,515
81535 (Sgpp1)	444,498,490,515
241447 (Cers6)	444,408,490,425
545975 (Cers3)	444,408,490,425
67260 (Cers4)	444,408,490,425
71949 (Cers5)	444,408,490,425
76893 (Cers2)	444,408,490,425
93898 (Cers1)	444,408,490,425
26414 (Mapk10)	629,375,675,392
26419 (Mapk8)	629,375,675,392
26420 (Mapk9)	629,375,675,392
12122 (Bid)	629,341,675,358
19094 (Mapk11)	629,410,675,427
26415 (Mapk13)	629,410,675,427
26416 (Mapk14)	629,410,675,427
29857 (Mapk12)	629,410,675,427
12028 (Bax)	723,393,769,410
11651 (Akt1)	738,451,784,468
11652 (Akt2)	738,451,784,468
23797 (Akt3)	738,451,784,468
22059 (Trp53)	829,489,875,506
12043 (Bcl2)	829,451,875,468
20397 (Sgpl1)	476,555,522,572
208449 (Sgms1)	443,241,489,258
74442 (Sgms2)	443,241,489,258
18127 (Nos3)	653,672,699,689
12028 (Bax)	814,341,860,358
18033 (Nfkb1)	527,895,573,912
19697 (Rela)	527,895,573,912
170758 (Rac3)	501,739,547,756
19353 (Rac1)	501,739,547,756
19354 (Rac2)	501,739,547,756
21937 (Tnfrsf1a)	137,206,183,223
11539 (Adora1)	137,465,183,482
11542 (Adora3)	137,465,183,482
12062 (Bdkrb2)	137,465,183,482
18386 (Oprd1)	137,465,183,482
14125 (Fcer1a)	137,313,183,330
14126 (Ms4a2)	137,313,183,330
14127 (Fcer1g)	137,313,183,330
18706 (Pik3ca)	230,400,276,417
18707 (Pik3cd)	230,400,276,417
18708 (Pik3r1)	230,400,276,417
18709 (Pik3r2)	230,400,276,417
18710 (Pik3r3)	230,400,276,417
74769 (Pik3cb)	230,400,276,417
18805 (Pld1)	299,465,345,482
18806 (Pld2)	299,465,345,482
14360 (Fyn)	183,323,229,340
14389 (Gab2)	209,363,255,380
71609 (Tradd)	221,265,267,282
22030 (Traf2)	265,322,311,339
14677 (Gnai1)	217,466,263,483
14678 (Gnai2)	217,466,263,483
14679 (Gnai3)	217,466,263,483
18795 (Plcb1)	240,505,286,522
18796 (Plcb2)	240,505,286,522
18797 (Plcb3)	240,505,286,522
18798 (Plcb4)	240,505,286,522
18754 (Prkce)	309,527,355,544
26413 (Mapk1)	364,545,410,562
26417 (Mapk3)	364,545,410,562
16644 (Kng1)	54,465,100,482
385643 (Kng2)	54,465,100,482
mmu04071: Sphingolipid signaling pathway	40,45,329,70
mmu04010: MAPK signaling pathway	630,572,742,606
mmu04151: PI3K-Akt signaling pathway	519,698,631,732
mmu00600: Sphingolipid metabolism	742,195,854,229
mmu04142: Lysosome	717,290,809,315
