C00063 (CTP)	634,319,4
C15607 (3-Oxo-3-ureidopropanoate)	1061,308,4
C00064 (L-Glutamine)	128,297,4
C00438 (N-Carbamoyl-L-aspartate)	128,153,4
C00169 (Carbamoyl phosphate)	128,225,4
C00337 ((S)-Dihydroorotate)	230,153,4
C00119 (5-Phospho-alpha-D-ribose 1-diphosphate)	389,104,4
C01103 (Orotidine 5'-phosphate)	473,153,4
C00075 (UTP)	334,236,4
C00015 (UDP)	446,236,4
C00105 (UMP)	563,236,4
C00299 (Uridine)	693,236,4
C00106 (Uracil)	849,236,4
C00046 (RNA)	248,383,4
C00063 (CTP)	334,380,4
C00039 (DNA)	248,781,4
C00459 (dTTP)	334,781,4
C00363 (dTDP)	450,781,4
C00364 (dTMP)	563,781,4
C00214 (Thymidine)	693,781,4
C00672 (2-Deoxy-D-ribose 1-phosphate)	816,820,4
C05281 (5-Methylbarbiturate)	963,703,4
C20846 (3-Oxo-3-ureidoisobutyrate)	1063,703,4
C00178 (Thymine)	849,781,4
C02376 (5-Methylcytosine)	756,717,4
C21028 ((R)-5,6-Dihydrothymine)	963,781,4
C21029 ((R)-3-Ureidoisobutyrate)	1063,781,4
C01205 ((R)-3-Amino-2-methylpropanoate)	1168,781,4
C00383 (Malonate)	1166,308,4
C00086 (Urea)	1145,345,4
C00813 (Barbiturate)	961,308,4
C00099 (beta-Alanine)	1166,236,4
C02642 (3-Ureidopropionate)	1061,236,4
C00429 (5,6-Dihydrouracil)	961,236,4
C00380 (Cytosine)	780,381,4
C00475 (Cytidine)	693,381,4
C00055 (CMP)	563,381,4
C00112 (CDP)	450,381,4
C00015 (UDP)	450,749,4
C00460 (dUTP)	334,652,4
C01346 (dUDP)	450,652,4
C00365 (dUMP)	563,652,4
C00526 (Deoxyuridine)	693,652,4
C00881 (Deoxycytidine)	693,514,4
C00239 (dCMP)	563,514,4
C00705 (dCDP)	450,514,4
C00458 (dCTP)	334,514,4
C03997 (5-Hydroxymethyldeoxycytidylate)	647,474,4
C11038 (2'-Deoxy-5-hydroxymethylcytidine-5'-diphosphate)	725,474,4
C11039 (2'-Deoxy-5-hydroxymethylcytidine-5'-triphosphate)	803,474,4
C01168 (Pseudouridine 5'-phosphate)	961,183,4
C02067 (Pseudouridine)	1061,183,4
C00295 (Orotate)	347,153,4
C00075 (UTP)	655,160,4
C00029 (UDP-glucose)	655,134,4
C01368 (3'-UMP)	720,183,4
C02355 (2',3'-Cyclic UMP)	811,183,4
C02354 (2',3'-Cyclic CMP)	492,439,4
C06198 (P1,P4-Bis(5'-uridyl) tetraphosphate)	446,187,4
C05822 (3'-CMP)	579,439,4
C20231 ((Z)-3-Ureidoacrylate peracid)	955,430,4
C20249 ((Z)-3-Peroxyaminoacrylate)	1053,430,4
C01563 (Carbamate)	1034,401,4
C00222 (3-Oxopropanoate)	1235,430,4
C01013 (3-Hydroxypropanoate)	1326,430,4
C20253 (Aminoacrylate)	1144,430,4
C20254 (Ureidoacrylate)	955,375,4
C02170 (Methylmalonate)	1168,703,4
C00086 (Urea)	1147,666,4
C00039 (DNA)	248,515,4
20133 (Rrm1)	427,708,473,725
20135 (Rrm2)	427,708,473,725
382985 (Rrm2b)	427,708,473,725
69719 (Cad)	105,255,151,272
69719 (Cad)	105,183,151,200
69719 (Cad)	156,145,202,162
22247 (Umps)	399,145,445,162
171567 (Nme7)	372,228,418,245
18102 (Nme1)	372,228,418,245
18103 (Nme2)	372,228,418,245
54369 (Nme6)	372,228,418,245
56520 (Nme4)	372,228,418,245
633979 (Ak9)	372,228,418,245
79059 (Nme3)	372,228,418,245
22169 (Cmpk2)	482,217,528,234
66588 (Cmpk1)	482,217,528,234
51797 (Ctps)	311,302,357,319
55936 (Ctps2)	311,302,357,319
12495 (Entpd1)	372,253,418,270
215446 (Entpd3)	372,253,418,270
72090 (Entpd8)	372,253,418,270
100862375 (Entpd4b)	482,175,528,192
12497 (Entpd6)	482,175,528,192
12499 (Entpd5)	482,175,528,192
67464 (Entpd4)	482,175,528,192
76025 (Cant1)	482,175,528,192
12495 (Entpd1)	482,196,528,213
215446 (Entpd3)	482,196,528,213
72090 (Entpd8)	482,196,528,213
331487 (Uprt)	609,272,655,289
22245 (Uck1)	610,219,656,236
68556 (Uckl1)	610,219,656,236
80914 (Uck2)	610,219,656,236
103850 (Nt5m)	610,238,656,255
107569 (Nt5c3)	610,238,656,255
230718 (Nt5c1a)	610,238,656,255
23959 (Nt5e)	610,238,656,255
50773 (Nt5c)	610,238,656,255
66763 (4933425L06Rik)	610,238,656,255
68106 (Nt5c3b)	610,238,656,255
70881 (Nt5c1b)	610,238,656,255
76952 (Nt5c2)	610,238,656,255
22271 (Upp1)	745,219,791,236
76654 (Upp2)	745,219,791,236
99586 (Dpyd)	881,238,927,255
64705 (Dpys)	990,228,1036,245
103149 (Upb1)	1085,228,1131,245
12495 (Entpd1)	371,363,417,380
215446 (Entpd3)	371,363,417,380
72090 (Entpd8)	371,363,417,380
171567 (Nme7)	371,382,417,399
18102 (Nme1)	371,382,417,399
18103 (Nme2)	371,382,417,399
54369 (Nme6)	371,382,417,399
56520 (Nme4)	371,382,417,399
633979 (Ak9)	371,382,417,399
79059 (Nme3)	371,382,417,399
12495 (Entpd1)	481,338,527,355
215446 (Entpd3)	481,338,527,355
72090 (Entpd8)	481,338,527,355
22169 (Cmpk2)	481,362,527,379
66588 (Cmpk1)	481,362,527,379
22245 (Uck1)	610,332,656,349
68556 (Uckl1)	610,332,656,349
80914 (Uck2)	610,332,656,349
103850 (Nt5m)	610,374,656,391
107569 (Nt5c3)	610,374,656,391
230718 (Nt5c1a)	610,374,656,391
23959 (Nt5e)	610,374,656,391
50773 (Nt5c)	610,374,656,391
66763 (4933425L06Rik)	610,374,656,391
68106 (Nt5c3b)	610,374,656,391
70881 (Nt5c1b)	610,374,656,391
76952 (Nt5c2)	610,374,656,391
72269 (Cda)	672,311,718,328
20133 (Rrm1)	427,451,473,468
20135 (Rrm2)	427,451,473,468
382985 (Rrm2b)	427,451,473,468
171567 (Nme7)	372,506,418,523
18102 (Nme1)	372,506,418,523
18103 (Nme2)	372,506,418,523
54369 (Nme6)	372,506,418,523
56520 (Nme4)	372,506,418,523
633979 (Ak9)	372,506,418,523
79059 (Nme3)	372,506,418,523
22169 (Cmpk2)	481,495,527,512
66588 (Cmpk1)	481,495,527,512
66422 (Dctpp1)	423,559,469,576
13178 (Dck)	610,506,656,523
103850 (Nt5m)	610,542,656,559
107569 (Nt5c3)	610,542,656,559
230718 (Nt5c1a)	610,542,656,559
23959 (Nt5e)	610,542,656,559
50773 (Nt5c)	610,542,656,559
66763 (4933425L06Rik)	610,542,656,559
68106 (Nt5c3b)	610,542,656,559
70881 (Nt5c1b)	610,542,656,559
76952 (Nt5c2)	610,542,656,559
320685 (Dctd)	565,590,611,607
171567 (Nme7)	368,635,414,652
18102 (Nme1)	368,635,414,652
18103 (Nme2)	368,635,414,652
54369 (Nme6)	368,635,414,652
56520 (Nme4)	368,635,414,652
633979 (Ak9)	368,635,414,652
79059 (Nme3)	368,635,414,652
21915 (Dtymk)	481,643,527,660
21877 (Tk1)	610,643,656,660
57813 (Tk2)	610,643,656,660
72269 (Cda)	670,575,716,592
18950 (Pnp)	738,633,784,650
667034 (Pnp2)	738,633,784,650
72962 (Tymp)	738,654,784,671
22171 (Tyms)	515,707,561,724
171567 (Nme7)	370,772,416,789
18102 (Nme1)	370,772,416,789
18103 (Nme2)	370,772,416,789
54369 (Nme6)	370,772,416,789
56520 (Nme4)	370,772,416,789
633979 (Ak9)	370,772,416,789
79059 (Nme3)	370,772,416,789
12495 (Entpd1)	370,799,416,816
215446 (Entpd3)	370,799,416,816
72090 (Entpd8)	370,799,416,816
21915 (Dtymk)	483,763,529,780
12495 (Entpd1)	483,782,529,799
215446 (Entpd3)	483,782,529,799
72090 (Entpd8)	483,782,529,799
103850 (Nt5m)	610,730,656,747
107569 (Nt5c3)	610,730,656,747
230718 (Nt5c1a)	610,730,656,747
23959 (Nt5e)	610,730,656,747
50773 (Nt5c)	610,730,656,747
66763 (4933425L06Rik)	610,730,656,747
68106 (Nt5c3b)	610,730,656,747
70881 (Nt5c1b)	610,730,656,747
76952 (Nt5c2)	610,730,656,747
21877 (Tk1)	610,773,656,790
57813 (Tk2)	610,773,656,790
72962 (Tymp)	738,782,784,799
99586 (Dpyd)	883,783,929,800
64705 (Dpys)	992,773,1038,790
103149 (Upb1)	1087,773,1133,790
56749 (Dhodh)	267,164,313,181
66422 (Dctpp1)	481,538,527,555
22247 (Umps)	496,145,542,162
18605 (Enpp1)	430,291,476,308
209558 (Enpp3)	430,291,476,308
66401 (Nudt2)	370,180,416,197
22271 (Upp1)	738,606,784,623
76654 (Upp2)	738,606,784,623
103850 (Nt5m)	610,665,656,682
107569 (Nt5c3)	610,665,656,682
230718 (Nt5c1a)	610,665,656,682
23959 (Nt5e)	610,665,656,682
50773 (Nt5c)	610,665,656,682
66763 (4933425L06Rik)	610,665,656,682
68106 (Nt5c3b)	610,665,656,682
70881 (Nt5c1b)	610,665,656,682
76952 (Nt5c2)	610,665,656,682
171567 (Nme7)	737,466,783,483
18102 (Nme1)	737,466,783,483
18103 (Nme2)	737,466,783,483
54369 (Nme6)	737,466,783,483
56520 (Nme4)	737,466,783,483
79059 (Nme3)	737,466,783,483
18605 (Enpp1)	438,834,484,851
209558 (Enpp3)	438,834,484,851
18605 (Enpp1)	430,321,476,338
209558 (Enpp3)	430,321,476,338
110074 (Dut)	423,602,469,619
mmu00240: Pyrimidine metabolism	40,45,244,70
mmu00030: Pentose phosphate pathway	102,90,249,115
mmu00250: Alanine	66,360,191,394
aspartate and glutamate metabolism	66,360,191,394
mmu00410: beta-Alanine metabolism	1210,223,1333,248
mmu00280: Valine	1212,763,1336,797
leucine and isoleucine degradation	1212,763,1336,797
mmu00220: Arginine biosynthesis	17,281,96,315
