C05981 (Phosphatidylinositol-3,4,5-trisphosphate)	583,946,4
C01245 (D-myo-Inositol 1,4,5-trisphosphate)	656,1424,4
C00076 (Calcium cation)	720,1424,4
C05981 (Phosphatidylinositol-3,4,5-trisphosphate)	577,1304,4
12902 (Cr2)	241,109,287,126
100504404 (H2-Ea-ps)	241,168,287,185
14960 (H2-Aa)	241,168,287,185
14961 (H2-Ab1)	241,168,287,185
14969 (H2-Eb1)	241,168,287,185
14998 (H2-DMa)	241,168,287,185
14999 (H2-DMb1)	241,168,287,185
15000 (H2-DMb2)	241,168,287,185
15001 (H2-Oa)	241,168,287,185
15002 (H2-Ob)	241,168,287,185
19664 (Rbpj)	1064,731,1110,748
19668 (Rbpjl)	1064,731,1110,748
66354 (Snw1)	936,749,982,766
20602 (Ncor2)	958,677,1004,694
14128 (Fcer2a)	1276,763,1322,780
17869 (Myc)	1276,784,1322,801
12902 (Cr2)	1276,742,1322,759
15182 (Hdac2)	1004,660,1050,677
433759 (Hdac1)	1004,660,1050,677
12576 (Cdkn1b)	956,1267,1002,1284
27401 (Skp2)	1125,1242,1171,1259
19645 (Rb1)	1125,1281,1171,1298
252870 (Usp7)	955,874,1001,891
22059 (Trp53)	994,920,1040,937
71609 (Tradd)	356,1045,402,1062
19766 (Ripk1)	467,1160,513,1177
22031 (Traf3)	356,986,402,1003
22033 (Traf5)	356,986,402,1003
18035 (Nfkbia)	656,1052,702,1069
18036 (Nfkbib)	656,1052,702,1069
18037 (Nfkbie)	656,1052,702,1069
53859 (Map3k14)	467,986,513,1003
12675 (Chuk)	559,986,605,1003
18033 (Nfkb1)	656,1021,702,1038
19697 (Rela)	656,1021,702,1038
22034 (Traf6)	467,1032,513,1049
66513 (Tab1)	467,1049,513,1066
68652 (Tab2)	467,1049,513,1066
18034 (Nfkb2)	656,986,702,1003
19698 (Relb)	656,986,702,1003
14128 (Fcer2a)	981,1028,1027,1045
12495 (Entpd1)	1031,1028,1077,1045
215446 (Entpd3)	1031,1028,1077,1045
72090 (Entpd8)	1031,1028,1077,1045
21939 (Cd40)	981,1051,1027,1068
12505 (Cd44)	1032,1051,1078,1068
16408 (Itgal)	981,1073,1027,1090
15894 (Icam1)	981,1096,1027,1113
12043 (Bcl2)	1032,1128,1078,1145
21929 (Tnfaip3)	981,1128,1027,1145
26409 (Map3k7)	467,1066,513,1083
26398 (Map2k4)	559,1112,605,1129
26400 (Map2k7)	559,1112,605,1129
26397 (Map2k3)	559,1143,605,1160
26399 (Map2k6)	559,1143,605,1160
26414 (Mapk10)	656,1112,702,1129
26419 (Mapk8)	656,1112,702,1129
26420 (Mapk9)	656,1112,702,1129
19094 (Mapk11)	656,1143,702,1160
26415 (Mapk13)	656,1143,702,1160
26416 (Mapk14)	656,1143,702,1160
29857 (Mapk12)	656,1143,702,1160
16476 (Jun)	833,1128,879,1145
16453 (Jak3)	467,1207,513,1224
18706 (Pik3ca)	468,937,514,954
18707 (Pik3cd)	468,937,514,954
18708 (Pik3r1)	468,937,514,954
18709 (Pik3r2)	468,937,514,954
18710 (Pik3r3)	468,937,514,954
74769 (Pik3cb)	468,937,514,954
11651 (Akt1)	656,937,702,954
11652 (Akt2)	656,937,702,954
23797 (Akt3)	656,937,702,954
17096 (Lyn)	356,1300,402,1317
666513 (Gm11787)	356,1300,402,1317
20963 (Syk)	356,1338,402,1355
234779 (Plcg2)	559,1416,605,1433
17999 (Nedd4)	422,1258,468,1275
230073 (Ddx58)	399,332,445,349
56480 (Tbk1)	644,324,690,341
18035 (Nfkbia)	728,256,774,273
18036 (Nfkbib)	728,256,774,273
18037 (Nfkbie)	728,256,774,273
18033 (Nfkb1)	728,226,774,243
19697 (Rela)	728,226,774,243
54131 (Irf3)	728,350,774,367
19106 (Eif2ak2)	386,383,432,400
22352 (Vim)	1032,1096,1078,1113
17463 (Psmd7)	675,730,721,747
19179 (Psmc1)	675,730,721,747
19181 (Psmc2)	675,730,721,747
19182 (Psmc3)	675,730,721,747
19184 (Psmc5)	675,730,721,747
19185 (Psmd4)	675,730,721,747
20422 (Sem1)	675,730,721,747
21762 (Psmd2)	675,730,721,747
22123 (Psmd3)	675,730,721,747
23996 (Psmc4)	675,730,721,747
23997 (Psmd13)	675,730,721,747
56436 (Adrm1)	675,730,721,747
57296 (Psmd8)	675,730,721,747
59029 (Psmd14)	675,730,721,747
66413 (Psmd6)	675,730,721,747
66997 (Psmd12)	675,730,721,747
67089 (Psmc6)	675,730,721,747
69077 (Psmd11)	675,730,721,747
70247 (Psmd1)	675,730,721,747
100529082 (Gm11127)	520,803,566,820
110557 (H2-Q6)	520,803,566,820
110558 (H2-Q9)	520,803,566,820
110696 (H2-M10.3)	520,803,566,820
14963 (H2-Bl)	520,803,566,820
14964 (H2-D1)	520,803,566,820
14972 (H2-K1)	520,803,566,820
14980 (H2-L)	520,803,566,820
14985 (H2-M10.1)	520,803,566,820
14990 (H2-M2)	520,803,566,820
14991 (H2-M3)	520,803,566,820
14997 (H2-M9)	520,803,566,820
15006 (H2-Q1)	520,803,566,820
15007 (H2-Q10)	520,803,566,820
15013 (H2-Q2)	520,803,566,820
15015 (H2-Q4)	520,803,566,820
15018 (H2-Q7)	520,803,566,820
15019 (H2-Q8)	520,803,566,820
15024 (H2-T10)	520,803,566,820
15033 (H2-T18)	520,803,566,820
15039 (H2-T22)	520,803,566,820
15040 (H2-T23)	520,803,566,820
15042 (H2-T24)	520,803,566,820
15043 (H2-T3)	520,803,566,820
15051 (H2-T9)	520,803,566,820
224753 (H2-M10.4)	520,803,566,820
224754 (H2-M11)	520,803,566,820
224756 (H2-M1)	520,803,566,820
224761 (H2-M10.5)	520,803,566,820
240095 (H2-M5)	520,803,566,820
333715 (H2-M10.2)	520,803,566,820
399549 (H2-M10.6)	520,803,566,820
547349 (H2-K1)	520,803,566,820
630294 (Gm7030)	520,803,566,820
667803 (H2-T-ps)	520,803,566,820
667977 (Gm8909)	520,803,566,820
69717 (Gm10499)	520,803,566,820
100529082 (Gm11127)	241,803,287,820
110557 (H2-Q6)	241,803,287,820
110558 (H2-Q9)	241,803,287,820
110696 (H2-M10.3)	241,803,287,820
14963 (H2-Bl)	241,803,287,820
14964 (H2-D1)	241,803,287,820
14972 (H2-K1)	241,803,287,820
14980 (H2-L)	241,803,287,820
14985 (H2-M10.1)	241,803,287,820
14990 (H2-M2)	241,803,287,820
14991 (H2-M3)	241,803,287,820
14997 (H2-M9)	241,803,287,820
15006 (H2-Q1)	241,803,287,820
15007 (H2-Q10)	241,803,287,820
15013 (H2-Q2)	241,803,287,820
15015 (H2-Q4)	241,803,287,820
15018 (H2-Q7)	241,803,287,820
15019 (H2-Q8)	241,803,287,820
15024 (H2-T10)	241,803,287,820
15033 (H2-T18)	241,803,287,820
15039 (H2-T22)	241,803,287,820
15040 (H2-T23)	241,803,287,820
15042 (H2-T24)	241,803,287,820
15043 (H2-T3)	241,803,287,820
15051 (H2-T9)	241,803,287,820
224753 (H2-M10.4)	241,803,287,820
224754 (H2-M11)	241,803,287,820
224756 (H2-M1)	241,803,287,820
224761 (H2-M10.5)	241,803,287,820
240095 (H2-M5)	241,803,287,820
333715 (H2-M10.2)	241,803,287,820
399549 (H2-M10.6)	241,803,287,820
547349 (H2-K1)	241,803,287,820
630294 (Gm7030)	241,803,287,820
667803 (H2-T-ps)	241,803,287,820
667977 (Gm8909)	241,803,287,820
69717 (Gm10499)	241,803,287,820
21354 (Tap1)	520,718,566,735
21355 (Tap2)	520,718,566,735
21356 (Tapbp)	520,735,566,752
14827 (Pdia3)	486,757,532,774
12317 (Calr)	486,774,532,791
12010 (B2m)	486,829,532,846
20466 (Sin3a)	958,660,1004,677
60406 (Sap30)	1004,677,1050,694
66935 (Cir1)	1004,694,1050,711
15205 (Hes1)	1327,742,1373,759
12399 (Runx3)	1327,763,1373,780
17246 (Mdm2)	954,964,1000,981
12575 (Cdkn1a)	1150,900,1196,917
13197 (Gadd45a)	1202,900,1248,917
17873 (Gadd45b)	1202,900,1248,917
23882 (Gadd45g)	1202,900,1248,917
12028 (Bax)	1150,922,1196,939
12018 (Bak1)	1202,922,1248,939
107986 (Ddb2)	1150,944,1196,961
27015 (Polk)	1202,944,1248,961
12575 (Cdkn1a)	956,1289,1002,1306
12566 (Cdk2)	1038,1311,1084,1328
12427 (Ccna1)	1038,1294,1084,1311
12428 (Ccna2)	1038,1294,1084,1311
12447 (Ccne1)	1038,1294,1084,1311
12448 (Ccne2)	1038,1294,1084,1311
13555 (E2f1)	1125,1321,1171,1338
13557 (E2f3)	1125,1321,1171,1338
242705 (E2f2)	1125,1321,1171,1338
12567 (Cdk4)	1038,1251,1084,1268
12571 (Cdk6)	1038,1251,1084,1268
12443 (Ccnd1)	1038,1234,1084,1251
12444 (Ccnd2)	1038,1234,1084,1251
12445 (Ccnd3)	1038,1234,1084,1251
27401 (Skp2)	888,1290,934,1307
22030 (Traf2)	467,1143,513,1160
20846 (Stat1)	559,1199,605,1216
20848 (Stat3)	559,1216,605,1233
17096 (Lyn)	356,1393,402,1410
666513 (Gm11787)	356,1393,402,1410
20963 (Syk)	356,1439,402,1456
18706 (Pik3ca)	467,1316,513,1333
18707 (Pik3cd)	467,1316,513,1333
18708 (Pik3r1)	467,1316,513,1333
18709 (Pik3r2)	467,1316,513,1333
18710 (Pik3r3)	467,1316,513,1333
74769 (Pik3cb)	467,1316,513,1333
11651 (Akt1)	656,1296,702,1313
11652 (Akt2)	656,1296,702,1313
23797 (Akt3)	656,1296,702,1313
19353 (Rac1)	559,1335,605,1352
12229 (Btk)	467,1407,513,1424
17060 (Blnk)	467,1424,513,1441
228607 (Mavs)	477,332,523,349
56489 (Ikbke)	644,341,690,358
54123 (Irf7)	728,316,774,333
15977 (Ifnb1)	1004,333,1050,350
15962 (Ifna1)	151,594,197,611
15964 (Ifna11)	151,594,197,611
15965 (Ifna2)	151,594,197,611
15967 (Ifna4)	151,594,197,611
15968 (Ifna5)	151,594,197,611
15969 (Ifna6)	151,594,197,611
15970 (Ifna7)	151,594,197,611
15972 (Ifna9)	151,594,197,611
15974 (Ifnab)	151,594,197,611
15977 (Ifnb1)	151,594,197,611
230396 (Ifna13)	151,594,197,611
242517 (Ifna15)	151,594,197,611
242519 (Ifna12)	151,594,197,611
404549 (Ifna14)	151,594,197,611
15975 (Ifnar1)	241,594,287,611
15976 (Ifnar2)	241,594,287,611
16451 (Jak1)	399,584,445,601
54721 (Tyk2)	399,606,445,623
20846 (Stat1)	644,588,690,605
20847 (Stat2)	644,605,690,622
16391 (Irf9)	690,596,736,613
15962 (Ifna1)	954,333,1000,350
15964 (Ifna11)	954,333,1000,350
15965 (Ifna2)	954,333,1000,350
15967 (Ifna4)	954,333,1000,350
15968 (Ifna5)	954,333,1000,350
15969 (Ifna6)	954,333,1000,350
15970 (Ifna7)	954,333,1000,350
15972 (Ifna9)	954,333,1000,350
15974 (Ifnab)	954,333,1000,350
230396 (Ifna13)	954,333,1000,350
242517 (Ifna15)	954,333,1000,350
242519 (Ifna12)	954,333,1000,350
404549 (Ifna14)	954,333,1000,350
21926 (Tnf)	954,225,1000,242
16193 (Il6)	1004,225,1050,242
22034 (Traf6)	565,238,611,255
26409 (Map3k7)	565,271,611,288
22031 (Traf3)	565,332,611,349
24088 (Tlr2)	241,229,287,246
19106 (Eif2ak2)	954,586,1000,603
23960 (Oas1g)	1004,586,1050,603
23961 (Oas1b)	1004,586,1050,603
246727 (Oas3)	1004,586,1050,603
246728 (Oas2)	1004,586,1050,603
246730 (Oas1a)	1004,586,1050,603
54123 (Irf7)	954,609,1000,626
15945 (Cxcl10)	1004,609,1050,626
100038882 (Isg15)	1055,609,1101,626
17874 (Myd88)	399,229,445,246
16179 (Irak1)	477,229,523,246
266632 (Irak4)	477,229,523,246
12675 (Chuk)	644,256,690,273
16150 (Ikbkb)	644,256,690,273
16151 (Ikbkg)	644,256,690,273
14082 (Fadd)	410,421,456,438
12367 (Casp3)	753,422,799,439
12370 (Casp8)	489,422,535,439
12125 (Bcl2l11)	385,515,431,532
14102 (Fas)	241,420,287,437
12043 (Bcl2)	452,515,498,532
12018 (Bak1)	521,515,567,532
12028 (Bax)	521,515,567,532
13063 (Cycs)	649,515,695,532
13067 (Cyct)	649,515,695,532
11783 (Apaf1)	721,515,767,532
12371 (Casp9)	736,469,782,486
12122 (Bid)	504,471,550,488
12500 (Cd3d)	158,803,204,820
12501 (Cd3e)	158,803,204,820
12502 (Cd3g)	158,803,204,820
12503 (Cd247)	158,803,204,820
66513 (Tab1)	565,255,611,272
68652 (Tab2)	565,255,611,272
12478 (Cd19)	241,142,287,159
12675 (Chuk)	559,1052,605,1069
16150 (Ikbkb)	559,1052,605,1069
16151 (Ikbkg)	559,1052,605,1069
mmu05169: Epstein-Barr virus infection	40,45,302,70
mmu04662: B cell receptor signaling pathway	120,1407,231,1441
mmu04020: Calcium signaling pathway	635,1375,761,1409
mmu04115: p53 signaling pathway	1025,875,1145,900
mmu04622: RIG-I-like receptor signaling pathway	399,289,518,323
mmu04010: MAPK signaling pathway	635,1165,761,1199
mmu04612: Antigen processing and presentation	406,868,520,902
mmu03050: Proteasome	680,757,789,782
mmu04110: Cell cycle	1206,1291,1316,1316
mmu04064: NF-kappa B signaling pathway	635,1074,761,1108
mmu04620: Toll-like receptor signaling pathway	399,188,518,222
mmu04210: Apoptosis	580,454,689,479
mmu04630: JAK-STAT signaling pathway	634,1205,760,1239
