C00082 (L-Tyrosine)	126,637,4
C00355 (3,4-Dihydroxy-L-phenylalanine)	195,638,4
C03758 (Dopamine)	265,638,4
C03758 (Dopamine)	405,593,4
C01161 (3,4-Dihydroxyphenylacetate)	384,531,4
C00027 (Hydrogen peroxide)	428,530,4
C00082 (L-Tyrosine)	125,275,4
C00355 (3,4-Dihydroxy-L-phenylalanine)	197,275,4
C03758 (Dopamine)	266,275,4
C03758 (Dopamine)	408,234,4
C01161 (3,4-Dihydroxyphenylacetate)	386,187,4
C00027 (Hydrogen peroxide)	428,186,4
C03758 (Dopamine)	570,625,4
C03758 (Dopamine)	527,328,4
C03758 (Dopamine)	569,260,4
C03758 (Dopamine)	525,696,4
C00575 (3',5'-Cyclic AMP)	857,330,4
C00025 (L-Glutamate)	593,237,4
C00025 (L-Glutamate)	588,551,4
C00575 (3',5'-Cyclic AMP)	860,696,4
D00110 (Cocaine (USP))	586,587,4
C00082 (L-Tyrosine)	127,993,4
C00355 (3,4-Dihydroxy-L-phenylalanine)	196,994,4
C03758 (Dopamine)	261,994,4
C03758 (Dopamine)	405,949,4
C01161 (3,4-Dihydroxyphenylacetate)	384,887,4
C00027 (Hydrogen peroxide)	427,887,4
C03758 (Dopamine)	526,1065,4
C03758 (Dopamine)	568,996,4
D00110 (Cocaine (USP))	584,958,4
C00575 (3',5'-Cyclic AMP)	858,1067,4
D00110 (Cocaine (USP))	338,703,4
110877 (Slc18a1)	320,302,366,319
214084 (Slc18a2)	320,302,366,319
110877 (Slc18a1)	313,666,359,683
214084 (Slc18a2)	313,666,359,683
108068 (Grm2)	619,279,665,296
108069 (Grm3)	619,279,665,296
13489 (Drd2)	619,362,665,379
13488 (Drd1)	619,321,665,338
13162 (Slc6a3)	504,251,550,268
108068 (Grm2)	619,573,665,590
108069 (Grm3)	619,573,665,590
13489 (Drd2)	619,745,665,762
13488 (Drd1)	619,688,665,705
109731 (Maob)	411,556,457,573
17161 (Maoa)	411,556,457,573
13162 (Slc6a3)	506,617,552,634
21823 (Th)	134,613,180,630
13195 (Ddc)	204,613,250,630
21823 (Th)	134,250,180,267
13195 (Ddc)	204,250,250,267
109731 (Maob)	411,211,457,228
17161 (Maoa)	411,211,457,228
14683 (Gnas)	700,321,746,338
224129 (Adcy5)	780,321,826,338
18747 (Prkaca)	886,322,932,339
18749 (Prkacb)	886,322,932,339
14677 (Gnai1)	700,279,746,296
14678 (Gnai2)	700,279,746,296
14679 (Gnai3)	700,279,746,296
14677 (Gnai1)	700,362,746,379
14678 (Gnai2)	700,362,746,379
14679 (Gnai3)	700,362,746,379
14677 (Gnai1)	704,573,750,590
14678 (Gnai2)	704,573,750,590
14679 (Gnai3)	704,573,750,590
14683 (Gnas)	704,688,750,705
14677 (Gnai1)	704,745,750,762
14678 (Gnai2)	704,745,750,762
14679 (Gnai3)	704,745,750,762
67839 (Gpsm1)	777,544,823,561
224129 (Adcy5)	784,688,830,705
18747 (Prkaca)	890,688,936,705
18749 (Prkacb)	890,688,936,705
19739 (Rgs9)	777,774,823,791
21823 (Th)	134,970,180,987
13195 (Ddc)	203,970,249,987
110877 (Slc18a1)	320,1021,366,1038
214084 (Slc18a2)	320,1021,366,1038
109731 (Maob)	413,917,459,934
17161 (Maoa)	413,917,459,934
13162 (Slc6a3)	503,986,549,1003
13488 (Drd1)	619,1058,665,1075
14683 (Gnas)	702,1058,748,1075
224129 (Adcy5)	782,1058,828,1075
18747 (Prkaca)	890,1058,936,1075
18749 (Prkacb)	890,1058,936,1075
16476 (Jun)	1015,988,1061,1005
14282 (Fosb)	1015,1005,1061,1022
12568 (Cdk5)	867,930,913,947
18033 (Nfkb1)	867,907,913,924
19697 (Rela)	867,907,913,924
11909 (Atf2)	978,688,1024,705
11911 (Atf4)	978,688,1024,705
12912 (Creb1)	978,688,1024,705
12913 (Creb3)	978,688,1024,705
12915 (Atf6b)	978,688,1024,705
208647 (Creb3l2)	978,688,1024,705
208677 (Creb3l3)	978,688,1024,705
231991 (Creb5)	978,688,1024,705
26427 (Creb3l1)	978,688,1024,705
78284 (Creb3l4)	978,688,1024,705
18610 (Pdyn)	1085,675,1131,692
12064 (Bdnf)	1085,702,1131,719
14800 (Gria2)	619,880,665,897
19049 (Ppp1r1b)	889,997,935,1014
14810 (Grin1)	619,912,665,929
14811 (Grin2a)	619,912,665,929
14812 (Grin2b)	619,912,665,929
14813 (Grin2c)	619,912,665,929
14814 (Grin2d)	619,912,665,929
170483 (Grin3b)	619,912,665,929
242443 (Grin3a)	619,912,665,929
13385 (Dlg4)	659,929,705,946
12569 (Cdk5r1)	825,960,871,977
mmu05030: Cocaine addiction	40,45,222,70
mmu04728: Dopaminergic synapse	528,60,634,94
