C06771 (Triethanolamine)	1253,519,4
C06772 (Diethanolamine)	1144,519,4
C00084 (Acetaldehyde)	1068,464,4
C00641 (1,2-Diacyl-sn-glycerol)	708,437,4
C01996 (Acetylcholine)	1144,312,4
C04230 (1-Acyl-sn-glycero-3-phosphocholine)	816,176,4
C00307 (CDP-choline)	816,311,4
C00588 (Choline phosphate)	924,312,4
C00114 (Choline)	1032,312,4
C00157 (Phosphatidylcholine)	708,220,4
C00570 (CDP-ethanolamine)	816,519,4
C01233 (sn-Glycero-3-phosphoethanolamine)	924,626,4
C00344 (Phosphatidylglycerol)	345,770,4
C03892 (Phosphatidylglycerophosphate)	345,704,4
C00641 (1,2-Diacyl-sn-glycerol)	494,770,4
C01210 (N-Methylethanolamine phosphate)	924,419,4
C13482 (Phosphodimethylethanolamine)	924,366,4
C03974 (2-Acyl-sn-glycerol 3-phosphate)	352,329,4
C00093 (sn-Glycerol 3-phosphate)	1068,626,4
C00111 (Glycerone phosphate)	112,220,4
C00189 (Ethanolamine)	1032,519,4
C03872 (L-Serine-phosphoethanolamine)	816,465,4
C00093 (sn-Glycerol 3-phosphate)	352,220,4
C00269 (CDP-diacylglycerol)	345,632,4
C01194 (1-Phosphatidyl-D-myo-inositol)	217,584,4
C00513 (CDP-glycerol)	435,220,4
C00681 (1-Acyl-sn-glycerol 3-phosphate)	276,329,4
C00416 (Phosphatidate)	352,437,4
C00093 (sn-Glycerol 3-phosphate)	1068,220,4
C03372 (Acylglycerone phosphate)	112,329,4
C05973 (2-Acyl-sn-glycero-3-phosphoethanolamine)	816,669,4
C04438 (1-Acyl-sn-glycero-3-phosphoethanolamine)	816,590,4
C05976 (Aminoacyl-phosphatidylglycerol)	495,802,4
C00040 (Acyl-CoA)	389,366,4
C05980 (Cardiolipin)	217,770,4
C05974 (2-Acyl-sn-glycero-3-phosphoserine)	609,669,4
C02737 (Phosphatidylserine)	522,632,4
C00350 (Phosphatidylethanolamine)	708,628,4
C01241 (Phosphatidyl-N-methylethanolamine)	647,382,4
C00670 (sn-Glycero-3-phosphocholine)	924,220,4
C00040 (Acyl-CoA)	389,251,4
C00346 (Ethanolamine phosphate)	924,519,4
C04308 (Phosphatidyl-N-dimethylethanolamine)	647,310,4
C04233 (2-Acyl-sn-glycero-3-phosphocholine)	816,257,4
C03819 (1-Acylglycerophosphoinositol)	104,584,4
C18129 (Monolysocardiolipin)	104,770,4
C18126 (1-Acyl-sn-glycero-3-phosphoglycerol)	345,842,4
C18125 (1-Acyl-sn-glycero-3-phosphoserine)	609,590,4
C18168 (Diacylglycerylhomoserine)	797,361,4
C18169 (Diacylglyceryl-N,N,N-trimethylhomoserine)	891,361,4
C00623 (sn-Glycerol 1-phosphate)	352,130,4
C04590 (3-(O-Geranylgeranyl)-sn-glycerol 1-phosphate)	452,130,4
C04638 (2,3-Bis-O-(geranylgeranyl)glycerol 1-phosphate)	552,130,4
C18059 (CDP-2,3-bis-O-(geranylgeranyl)-sn-glycerol)	652,130,4
C20466 (2,3-Bis-O-(geranylgeranyl)-sn-glycero-1-phospho-L-serine)	752,130,4
C20518 (2,3-Bis-(O-phytanyl)-sn-glycerol 1-phosphate)	552,191,4
27388 (Ptdss2)	565,634,611,651
19210 (Ptdss1)	498,336,544,353
14712 (Gnpat)	89,269,135,286
14792 (Lpcat3)	740,202,786,219
210992 (Lpcat1)	740,202,786,219
270084 (Lpcat2)	740,202,786,219
70902 (Lpcat2b)	740,202,786,219
99010 (Lpcat4)	740,202,786,219
212862 (Chpt1)	705,271,751,288
99712 (Cept1)	705,271,751,288
13026 (Pcyt1a)	838,302,884,319
236899 (Pcyt1b)	838,302,884,319
12651 (Chkb)	958,294,1004,311
12660 (Chka)	958,294,1004,311
11423 (Ache)	1070,313,1116,330
12647 (Chat)	1070,293,1116,310
68671 (Pcyt2)	838,513,884,530
12651 (Chkb)	958,500,1004,517
12660 (Chka)	958,500,1004,517
214253 (Etnk2)	958,500,1004,517
75320 (Etnk1)	958,500,1004,517
225845 (Pla2g16)	740,222,786,239
18778 (Pla2g1b)	740,178,786,195
18780 (Pla2g2a)	740,178,786,195
18781 (Pla2g2c)	740,178,786,195
18782 (Pla2g2d)	740,178,786,195
18783 (Pla2g4a)	740,178,786,195
18784 (Pla2g5)	740,178,786,195
211429 (Pla2g4b)	740,178,786,195
225845 (Pla2g16)	740,178,786,195
232889 (Pla2g4c)	740,178,786,195
237625 (Pla2g3)	740,178,786,195
26565 (Pla2g10)	740,178,786,195
26970 (Pla2g2e)	740,178,786,195
26971 (Pla2g2f)	740,178,786,195
271844 (Pla2g4f)	740,178,786,195
329502 (Pla2g4e)	740,178,786,195
53357 (Pla2g6)	740,178,786,195
66350 (Pla2g12a)	740,178,786,195
665270 (Plb1)	740,178,786,195
69836 (Pla2g12b)	740,178,786,195
78390 (Pla2g4d)	740,178,786,195
104418 (Dgkz)	403,450,449,467
110197 (Dgkg)	403,450,449,467
110524 (Dgkq)	403,450,449,467
13139 (Dgka)	403,450,449,467
217480 (Dgkb)	403,450,449,467
227333 (Dgkd)	403,450,449,467
320127 (Dgki)	403,450,449,467
331374 (Dgkk)	403,450,449,467
380921 (Dgkh)	403,450,449,467
56077 (Dgke)	403,450,449,467
14245 (Lpin1)	539,418,585,435
19012 (Plpp1)	539,418,585,435
381925 (Plpp4)	539,418,585,435
50784 (Plpp2)	539,418,585,435
64898 (Lpin2)	539,418,585,435
64899 (Lpin3)	539,418,585,435
67916 (Plpp3)	539,418,585,435
71910 (Plpp5)	539,418,585,435
104759 (Pld4)	403,395,449,412
18805 (Pld1)	403,395,449,412
18806 (Pld2)	403,395,449,412
18807 (Pld3)	403,395,449,412
225845 (Pla2g16)	542,661,588,678
104759 (Pld4)	403,494,449,511
18805 (Pld1)	403,494,449,511
18806 (Pld2)	403,494,449,511
18807 (Pld3)	403,494,449,511
18778 (Pla2g1b)	740,583,786,600
18780 (Pla2g2a)	740,583,786,600
18781 (Pla2g2c)	740,583,786,600
18782 (Pla2g2d)	740,583,786,600
18783 (Pla2g4a)	740,583,786,600
18784 (Pla2g5)	740,583,786,600
211429 (Pla2g4b)	740,583,786,600
225845 (Pla2g16)	740,583,786,600
232889 (Pla2g4c)	740,583,786,600
237625 (Pla2g3)	740,583,786,600
26565 (Pla2g10)	740,583,786,600
26970 (Pla2g2e)	740,583,786,600
26971 (Pla2g2f)	740,583,786,600
271844 (Pla2g4f)	740,583,786,600
329502 (Pla2g4e)	740,583,786,600
53357 (Pla2g6)	740,583,786,600
66350 (Pla2g12a)	740,583,786,600
665270 (Plb1)	740,583,786,600
69836 (Pla2g12b)	740,583,786,600
78390 (Pla2g4d)	740,583,786,600
218121 (Mboat1)	254,382,300,399
225010 (Lclat1)	254,382,300,399
28169 (Agpat3)	254,382,300,399
52123 (Agpat5)	254,382,300,399
55979 (Agpat1)	254,382,300,399
67216 (Mboat2)	254,382,300,399
67512 (Agpat2)	254,382,300,399
68262 (Agpat4)	254,382,300,399
52858 (Cdipt)	255,576,301,593
225845 (Pla2g16)	740,629,786,646
237928 (Phospho1)	958,519,1004,536
102247 (Gpat4)	228,269,274,286
14732 (Gpam)	228,269,274,286
215456 (Gpat2)	228,269,274,286
231510 (Gpat3)	228,269,274,286
14555 (Gpd1)	147,182,193,199
333433 (Gpd1l)	147,182,193,199
14571 (Gpd2)	147,241,193,258
16816 (Lcat)	740,157,786,174
74182 (Gpcpd1)	958,201,1004,218
28042 (Selenoi)	706,558,752,575
99712 (Cept1)	706,558,752,575
18777 (Lypla1)	838,609,884,626
241274 (Pnpla7)	838,609,884,626
50767 (Pnpla6)	838,609,884,626
665270 (Plb1)	838,609,884,626
14792 (Lpcat3)	740,609,786,626
218121 (Mboat1)	740,609,786,626
67216 (Mboat2)	740,609,786,626
99010 (Lpcat4)	740,609,786,626
241274 (Pnpla7)	838,628,884,645
26394 (Lypla2)	838,628,884,645
50767 (Pnpla6)	838,628,884,645
665270 (Plb1)	838,628,884,645
110911 (Cds2)	348,558,394,575
74596 (Cds1)	348,558,394,575
241274 (Pnpla7)	838,222,884,239
26394 (Lypla2)	838,222,884,239
50767 (Pnpla6)	838,222,884,239
665270 (Plb1)	838,222,884,239
66358 (Adprm)	365,179,411,196
320951 (Pisd)	565,615,611,632
237928 (Phospho1)	958,313,1004,330
18618 (Pemt)	623,257,669,274
74182 (Gpcpd1)	958,607,1004,624
18777 (Lypla1)	838,203,884,220
192654 (Pla2g15)	838,203,884,220
241274 (Pnpla7)	838,203,884,220
50767 (Pnpla6)	838,203,884,220
665270 (Plb1)	838,203,884,220
18618 (Pemt)	624,342,670,359
18618 (Pemt)	624,410,670,427
74451 (Pgs1)	323,660,369,677
66586 (Crls1)	254,762,300,779
225010 (Lclat1)	139,567,185,584
28169 (Agpat3)	139,567,185,584
68262 (Agpat4)	139,567,185,584
77582 (Mboat7)	139,567,185,584
225010 (Lclat1)	139,752,185,769
66826 (Taz)	139,752,185,769
210992 (Lpcat1)	322,810,368,827
225010 (Lclat1)	322,810,368,827
226856 (Lpgat1)	322,810,368,827
270084 (Lpcat2)	322,810,368,827
70902 (Lpcat2b)	322,810,368,827
99010 (Lpcat4)	322,810,368,827
14792 (Lpcat3)	542,582,588,599
218121 (Mboat1)	542,582,588,599
67216 (Mboat2)	542,582,588,599
99010 (Lpcat4)	542,582,588,599
71760 (Etnppl)	958,455,1004,472
381925 (Plpp4)	539,439,585,456
71910 (Plpp5)	539,439,585,456
mmu00565: Ether lipid metabolism	48,379,176,404
mmu00010: Glycolysis / Gluconeogenesis	1141,426,1210,451
mmu00563: Glycosylphosphatidylinositol (GPI)-anchor biosynthesis	149,515,284,540
mmu00561: Glycerolipid metabolism	44,85,181,110
mmu00260: Glycine	645,712,767,746
serine and threonine metabolism	645,712,767,746
mmu00620: Pyruvate metabolism	1141,397,1259,422
mmu00564: Glycerophospholipid metabolism	40,45,323,70
mmu00562: Inositol phosphate metabolism	137,647,298,672
