C00076 (Calcium cation)	471,205,4
C00533 (Nitric oxide)	764,205,4
C00942 (3',5'-Cyclic GMP)	884,436,4
C00165 (Diacylglycerol)	647,764,4
C01598 (Melatonin)	187,749,4
C01330 (Sodium cation)	379,151,4
C00575 (3',5'-Cyclic AMP)	647,340,4
C00076 (Calcium cation)	471,510,4
C01330 (Sodium cation)	379,456,4
C00575 (3',5'-Cyclic AMP)	647,632,4
C00533 (Nitric oxide)	764,510,4
C00238 (Potassium cation)	378,844,4
C00025 (L-Glutamate)	187,351,4
14810 (Grin1)	309,197,355,214
14811 (Grin2a)	309,197,355,214
14812 (Grin2b)	309,197,355,214
14813 (Grin2c)	309,197,355,214
14814 (Grin2d)	309,197,355,214
12313 (Calm1)	521,138,567,155
12314 (Calm2)	521,138,567,155
12315 (Calm3)	521,138,567,155
494124 (Calm5)	521,138,567,155
70405 (Calml3)	521,138,567,155
75600 (Calml4)	521,138,567,155
80796 (Calm4)	521,138,567,155
108058 (Camk2d)	594,138,640,155
12322 (Camk2a)	594,138,640,155
12323 (Camk2b)	594,138,640,155
12325 (Camk2g)	594,138,640,155
18125 (Nos1)	685,197,731,214
234889 (Gucy1a2)	807,428,853,445
239134 (Gucy1b2)	807,428,853,445
54195 (Gucy1b1)	807,428,853,445
60596 (Gucy1a1)	807,428,853,445
19091 (Prkg1)	915,428,961,445
19092 (Prkg2)	915,428,961,445
244701 (Mtnr1b)	309,731,355,748
18795 (Plcb1)	539,756,585,773
18796 (Plcb2)	539,756,585,773
18797 (Plcb3)	539,756,585,773
18798 (Plcb4)	539,756,585,773
18750 (Prkca)	709,756,755,773
18751 (Prkcb)	709,756,755,773
18752 (Prkcg)	709,756,755,773
100503710 (Gm5741)	409,756,455,773
14682 (Gnaq)	409,756,455,773
14688 (Gnb1)	409,756,455,773
14693 (Gnb2)	409,756,455,773
14695 (Gnb3)	409,756,455,773
14696 (Gnb4)	409,756,455,773
14697 (Gnb5)	409,756,455,773
14699 (Gngt1)	409,756,455,773
14700 (Gng10)	409,756,455,773
14701 (Gng12)	409,756,455,773
14702 (Gng2)	409,756,455,773
14704 (Gng3)	409,756,455,773
14706 (Gng4)	409,756,455,773
14707 (Gng5)	409,756,455,773
14708 (Gng7)	409,756,455,773
14709 (Gng8)	409,756,455,773
14710 (Gngt2)	409,756,455,773
64337 (Gng13)	409,756,455,773
66066 (Gng11)	409,756,455,773
12291 (Cacna1g)	309,251,355,268
239556 (Cacna1i)	309,251,355,268
58226 (Cacna1h)	309,251,355,268
16438 (Itpr1)	424,261,470,278
16440 (Itpr3)	424,261,470,278
20190 (Ryr1)	473,261,519,278
20191 (Ryr2)	473,261,519,278
20192 (Ryr3)	473,261,519,278
14799 (Gria1)	309,143,355,160
14800 (Gria2)	309,143,355,160
14802 (Gria4)	309,143,355,160
53623 (Gria3)	309,143,355,160
26413 (Mapk1)	879,197,925,214
26417 (Mapk3)	879,197,925,214
11517 (Adcyap1r1)	309,332,355,349
104110 (Adcy4)	539,332,585,349
104111 (Adcy3)	539,332,585,349
11512 (Adcy6)	539,332,585,349
11513 (Adcy7)	539,332,585,349
11514 (Adcy8)	539,332,585,349
11515 (Adcy9)	539,332,585,349
210044 (Adcy2)	539,332,585,349
224129 (Adcy5)	539,332,585,349
271639 (Adcy10)	539,332,585,349
432530 (Adcy1)	539,332,585,349
18747 (Prkaca)	709,332,755,349
18749 (Prkacb)	709,332,755,349
100503710 (Gm5741)	409,332,455,349
14683 (Gnas)	409,332,455,349
14688 (Gnb1)	409,332,455,349
14693 (Gnb2)	409,332,455,349
14695 (Gnb3)	409,332,455,349
14696 (Gnb4)	409,332,455,349
14697 (Gnb5)	409,332,455,349
14699 (Gngt1)	409,332,455,349
14700 (Gng10)	409,332,455,349
14701 (Gng12)	409,332,455,349
14702 (Gng2)	409,332,455,349
14704 (Gng3)	409,332,455,349
14706 (Gng4)	409,332,455,349
14707 (Gng5)	409,332,455,349
14708 (Gng7)	409,332,455,349
14709 (Gng8)	409,332,455,349
14710 (Gngt2)	409,332,455,349
64337 (Gng13)	409,332,455,349
66066 (Gng11)	409,332,455,349
19416 (Rasd1)	761,267,807,284
14810 (Grin1)	309,502,355,519
14811 (Grin2a)	309,502,355,519
14812 (Grin2b)	309,502,355,519
14813 (Grin2c)	309,502,355,519
14814 (Grin2d)	309,502,355,519
12313 (Calm1)	521,443,567,460
12314 (Calm2)	521,443,567,460
12315 (Calm3)	521,443,567,460
494124 (Calm5)	521,443,567,460
70405 (Calml3)	521,443,567,460
75600 (Calml4)	521,443,567,460
80796 (Calm4)	521,443,567,460
108058 (Camk2d)	594,443,640,460
12322 (Camk2a)	594,443,640,460
12323 (Camk2b)	594,443,640,460
12325 (Camk2g)	594,443,640,460
18125 (Nos1)	685,502,731,519
14799 (Gria1)	309,448,355,465
14800 (Gria2)	309,448,355,465
14802 (Gria4)	309,448,355,465
53623 (Gria3)	309,448,355,465
11517 (Adcyap1r1)	309,624,355,641
104110 (Adcy4)	539,624,585,641
104111 (Adcy3)	539,624,585,641
11512 (Adcy6)	539,624,585,641
11513 (Adcy7)	539,624,585,641
11514 (Adcy8)	539,624,585,641
11515 (Adcy9)	539,624,585,641
210044 (Adcy2)	539,624,585,641
224129 (Adcy5)	539,624,585,641
271639 (Adcy10)	539,624,585,641
432530 (Adcy1)	539,624,585,641
18747 (Prkaca)	709,624,755,641
18749 (Prkacb)	709,624,755,641
19416 (Rasd1)	696,568,742,585
12288 (Cacna1c)	309,556,355,573
12289 (Cacna1d)	309,556,355,573
26413 (Mapk1)	879,502,925,519
26417 (Mapk3)	879,502,925,519
14683 (Gnas)	409,624,455,641
100503710 (Gm5741)	409,584,455,601
14688 (Gnb1)	409,584,455,601
14693 (Gnb2)	409,584,455,601
14695 (Gnb3)	409,584,455,601
14696 (Gnb4)	409,584,455,601
14697 (Gnb5)	409,584,455,601
14699 (Gngt1)	409,584,455,601
14700 (Gng10)	409,584,455,601
14701 (Gng12)	409,584,455,601
14702 (Gng2)	409,584,455,601
14704 (Gng3)	409,584,455,601
14706 (Gng4)	409,584,455,601
14707 (Gng5)	409,584,455,601
14708 (Gng7)	409,584,455,601
14709 (Gng8)	409,584,455,601
14710 (Gngt2)	409,584,455,601
64337 (Gng13)	409,584,455,601
66066 (Gng11)	409,584,455,601
70729 (Nos1ap)	710,232,756,249
100503710 (Gm5741)	817,232,863,249
14677 (Gnai1)	817,232,863,249
14678 (Gnai2)	817,232,863,249
14679 (Gnai3)	817,232,863,249
14681 (Gnao1)	817,232,863,249
14688 (Gnb1)	817,232,863,249
14693 (Gnb2)	817,232,863,249
14695 (Gnb3)	817,232,863,249
14696 (Gnb4)	817,232,863,249
14697 (Gnb5)	817,232,863,249
14699 (Gngt1)	817,232,863,249
14700 (Gng10)	817,232,863,249
14701 (Gng12)	817,232,863,249
14702 (Gng2)	817,232,863,249
14704 (Gng3)	817,232,863,249
14706 (Gng4)	817,232,863,249
14707 (Gng5)	817,232,863,249
14708 (Gng7)	817,232,863,249
14709 (Gng8)	817,232,863,249
14710 (Gngt2)	817,232,863,249
64337 (Gng13)	817,232,863,249
66066 (Gng11)	817,232,863,249
73086 (Rps6ka5)	997,502,1043,519
73086 (Rps6ka5)	997,197,1043,214
12912 (Creb1)	1088,502,1134,519
12912 (Creb1)	1090,197,1136,214
17773 (Mtnr1a)	309,751,355,768
100503710 (Gm5741)	409,721,455,738
14677 (Gnai1)	409,721,455,738
14678 (Gnai2)	409,721,455,738
14679 (Gnai3)	409,721,455,738
14688 (Gnb1)	409,721,455,738
14693 (Gnb2)	409,721,455,738
14695 (Gnb3)	409,721,455,738
14696 (Gnb4)	409,721,455,738
14697 (Gnb5)	409,721,455,738
14699 (Gngt1)	409,721,455,738
14700 (Gng10)	409,721,455,738
14701 (Gng12)	409,721,455,738
14702 (Gng2)	409,721,455,738
14704 (Gng3)	409,721,455,738
14706 (Gng4)	409,721,455,738
14707 (Gng5)	409,721,455,738
14708 (Gng7)	409,721,455,738
14709 (Gng8)	409,721,455,738
14710 (Gngt2)	409,721,455,738
64337 (Gng13)	409,721,455,738
66066 (Gng11)	409,721,455,738
16519 (Kcnj3)	309,835,355,852
16521 (Kcnj5)	309,835,355,852
16522 (Kcnj6)	309,835,355,852
16524 (Kcnj9)	309,835,355,852
100503710 (Gm5741)	409,796,455,813
14677 (Gnai1)	409,796,455,813
14678 (Gnai2)	409,796,455,813
14679 (Gnai3)	409,796,455,813
14688 (Gnb1)	409,796,455,813
14693 (Gnb2)	409,796,455,813
14695 (Gnb3)	409,796,455,813
14696 (Gnb4)	409,796,455,813
14697 (Gnb5)	409,796,455,813
14699 (Gngt1)	409,796,455,813
14700 (Gng10)	409,796,455,813
14701 (Gng12)	409,796,455,813
14702 (Gng2)	409,796,455,813
14704 (Gng3)	409,796,455,813
14706 (Gng4)	409,796,455,813
14707 (Gng5)	409,796,455,813
14708 (Gng7)	409,796,455,813
14709 (Gng8)	409,796,455,813
14710 (Gngt2)	409,796,455,813
64337 (Gng13)	409,796,455,813
66066 (Gng11)	409,796,455,813
18626 (Per1)	1223,341,1269,358
18627 (Per2)	1223,341,1269,358
18628 (Per3)	1223,341,1269,358
14281 (Fos)	1223,366,1269,383
11516 (Adcyap1)	166,483,212,500
mmu04713: Circadian entrainment	40,45,249,70
mmu04010: MAPK signaling pathway	834,460,947,494
mmu04010: MAPK signaling pathway	836,150,949,184
mmu04710: Circadian rhythm	1216,298,1329,332
