C05981 (Phosphatidylinositol-3,4,5-trisphosphate)	444,234,4
109880 (Braf)	365,121,411,138
12550 (Cdh1)	189,500,235,517
18176 (Nras)	265,418,311,435
12567 (Cdk4)	799,165,845,182
12443 (Ccnd1)	799,141,845,158
17342 (Mitf)	708,643,754,660
19211 (Pten)	392,273,438,290
13649 (Egfr)	189,188,235,205
14182 (Fgfr1)	189,188,235,205
16001 (Igf1r)	189,188,235,205
17295 (Met)	189,188,235,205
18595 (Pdgfra)	189,188,235,205
18596 (Pdgfrb)	189,188,235,205
13645 (Egf)	111,188,157,205
14164 (Fgf1)	111,188,157,205
14165 (Fgf10)	111,188,157,205
14170 (Fgf15)	111,188,157,205
14171 (Fgf17)	111,188,157,205
14172 (Fgf18)	111,188,157,205
14173 (Fgf2)	111,188,157,205
14174 (Fgf3)	111,188,157,205
14175 (Fgf4)	111,188,157,205
14176 (Fgf5)	111,188,157,205
14177 (Fgf6)	111,188,157,205
14178 (Fgf7)	111,188,157,205
14179 (Fgf8)	111,188,157,205
14180 (Fgf9)	111,188,157,205
15234 (Hgf)	111,188,157,205
16000 (Igf1)	111,188,157,205
18590 (Pdgfa)	111,188,157,205
18591 (Pdgfb)	111,188,157,205
54635 (Pdgfc)	111,188,157,205
56636 (Fgf21)	111,188,157,205
64654 (Fgf23)	111,188,157,205
67112 (Fgf22)	111,188,157,205
71785 (Pdgfd)	111,188,157,205
80857 (Fgf20)	111,188,157,205
80903 (Fgf16)	111,188,157,205
12015 (Bad)	549,253,595,270
12578 (Cdkn2a)	840,284,886,301
12575 (Cdkn1a)	711,383,757,400
17246 (Mdm2)	759,284,805,301
22059 (Trp53)	712,313,758,330
13555 (E2f1)	858,456,904,473
13557 (E2f3)	858,456,904,473
242705 (E2f2)	858,456,904,473
19645 (Rb1)	858,419,904,436
12567 (Cdk4)	775,426,821,443
12571 (Cdk6)	775,426,821,443
12443 (Ccnd1)	775,409,821,426
11651 (Akt1)	471,225,517,242
11652 (Akt2)	471,225,517,242
23797 (Akt3)	471,225,517,242
18706 (Pik3ca)	365,226,411,243
18707 (Pik3cd)	365,226,411,243
18708 (Pik3r1)	365,226,411,243
18709 (Pik3r2)	365,226,411,243
18710 (Pik3r3)	365,226,411,243
74769 (Pik3cb)	365,226,411,243
12578 (Cdkn2a)	712,451,758,468
26413 (Mapk1)	525,153,571,170
26417 (Mapk3)	525,153,571,170
26395 (Map2k1)	446,153,492,170
26396 (Map2k2)	446,153,492,170
109880 (Braf)	365,153,411,170
110157 (Raf1)	365,153,411,170
11836 (Araf)	365,153,411,170
15461 (Hras)	272,188,318,205
16653 (Kras)	272,188,318,205
18176 (Nras)	272,188,318,205
22059 (Trp53)	760,560,806,577
12575 (Cdkn1a)	890,540,936,557
13197 (Gadd45a)	942,540,988,557
17873 (Gadd45b)	942,540,988,557
23882 (Gadd45g)	942,540,988,557
12028 (Bax)	890,562,936,579
12018 (Bak1)	942,562,988,579
107986 (Ddb2)	890,584,936,601
27015 (Polk)	942,584,988,601
mmu04115: p53 signaling pathway	552,527,654,561
mmu04916: Melanogenesis	552,634,654,668
mmu04520: Adherens junction	246,533,348,567
mmu04010: MAPK signaling pathway	464,101,566,135
mmu05218: Melanoma	40,45,146,70
mmu04110: Cell cycle	827,341,929,375
mmu04151: PI3K-Akt signaling pathway	464,288,566,322
