C05443 (Vitamin D3)	615,698,4
C00584 (Prostaglandin E2)	816,571,4
C00080 (H+)	1005,766,4
21943 (Tnfsf11)	826,628,872,645
21934 (Tnfrsf11a)	945,628,991,645
21943 (Tnfsf11)	828,475,874,492
16171 (Il17a)	578,617,624,634
16175 (Il1a)	572,513,618,530
16176 (Il1b)	572,513,618,530
21926 (Tnf)	596,494,642,511
16193 (Il6)	572,532,618,549
83430 (Il23a)	218,638,264,655
16193 (Il6)	218,618,264,635
21803 (Tgfb1)	218,556,264,573
21808 (Tgfb2)	218,556,264,573
21809 (Tgfb3)	218,556,264,573
16994 (Ltb)	721,361,767,378
16156 (Il11)	620,513,666,530
12977 (Csf1)	733,556,779,573
15978 (Ifng)	358,193,404,210
12981 (Csf2)	1145,401,1191,418
16193 (Il6)	1145,421,1191,438
16176 (Il1b)	1145,441,1191,458
17392 (Mmp3)	1145,660,1191,677
83995 (Mmp1a)	1145,660,1191,677
83996 (Mmp1b)	1145,660,1191,677
13039 (Ctsl)	1145,680,1191,697
16168 (Il15)	401,348,447,365
100504404 (H2-Ea-ps)	183,313,229,330
14960 (H2-Aa)	183,313,229,330
14961 (H2-Ab1)	183,313,229,330
14969 (H2-Eb1)	183,313,229,330
14998 (H2-DMa)	183,313,229,330
14999 (H2-DMb1)	183,313,229,330
15000 (H2-DMb2)	183,313,229,330
15001 (H2-Oa)	183,313,229,330
15002 (H2-Ob)	183,313,229,330
108664 (Atp6v1h)	982,723,1028,740
110935 (Atp6v1b1)	982,723,1028,740
114143 (Atp6v0b)	982,723,1028,740
11964 (Atp6v1a)	982,723,1028,740
11966 (Atp6v1b2)	982,723,1028,740
11972 (Atp6v0d1)	982,723,1028,740
11973 (Atp6v1e1)	982,723,1028,740
11974 (Atp6v0e)	982,723,1028,740
11975 (Atp6v0a1)	982,723,1028,740
11984 (Atp6v0c)	982,723,1028,740
140494 (Atp6v0a4)	982,723,1028,740
21871 (Atp6v0a2)	982,723,1028,740
242341 (Atp6v0d2)	982,723,1028,740
27060 (Tcirg1)	982,723,1028,740
338375 (Atp6v1g3)	982,723,1028,740
54411 (Atp6ap1)	982,723,1028,740
66144 (Atp6v1f)	982,723,1028,740
66237 (Atp6v1g2)	982,723,1028,740
66290 (Atp6v1g1)	982,723,1028,740
66335 (Atp6v1c1)	982,723,1028,740
68775 (Atp6v1c2)	982,723,1028,740
73834 (Atp6v1d)	982,723,1028,740
74915 (Atp6v1e2)	982,723,1028,740
76252 (Atp6v0e2)	982,723,1028,740
13038 (Ctsk)	1038,753,1084,770
11433 (Acp5)	1038,773,1084,790
69583 (Tnfsf13)	502,334,548,351
24099 (Tnfsf13b)	502,354,548,371
16408 (Itgal)	340,345,386,362
16414 (Itgb2)	340,345,386,362
16415 (Itgb2l)	340,345,386,362
15894 (Icam1)	340,375,386,392
12519 (Cd80)	183,275,229,292
12524 (Cd86)	183,275,229,292
12487 (Cd28)	303,275,349,292
14254 (Flt1)	1013,225,1059,242
16173 (Il18)	620,532,666,549
22339 (Vegfa)	951,225,997,242
20315 (Cxcl12)	937,296,983,313
20302 (Ccl3)	797,177,843,194
14825 (Cxcl1)	845,158,891,175
20310 (Cxcl2)	845,158,891,175
330122 (Cxcl3)	845,158,891,175
20311 (Cxcl5)	845,177,891,194
21943 (Tnfsf11)	402,215,448,232
20297 (Ccl20)	797,196,843,213
21898 (Tlr4)	708,450,754,467
24088 (Tlr2)	708,450,754,467
14281 (Fos)	785,450,831,467
16476 (Jun)	785,450,831,467
20304 (Ccl5)	1145,461,1191,478
21687 (Tek)	1013,206,1059,223
11600 (Angpt1)	951,206,997,223
20293 (Ccl12)	797,158,843,175
20296 (Ccl2)	797,158,843,175
12477 (Ctla4)	303,294,349,311
19226 (Pth)	581,665,627,682
mmu05323: Rheumatoid arthritis	40,45,241,70
mmu04380: Osteoclast differentiation	865,650,945,684
mmu04660: T cell receptor signaling pathway	214,335,305,369
mmu04670: Leukocyte transendothelial migration	1159,158,1268,183
mmu04370: VEGF signaling pathway	1009,248,1141,273
mmu04620: Toll-like receptor signaling pathway	626,405,718,439
mmu04659: Th17 cell differentiation	316,540,407,574
