53625 (B3gnt2)	398,196,428,196,428,200,398,200
14595 (B4galt1)	651,262,681,262,681,266,651,266
53418 (B4galt2)	651,262,681,262,681,266,651,266
57370 (B4galt3)	651,262,681,262,681,266,651,266
20441 (St3gal3)	578,263,608,263,608,267,578,267
14595 (B4galt1)	648,196,678,196,678,200,648,200
53418 (B4galt2)	648,196,678,196,678,200,648,200
57370 (B4galt3)	648,196,678,196,678,200,648,200
53625 (B3gnt2)	574,196,604,196,604,200,574,200
14595 (B4galt1)	476,196,506,196,506,200,476,200
53418 (B4galt2)	476,196,506,196,506,200,476,200
57370 (B4galt3)	476,196,506,196,506,200,476,200
56375 (B4galt4)	276,196,306,196,306,200,276,200
227327 (B3gnt7)	197,196,227,196,227,200,197,200
56375 (B4galt4)	78,196,108,196,108,200,78,200
53618 (Fut8)	1027,179,1027,209,1031,209,1031,179
76969 (Chst1)	249,148,249,178,253,178,253,148
56773 (Chst5)	135,148,135,178,139,178,139,148
76969 (Chst1)	59,148,59,178,63,178,63,148
53625 (B3gnt2)	473,441,503,441,503,445,473,445
20442 (St3gal1)	745,506,775,506,775,510,745,510
20444 (St3gal2)	745,506,775,506,775,510,745,510
14595 (B4galt1)	723,441,753,441,753,445,723,445
53418 (B4galt2)	723,441,753,441,753,445,723,445
57370 (B4galt3)	723,441,753,441,753,445,723,445
53625 (B3gnt2)	649,441,679,441,679,445,649,445
14595 (B4galt1)	551,441,581,441,581,445,551,445
53418 (B4galt2)	551,441,581,441,581,445,551,445
57370 (B4galt3)	551,441,581,441,581,445,551,445
56375 (B4galt4)	365,441,395,441,395,445,365,445
227327 (B3gnt7)	286,441,316,441,316,445,286,445
56375 (B4galt4)	172,441,202,441,202,445,172,445
26887 (Chst4)	423,393,423,423,427,423,427,393
54371 (Chst2)	423,393,423,423,427,423,427,393
26887 (Chst4)	229,393,229,423,233,423,233,393
54371 (Chst2)	229,393,229,423,233,423,233,393
76969 (Chst1)	153,393,153,423,157,423,157,393
mmu00512: Mucin type O-glycan biosynthesis	488,344,615,369
mmu00533: Glycosaminoglycan biosynthesis - keratan sulfate	40,45,477,70
mmu00510: N-Glycan biosynthesis	490,82,617,107
