C00062 (L-Arginine)	404,443,4
C00533 (Nitric oxide)	504,443,4
C01245 (D-myo-Inositol 1,4,5-trisphosphate)	494,615,4
C00076 (Calcium cation)	543,615,4
C00575 (3',5'-Cyclic AMP)	494,674,4
C05981 (Phosphatidylinositol-3,4,5-trisphosphate)	433,721,4
24088 (Tlr2)	268,293,314,310
21898 (Tlr4)	268,188,314,205
15978 (Ifng)	210,411,256,428
12317 (Calr)	111,540,157,557
12266 (C3)	189,520,235,537
12259 (C1qa)	189,540,235,557
12260 (C1qb)	189,540,235,557
12262 (C1qc)	189,540,235,557
81897 (Tlr9)	350,350,396,367
17874 (Myd88)	428,293,474,310
16179 (Irak1)	500,293,546,310
266632 (Irak4)	500,293,546,310
22034 (Traf6)	572,293,618,310
26398 (Map2k4)	648,226,694,243
26414 (Mapk10)	715,226,761,243
26419 (Mapk8)	715,226,761,243
26420 (Mapk9)	715,226,761,243
19094 (Mapk11)	715,286,761,303
26415 (Mapk13)	715,286,761,303
26416 (Mapk14)	715,286,761,303
29857 (Mapk12)	715,286,761,303
26413 (Mapk1)	715,256,761,273
26417 (Mapk3)	715,256,761,273
14281 (Fos)	829,256,875,273
16476 (Jun)	829,256,875,273
21926 (Tnf)	943,256,989,273
16159 (Il12a)	943,275,989,292
16160 (Il12b)	943,275,989,292
106759 (Ticam1)	428,188,474,205
15977 (Ifnb1)	943,188,989,205
18035 (Nfkbia)	715,330,761,347
18033 (Nfkb1)	715,367,761,384
19697 (Rela)	715,367,761,384
12675 (Chuk)	648,330,694,347
16150 (Ikbkb)	648,330,694,347
16151 (Ikbkg)	648,330,694,347
21926 (Tnf)	210,430,256,447
16176 (Il1b)	943,368,989,385
15979 (Ifngr1)	268,411,314,428
15980 (Ifngr2)	268,411,314,428
18126 (Nos2)	428,419,474,436
21937 (Tnfrsf1a)	268,430,314,447
21812 (Tgfbr1)	267,787,313,804
21813 (Tgfbr2)	267,771,313,788
17126 (Smad2)	427,787,473,804
18787 (Serpine1)	942,787,988,804
14677 (Gnai1)	331,632,377,649
14678 (Gnai2)	331,632,377,649
14679 (Gnai3)	331,632,377,649
14681 (Gnao1)	331,632,377,649
12062 (Bdkrb2)	270,581,316,598
14672 (Gna11)	331,581,377,598
14675 (Gna14)	331,581,377,598
14676 (Gna15)	331,581,377,598
14682 (Gnaq)	331,581,377,598
18795 (Plcb1)	405,606,451,623
18796 (Plcb2)	405,606,451,623
18797 (Plcb3)	405,606,451,623
18798 (Plcb4)	405,606,451,623
14680 (Gnal)	331,666,377,683
14683 (Gnas)	331,666,377,683
432530 (Adcy1)	405,666,451,683
18706 (Pik3ca)	331,713,377,730
18707 (Pik3cd)	331,713,377,730
18708 (Pik3r1)	331,713,377,730
18709 (Pik3r2)	331,713,377,730
18710 (Pik3r3)	331,713,377,730
74769 (Pik3cb)	331,713,377,730
11651 (Akt1)	494,713,540,730
11652 (Akt2)	494,713,540,730
23797 (Akt3)	494,713,540,730
16153 (Il10)	943,502,989,519
21803 (Tgfb1)	943,523,989,540
21808 (Tgfb2)	943,523,989,540
21809 (Tgfb3)	943,523,989,540
19052 (Ppp2ca)	943,405,989,422
19053 (Ppp2cb)	943,405,989,422
269643 (Ppp2r2c)	943,405,989,422
51792 (Ppp2r1a)	943,405,989,422
52432 (Ppp2r2d)	943,405,989,422
71978 (Ppp2r2a)	943,405,989,422
72930 (Ppp2r2b)	943,405,989,422
73699 (Ppp2r1b)	943,405,989,422
14103 (Fasl)	210,863,256,880
21926 (Tnf)	210,882,256,899
14102 (Fas)	268,863,314,880
21937 (Tnfrsf1a)	268,882,314,899
14082 (Fadd)	362,872,408,889
12370 (Casp8)	455,872,501,889
12633 (Cflar)	455,835,501,852
15978 (Ifng)	210,928,256,945
15979 (Ifngr1)	268,928,314,945
15980 (Ifngr2)	268,928,314,945
20293 (Ccl12)	943,232,989,249
20296 (Ccl2)	943,232,989,249
16193 (Il6)	943,294,989,311
20302 (Ccl3)	943,332,989,349
14103 (Fasl)	210,1132,256,1149
14102 (Fas)	268,1132,314,1149
12500 (Cd3d)	268,1102,314,1119
12501 (Cd3e)	268,1102,314,1119
12502 (Cd3g)	268,1102,314,1119
12503 (Cd247)	268,1102,314,1119
12370 (Casp8)	455,1113,501,1130
20304 (Ccl5)	943,207,989,224
18035 (Nfkbia)	715,1113,761,1130
18033 (Nfkb1)	715,1150,761,1167
19697 (Rela)	715,1150,761,1167
16183 (Il2)	942,1151,988,1168
21899 (Tlr6)	268,310,314,327
16644 (Kng1)	204,581,250,598
385643 (Kng2)	204,581,250,598
11421 (Ace)	138,608,184,625
217246 (Ace3)	138,608,184,625
mmu04610: Complement and coagulation cascades	173,483,248,517
mmu04620: Toll-like receptor signaling pathway	384,218,485,252
mmu00330: Arginine and proline metabolism	478,391,584,425
mmu04350: TGF-beta signaling pathway	650,758,745,792
mmu04020: Calcium signaling pathway	406,559,501,593
mmu04070: Phosphatidylinositol signaling system	343,737,535,762
mmu04210: Apoptosis	601,945,696,970
map4670	1058,337,1176,362
mmu05142: Chagas disease (American trypanosomiasis)	40,45,191,70
