21354 (Tap1)	921,36,967,53
21939 (Cd40)	975,645,1021,662
21947 (Cd40lg)	1028,645,1074,662
12504 (Cd4)	760,120,806,137
12525 (Cd8a)	760,204,806,221
12526 (Cd8b1)	760,204,806,221
12525 (Cd8a)	1074,46,1120,63
12526 (Cd8b1)	1074,46,1120,63
12504 (Cd4)	1073,220,1119,237
16151 (Ikbkg)	1002,512,1048,529
11628 (Aicda)	1028,668,1074,685
22256 (Ung)	975,668,1021,685
12518 (Cd79a)	280,669,326,686
16136 (Igll1)	333,645,379,662
17060 (Blnk)	333,669,379,686
12229 (Btk)	469,645,515,662
54167 (Icos)	1142,645,1188,662
72049 (Tnfrsf13c)	1194,645,1240,662
12478 (Cd19)	1142,668,1188,685
57916 (Tnfrsf13b)	1194,668,1240,685
11486 (Ada)	314,301,360,318
16197 (Il7r)	367,301,413,318
16186 (Il2rg)	314,330,360,347
16453 (Jak3)	367,330,413,347
19373 (Rag1)	367,213,413,230
19374 (Rag2)	420,213,466,230
12500 (Cd3d)	367,236,413,253
12501 (Cd3e)	420,236,466,253
227525 (Dclre1c)	315,213,361,230
19264 (Ptprc)	631,213,677,230
12525 (Cd8a)	921,67,967,84
22637 (Zap70)	946,91,992,108
16818 (Lck)	973,67,1019,84
11634 (Aire)	851,213,897,230
19373 (Rag1)	280,495,326,512
19374 (Rag2)	333,495,379,512
21355 (Tap2)	973,36,1019,53
53970 (Rfx5)	901,276,947,293
170767 (Rfxap)	954,276,1000,293
19727 (Rfxank)	901,298,947,315
12265 (Ciita)	954,298,1000,315
109305 (Orai1)	1160,44,1206,61
109305 (Orai1)	1160,301,1206,318
mmu04660: T cell receptor signaling pathway	1125,172,1238,206
mmu04640: Hematopoietic cell lineage	697,371,809,405
mmu04662: B cell receptor signaling pathway	769,675,881,709
mmu05340: Primary immunodeficiency	40,45,276,70
