C05981 (Phosphatidylinositol-3,4,5-trisphosphate)	506,505,4
C02465 (Triiodothyronine)	109,109,4
C01829 (Thyroxine)	109,159,4
C02465 (Triiodothyronine)	143,480,4
C02465 (Triiodothyronine)	144,519,4
C00575 (3',5'-Cyclic AMP)	468,101,4
C01245 (D-myo-Inositol 1,4,5-trisphosphate)	400,176,4
C00076 (Calcium cation)	445,175,4
C01829 (Thyroxine)	135,652,4
C07639 (3,3',5'-Triiodo-L-thyronine)	135,729,4
C01829 (Thyroxine)	320,654,4
C02465 (Triiodothyronine)	273,579,4
C07639 (3,3',5'-Triiodo-L-thyronine)	319,727,4
C02465 (Triiodothyronine)	1293,145,4
C02465 (Triiodothyronine)	1294,218,4
C02465 (Triiodothyronine)	109,435,4
C00165 (Diacylglycerol)	399,205,4
C01330 (Sodium cation)	141,297,4
C00080 (H+)	239,309,4
C01330 (Sodium cation)	250,354,4
C00238 (Potassium cation)	138,344,4
16416 (Itgb3)	169,139,215,156
16410 (Itgav)	169,122,215,139
11651 (Akt1)	543,497,589,514
11652 (Akt2)	543,497,589,514
23797 (Akt3)	543,497,589,514
18607 (Pdpk1)	463,473,509,490
18706 (Pik3ca)	420,497,466,514
18707 (Pik3cd)	420,497,466,514
18708 (Pik3r1)	420,497,466,514
18709 (Pik3r2)	420,497,466,514
18710 (Pik3r3)	420,497,466,514
74769 (Pik3cb)	420,497,466,514
18750 (Prkca)	494,177,540,194
18751 (Prkcb)	494,177,540,194
18752 (Prkcg)	494,177,540,194
12387 (Ctnnb1)	727,369,773,386
56637 (Gsk3b)	649,369,695,386
114875 (Plcz1)	311,167,357,184
18795 (Plcb1)	311,167,357,184
18796 (Plcb2)	311,167,357,184
18797 (Plcb3)	311,167,357,184
18798 (Plcb4)	311,167,357,184
18799 (Plcd1)	311,167,357,184
18802 (Plcd4)	311,167,357,184
18803 (Plcg1)	311,167,357,184
234779 (Plcg2)	311,167,357,184
72469 (Plcd3)	311,167,357,184
74055 (Plce1)	311,167,357,184
15461 (Hras)	438,129,484,146
16653 (Kras)	438,129,484,146
18176 (Nras)	438,129,484,146
110157 (Raf1)	521,129,567,146
26395 (Map2k1)	604,129,650,146
26396 (Map2k2)	604,129,650,146
20846 (Stat1)	880,86,926,103
21833 (Thra)	312,510,358,527
21834 (Thrb)	310,471,356,488
56717 (Mtor)	810,435,856,452
21834 (Thrb)	880,220,926,237
14463 (Gata4)	1147,341,1193,358
54720 (Rcan1)	1147,365,1193,382
15251 (Hif1a)	1147,389,1193,406
140781 (Myh7)	1147,450,1193,467
17888 (Myh6)	1147,450,1193,467
11937 (Atp2a1)	1147,473,1193,490
11938 (Atp2a2)	1147,473,1193,490
53313 (Atp2a3)	1147,473,1193,490
18821 (Pln)	1147,496,1193,513
18747 (Prkaca)	519,94,565,111
18749 (Prkacb)	519,94,565,111
26413 (Mapk1)	687,129,733,146
26417 (Mapk3)	687,129,733,146
22059 (Trp53)	880,124,926,141
13982 (Esr1)	880,165,926,182
53901 (Rcan2)	1147,655,1193,672
15251 (Hif1a)	1147,679,1193,696
20525 (Slc2a1)	1147,713,1193,730
210789 (Tbc1d4)	649,496,695,513
18640 (Pfkfb2)	649,521,695,538
20544 (Slc9a1)	169,295,215,312
11928 (Atp1a1)	169,342,215,359
11931 (Atp1b1)	169,342,215,359
11932 (Atp1b2)	169,342,215,359
11933 (Atp1b3)	169,342,215,359
11936 (Fxyd2)	169,342,215,359
232975 (Atp1a3)	169,342,215,359
27222 (Atp1a4)	169,342,215,359
67821 (Atp1b4)	169,342,215,359
98660 (Atp1a2)	169,342,215,359
21833 (Thra)	298,675,344,692
11461 (Actb)	374,675,420,692
11465 (Actg1)	374,675,420,692
13370 (Dio1)	218,617,264,634
13371 (Dio2)	218,617,264,634
107585 (Dio3)	218,680,264,697
107585 (Dio3)	305,586,351,603
13371 (Dio2)	350,734,396,751
20502 (Slc16a2)	169,472,215,489
72472 (Slc16a10)	169,472,215,489
20502 (Slc16a2)	169,511,215,528
72472 (Slc16a10)	169,511,215,528
58807 (Slco1c1)	169,645,215,662
58807 (Slco1c1)	169,723,215,740
21833 (Thra)	1272,93,1318,110
21834 (Thrb)	1272,93,1318,110
20181 (Rxra)	1272,110,1318,127
20182 (Rxrb)	1272,110,1318,127
20183 (Rxrg)	1272,110,1318,127
21833 (Thra)	1271,165,1317,182
21834 (Thrb)	1271,165,1317,182
20181 (Rxra)	1271,182,1317,199
20182 (Rxrb)	1271,182,1317,199
20183 (Rxrg)	1271,182,1317,199
21833 (Thra)	1272,238,1318,255
21834 (Thrb)	1272,238,1318,255
20181 (Rxra)	1272,255,1318,272
20182 (Rxrb)	1272,255,1318,272
20183 (Rxrg)	1272,255,1318,272
20185 (Ncor1)	1205,84,1251,101
20466 (Sin3a)	1205,101,1251,118
15182 (Hdac2)	1205,118,1251,135
15183 (Hdac3)	1205,118,1251,135
433759 (Hdac1)	1205,118,1251,135
14534 (Kat2a)	1205,156,1251,173
18519 (Kat2b)	1205,156,1251,173
17977 (Ncoa1)	1205,173,1251,190
17978 (Ncoa2)	1205,173,1251,190
17979 (Ncoa3)	1205,173,1251,190
12914 (Crebbp)	1205,190,1251,207
328572 (Ep300)	1205,190,1251,207
216154 (Med16)	1205,230,1251,247
234959 (Med17)	1205,230,1251,247
23989 (Med24)	1205,230,1251,247
26896 (Med14)	1205,230,1251,247
327987 (Med13)	1205,230,1251,247
329650 (Med12l)	1205,230,1251,247
59024 (Med12)	1205,230,1251,247
67381 (Med4)	1205,230,1251,247
68975 (Med27)	1205,230,1251,247
69790 (Med30)	1205,230,1251,247
76199 (Med13l)	1205,230,1251,247
19014 (Med1)	1205,247,1251,264
216154 (Med16)	1205,264,1251,281
234959 (Med17)	1205,264,1251,281
23989 (Med24)	1205,264,1251,281
26896 (Med14)	1205,264,1251,281
327987 (Med13)	1205,264,1251,281
329650 (Med12l)	1205,264,1251,281
59024 (Med12)	1205,264,1251,281
67381 (Med4)	1205,264,1251,281
68975 (Med27)	1205,264,1251,281
69790 (Med30)	1205,264,1251,281
76199 (Med13l)	1205,264,1251,281
17246 (Mdm2)	649,399,695,416
22059 (Trp53)	727,399,773,416
22084 (Tsc2)	649,435,695,452
19744 (Rheb)	727,435,773,452
12015 (Bad)	649,552,695,569
56458 (Foxo1)	649,576,695,593
12371 (Casp9)	649,600,695,617
21834 (Thrb)	1019,415,1065,432
56421 (Pfkp)	1147,737,1193,754
16416 (Itgb3)	169,435,215,452
16410 (Itgav)	169,418,215,435
20779 (Src)	309,428,355,445
21833 (Thra)	1021,552,1067,569
22417 (Wnt4)	1147,526,1193,543
12387 (Ctnnb1)	1147,549,1193,566
18128 (Notch1)	1147,586,1193,603
18129 (Notch2)	1147,586,1193,603
18131 (Notch3)	1147,586,1193,603
18132 (Notch4)	1147,586,1193,603
12159 (Bmp4)	1147,609,1193,626
12443 (Ccnd1)	1147,316,1193,333
17869 (Myc)	1147,413,1193,430
mmu04010: MAPK signaling pathway	623,85,734,119
mmu04510: Focal adhesion	40,45,378,70
mmu04810: Regulation of actin cytoskeleton	350,631,461,665
mmu04151: PI3K-Akt signaling pathway	477,427,588,461
mmu04918: Thyroid hormone synthesis	48,192,159,226
mmu04150: mTOR signaling pathway	709,461,820,495
mmu04066: HIF-1 signaling pathway	821,698,932,732
mmu04115: p53 signaling pathway	1044,117,1155,151
mmu00010: Glycolysis / Gluconeogenesis	1259,687,1370,721
mmu04020: Calcium signaling pathway	244,200,355,234
mmu04066: HIF-1 signaling pathway	1259,389,1370,423
mmu04260: Cardiac muscle contraction	1259,495,1370,529
mmu04310: Wnt signaling pathway	1259,557,1370,591
mmu04330: Notch signaling pathway	1258,617,1369,651
