C03758 (Dopamine)	719,159,4
C00355 (3,4-Dihydroxy-L-phenylalanine)	123,549,4
C03758 (Dopamine)	196,549,4
C03758 (Dopamine)	452,473,4
C00575 (3',5'-Cyclic AMP)	1016,535,4
C01245 (D-myo-Inositol 1,4,5-trisphosphate)	992,447,4
C00165 (Diacylglycerol)	1043,490,4
C00076 (Calcium cation)	1042,456,4
C03758 (Dopamine)	644,588,4
C03758 (Dopamine)	677,779,4
C00076 (Calcium cation)	666,492,4
C00082 (L-Tyrosine)	122,438,4
C03758 (Dopamine)	561,780,4
C05587 (3-Methoxytyramine)	422,769,4
C05582 (Homovanillate)	422,787,4
C05582 (Homovanillate)	506,109,4
C01161 (3,4-Dihydroxyphenylacetate)	619,106,4
C05587 (3-Methoxytyramine)	615,157,4
C00238 (Potassium cation)	801,723,4
C00076 (Calcium cation)	716,686,4
C01330 (Sodium cation)	711,605,4
C00076 (Calcium cation)	709,658,4
13492 (Drd5)	730,526,776,543
13162 (Slc6a3)	693,210,739,227
110877 (Slc18a1)	220,541,266,558
214084 (Slc18a2)	220,541,266,558
14680 (Gnal)	824,526,870,543
14683 (Gnas)	824,526,870,543
224129 (Adcy5)	936,526,982,543
18747 (Prkaca)	1058,526,1104,543
18749 (Prkacb)	1058,526,1104,543
14682 (Gnaq)	824,465,870,482
18795 (Plcb1)	902,465,948,482
18796 (Plcb2)	902,465,948,482
18797 (Plcb3)	902,465,948,482
18798 (Plcb4)	902,465,948,482
16438 (Itpr1)	1020,413,1066,430
16439 (Itpr2)	1020,413,1066,430
16440 (Itpr3)	1020,413,1066,430
18750 (Prkca)	1136,481,1182,498
18751 (Prkcb)	1136,481,1182,498
18752 (Prkcg)	1136,481,1182,498
13195 (Ddc)	132,561,178,578
109731 (Maob)	660,100,706,117
17161 (Maoa)	660,100,706,117
13162 (Slc6a3)	601,772,647,789
12286 (Cacna1a)	601,484,647,501
12287 (Cacna1b)	601,484,647,501
13489 (Drd2)	730,793,776,810
100503710 (Gm5741)	840,753,886,770
14677 (Gnai1)	840,753,886,770
14678 (Gnai2)	840,753,886,770
14679 (Gnai3)	840,753,886,770
14681 (Gnao1)	840,753,886,770
14688 (Gnb1)	840,753,886,770
14693 (Gnb2)	840,753,886,770
14695 (Gnb3)	840,753,886,770
14696 (Gnb4)	840,753,886,770
14697 (Gnb5)	840,753,886,770
14699 (Gngt1)	840,753,886,770
14700 (Gng10)	840,753,886,770
14701 (Gng12)	840,753,886,770
14702 (Gng2)	840,753,886,770
14704 (Gng3)	840,753,886,770
14706 (Gng4)	840,753,886,770
14707 (Gng5)	840,753,886,770
14708 (Gng7)	840,753,886,770
14709 (Gng8)	840,753,886,770
14710 (Gngt2)	840,753,886,770
64337 (Gng13)	840,753,886,770
66066 (Gng11)	840,753,886,770
11651 (Akt1)	922,796,968,813
11652 (Akt2)	922,796,968,813
23797 (Akt3)	922,796,968,813
56637 (Gsk3b)	993,796,1039,813
606496 (Gsk3a)	993,796,1039,813
11909 (Atf2)	1135,513,1181,530
11911 (Atf4)	1135,513,1181,530
12912 (Creb1)	1135,513,1181,530
12913 (Creb3)	1135,513,1181,530
12915 (Atf6b)	1135,513,1181,530
208647 (Creb3l2)	1135,513,1181,530
208677 (Creb3l3)	1135,513,1181,530
231991 (Creb5)	1135,513,1181,530
26427 (Creb3l1)	1135,513,1181,530
78284 (Creb3l4)	1135,513,1181,530
19049 (Ppp1r1b)	1135,580,1181,597
19094 (Mapk11)	1135,544,1181,561
26414 (Mapk10)	1135,544,1181,561
26415 (Mapk13)	1135,544,1181,561
26416 (Mapk14)	1135,544,1181,561
26419 (Mapk8)	1135,544,1181,561
26420 (Mapk9)	1135,544,1181,561
29857 (Mapk12)	1135,544,1181,561
21823 (Th)	133,457,179,474
13488 (Drd1)	730,465,776,482
13490 (Drd3)	730,753,776,770
13491 (Drd4)	730,753,776,770
109731 (Maob)	481,756,527,773
17161 (Maoa)	481,756,527,773
12846 (Comt)	481,783,527,800
791260 (Tomt)	481,783,527,800
14281 (Fos)	1240,544,1286,561
13489 (Drd2)	443,309,489,326
12846 (Comt)	647,161,693,178
791260 (Tomt)	647,161,693,178
12846 (Comt)	548,84,594,101
791260 (Tomt)	548,84,594,101
109731 (Maob)	521,144,567,161
17161 (Maoa)	521,144,567,161
19055 (Ppp3ca)	1230,449,1276,466
19056 (Ppp3cb)	1230,449,1276,466
19057 (Ppp3cc)	1230,449,1276,466
108058 (Camk2d)	1230,416,1276,433
12322 (Camk2a)	1230,416,1276,433
12323 (Camk2b)	1230,416,1276,433
12325 (Camk2g)	1230,416,1276,433
216869 (Arrb2)	840,787,886,804
100039815 (Gm2436)	840,804,886,821
100039830 (Gm2446)	840,804,886,821
19052 (Ppp2ca)	840,804,886,821
19053 (Ppp2cb)	840,804,886,821
19054 (Ppp2r3d)	840,804,886,821
21770 (Ppp2r5d)	840,804,886,821
225849 (Ppp2r5b)	840,804,886,821
226849 (Ppp2r5a)	840,804,886,821
235542 (Ppp2r3a)	840,804,886,821
26931 (Ppp2r5c)	840,804,886,821
26932 (Ppp2r5e)	840,804,886,821
269643 (Ppp2r2c)	840,804,886,821
51792 (Ppp2r1a)	840,804,886,821
52432 (Ppp2r2d)	840,804,886,821
59032 (Ppp2r3c)	840,804,886,821
71978 (Ppp2r2a)	840,804,886,821
72930 (Ppp2r2b)	840,804,886,821
73699 (Ppp2r1b)	840,804,886,821
19045 (Ppp1ca)	1058,579,1104,596
19046 (Ppp1cb)	1058,579,1104,596
19047 (Ppp1cc)	1058,579,1104,596
434233 (Ppp1ccb)	1058,579,1104,596
13489 (Drd2)	601,712,647,729
12286 (Cacna1a)	730,681,776,698
12287 (Cacna1b)	730,681,776,698
16519 (Kcnj3)	730,716,776,733
16521 (Kcnj5)	730,716,776,733
16522 (Kcnj6)	730,716,776,733
16524 (Kcnj9)	730,716,776,733
20265 (Scn1a)	730,598,776,615
12313 (Calm1)	1136,432,1182,449
12314 (Calm2)	1136,432,1182,449
12315 (Calm3)	1136,432,1182,449
494124 (Calm5)	1136,432,1182,449
70405 (Calml3)	1136,432,1182,449
75600 (Calml4)	1136,432,1182,449
80796 (Calm4)	1136,432,1182,449
12288 (Cacna1c)	730,649,776,666
12289 (Cacna1d)	730,649,776,666
16572 (Kif5a)	1096,747,1142,764
16573 (Kif5b)	1096,747,1142,764
16574 (Kif5c)	1096,747,1142,764
12753 (Clock)	1096,778,1142,795
11865 (Arntl)	1096,795,1142,812
14799 (Gria1)	1096,730,1142,747
14800 (Gria2)	1096,730,1142,747
14802 (Gria4)	1096,730,1142,747
53623 (Gria3)	1096,730,1142,747
14811 (Grin2a)	1096,693,1142,710
14812 (Grin2b)	1096,693,1142,710
68566 (Caly)	823,429,869,446
mmu04728: Dopaminergic synapse	40,45,252,70
mmu05012: Parkinson disease	149,657,241,691
mmu00350: Tyrosine metabolism	140,493,232,527
mmu04721: Synaptic vesicle cycle	385,541,477,575
mmu04020: Calcium signaling pathway	871,380,979,414
mmu04724: Glutamatergic synapse	1175,692,1267,726
