329581 (Birc7)	615,486,661,503
12369 (Casp7)	821,475,867,492
11783 (Apaf1)	662,399,708,416
51800 (Bok)	282,490,328,507
13063 (Cycs)	567,164,613,181
13067 (Cyct)	567,164,613,181
12371 (Casp9)	723,234,769,251
12369 (Casp7)	821,224,867,241
12367 (Casp3)	821,247,867,264
11796 (Birc3)	615,234,661,251
11797 (Birc2)	615,234,661,251
11798 (Xiap)	615,234,661,251
11799 (Birc5)	615,234,661,251
11783 (Apaf1)	662,164,708,181
66593 (Diablo)	512,211,558,228
64704 (Htra2)	512,234,558,251
18952 (Sept4)	512,257,558,274
12028 (Bax)	357,225,403,242
12018 (Bak1)	357,247,403,264
12043 (Bcl2)	282,234,328,251
12048 (Bcl2l1)	282,234,328,251
13063 (Cycs)	0,0,1,1
13067 (Cyct)	0,0,1,1
13063 (Cycs)	567,828,613,845
13067 (Cyct)	567,828,613,845
11799 (Birc5)	615,900,661,917
12211 (Birc6)	615,900,661,917
11783 (Apaf1)	662,828,708,845
12018 (Bak1)	357,902,403,919
12048 (Bcl2l1)	282,902,328,919
56208 (Becn1)	207,902,253,919
12371 (Casp9)	723,899,769,916
12369 (Casp7)	723,922,769,939
11799 (Birc5)	615,660,661,677
14082 (Fadd)	662,121,708,138
12370 (Casp8)	723,187,769,204
21937 (Tnfrsf1a)	207,121,253,138
26414 (Mapk10)	436,355,482,372
26419 (Mapk8)	436,355,482,372
26420 (Mapk9)	436,355,482,372
14082 (Fadd)	662,775,708,792
12370 (Casp8)	723,821,769,838
18053 (Ngfr)	207,775,253,792
12122 (Bid)	207,234,253,251
12125 (Bcl2l11)	207,234,253,251
170770 (Bbc3)	207,234,253,251
58801 (Pmaip1)	207,234,253,251
mmu04215: Apoptosis - multiple species	40,45,303,70
mmu04210: Apoptosis	158,154,291,179
map04214: Apoptosis - fly	162,382,295,407
