21926 (Tnf)	143,323,189,340
21937 (Tnfrsf1a)	234,323,280,340
71609 (Tradd)	351,323,397,340
22030 (Traf2)	397,314,443,331
22033 (Traf5)	397,314,443,331
19766 (Ripk1)	397,331,443,348
11796 (Birc3)	399,211,445,228
11797 (Birc2)	399,211,445,228
26409 (Map3k7)	480,314,526,331
26398 (Map2k4)	638,297,684,314
26400 (Map2k7)	638,297,684,314
26397 (Map2k3)	638,328,684,345
26399 (Map2k6)	638,328,684,345
19094 (Mapk11)	716,328,762,345
26415 (Mapk13)	716,328,762,345
26416 (Mapk14)	716,328,762,345
29857 (Mapk12)	716,328,762,345
26414 (Mapk10)	716,297,762,314
26419 (Mapk8)	716,297,762,314
26420 (Mapk9)	716,297,762,314
16151 (Ikbkg)	559,461,605,478
16150 (Ikbkb)	559,427,605,444
18035 (Nfkbia)	638,427,684,444
18033 (Nfkb1)	638,457,684,474
19697 (Rela)	638,457,684,474
18033 (Nfkb1)	559,363,605,380
19697 (Rela)	559,363,605,380
26410 (Map3k8)	559,346,605,363
26395 (Map2k1)	638,379,684,396
26413 (Mapk1)	716,379,762,396
26417 (Mapk3)	716,379,762,396
56613 (Rps6ka4)	797,360,843,377
73086 (Rps6ka5)	797,360,843,377
11909 (Atf2)	874,360,920,377
11911 (Atf4)	874,360,920,377
12912 (Creb1)	874,360,920,377
12913 (Creb3)	874,360,920,377
12915 (Atf6b)	874,360,920,377
208647 (Creb3l2)	874,360,920,377
208677 (Creb3l3)	874,360,920,377
231991 (Creb5)	874,360,920,377
26427 (Creb3l1)	874,360,920,377
78284 (Creb3l4)	874,360,920,377
12608 (Cebpb)	874,328,920,345
14281 (Fos)	873,297,919,314
16476 (Jun)	873,297,919,314
14082 (Fadd)	635,143,681,160
12370 (Casp8)	713,161,759,178
12369 (Casp7)	791,133,837,150
12367 (Casp3)	791,155,837,172
19766 (Ripk1)	397,525,443,542
20293 (Ccl12)	1094,123,1140,140
20296 (Ccl2)	1094,123,1140,140
20304 (Ccl5)	1144,123,1190,140
20297 (Ccl20)	1194,123,1240,140
14825 (Cxcl1)	1094,143,1140,160
20310 (Cxcl2)	1094,143,1140,160
330122 (Cxcl3)	1094,143,1140,160
14825 (Cxcl1)	1144,143,1190,160
20310 (Cxcl2)	1144,143,1190,160
330122 (Cxcl3)	1144,143,1190,160
14825 (Cxcl1)	1194,143,1240,160
20310 (Cxcl2)	1194,143,1240,160
330122 (Cxcl3)	1194,143,1240,160
20311 (Cxcl5)	1094,164,1140,181
15945 (Cxcl10)	1144,164,1190,181
20312 (Cx3cl1)	1194,164,1240,181
12977 (Csf1)	1094,200,1140,217
12981 (Csf2)	1144,200,1190,217
14102 (Fas)	1094,236,1140,253
16182 (Il18r1)	1144,236,1190,253
16449 (Jag1)	1193,236,1239,253
16176 (Il1b)	1094,272,1140,289
16193 (Il6)	1144,273,1190,290
16168 (Il15)	1193,273,1239,290
16878 (Lif)	1242,273,1288,290
16992 (Lta)	1292,273,1338,290
21926 (Tnf)	1292,273,1338,290
12051 (Bcl3)	1094,308,1140,325
18035 (Nfkbia)	1144,307,1190,324
12702 (Socs3)	1193,307,1239,324
21929 (Tnfaip3)	1242,307,1288,324
22029 (Traf1)	1292,307,1338,324
15953 (Ifi47)	1094,344,1140,361
432555 (Gm5431)	1094,344,1140,361
14281 (Fos)	1094,380,1140,397
16476 (Jun)	1145,380,1191,397
16477 (Junb)	1196,380,1242,397
17392 (Mmp3)	1094,416,1140,433
17395 (Mmp9)	1145,416,1191,433
17387 (Mmp14)	1196,416,1242,433
13614 (Edn1)	1094,452,1140,469
14205 (Vegfd)	1145,452,1191,469
22341 (Vegfc)	1145,452,1191,469
257632 (Nod2)	1094,488,1140,505
15894 (Icam1)	1094,524,1140,541
20339 (Sele)	1145,524,1191,541
22329 (Vcam1)	1196,524,1242,541
19225 (Ptgs2)	1094,560,1140,577
16992 (Lta)	143,734,189,751
21926 (Tnf)	143,734,189,751
21938 (Tnfrsf1b)	236,734,282,751
22029 (Traf1)	397,717,443,734
22030 (Traf2)	397,734,443,751
11796 (Birc3)	559,735,605,752
11797 (Birc2)	559,735,605,752
18706 (Pik3ca)	559,645,605,662
18707 (Pik3cd)	559,645,605,662
18708 (Pik3r1)	559,645,605,662
18709 (Pik3r2)	559,645,605,662
18710 (Pik3r3)	559,645,605,662
74769 (Pik3cb)	559,645,605,662
11651 (Akt1)	716,645,762,662
11652 (Akt2)	716,645,762,662
23797 (Akt3)	716,645,762,662
53859 (Map3k14)	559,686,605,703
12675 (Chuk)	797,686,843,703
16150 (Ikbkb)	797,686,843,703
16151 (Ikbkg)	797,686,843,703
22031 (Traf3)	397,751,443,768
56532 (Ripk3)	476,525,522,542
67384 (Bag4)	292,370,338,387
74568 (Mlkl)	559,525,605,542
72542 (Pgam5)	638,525,684,542
72542 (Pgam5)	638,542,684,559
74006 (Dnm1l)	716,534,762,551
66513 (Tab1)	480,297,526,314
66724 (Tab3)	480,297,526,314
68652 (Tab2)	480,297,526,314
26408 (Map3k5)	481,271,527,288
12675 (Chuk)	559,444,605,461
16396 (Itch)	714,211,760,228
12633 (Cflar)	793,211,839,228
26414 (Mapk10)	720,797,766,814
26419 (Mapk8)	720,797,766,814
26420 (Mapk9)	720,797,766,814
18033 (Nfkb1)	883,656,929,673
19697 (Rela)	883,656,929,673
18035 (Nfkbia)	883,686,929,703
16476 (Jun)	880,797,926,814
69601 (Dab2ip)	558,797,604,814
19766 (Ripk1)	716,735,762,752
53859 (Map3k14)	481,372,527,389
26397 (Map2k3)	797,734,843,751
19094 (Mapk11)	883,734,929,751
26415 (Mapk13)	883,734,929,751
26416 (Mapk14)	883,734,929,751
29857 (Mapk12)	883,734,929,751
16362 (Irf1)	883,859,929,876
15977 (Ifnb1)	1094,859,1140,876
mmu04668: TNF signaling pathway	40,45,245,70
mmu04210: Apoptosis	963,108,1055,133
mmu04064: NF-kappa B signaling pathway	694,473,800,507
mmu04010: MAPK signaling pathway	575,250,681,284
mmu04151: PI3K-Akt signaling pathway	604,609,710,643
mmu04120: Ubiquitin mediated proteolysis	806,393,912,427
