17685 (Msh2)	555,354,601,371
217716 (Mlh3)	601,337,647,354
17350 (Mlh1)	555,337,601,354
17350 (Mlh1)	601,224,647,241
16881 (Lig1)	601,766,647,783
18538 (Pcna)	732,252,778,269
18971 (Pold1)	732,634,778,651
18972 (Pold2)	732,634,778,651
67967 (Pold3)	732,634,778,651
69745 (Pold4)	732,634,778,651
19891 (Rpa2)	601,634,647,651
68240 (Rpa3)	601,634,647,651
68275 (Rpa1)	601,634,647,651
17688 (Msh6)	555,241,601,258
26909 (Exo1)	732,490,778,507
17685 (Msh2)	555,297,601,314
17686 (Msh3)	601,297,647,314
18861 (Pms2)	601,280,647,297
18861 (Pms2)	555,224,601,241
106344 (Rfc4)	732,224,778,241
19687 (Rfc1)	732,224,778,241
19718 (Rfc2)	732,224,778,241
69263 (Rfc3)	732,224,778,241
72151 (Rfc5)	732,224,778,241
17686 (Msh3)	601,354,647,371
17685 (Msh2)	601,241,647,258
17350 (Mlh1)	555,280,601,297
381760 (Ssbp1)	123,634,169,651
mmu05210: Colorectal cancer	721,341,819,365
mmu03430: Mismatch repair	40,44,191,69
