C05981 (Phosphatidylinositol-3,4,5-trisphosphate)	393,183,4
12387 (Ctnnb1)	618,356,664,373
12387 (Ctnnb1)	446,394,492,411
15461 (Hras)	443,254,489,271
16653 (Kras)	443,254,489,271
18176 (Nras)	443,254,489,271
11789 (Apc)	618,339,664,356
23805 (Apc2)	618,339,664,356
12005 (Axin1)	573,339,619,356
12006 (Axin2)	573,339,619,356
56637 (Gsk3b)	535,356,581,373
12385 (Ctnna1)	288,334,334,351
12386 (Ctnna2)	288,334,334,351
216033 (Ctnna3)	288,334,334,351
12387 (Ctnnb1)	273,351,319,368
56484 (Foxo3)	554,207,600,224
12015 (Bad)	554,176,600,193
12371 (Casp9)	554,147,600,164
16202 (Ilk)	410,205,456,222
13866 (Erbb2)	227,594,273,611
12550 (Cdh1)	227,344,273,361
16842 (Lef1)	777,356,823,373
21414 (Tcf7)	777,356,823,373
21415 (Tcf7l1)	777,356,823,373
21416 (Tcf7l2)	777,356,823,373
19211 (Pten)	315,136,361,153
18607 (Pdpk1)	410,143,456,160
20662 (Sos1)	371,254,417,271
20663 (Sos2)	371,254,417,271
14784 (Grb2)	299,254,345,271
17350 (Mlh1)	929,155,975,172
13712 (Elk1)	777,255,823,272
13649 (Egfr)	227,254,273,271
12443 (Ccnd1)	900,368,946,385
17869 (Myc)	900,345,946,362
11651 (Akt1)	465,176,511,193
11652 (Akt2)	465,176,511,193
23797 (Akt3)	465,176,511,193
18706 (Pik3ca)	315,174,361,191
18707 (Pik3cd)	315,174,361,191
18708 (Pik3r1)	315,174,361,191
18709 (Pik3r2)	315,174,361,191
18710 (Pik3r3)	315,174,361,191
74769 (Pik3cb)	315,174,361,191
13645 (Egf)	150,255,196,272
26413 (Mapk1)	658,254,704,271
26417 (Mapk3)	658,254,704,271
26395 (Map2k1)	587,254,633,271
26396 (Map2k2)	587,254,633,271
109880 (Braf)	515,254,561,271
110157 (Raf1)	515,254,561,271
11836 (Araf)	515,254,561,271
16653 (Kras)	443,288,489,305
22059 (Trp53)	811,450,857,467
12575 (Cdkn1a)	941,429,987,446
13197 (Gadd45a)	993,429,1039,446
17873 (Gadd45b)	993,429,1039,446
23882 (Gadd45g)	993,429,1039,446
12028 (Bax)	941,451,987,468
12018 (Bak1)	993,451,1039,468
107986 (Ddb2)	941,473,987,490
27015 (Polk)	993,473,1039,490
22059 (Trp53)	811,649,857,666
12575 (Cdkn1a)	941,629,987,646
13197 (Gadd45a)	993,629,1039,646
17873 (Gadd45b)	993,629,1039,646
23882 (Gadd45g)	993,629,1039,646
12028 (Bax)	941,651,987,668
12018 (Bak1)	993,651,1039,668
107986 (Ddb2)	941,673,987,690
27015 (Polk)	993,673,1039,690
mmu04110: Cell cycle	821,596,923,630
mmu04012: ErbB signaling pathway	302,590,404,624
mmu04060: Cytokine-cytokine receptor interaction	115,287,217,321
mmu04520: Adherens junction	342,355,444,389
mmu04010: MAPK signaling pathway	514,283,616,317
mmu05213: Endometrial cancer	40,45,221,70
mmu04310: Wnt signaling pathway	514,418,616,452
mmu04115: p53 signaling pathway	821,489,923,523
mmu04151: PI3K-Akt signaling pathway	514,104,616,138
