18000 (Sept2)	209,632,255,649
20362 (Sept8)	209,632,255,649
24050 (Sept3)	209,632,255,649
52398 (Sept11)	209,632,255,649
53860 (Sept9)	209,632,255,649
54204 (Sept1)	209,632,255,649
56526 (Sept6)	209,632,255,649
71089 (Sept12)	209,632,255,649
12387 (Ctnnb1)	128,253,174,270
12385 (Ctnna1)	128,270,173,289
12386 (Ctnna2)	128,270,173,289
216033 (Ctnna3)	128,270,173,289
19353 (Rac1)	210,421,256,438
12550 (Cdh1)	153,200,199,217
78514 (Arhgap10)	128,287,174,304
12540 (Cdc42)	157,421,203,438
20779 (Src)	430,273,476,290
13043 (Cttn)	429,241,475,258
15163 (Hcls1)	429,241,475,258
16402 (Itga5)	490,200,536,217
16412 (Itgb1)	490,200,536,217
11867 (Arpc1b)	210,518,256,535
56378 (Arpc3)	210,518,256,535
56443 (Arpc1a)	210,518,256,535
67771 (Arpc5)	210,518,256,535
68089 (Arpc4)	210,518,256,535
74192 (Arpc5l)	210,518,256,535
76709 (Arpc2)	210,518,256,535
11461 (Actb)	210,566,256,583
11465 (Actg1)	210,566,256,583
330662 (Dock1)	211,355,257,372
19303 (Pxn)	432,390,478,407
14083 (Ptk2)	429,305,475,322
12928 (Crk)	210,304,256,321
12929 (Crkl)	210,304,256,321
12488 (Cd2ap)	278,267,324,284
18706 (Pik3ca)	159,326,205,343
18707 (Pik3cd)	159,326,205,343
18708 (Pik3r1)	159,326,205,343
18709 (Pik3r2)	159,326,205,343
18710 (Pik3r3)	159,326,205,343
74769 (Pik3cb)	159,326,205,343
12402 (Cbl)	278,214,324,231
17295 (Met)	210,200,256,217
103967 (Dnm3)	347,241,393,258
13429 (Dnm1)	347,241,393,258
13430 (Dnm2)	347,241,393,258
12927 (Bcar1)	429,322,475,339
12757 (Clta)	329,268,375,285
67300 (Cltc)	329,268,375,285
74325 (Cltb)	329,268,375,285
242687 (Wasf2)	209,469,255,486
83767 (Wasf1)	209,469,255,486
73178 (Wasl)	158,469,204,486
14388 (Gab1)	210,252,256,269
20416 (Shc1)	278,241,324,258
20418 (Shc3)	278,241,324,258
216148 (Shc2)	278,241,324,258
271849 (Shc4)	278,241,324,258
14268 (Fn1)	490,171,536,188
12389 (Cav1)	380,268,426,285
12390 (Cav2)	380,268,426,285
12391 (Cav3)	380,268,426,285
16202 (Ilk)	494,306,540,323
56212 (Rhog)	832,335,878,352
622434 (Arhgef26)	832,297,878,314
330662 (Dock1)	832,411,878,428
12928 (Crk)	905,411,951,428
12929 (Crkl)	905,411,951,428
19353 (Rac1)	760,421,806,438
12540 (Cdc42)	710,421,756,438
11867 (Arpc1b)	760,518,806,535
56378 (Arpc3)	760,518,806,535
56443 (Arpc1a)	760,518,806,535
67771 (Arpc5)	760,518,806,535
68089 (Arpc4)	760,518,806,535
74192 (Arpc5l)	760,518,806,535
76709 (Arpc2)	760,518,806,535
11461 (Actb)	760,566,806,583
11465 (Actg1)	760,566,806,583
242687 (Wasf2)	760,469,806,486
83767 (Wasf1)	760,469,806,486
73178 (Wasl)	710,469,756,486
71890 (Mad2l2)	1082,208,1128,225
22330 (Vcl)	1047,559,1093,576
11848 (Rhoa)	1020,508,1066,525
67653 (4930544G11Rik)	1020,508,1066,525
140579 (Elmo2)	832,372,878,389
140580 (Elmo1)	832,372,878,389
234683 (Elmo3)	832,372,878,389
mmu05100: Bacterial invasion of epithelial cells	40,45,390,70
mmu04512: ECM-receptor interaction	464,62,556,96
mmu04810: Regulation of actin cytoskeleton	473,497,573,531
map03070: Bacterial secretion system	784,153,876,187
mmu04144: Endocytosis	340,200,432,225
mmu04510: Focal adhesion	293,353,385,378
mmu04110: Cell cycle	1056,149,1148,174
