230073 (Ddx58)	421,251,467,268
71586 (Ifih1)	421,527,467,544
217069 (Trim25)	375,183,421,200
67664 (Rnf125)	433,183,479,200
228607 (Mavs)	599,381,645,398
18033 (Nfkb1)	1088,492,1134,509
19697 (Rela)	1088,492,1134,509
54644 (Otud5)	730,304,776,321
22031 (Traf3)	730,356,776,373
54131 (Irf3)	999,315,1045,332
56489 (Ikbke)	908,313,954,330
54123 (Irf7)	999,344,1045,361
21353 (Tank)	818,339,864,356
27215 (Azi2)	818,356,864,373
73174 (Tbkbp1)	818,373,864,390
14082 (Fadd)	818,446,864,463
12370 (Casp8)	908,437,954,454
15962 (Ifna1)	1263,300,1309,317
15964 (Ifna11)	1263,300,1309,317
15965 (Ifna2)	1263,300,1309,317
15967 (Ifna4)	1263,300,1309,317
15968 (Ifna5)	1263,300,1309,317
15969 (Ifna6)	1263,300,1309,317
15970 (Ifna7)	1263,300,1309,317
15972 (Ifna9)	1263,300,1309,317
15974 (Ifnab)	1263,300,1309,317
230396 (Ifna13)	1263,300,1309,317
242517 (Ifna15)	1263,300,1309,317
242519 (Ifna12)	1263,300,1309,317
404549 (Ifna14)	1263,300,1309,317
15977 (Ifnb1)	1263,319,1309,336
22034 (Traf6)	692,636,738,653
12675 (Chuk)	999,430,1045,447
16150 (Ikbkb)	999,447,1045,464
16151 (Ikbkg)	999,413,1045,430
18035 (Nfkbia)	1088,447,1134,464
18036 (Nfkbib)	1088,447,1134,464
56480 (Tbk1)	908,330,954,347
80861 (Dhx58)	364,381,410,398
67664 (Rnf125)	451,452,497,469
100038882 (Isg15)	458,209,504,226
11793 (Atg5)	527,217,573,234
67526 (Atg12)	527,234,573,251
270151 (Nlrx1)	580,306,626,323
72512 (Tmem173)	668,270,714,287
74256 (Cyld)	400,147,446,164
23988 (Pin1)	1034,264,1080,281
16151 (Ikbkg)	908,347,954,364
71609 (Tradd)	730,425,776,442
19766 (Ripk1)	818,463,864,480
66641 (Sike1)	908,264,954,281
225913 (Tkfc)	421,424,467,441
110957 (D1Pas1)	965,264,1011,281
13205 (Ddx3x)	965,264,1011,281
26401 (Map3k1)	798,636,844,653
26414 (Mapk10)	951,621,997,638
26419 (Mapk8)	951,621,997,638
26420 (Mapk9)	951,621,997,638
19094 (Mapk11)	951,652,997,669
26415 (Mapk13)	951,652,997,669
26416 (Mapk14)	951,652,997,669
29857 (Mapk12)	951,652,997,669
22030 (Traf2)	692,570,738,587
26409 (Map3k7)	798,570,844,587
230405 (Ifne)	1263,357,1309,374
387510 (Ifnk)	1263,376,1309,393
21926 (Tnf)	1263,505,1309,522
16159 (Il12a)	1263,524,1309,541
16160 (Il12b)	1263,524,1309,541
15945 (Cxcl10)	1263,543,1309,560
mmu04120: Ubiquitin mediated proteolysis	480,630,593,664
mmu04210: Apoptosis	885,508,977,533
mmu04010: MAPK signaling pathway	813,679,926,713
mmu04120: Ubiquitin mediated proteolysis	1044,159,1157,193
mmu04630: Jak-STAT signaling pathway	1441,315,1562,349
mmu04622: RIG-I-like receptor signaling pathway	40,45,372,70
