C00575 (3',5'-Cyclic AMP)	519,364,4
C00001 (H2O)	105,531,4
C00001 (H2O)	637,514,4
C00001 (H2O)	637,548,4
C00001 (H2O)	655,748,4
11998 (Avp)	641,299,687,316
12000 (Avpr2)	557,298,603,315
14683 (Gnas)	507,324,553,341
104111 (Adcy3)	559,356,605,373
11512 (Adcy6)	559,356,605,373
11515 (Adcy9)	559,356,605,373
18747 (Prkaca)	440,356,486,373
18749 (Prkacb)	440,356,486,373
12912 (Creb1)	441,420,487,437
12913 (Creb3)	441,420,487,437
208647 (Creb3l2)	441,420,487,437
208677 (Creb3l3)	441,420,487,437
231991 (Creb5)	441,420,487,437
26427 (Creb3l1)	441,420,487,437
78284 (Creb3l4)	441,420,487,437
11827 (Aqp2)	347,356,393,373
11827 (Aqp2)	375,622,421,639
11827 (Aqp2)	270,435,316,452
11827 (Aqp2)	136,525,182,542
11827 (Aqp2)	221,619,267,636
11829 (Aqp4)	556,507,602,524
11828 (Aqp3)	557,538,603,555
11827 (Aqp2)	83,622,129,639
11857 (Arhgdib)	377,264,423,281
14570 (Arhgdig)	377,264,423,281
192662 (Arhgdia)	377,264,423,281
11828 (Aqp3)	442,709,488,726
19326 (Rab11b)	363,334,409,351
53869 (Rab11a)	363,334,409,351
19344 (Rab5b)	386,597,432,614
19345 (Rab5c)	386,597,432,614
271457 (Rab5a)	386,597,432,614
20909 (Stx4a)	136,436,182,453
22318 (Vamp2)	204,436,250,453
18195 (Nsf)	177,453,223,470
13191 (Dctn1)	312,322,358,339
22428 (Dctn6)	312,322,358,339
59288 (Dctn5)	312,322,358,339
67665 (Dctn4)	312,322,358,339
69654 (Dctn2)	312,322,358,339
110350 (Dync2h1)	312,305,358,322
13424 (Dync1h1)	312,305,358,322
13426 (Dync1i1)	312,305,358,322
13427 (Dync1i2)	312,305,358,322
213575 (Dync2li1)	312,305,358,322
234663 (Dync1li2)	312,305,358,322
235661 (Dync1li1)	312,305,358,322
56455 (Dynll1)	312,305,358,322
68097 (Dynll2)	312,305,358,322
mmu04962: Vasopressin-regulated water reabsorption	40,45,433,70
mmu04530: Tight junction	194,104,309,129
mmu04144: Endocytosis	240,567,332,592
