G11040	655,147,4
G10841	564,147,4
G01813	473,147,4
G12625	473,218,4
G12626	473,289,4
G00012	384,147,4
G00011	203,147,4
G13047	564,289,4
G13048	655,289,4
G13049	747,289,4
G13050	838,289,4
G00016	654,1782,4
G00017	744,1782,4
G10716	835,1782,4
G11000	744,1826,4
G11933	835,1826,4
G00014	563,1713,4
G00013	472,1713,4
G00012	382,1713,4
G00011	203,1713,4
G00015	654,1713,4
G00011	203,1448,4
G00012	378,1448,4
G00013	468,1448,4
G00014	559,1448,4
G10770	559,1519,4
G13057	651,1519,4
G13058	741,1519,4
G13059	832,1519,4
G00011	203,1210,4
G00012	383,1210,4
G00013	473,1210,4
G00014	564,1210,4
G10770	564,1280,4
G05477	656,1280,4
G10920	746,1280,4
G00015	661,616,4
G12617	1021,616,4
G13055	931,616,4
G13056	841,616,4
G00011	209,615,4
G00012	389,615,4
G00013	480,616,4
G00014	571,616,4
G10694	299,615,4
G00179	751,616,4
G10665	1021,699,4
G10694	293,147,4
G10694	293,1448,4
G10694	293,1210,4
G10694	293,1713,4
17155 (Man1a)	309,138,355,155
17156 (Man1a2)	309,138,355,155
230815 (Man1c1)	309,138,355,155
207958 (Alg11)	512,466,525,453,529,453,516,466
207958 (Alg11)	452,470,472,470,472,474,452,474
102580 (Alg9)	453,351,473,351,473,355,453,355
208624 (Alg3)	515,390,525,380,529,380,519,390
223774 (Alg12)	516,353,526,363,530,363,520,353
56737 (Alg2)	570,438,590,418,594,418,574,438
56737 (Alg2)	571,378,591,398,595,398,575,378
208211 (Alg1)	635,406,655,406,655,410,635,410
320302 (Glt28d2)	713,406,733,406,733,410,713,410
66789 (Alg14)	713,406,733,406,733,410,713,410
67574 (Alg13)	713,406,733,406,733,410,713,410
103963 (Rpn1)	792,406,812,406,812,410,792,410
13135 (Dad1)	792,406,812,406,812,410,792,410
13200 (Ddost)	792,406,812,406,812,410,792,410
16430 (Stt3a)	792,406,812,406,812,410,792,410
20014 (Rpn2)	792,406,812,406,812,410,792,410
68292 (Stt3b)	792,406,812,406,812,410,792,410
80286 (Tusc3)	792,406,812,406,812,410,792,410
56737 (Alg2)	392,851,412,831,416,831,396,851
56737 (Alg2)	392,798,412,818,416,818,396,798
208211 (Alg1)	459,822,479,822,479,826,459,826
320302 (Glt28d2)	535,826,545,836,549,836,539,826
66789 (Alg14)	535,826,545,836,549,836,539,826
67574 (Alg13)	535,826,545,836,549,836,539,826
103963 (Rpn1)	606,842,626,842,626,846,606,846
13135 (Dad1)	606,842,626,842,626,846,606,846
13200 (Ddost)	606,842,626,842,626,846,606,846
16430 (Stt3a)	606,842,626,842,626,846,606,846
20014 (Rpn2)	606,842,626,842,626,846,606,846
68292 (Stt3b)	606,842,626,842,626,846,606,846
80286 (Tusc3)	606,842,626,842,626,846,606,846
17308 (Mgat1)	328,850,348,850,348,854,328,854
217664 (Mgat2)	328,794,348,794,348,798,328,798
56737 (Alg2)	386,1942,406,1922,410,1922,390,1942
56737 (Alg2)	387,1886,407,1906,411,1906,391,1886
208211 (Alg1)	451,1912,471,1912,471,1916,451,1916
320302 (Glt28d2)	527,1912,537,1902,541,1902,531,1912
66789 (Alg14)	527,1912,537,1902,541,1902,531,1912
67574 (Alg13)	527,1912,537,1902,541,1902,531,1912
103963 (Rpn1)	598,1893,618,1893,618,1897,598,1897
13135 (Dad1)	598,1893,618,1893,618,1897,598,1897
13200 (Ddost)	598,1893,618,1893,618,1897,598,1897
16430 (Stt3a)	598,1893,618,1893,618,1897,598,1897
20014 (Rpn2)	598,1893,618,1893,618,1897,598,1897
68292 (Stt3b)	598,1893,618,1893,618,1897,598,1897
80286 (Tusc3)	598,1893,618,1893,618,1897,598,1897
330406 (B4galnt3)	255,1861,265,1871,269,1871,259,1861
330671 (B4galnt4)	255,1861,265,1871,269,1871,259,1861
53618 (Fut8)	528,1877,538,1887,542,1887,532,1877
68947 (Chst8)	177,1857,197,1857,197,1861,177,1861
71367 (Chst9)	177,1857,197,1857,197,1861,177,1861
17308 (Mgat1)	332,1966,342,1956,346,1956,336,1966
217664 (Mgat2)	324,1877,344,1877,344,1881,324,1881
14595 (B4galt1)	253,1896,263,1886,267,1886,257,1896
53418 (B4galt2)	253,1896,263,1886,267,1886,257,1896
57370 (B4galt3)	253,1896,263,1886,267,1886,257,1896
20441 (St3gal3)	198,1896,218,1896,218,1900,198,1900
330406 (B4galnt3)	266,1951,276,1961,280,1961,270,1951
330671 (B4galnt4)	266,1951,276,1961,280,1961,270,1951
68947 (Chst8)	188,1948,208,1948,208,1952,188,1952
71367 (Chst9)	188,1948,208,1948,208,1952,188,1952
14595 (B4galt1)	264,1986,274,1976,278,1976,268,1986
53418 (B4galt2)	264,1986,274,1976,278,1976,268,1986
57370 (B4galt3)	264,1986,274,1976,278,1976,268,1986
20441 (St3gal3)	209,1987,229,1987,229,1991,209,1991
103534 (Mgat4b)	334,1929,344,1939,348,1939,338,1929
269181 (Mgat4a)	334,1929,344,1939,348,1939,338,1929
67555 (Mgat4d)	334,1929,344,1939,348,1939,338,1929
67569 (Mgat4c)	334,1929,344,1939,348,1939,338,1929
14595 (B4galt1)	258,1926,278,1926,278,1930,258,1930
53418 (B4galt2)	258,1926,278,1926,278,1930,258,1930
57370 (B4galt3)	258,1926,278,1926,278,1930,258,1930
20441 (St3gal3)	201,1926,221,1926,221,1930,201,1930
53618 (Fut8)	631,1735,677,1752
14595 (B4galt1)	672,1774,718,1791
53418 (B4galt2)	672,1774,718,1791
57370 (B4galt3)	672,1774,718,1791
20441 (St3gal3)	764,1774,810,1791
330406 (B4galnt3)	673,1818,719,1835
330671 (B4galnt4)	673,1818,719,1835
68947 (Chst8)	765,1818,811,1835
71367 (Chst9)	765,1818,811,1835
17155 (Man1a)	309,1704,355,1721
17156 (Man1a2)	309,1704,355,1721
230815 (Man1c1)	309,1704,355,1721
17308 (Mgat1)	398,1704,444,1721
140481 (Man2a2)	488,1704,534,1721
17158 (Man2a1)	488,1704,534,1721
217664 (Mgat2)	579,1704,625,1721
17155 (Man1a)	305,1439,351,1456
17156 (Man1a2)	305,1439,351,1456
230815 (Man1c1)	305,1439,351,1456
17308 (Mgat1)	394,1439,440,1456
140481 (Man2a2)	484,1439,530,1456
17158 (Man2a1)	484,1439,530,1456
53618 (Fut8)	536,1470,582,1487
238023 (Hexdc)	664,1510,710,1527
103963 (Rpn1)	491,1578,511,1578,511,1582,491,1582
13135 (Dad1)	491,1578,511,1578,511,1582,491,1582
13200 (Ddost)	491,1578,511,1578,511,1582,491,1582
16430 (Stt3a)	491,1578,511,1578,511,1582,491,1582
20014 (Rpn2)	491,1578,511,1578,511,1582,491,1582
68292 (Stt3b)	491,1578,511,1578,511,1582,491,1582
80286 (Tusc3)	491,1578,511,1578,511,1582,491,1582
320302 (Glt28d2)	412,1578,432,1578,432,1582,412,1582
66789 (Alg14)	412,1578,432,1578,432,1582,412,1582
67574 (Alg13)	412,1578,432,1578,432,1582,412,1582
208211 (Alg1)	334,1578,354,1578,354,1582,334,1582
53618 (Fut8)	422,1557,432,1567,436,1567,426,1557
56737 (Alg2)	270,1056,290,1036,294,1036,274,1056
56737 (Alg2)	270,1003,290,1023,294,1023,274,1003
208211 (Alg1)	335,1029,355,1029,355,1033,335,1033
320302 (Glt28d2)	413,1031,423,1041,427,1041,417,1031
66789 (Alg14)	413,1031,423,1041,427,1041,417,1031
67574 (Alg13)	413,1031,423,1041,427,1041,417,1031
103963 (Rpn1)	484,1047,504,1047,504,1051,484,1051
13135 (Dad1)	484,1047,504,1047,504,1051,484,1051
13200 (Ddost)	484,1047,504,1047,504,1051,484,1051
16430 (Stt3a)	484,1047,504,1047,504,1051,484,1051
20014 (Rpn2)	484,1047,504,1047,504,1051,484,1051
68292 (Stt3b)	484,1047,504,1047,504,1051,484,1051
80286 (Tusc3)	484,1047,504,1047,504,1051,484,1051
17155 (Man1a)	311,1201,357,1218
17156 (Man1a2)	311,1201,357,1218
230815 (Man1c1)	311,1201,357,1218
17308 (Mgat1)	399,1201,445,1218
140481 (Man2a2)	489,1201,535,1218
17158 (Man2a1)	489,1201,535,1218
53618 (Fut8)	541,1230,587,1247
103963 (Rpn1)	497,1328,517,1328,517,1332,497,1332
13135 (Dad1)	497,1328,517,1328,517,1332,497,1332
13200 (Ddost)	497,1328,517,1328,517,1332,497,1332
16430 (Stt3a)	497,1328,517,1328,517,1332,497,1332
20014 (Rpn2)	497,1328,517,1328,517,1332,497,1332
68292 (Stt3b)	497,1328,517,1328,517,1332,497,1332
80286 (Tusc3)	497,1328,517,1328,517,1332,497,1332
320302 (Glt28d2)	418,1328,438,1328,438,1332,418,1332
66789 (Alg14)	418,1328,438,1328,438,1332,418,1332
67574 (Alg13)	418,1328,438,1328,438,1332,418,1332
208211 (Alg1)	340,1328,360,1328,360,1332,340,1332
53618 (Fut8)	428,1307,438,1317,442,1317,432,1307
56737 (Alg2)	276,1303,296,1323,300,1323,280,1303
56737 (Alg2)	276,1356,296,1336,300,1336,280,1356
56737 (Alg2)	271,1551,291,1571,295,1571,275,1551
56737 (Alg2)	270,1606,290,1586,294,1586,274,1606
17155 (Man1a)	316,607,362,624
17156 (Man1a2)	316,607,362,624
230815 (Man1c1)	316,607,362,624
17308 (Mgat1)	405,607,451,624
140481 (Man2a2)	496,607,542,624
17158 (Man2a1)	496,607,542,624
217664 (Mgat2)	587,607,633,624
227619 (Man1b1)	225,607,271,624
15211 (Hexa)	896,691,942,708
15212 (Hexb)	896,691,942,708
15211 (Hexa)	999,645,1045,662
15212 (Hexb)	999,645,1045,662
227619 (Man1b1)	219,139,265,156
227619 (Man1b1)	219,1440,265,1457
227619 (Man1b1)	219,1202,265,1219
227619 (Man1b1)	219,1705,265,1722
mmu00510: N-Glycan biosynthesis	27,135,156,160
mmu00513: Various types of N-glycan biosynthesis	40,45,385,70
mmu00510: N-Glycan biosynthesis	27,1701,156,1726
mmu00510: N-Glycan biosynthesis	27,1436,156,1461
mmu00510: N-Glycan biosynthesis	27,1197,156,1222
mmu00510: N-Glycan biosynthesis	33,603,162,628
