15978 (Ifng)	319,644,365,661
22123 (Psmd3)	670,97,716,114
66997 (Psmd12)	716,97,762,114
69077 (Psmd11)	761,97,807,114
66413 (Psmd6)	807,97,853,114
17463 (Psmd7)	670,114,716,131
23997 (Psmd13)	716,114,762,131
59029 (Psmd14)	762,114,808,131
57296 (Psmd8)	807,114,853,131
20422 (Shfm1)	853,114,899,131
19185 (Psmd4)	670,144,716,161
21762 (Psmd2)	670,195,716,212
70247 (Psmd1)	716,195,762,212
56436 (Adrm1)	762,195,808,212
19181 (Psmc2)	670,212,716,229
19179 (Psmc1)	716,212,762,229
23996 (Psmc4)	899,212,945,229
67089 (Psmc6)	807,212,853,229
19182 (Psmc3)	853,212,899,229
19184 (Psmc5)	762,212,808,229
19186 (Psme1)	948,113,994,130
19188 (Psme2)	994,113,1040,130
621823 (Psme2b)	994,113,1040,130
19192 (Psme3)	1063,115,1109,132
103554 (Psme4)	970,211,1016,228
26443 (Psma6)	676,394,722,411
19166 (Psma2)	722,394,768,411
26441 (Psma4)	768,394,814,411
26444 (Psma7)	814,394,860,411
73677 (Psma8)	814,394,860,411
26442 (Psma5)	860,394,906,411
26440 (Psma1)	906,394,952,411
19167 (Psma3)	952,394,998,411
19175 (Psmb6)	676,411,722,428
19177 (Psmb7)	722,411,768,428
26446 (Psmb3)	768,411,814,428
26445 (Psmb2)	814,411,860,428
19173 (Psmb5)	860,411,906,428
19170 (Psmb1)	906,411,952,428
19172 (Psmb4)	952,411,998,428
16912 (Psmb9)	676,478,722,495
19171 (Psmb10)	736,478,782,495
16913 (Psmb8)	792,478,838,495
73902 (Psmb11)	906,478,952,495
228769 (Psmf1)	370,836,416,853
66537 (Pomp)	320,804,366,821
16912 (Psmb9)	270,684,316,701
19171 (Psmb10)	320,684,366,701
16913 (Psmb8)	370,684,416,701
19186 (Psme1)	320,747,366,764
19188 (Psme2)	320,764,366,781
621823 (Psme2b)	320,764,366,781
mmu04120: Ubiquitin mediated proteolysis	62,431,190,465
mmu03050: Proteasome	40,45,164,70
