C00076 (Calcium cation)	473,753,4
17127 (Smad3)	815,295,861,312
18018 (Nfatc1)	874,744,920,761
18019 (Nfatc2)	874,744,920,761
18021 (Nfatc3)	874,744,920,761
73181 (Nfatc4)	874,744,920,761
18750 (Prkca)	543,775,589,792
18751 (Prkcb)	543,775,589,792
18752 (Prkcg)	543,775,589,792
19055 (Ppp3ca)	543,744,589,761
19056 (Ppp3cb)	543,744,589,761
19057 (Ppp3cc)	543,744,589,761
19058 (Ppp3r1)	543,744,589,761
19059 (Ppp3r2)	543,744,589,761
108058 (Camk2d)	543,713,589,730
12322 (Camk2a)	543,713,589,730
12323 (Camk2b)	543,713,589,730
12325 (Camk2g)	543,713,589,730
18795 (Plcb1)	353,744,399,761
18796 (Plcb2)	353,744,399,761
18797 (Plcb3)	353,744,399,761
18798 (Plcb4)	353,744,399,761
14362 (Fzd1)	227,744,273,761
14365 (Fzd3)	227,744,273,761
14366 (Fzd4)	227,744,273,761
14367 (Fzd5)	227,744,273,761
14368 (Fzd6)	227,744,273,761
14369 (Fzd7)	227,744,273,761
14370 (Fzd8)	227,744,273,761
14371 (Fzd9)	227,744,273,761
57265 (Fzd2)	227,744,273,761
93897 (Fzd10)	227,744,273,761
22418 (Wnt5a)	145,744,191,761
22419 (Wnt5b)	145,744,191,761
26414 (Mapk10)	576,612,622,629
26419 (Mapk8)	576,612,622,629
26420 (Mapk9)	576,612,622,629
170758 (Rac3)	495,612,541,629
19353 (Rac1)	495,612,541,629
19354 (Rac2)	495,612,541,629
19878 (Rock2)	576,571,622,588
11848 (Rhoa)	495,571,541,588
67653 (4930544G11Rik)	495,571,541,588
208846 (Daam1)	424,571,470,588
76441 (Daam2)	424,571,470,588
13542 (Dvl1)	353,592,399,609
13543 (Dvl2)	353,592,399,609
13544 (Dvl3)	353,592,399,609
106042 (Prickle1)	293,554,339,571
243548 (Prickle2)	293,554,339,571
381104 (Prickle4)	293,554,339,571
54630 (Prickle3)	293,554,339,571
14735 (Gpc4)	227,626,273,643
14362 (Fzd1)	227,592,273,609
14365 (Fzd3)	227,592,273,609
14366 (Fzd4)	227,592,273,609
14367 (Fzd5)	227,592,273,609
14368 (Fzd6)	227,592,273,609
14369 (Fzd7)	227,592,273,609
14370 (Fzd8)	227,592,273,609
14371 (Fzd9)	227,592,273,609
57265 (Fzd2)	227,592,273,609
93897 (Fzd10)	227,592,273,609
229658 (Vangl1)	227,558,273,575
93840 (Vangl2)	227,558,273,575
22411 (Wnt11)	145,592,191,609
17393 (Mmp7)	1001,312,1047,329
19015 (Ppard)	1001,291,1047,308
12443 (Ccnd1)	1001,250,1047,267
12444 (Ccnd2)	1001,250,1047,267
12445 (Ccnd3)	1001,250,1047,267
14283 (Fosl1)	1001,229,1047,246
16476 (Jun)	1001,208,1047,225
17869 (Myc)	1001,187,1047,204
13016 (Ctbp1)	855,328,901,345
13017 (Ctbp2)	855,328,901,345
20671 (Sox17)	755,303,801,320
17128 (Smad4)	815,278,861,295
16842 (Lef1)	884,260,930,277
21414 (Tcf7)	884,260,930,277
21415 (Tcf7l1)	884,260,930,277
21416 (Tcf7l2)	884,260,930,277
12914 (Crebbp)	856,221,902,238
328572 (Ep300)	856,221,902,238
56505 (Ruvbl1)	814,243,860,260
67772 (Chd8)	785,217,831,234
67087 (Ctnnbip1)	666,300,712,317
18099 (Nlk)	908,161,954,178
26409 (Map3k7)	681,161,727,178
93687 (Csnk1a1)	598,277,644,294
56438 (Rbx1)	629,440,675,457
26965 (Cul1)	629,423,675,440
21402 (Skp1a)	629,406,675,423
103583 (Fbxw11)	617,389,663,406
12234 (Btrc)	617,389,663,406
21372 (Tbl1x)	523,456,569,473
81004 (Tbl1xr1)	523,456,569,473
21402 (Skp1a)	523,439,569,456
12301 (Cacybp)	523,422,569,439
11789 (Apc)	477,439,523,456
23805 (Apc2)	477,439,523,456
20437 (Siah1a)	511,405,557,422
20438 (Siah1b)	511,405,557,422
72293 (Nkd2)	319,418,365,435
93960 (Nkd1)	319,418,365,435
22059 (Trp53)	419,405,465,422
12005 (Axin1)	492,277,538,294
12006 (Axin2)	492,277,538,294
11789 (Apc)	538,277,584,294
23805 (Apc2)	538,277,584,294
12387 (Ctnnb1)	568,260,614,277
18747 (Prkaca)	523,189,569,206
18749 (Prkacb)	523,189,569,206
19164 (Psen1)	507,165,553,182
56637 (Gsk3b)	461,260,507,277
14296 (Frat1)	399,247,445,264
212398 (Frat2)	399,247,445,264
27412 (Peg12)	399,247,445,264
114671 (4930444G20Rik)	366,304,412,321
231201 (Susp4)	366,304,412,321
408191 (Gm5415)	366,304,412,321
408192 (Gm9839)	366,304,412,321
75826 (Senp2)	366,304,412,321
13542 (Dvl1)	353,260,399,277
13543 (Dvl2)	353,260,399,277
13544 (Dvl3)	353,260,399,277
12995 (Csnk2a1)	405,283,451,300
13000 (Csnk2a2)	405,283,451,300
13001 (Csnk2b)	405,283,451,300
319478 (Cxxc4)	342,199,388,216
27373 (Csnk1e)	317,243,363,260
13380 (Dkk1)	187,349,233,366
234130 (Dkk4)	187,349,233,366
56811 (Dkk2)	187,349,233,366
24117 (Wif1)	94,302,140,319
12622 (Cer1)	72,218,118,235
16973 (Lrp5)	227,277,273,294
16974 (Lrp6)	227,277,273,294
14362 (Fzd1)	227,260,273,277
14365 (Fzd3)	227,260,273,277
14366 (Fzd4)	227,260,273,277
14367 (Fzd5)	227,260,273,277
14368 (Fzd6)	227,260,273,277
14369 (Fzd7)	227,260,273,277
14370 (Fzd8)	227,260,273,277
14371 (Fzd9)	227,260,273,277
57265 (Fzd2)	227,260,273,277
93897 (Fzd10)	227,260,273,277
20319 (Sfrp2)	171,195,217,212
20377 (Sfrp1)	171,195,217,212
20379 (Sfrp4)	171,195,217,212
54612 (Sfrp5)	171,195,217,212
53627 (Porcn)	57,246,103,263
20890 (Wnt8a)	135,268,181,285
216795 (Wnt9a)	135,268,181,285
22408 (Wnt1)	135,268,181,285
22409 (Wnt10a)	135,268,181,285
22410 (Wnt10b)	135,268,181,285
22411 (Wnt11)	135,268,181,285
22412 (Wnt9b)	135,268,181,285
22413 (Wnt2)	135,268,181,285
22414 (Wnt2b)	135,268,181,285
22415 (Wnt3)	135,268,181,285
22416 (Wnt3a)	135,268,181,285
22417 (Wnt4)	135,268,181,285
22418 (Wnt5a)	135,268,181,285
22419 (Wnt5b)	135,268,181,285
22420 (Wnt6)	135,268,181,285
22421 (Wnt7a)	135,268,181,285
22422 (Wnt7b)	135,268,181,285
22423 (Wnt8b)	135,268,181,285
93735 (Wnt16)	135,268,181,285
68010 (Bambi)	227,311,273,328
74499 (Sost)	164,326,210,343
20317 (Serpinf1)	145,302,191,319
16348 (Invs)	287,604,333,621
77583 (Notum)	117,195,163,212
22402 (Ccn4)	1001,271,1047,288
26563 (Ror1)	227,647,273,664
26564 (Ror2)	227,647,273,664
20187 (Ryk)	227,668,273,685
20187 (Ryk)	227,772,273,789
207742 (Rnf43)	227,169,273,186
407821 (Znrf3)	227,191,273,208
107515 (Lgr4)	227,129,273,146
14160 (Lgr5)	227,129,273,146
329252 (Lgr6)	227,129,273,146
192199 (Rspo1)	145,129,191,146
228770 (Rspo4)	145,129,191,146
239405 (Rspo2)	145,129,191,146
72780 (Rspo3)	145,129,191,146
73739 (Cby1)	758,189,804,206
18163 (Ctnnd2)	937,328,983,345
mmu04115: p53 signaling pathway	390,361,484,399
mmu04520: Adherens junction	883,80,994,119
mmu04350: TGF-beta signaling pathway	898,387,1000,425
mmu04110: Cell cycle	1096,225,1130,313
mmu04310: Wnt signaling pathway	40,45,254,70
mmu04010: MAPK signaling pathway	513,639,615,677
mmu04510: Focal adhesion	624,532,728,570
mmu04120: Ubiquitin mediated proteolysis	700,407,809,447
mmu04010: MAPK signaling pathway	604,110,706,148
mmu05010: Alzheimer disease	452,118,546,156
