C00165 (Diacylglycerol)	460,115,4
C01245 (D-myo-Inositol 1,4,5-trisphosphate)	460,157,4
C00076 (Calcium cation)	509,157,4
C00165 (Diacylglycerol)	460,173,4
C01245 (D-myo-Inositol 1,4,5-trisphosphate)	460,216,4
C00076 (Calcium cation)	506,216,4
12048 (Bcl2l1)	944,325,990,342
12043 (Bcl2)	996,325,1042,342
11796 (Birc3)	944,303,990,320
11797 (Birc2)	944,303,990,320
18035 (Nfkbia)	700,400,746,417
16179 (Irak1)	267,262,313,279
266632 (Irak4)	267,262,313,279
17874 (Myd88)	267,245,313,262
22030 (Traf2)	267,342,313,359
22033 (Traf5)	267,342,313,359
19766 (Ripk1)	267,308,313,325
71609 (Tradd)	267,325,313,342
16177 (Il1r1)	179,260,225,277
21937 (Tnfrsf1a)	179,324,225,341
16176 (Il1b)	91,260,137,277
21926 (Tnf)	91,325,137,342
50930 (Tnfsf14)	91,881,137,898
17000 (Ltbr)	179,866,225,883
22030 (Traf2)	267,885,313,902
22031 (Traf3)	267,902,313,919
53859 (Map3k14)	474,892,520,909
12675 (Chuk)	568,893,614,910
16151 (Ikbkg)	560,366,606,383
12675 (Chuk)	560,383,606,400
16150 (Ikbkb)	560,400,606,417
18034 (Nfkb2)	700,895,746,912
19698 (Relb)	700,912,746,929
18033 (Nfkb1)	700,433,746,450
19697 (Rela)	700,450,746,467
26409 (Map3k7)	474,398,520,415
24099 (Tnfsf13b)	91,953,137,970
72049 (Tnfrsf13c)	179,953,225,970
21947 (Cd40lg)	91,701,137,718
21939 (Cd40)	179,701,225,718
18803 (Plcg1)	376,129,422,146
18751 (Prkcb)	537,186,583,203
18761 (Prkcq)	555,130,601,147
105844 (Card10)	560,254,606,271
108723 (Card11)	560,254,606,271
170720 (Card14)	560,254,606,271
12042 (Bcl10)	560,271,606,288
240354 (Malt1)	560,288,606,305
22031 (Traf3)	267,709,313,726
18034 (Nfkb2)	794,889,840,906
22030 (Traf2)	267,944,313,961
22031 (Traf3)	267,961,313,978
22034 (Traf6)	267,681,313,698
18035 (Nfkbia)	996,470,1042,487
21929 (Tnfaip3)	944,470,990,487
22029 (Traf1)	944,347,990,364
22030 (Traf2)	944,347,990,364
20315 (Cxcl12)	943,912,989,929
21934 (Tnfrsf11a)	179,760,225,777
21943 (Tnfsf11)	91,760,137,777
21898 (Tlr4)	179,559,225,576
66513 (Tab1)	474,415,520,432
66724 (Tab3)	474,415,520,432
68652 (Tab2)	474,415,520,432
230073 (Ddx58)	267,467,313,484
22030 (Traf2)	343,467,389,484
22034 (Traf6)	343,467,389,484
22034 (Traf6)	267,279,313,296
117149 (Tirap)	267,521,313,538
17874 (Myd88)	267,538,313,555
16179 (Irak1)	344,521,390,538
266632 (Irak4)	344,521,390,538
22034 (Traf6)	344,538,390,555
225471 (Ticam2)	267,571,313,588
106759 (Ticam1)	267,588,313,605
19766 (Ripk1)	344,571,390,588
22034 (Traf6)	344,588,390,605
22637 (Zap70)	225,129,271,146
16797 (Lat)	297,129,343,146
17087 (Ly96)	133,549,179,566
12475 (Cd14)	179,515,225,532
16803 (Lbp)	111,500,157,517
22034 (Traf6)	267,752,313,769
22030 (Traf2)	267,769,313,786
18035 (Nfkbia)	700,602,746,619
18033 (Nfkb1)	700,635,746,652
19697 (Rela)	700,652,746,669
18035 (Nfkbia)	700,715,746,732
18033 (Nfkb1)	700,747,746,764
19697 (Rela)	700,764,746,781
12995 (Csnk2a1)	629,715,675,732
13000 (Csnk2a2)	629,715,675,732
13001 (Csnk2b)	629,715,675,732
18792 (Plau)	976,636,1022,653
12048 (Bcl2l1)	976,672,1022,689
12048 (Bcl2l1)	976,746,1022,763
12044 (Bcl2a1a)	976,769,1022,786
12045 (Bcl2a1b)	976,769,1022,786
12046 (Bcl2a1c)	976,769,1022,786
12047 (Bcl2a1d)	976,769,1022,786
234779 (Plcg2)	376,184,422,201
20963 (Syk)	225,192,271,209
17096 (Lyn)	219,209,265,226
666513 (Gm11787)	219,209,265,226
12229 (Btk)	297,192,343,209
16818 (Lck)	219,112,265,129
17060 (Blnk)	297,175,343,192
22030 (Traf2)	267,726,313,743
11920 (Atm)	944,148,990,165
16151 (Ikbkg)	944,165,990,182
11545 (Parp1)	1047,131,1093,148
59004 (Pias4)	1047,148,1093,165
22196 (Ube2i)	1047,165,1093,182
16151 (Ikbkg)	776,219,822,236
12633 (Cflar)	996,303,1042,320
12044 (Bcl2a1a)	996,347,1042,364
12045 (Bcl2a1b)	996,347,1042,364
12046 (Bcl2a1c)	996,347,1042,364
12047 (Bcl2a1d)	996,347,1042,364
11798 (Xiap)	1048,303,1094,320
17873 (Gadd45b)	1048,325,1094,342
11796 (Birc3)	337,696,383,713
11797 (Birc2)	337,696,383,713
11796 (Birc3)	380,962,426,979
11797 (Birc2)	380,962,426,979
11796 (Birc3)	344,294,390,311
11797 (Birc2)	344,294,390,311
217069 (Trim25)	343,444,389,461
16151 (Ikbkg)	944,217,990,234
57913 (Pidd1)	944,234,990,251
19766 (Ripk1)	944,251,990,268
22030 (Traf2)	267,836,313,853
22033 (Traf5)	267,853,313,870
53859 (Map3k14)	337,844,383,861
16176 (Il1b)	944,447,990,464
19225 (Ptgs2)	944,494,990,511
21926 (Tnf)	996,447,1042,464
20303 (Ccl4)	944,547,990,564
22329 (Vcam1)	1048,547,1094,564
14825 (Cxcl1)	996,547,1042,564
20310 (Cxcl2)	996,547,1042,564
330122 (Cxcl3)	996,547,1042,564
100041504	943,881,989,898
100041593	943,881,989,898
100042493 (Ccl21b)	943,881,989,898
100504239 (Gm10591)	943,881,989,898
100504346 (Gm13304)	943,881,989,898
100504362 (Gm1987)	943,881,989,898
100862177 (Gm21541)	943,881,989,898
18829 (Ccl21a)	943,881,989,898
65956 (Ccl21c)	943,881,989,898
100039053 (Gm2023)	996,858,1042,875
100039848 (Gm2457)	996,858,1042,875
24047 (Ccl19)	996,858,1042,875
24099 (Tnfsf13b)	943,939,989,956
15894 (Icam1)	943,966,989,983
12229 (Btk)	504,553,550,570
16992 (Lta)	91,834,137,851
16994 (Ltb)	91,851,137,868
111173 (Erc1)	634,255,680,272
18034 (Nfkb2)	944,376,990,393
13607 (Eda)	91,373,137,390
13608 (Edar)	179,373,225,390
171211 (Edaradd)	225,373,271,390
22034 (Traf6)	297,374,343,391
13607 (Eda)	91,409,137,426
245527 (Eda2r)	179,409,225,426
22031 (Traf3)	297,400,343,417
22034 (Traf6)	297,417,343,434
13607 (Eda)	92,997,138,1014
245527 (Eda2r)	180,997,226,1014
22031 (Traf3)	268,988,314,1005
22034 (Traf6)	268,1005,314,1022
74256 (Cyld)	384,359,430,376
mmu04060: Cytokine-cytokine receptor interaction	48,645,172,679
mmu04064: NF-kappa B signaling pathway	40,45,315,70
mmu04660: T cell receptor signaling pathway	607,116,724,150
mmu04662: B cell receptor signaling pathway	606,175,723,209
mmu04380: Osteoclast differentiation	225,792,342,826
mmu04210: Apoptosis	336,230,428,255
mmu04620: Toll-like receptor signaling pathway	252,621,369,655
mmu03050: Proteasome	739,319,831,344
mmu04120: Ubiquitin mediated proteolysis	730,355,847,389
mmu04622: RIG-I-like receptor signaling pathway	700,540,817,574
mmu04020: Calcium signaling pathway	494,75,611,109
