C05981 (Phosphatidylinositol-3,4,5-trisphosphate)	443,195,4
C00416 (Phosphatidate)	664,388,4
C05981 (Phosphatidylinositol-3,4,5-trisphosphate)	414,468,4
13866 (Erbb2)	253,494,299,511
16653 (Kras)	334,272,380,289
18706 (Pik3ca)	388,226,434,243
18707 (Pik3cd)	388,226,434,243
18708 (Pik3r1)	388,226,434,243
18709 (Pik3r2)	388,226,434,243
18710 (Pik3r3)	388,226,434,243
74769 (Pik3cb)	388,226,434,243
73341 (Arhgef6)	491,125,537,142
11651 (Akt1)	491,188,537,205
11652 (Akt2)	491,188,537,205
23797 (Akt3)	491,188,537,205
170758 (Rac3)	594,114,640,131
19353 (Rac1)	594,114,640,131
19354 (Rac2)	594,114,640,131
12675 (Chuk)	594,150,640,167
16150 (Ikbkb)	594,150,640,167
16151 (Ikbkg)	594,150,640,167
18033 (Nfkb1)	693,141,739,158
19697 (Rela)	693,141,739,158
12015 (Bad)	570,188,616,205
12048 (Bcl2l1)	648,188,694,205
109880 (Braf)	472,273,518,290
110157 (Raf1)	472,273,518,290
11836 (Araf)	472,273,518,290
12371 (Casp9)	581,229,627,246
26395 (Map2k1)	586,273,632,290
26413 (Mapk1)	695,274,741,291
26417 (Mapk3)	695,274,741,291
19730 (Ralgds)	421,351,467,368
56044 (Rala)	498,351,544,368
64143 (Ralb)	498,351,544,368
19765 (Ralbp1)	577,351,623,368
18805 (Pld1)	575,379,621,396
18806 (Pld2)	575,379,621,396
26414 (Mapk10)	695,305,741,322
26419 (Mapk8)	695,305,741,322
26420 (Mapk9)	695,305,741,322
21802 (Tgfa)	172,467,218,484
13645 (Egf)	172,490,218,507
18706 (Pik3ca)	328,461,374,478
18707 (Pik3cd)	328,461,374,478
18708 (Pik3r1)	328,461,374,478
18709 (Pik3r2)	328,461,374,478
18710 (Pik3r3)	328,461,374,478
74769 (Pik3cb)	328,461,374,478
16451 (Jak1)	328,504,374,521
11651 (Akt1)	459,461,505,478
11652 (Akt2)	459,461,505,478
23797 (Akt3)	459,461,505,478
20848 (Stat3)	459,511,505,528
20846 (Stat1)	459,534,505,551
12048 (Bcl2l1)	543,457,589,474
18033 (Nfkb1)	543,485,589,502
19697 (Rela)	543,485,589,502
22339 (Vegfa)	960,522,1006,539
12578 (Cdkn2a)	824,567,870,584
12540 (Cdc42)	661,351,707,368
170758 (Rac3)	661,351,707,368
19353 (Rac1)	661,351,707,368
19354 (Rac2)	661,351,707,368
12567 (Cdk4)	887,588,933,605
12571 (Cdk6)	887,588,933,605
19645 (Rb1)	971,598,1017,615
13555 (E2f1)	971,636,1017,653
13557 (E2f3)	971,636,1017,653
242705 (E2f2)	971,636,1017,653
21803 (Tgfb1)	171,794,217,811
21808 (Tgfb2)	171,794,217,811
21809 (Tgfb3)	171,794,217,811
21812 (Tgfbr1)	253,784,299,801
21813 (Tgfbr2)	253,801,299,818
17126 (Smad2)	404,794,450,811
17127 (Smad3)	404,794,450,811
17128 (Smad4)	404,827,450,844
12190 (Brca2)	876,818,922,835
19361 (Rad51)	876,835,922,852
13649 (Egfr)	253,477,299,494
12443 (Ccnd1)	887,605,933,622
56717 (Mtor)	543,430,589,447
58988 (Rps6kb2)	619,430,665,447
72508 (Rps6kb1)	619,430,665,447
22059 (Trp53)	874,707,920,724
12575 (Cdkn1a)	1004,687,1050,704
13197 (Gadd45a)	1056,687,1102,704
17873 (Gadd45b)	1056,687,1102,704
23882 (Gadd45g)	1056,687,1102,704
12028 (Bax)	1004,709,1050,726
12018 (Bak1)	1056,709,1102,726
107986 (Ddb2)	1004,731,1050,748
27015 (Polk)	1056,731,1102,748
mmu04210: Apoptosis	809,205,912,230
mmu04010: MAPK signaling pathway	548,299,651,333
mmu04012: ErbB signaling pathway	144,520,247,554
mmu04630: JAK-STAT signaling pathway	317,536,420,570
mmu04115: p53 signaling pathway	678,697,781,731
mmu04350: TGF-beta signaling pathway	525,816,628,850
mmu04110: Cell cycle	1026,569,1129,594
mmu04370: VEGF signaling pathway	988,478,1091,512
mmu05212: Pancreatic cancer	40,45,223,70
mmu04151: PI3K-Akt signaling pathway	355,131,458,165
