C20640 (Cyclic GMP-AMP)	514,217,4
12362 (Casp1)	594,606,640,623
66824 (Pycard)	534,606,580,623
383619 (Aim2)	474,605,520,622
16176 (Il1b)	720,596,766,613
16173 (Il18)	720,616,766,633
100044068 (Ifi202b)	389,645,435,662
26388 (Ifi202b)	389,645,435,662
58203 (Zbp1)	514,312,560,329
56480 (Tbk1)	674,270,720,287
56489 (Ikbke)	674,291,720,308
54131 (Irf3)	797,303,843,320
15977 (Ifnb1)	974,327,1020,344
54123 (Irf7)	797,326,843,343
15962 (Ifna1)	974,307,1020,324
15964 (Ifna11)	974,307,1020,324
15965 (Ifna2)	974,307,1020,324
15967 (Ifna4)	974,307,1020,324
15968 (Ifna5)	974,307,1020,324
15969 (Ifna6)	974,307,1020,324
15970 (Ifna7)	974,307,1020,324
15972 (Ifna9)	974,307,1020,324
15974 (Ifnab)	974,307,1020,324
230396 (Ifna13)	974,307,1020,324
242517 (Ifna15)	974,307,1020,324
242519 (Ifna12)	974,307,1020,324
404549 (Ifna14)	974,307,1020,324
15945 (Cxcl10)	974,457,1020,474
228607 (Mavs)	560,167,606,184
72512 (Tmem173)	619,209,665,226
18033 (Nfkb1)	797,399,843,416
19697 (Rela)	797,399,843,416
19766 (Ripk1)	593,444,639,461
56532 (Ripk3)	593,461,639,478
56417 (Adar)	348,380,394,397
16193 (Il6)	974,397,1020,414
12675 (Chuk)	698,444,744,461
16150 (Ikbkb)	698,444,744,461
16151 (Ikbkg)	698,444,744,461
230073 (Ddx58)	489,167,535,184
18033 (Nfkb1)	797,120,843,137
19697 (Rela)	797,120,843,137
77125 (Il33)	720,636,766,653
18035 (Nfkbia)	797,444,843,461
18036 (Nfkbib)	797,444,843,461
16193 (Il6)	974,134,1020,151
100862456	309,180,355,197
102641086	309,180,355,197
20016 (Polr1c)	309,180,355,197
20018 (Polr1d)	309,180,355,197
218832 (Polr3a)	309,180,355,197
245841 (Polr2h)	309,180,355,197
26939 (Polr3e)	309,180,355,197
66420 (Polr2e)	309,180,355,197
66491 (Polr2l)	309,180,355,197
67005 (Polr3k)	309,180,355,197
67065 (Polr3d)	309,180,355,197
67486 (Polr3g)	309,180,355,197
69833 (Polr2f)	309,180,355,197
69870 (Polr3gl)	309,180,355,197
70408 (Polr3f)	309,180,355,197
70428 (Polr3b)	309,180,355,197
74414 (Polr3c)	309,180,355,197
78929 (Polr3h)	309,180,355,197
20303 (Ccl4)	974,417,1020,434
20304 (Ccl5)	974,437,1020,454
22040 (Trex1)	312,355,358,372
214763 (Mb21d1)	387,208,433,225
mmu04622: RIG-I-like receptor signaling pathway	466,123,587,157
mmu04120: Ubiquitin mediated proteolysis	768,508,885,542
mmu04623: Cytosolic DNA-sensing pathway	40,45,332,70
mmu04064: NF-kappa B signaling pathway	663,394,784,428
