C00504 (Folate)	120,206,4
C00415 (Dihydrofolate)	120,298,4
C03479 (Folinic acid)	488,216,4
C00143 (5,10-Methylenetetrahydrofolate)	619,301,4
C00440 (5-Methyltetrahydrofolate)	619,436,4
C00664 (5-Formiminotetrahydrofolate)	486,444,4
C00234 (10-Formyltetrahydrofolate)	359,301,4
C00445 (5,10-Methenyltetrahydrofolate)	489,301,4
C00101 (Tetrahydrofolate)	204,301,4
14317 (Ftcd)	310,445,356,462
14450 (Gart)	310,402,356,419
14317 (Ftcd)	464,369,510,386
17768 (Mthfd2)	531,344,577,361
665563 (Mthfd2l)	531,344,577,361
13361 (Dhfr)	135,289,181,306
13361 (Dhfr)	98,257,144,274
14317 (Ftcd)	314,205,360,222
17769 (Mthfr)	621,372,667,389
108156 (Mthfd1)	401,293,447,310
17768 (Mthfd2)	401,293,447,310
665563 (Mthfd2l)	401,293,447,310
108156 (Mthfd1)	531,293,577,310
100039707 (Mthfsl)	511,230,557,247
107885 (Mthfs)	511,230,557,247
434437 (Amt)	467,251,513,268
69606 (Mtfmt)	261,384,307,401
107747 (Aldh1l1)	261,364,307,381
216188 (Aldh1l2)	261,364,307,381
108156 (Mthfd1)	260,293,306,310
270685 (Mthfd1l)	260,293,306,310
14450 (Gart)	260,249,306,266
108147 (Atic)	260,229,306,246
22171 (Tyms)	374,511,420,528
238505 (Mtr)	374,468,420,485
108037 (Shmt2)	375,182,421,199
20425 (Shmt1)	375,182,421,199
434437 (Amt)	375,118,421,135
13361 (Dhfr)	129,234,175,251
mmu00670: One carbon pool by folate	40,45,285,70
mmu00790: Folate biosynthesis	36,146,116,180
