C01330 (Sodium cation)	109,417,4
C00698 (Cl-)	109,395,4
C00238 (Potassium cation)	109,375,4
C01330 (Sodium cation)	162,696,4
C01245 (D-myo-Inositol 1,4,5-trisphosphate)	418,364,4
C00076 (Calcium cation)	415,482,4
C00076 (Calcium cation)	249,530,4
C00165 (Diacylglycerol)	400,253,4
C01996 (Acetylcholine)	131,291,4
C00238 (Potassium cation)	262,463,4
C00238 (Potassium cation)	263,500,4
C01330 (Sodium cation)	262,435,4
C00238 (Potassium cation)	147,426,4
C01330 (Sodium cation)	145,897,4
C00080 (H+)	258,905,4
C00698 (Cl-)	768,864,4
C00288 (HCO3-)	659,872,4
C01353 (Carbonic acid)	417,928,4
C00001 (H2O)	439,965,4
C00011 (CO2)	395,965,4
C00238 (Potassium cation)	145,934,4
C01330 (Sodium cation)	258,942,4
C01330 (Sodium cation)	154,560,4
C00080 (H+)	263,569,4
C00288 (HCO3-)	263,600,4
C00698 (Cl-)	154,590,4
C01330 (Sodium cation)	272,90,4
C00698 (Cl-)	646,520,4
C00238 (Potassium cation)	254,837,4
C00698 (Cl-)	652,835,4
C00575 (3',5'-Cyclic AMP)	451,787,4
C00001 (H2O)	365,568,4
C00011 (CO2)	365,603,4
C13050 (Cyclic ADP-ribose)	445,534,4
C13051 (Nicotinic acid adenine dinucleotide phosphate)	457,630,4
C00011 (CO2)	153,642,4
C00076 (Calcium cation)	457,599,4
C00011 (CO2)	150,963,4
C01330 (Sodium cation)	145,862,4
C00288 (HCO3-)	145,872,4
C00001 (H2O)	162,708,4
C00001 (H2O)	268,102,4
C00076 (Calcium cation)	650,542,4
C00076 (Calcium cation)	147,370,4
12425 (Cckar)	176,324,222,341
12671 (Chrm3)	176,283,222,300
20496 (Slc12a2)	176,390,222,407
14682 (Gnaq)	271,284,317,301
18795 (Plcb1)	344,283,390,300
18796 (Plcb2)	344,283,390,300
18797 (Plcb3)	344,283,390,300
18798 (Plcb4)	344,283,390,300
16438 (Itpr1)	502,466,548,483
16439 (Itpr2)	502,466,548,483
16440 (Itpr3)	502,466,548,483
11941 (Atp2b2)	176,522,222,539
320707 (Atp2b3)	176,522,222,539
381290 (Atp2b4)	176,522,222,539
67972 (Atp2b1)	176,522,222,539
18750 (Prkca)	456,248,502,265
18751 (Prkcb)	456,248,502,265
18752 (Prkcg)	456,248,502,265
16535 (Kcnq1)	176,454,222,471
16531 (Kcnma1)	176,491,222,508
11928 (Atp1a1)	176,421,222,438
11931 (Atp1b1)	176,421,222,438
11932 (Atp1b2)	176,421,222,438
11933 (Atp1b3)	176,421,222,438
11936 (Fxyd2)	176,421,222,438
232975 (Atp1a3)	176,421,222,438
27222 (Atp1a4)	176,421,222,438
67821 (Atp1b4)	176,421,222,438
98660 (Atp1a2)	176,421,222,438
20544 (Slc9a1)	176,892,222,909
13487 (Slc26a3)	679,859,725,876
11928 (Atp1a1)	176,929,222,946
11931 (Atp1b1)	176,929,222,946
11932 (Atp1b2)	176,929,222,946
11933 (Atp1b3)	176,929,222,946
11936 (Fxyd2)	176,929,222,946
232975 (Atp1a3)	176,929,222,946
27222 (Atp1a4)	176,929,222,946
67821 (Atp1b4)	176,929,222,946
98660 (Atp1a2)	176,929,222,946
16531 (Kcnma1)	176,828,222,845
12638 (Cftr)	679,827,725,844
319229 (Sctr)	176,779,222,796
20544 (Slc9a1)	176,557,222,574
20535 (Slc4a2)	176,588,222,605
12722 (Clca3a1)	675,513,721,530
229927 (Clca3b)	675,513,721,530
229933 (Clca2)	675,513,721,530
23844 (Clca1)	675,513,721,530
80797 (Clca3a2)	675,513,721,530
99663 (Clca4a)	675,513,721,530
99709 (Clca4b)	675,513,721,530
12349 (Car2)	425,940,471,957
20191 (Ryr2)	502,492,548,509
233979 (Tpcn2)	502,591,548,608
100043684 (Amy2a4)	742,359,788,376
100043686 (Amy2a3)	742,359,788,376
100043688 (Amy2a2)	742,359,788,376
109959 (Amy2a5)	742,359,788,376
11722 (Amy1)	742,359,788,376
54403 (Slc4a4)	176,858,222,875
100040233 (Gm10334)	742,394,788,411
103964 (Try5)	742,394,788,411
22072 (Prss2)	742,394,788,411
22074 (Try4)	742,394,788,411
436522 (Try10)	742,394,788,411
67373 (2210010C04Rik)	742,394,788,411
73626 (1810009J06Rik)	742,394,788,411
109697 (Cpa1)	742,460,788,477
12873 (Cpa3)	742,460,788,477
232680 (Cpa2)	742,460,788,477
56373 (Cpb2)	795,460,841,477
76703 (Cpb1)	795,460,841,477
13706 (Cela2a)	742,438,788,455
67868 (Cela3b)	742,438,788,455
18946 (Pnliprp1)	868,438,914,455
18947 (Pnliprp2)	921,438,967,455
12613 (Cel)	868,460,914,477
18778 (Pla2g1b)	921,460,967,477
18780 (Pla2g2a)	921,460,967,477
18781 (Pla2g2c)	921,460,967,477
18782 (Pla2g2d)	921,460,967,477
18784 (Pla2g5)	921,460,967,477
237625 (Pla2g3)	921,460,967,477
26565 (Pla2g10)	921,460,967,477
26970 (Pla2g2e)	921,460,967,477
26971 (Pla2g2f)	921,460,967,477
66350 (Pla2g12a)	921,460,967,477
69836 (Pla2g12b)	921,460,967,477
69060 (Pnlip)	868,416,914,433
11937 (Atp2a1)	585,534,631,551
11938 (Atp2a2)	585,534,631,551
53313 (Atp2a3)	585,534,631,551
22063 (Trpc1)	176,361,222,378
66473 (Ctrb1)	742,416,788,433
12182 (Bst1)	370,538,416,555
12494 (Cd38)	370,538,416,555
14683 (Gnas)	257,779,303,796
104110 (Adcy4)	338,779,384,796
104111 (Adcy3)	338,779,384,796
11512 (Adcy6)	338,779,384,796
11513 (Adcy7)	338,779,384,796
11514 (Adcy8)	338,779,384,796
11515 (Adcy9)	338,779,384,796
210044 (Adcy2)	338,779,384,796
224129 (Adcy5)	338,779,384,796
432530 (Adcy1)	338,779,384,796
109660 (Ctrl)	795,416,841,433
17274 (Rab8a)	540,278,586,295
19340 (Rab3d)	540,278,586,295
53869 (Rab11a)	540,278,586,295
80718 (Rab27b)	540,278,586,295
109905 (Rap1a)	592,316,638,333
215449 (Rap1b)	592,316,638,333
11848 (Rhoa)	632,343,678,360
67653 (4930544G11Rik)	632,343,678,360
19353 (Rac1)	632,364,678,381
20287 (Sct)	103,779,149,796
12424 (Cck)	103,324,149,341
mmu04972: Pancreatic secretion	40,45,241,70
mmu04530: Tight junction	612,139,727,164
mmu04020: Calcium signaling pathway	321,392,428,426
mmu04973: Carbohydrate digestion and absorption	732,936,858,970
mmu04974: Protein digestion and absorption	871,936,997,970
mmu04975: Fat digestion and absorption	732,978,858,1012
mmu04977: Vitamin digestion and absorption	871,978,997,1012
