C00001 (H2O)	144,940,4
C01330 (Sodium cation)	112,651,4
C00698 (Cl-)	112,632,4
C00698 (Cl-)	732,692,4
C00238 (Potassium cation)	112,612,4
C01330 (Sodium cation)	143,926,4
C00575 (3',5'-Cyclic AMP)	309,419,4
C01245 (D-myo-Inositol 1,4,5-trisphosphate)	413,531,4
C00076 (Calcium cation)	374,591,4
C00076 (Calcium cation)	231,587,4
C00165 (Diacylglycerol)	412,469,4
C00001 (H2O)	730,732,4
C00547 (L-Noradrenaline)	108,421,4
C01996 (Acetylcholine)	108,511,4
C00942 (3',5'-Cyclic GMP)	374,793,4
C00238 (Potassium cation)	243,686,4
C00076 (Calcium cation)	130,815,4
C00238 (Potassium cation)	243,711,4
C13050 (Cyclic ADP-ribose)	481,703,4
C00533 (Nitric oxide)	374,719,4
C00076 (Calcium cation)	535,575,4
C00076 (Calcium cation)	536,603,4
C01330 (Sodium cation)	240,554,4
C00238 (Potassium cation)	126,545,4
C01330 (Sodium cation)	130,779,4
C00080 (H+)	240,787,4
C00698 (Cl-)	130,743,4
C00288 (HCO3-)	240,751,4
C01353 (Carbonic acid)	294,770,4
C00001 (H2O)	333,758,4
C00011 (CO2)	334,784,4
11554 (Adrb1)	158,361,204,378
11555 (Adrb2)	158,361,204,378
11556 (Adrb3)	158,361,204,378
11548 (Adra1b)	158,465,204,482
11549 (Adra1a)	158,465,204,482
11550 (Adra1d)	158,465,204,482
12671 (Chrm3)	158,504,204,521
212989 (Best2)	654,681,700,698
20496 (Slc12a2)	158,629,204,646
14683 (Gnas)	227,384,273,401
104110 (Adcy4)	158,407,204,424
104111 (Adcy3)	158,407,204,424
11512 (Adcy6)	158,407,204,424
11513 (Adcy7)	158,407,204,424
11514 (Adcy8)	158,407,204,424
11515 (Adcy9)	158,407,204,424
210044 (Adcy2)	158,407,204,424
224129 (Adcy5)	158,407,204,424
432530 (Adcy1)	158,407,204,424
18747 (Prkaca)	459,407,505,424
18749 (Prkacb)	459,407,505,424
22318 (Vamp2)	563,374,609,391
14682 (Gnaq)	240,486,286,503
18795 (Plcb1)	320,486,366,503
18796 (Plcb2)	320,486,366,503
18797 (Plcb3)	320,486,366,503
18798 (Plcb4)	320,486,366,503
16438 (Itpr1)	466,567,512,584
16439 (Itpr2)	466,567,512,584
16440 (Itpr3)	466,567,512,584
11941 (Atp2b2)	158,579,204,596
320707 (Atp2b3)	158,579,204,596
381290 (Atp2b4)	158,579,204,596
67972 (Atp2b1)	158,579,204,596
18750 (Prkca)	458,462,504,479
18751 (Prkcb)	458,462,504,479
18752 (Prkcg)	458,462,504,479
11830 (Aqp5)	654,722,700,739
20192 (Ryr3)	466,593,512,610
12313 (Calm1)	351,633,397,650
12314 (Calm2)	351,633,397,650
12315 (Calm3)	351,633,397,650
494124 (Calm5)	351,633,397,650
70405 (Calml3)	351,633,397,650
75600 (Calml4)	351,633,397,650
80796 (Calm4)	351,633,397,650
18125 (Nos1)	351,672,397,689
234889 (Gucy1a2)	351,747,397,764
239134 (Gucy1b2)	351,747,397,764
54195 (Gucy1b3)	351,747,397,764
60596 (Gucy1a3)	351,747,397,764
19091 (Prkg1)	406,809,452,826
19092 (Prkg2)	406,809,452,826
12182 (Bst1)	458,747,504,764
12494 (Cd38)	458,747,504,764
16534 (Kcnn4)	158,677,204,694
64177 (Trpv6)	158,807,204,824
74180 (Muc5b)	713,416,759,433
16531 (Kcnma1)	158,704,204,721
381833 (Prb1)	768,441,814,458
13010 (Cst3)	713,466,759,483
12945 (Dmbt1)	823,441,869,458
71395 (5430419D17Rik)	823,441,869,458
11928 (Atp1a1)	158,540,204,557
11931 (Atp1b1)	158,540,204,557
11932 (Atp1b2)	158,540,204,557
11933 (Atp1b3)	158,540,204,557
11936 (Fxyd2)	158,540,204,557
232975 (Atp1a3)	158,540,204,557
27222 (Atp1a4)	158,540,204,557
67821 (Atp1b4)	158,540,204,557
98660 (Atp1a2)	158,540,204,557
11830 (Aqp5)	570,755,616,772
20535 (Slc4a2)	158,739,204,756
20544 (Slc9a1)	158,774,204,791
17105 (Lyz2)	713,491,759,508
17110 (Lyz1)	713,491,759,508
76113 (Lpo)	768,491,814,508
12796 (Camp)	823,491,869,508
mmu04970: Salivary secretion	40,45,232,70
mmu04530: Tight junction	545,174,660,199
mmu04020: Calcium signaling pathway	271,530,378,564
mmu04973: Carbohydrate digestion and absorption	771,721,903,755
