C00031 (D-Glucose)	91,856,4
C05981 (Phosphatidylinositol-3,4,5-trisphosphate)	394,1042,4
C00008 (ADP)	377,356,4
C00020 (AMP)	341,357,4
C00003 (NAD+)	596,530,4
C00076 (Calcium cation)	229,582,4
C00024 (Acetyl-CoA)	652,901,4
C00083 (Malonyl-CoA)	787,902,4
C00040 (Acyl-CoA)	787,951,4
C00085 (D-Fructose 6-phosphate)	463,177,4
C00665 (beta-D-Fructose 2,6-bisphosphate)	602,177,4
C00354 (D-Fructose 1,6-bisphosphate)	677,124,4
C00022 (Pyruvate)	846,126,4
C00668 (alpha-D-Glucose 6-phosphate)	403,177,4
C01172 (beta-D-Glucose 6-phosphate)	403,177,4
C00031 (D-Glucose)	287,177,4
C00024 (Acetyl-CoA)	805,873,4
C00083 (Malonyl-CoA)	919,877,4
C00162 (Fatty acid)	91,947,4
C00698 (Cl-)	103,694,4
C07151 (Metformin)	73,149,4
D08351 (Phenformin (BAN))	73,168,4
C00389 (Quercetin)	73,187,4
C00757 (Berberine)	73,206,4
C09731 (Epigallocatechin 3-gallate)	73,225,4
C04677 (1-(5'-Phosphoribosyl)-5-amino-4-imidazolecarboxamide)	73,244,4
105787 (Prkaa1)	424,574,470,591
108079 (Prkaa2)	424,574,470,591
108097 (Prkab2)	424,574,470,591
108099 (Prkag2)	424,574,470,591
19079 (Prkab1)	424,574,470,591
19082 (Prkag1)	424,574,470,591
241113 (Prkag3)	424,574,470,591
16333 (Ins1)	69,1034,115,1051
16334 (Ins2)	69,1034,115,1051
16337 (Insr)	139,1034,185,1051
11651 (Akt1)	518,1034,564,1051
11652 (Akt2)	518,1034,564,1051
23797 (Akt3)	518,1034,564,1051
18706 (Pik3ca)	306,1034,352,1051
18707 (Pik3cd)	306,1034,352,1051
18708 (Pik3r1)	306,1034,352,1051
18709 (Pik3r2)	306,1034,352,1051
18710 (Pik3r3)	306,1034,352,1051
74769 (Pik3cb)	306,1034,352,1051
18607 (Pdpk1)	432,1034,478,1051
16367 (Irs1)	226,1034,272,1051
16369 (Irs3)	226,1034,272,1051
16370 (Irs4)	226,1034,272,1051
384783 (Irs2)	226,1034,272,1051
16000 (Igf1)	69,990,115,1007
16001 (Igf1r)	139,990,185,1007
56458 (Foxo1)	634,472,680,489
56484 (Foxo3)	634,472,680,489
20528 (Slc2a4)	139,849,185,866
20869 (Stk11)	332,454,378,471
56458 (Foxo1)	634,561,680,578
56484 (Foxo3)	634,561,680,578
93759 (Sirt1)	680,523,726,540
19017 (Ppargc1a)	719,576,765,593
19017 (Ppargc1a)	719,481,765,498
68465 (Adipor2)	139,573,185,590
72674 (Adipor1)	139,573,185,590
207565 (Camkk2)	284,573,330,590
107476 (Acaca)	694,871,740,888
12894 (Cpt1a)	835,943,881,960
12895 (Cpt1b)	835,943,881,960
78070 (Cpt1c)	835,943,881,960
170768 (Pfkfb3)	509,182,555,199
18639 (Pfkfb1)	509,182,555,199
18640 (Pfkfb2)	509,182,555,199
270198 (Pfkfb4)	509,182,555,199
18641 (Pfkl)	601,133,647,150
18642 (Pfkm)	601,133,647,150
56421 (Pfkp)	601,133,647,150
14120 (Fbp2)	528,92,574,109
14121 (Fbp1)	528,92,574,109
20528 (Slc2a4)	267,752,313,769
22084 (Tsc2)	599,1025,645,1042
56717 (Mtor)	782,1034,828,1051
67605 (Akt1s1)	782,1034,828,1051
74370 (Rptor)	782,1034,828,1051
11450 (Adipoq)	63,536,109,553
14936 (Gys1)	618,624,664,641
232493 (Gys2)	618,624,664,641
15378 (Hnf4a)	631,262,677,279
18534 (Pck1)	796,274,842,291
74551 (Pck2)	796,274,842,291
14377 (G6pc)	796,251,842,268
14378 (G6pc2)	796,251,842,268
68401 (G6pc3)	796,251,842,268
20528 (Slc2a4)	837,481,883,498
20787 (Srebf1)	618,758,664,775
14104 (Fasn)	831,738,877,755
107476 (Acaca)	831,760,877,777
20249 (Scd1)	831,782,877,799
20250 (Scd2)	831,782,877,799
30049 (Scd3)	831,782,877,799
329065 (Scd4)	831,782,877,799
13631 (Eef2k)	645,434,691,451
13629 (Eef2)	740,434,786,451
58988 (Rps6kb2)	865,997,911,1014
72508 (Rps6kb1)	865,997,911,1014
13685 (Eif4ebp1)	865,1022,911,1039
19016 (Pparg)	865,1047,911,1064
100705 (Acacb)	835,850,881,867
74343 (Crtc2)	631,321,677,338
19017 (Ppargc1a)	798,322,844,339
57915 (Tbc1d1)	360,658,406,675
227154 (Stradb)	378,454,424,471
72149 (Strada)	378,454,424,471
12283 (Cab39)	365,437,411,454
69008 (Cab39l)	365,437,411,454
100039815 (Gm2436)	431,654,477,671
100039830 (Gm2446)	431,654,477,671
19052 (Ppp2ca)	431,654,477,671
19053 (Ppp2cb)	431,654,477,671
19054 (Ppp2r3d)	431,654,477,671
21770 (Ppp2r5d)	431,654,477,671
225849 (Ppp2r5b)	431,654,477,671
226849 (Ppp2r5a)	431,654,477,671
235542 (Ppp2r3a)	431,654,477,671
26931 (Ppp2r5c)	431,654,477,671
26932 (Ppp2r5e)	431,654,477,671
269643 (Ppp2r2c)	431,654,477,671
51792 (Ppp2r1a)	431,654,477,671
52432 (Ppp2r2d)	431,654,477,671
59032 (Ppp2r3c)	431,654,477,671
71978 (Ppp2r2a)	431,654,477,671
72930 (Ppp2r2b)	431,654,477,671
73699 (Ppp2r1b)	431,654,477,671
15568 (Elavl1)	645,372,691,389
12443 (Ccnd1)	765,357,811,374
12427 (Ccna1)	765,387,811,404
12428 (Ccna2)	765,387,811,404
14377 (G6pc)	325,181,371,198
14378 (G6pc2)	325,181,371,198
68401 (G6pc3)	325,181,371,198
18534 (Pck1)	767,71,813,88
74551 (Pck2)	767,71,813,88
16890 (Lipe)	618,671,664,688
15357 (Hmgcr)	618,712,664,729
11549 (Adra1a)	139,495,185,512
16847 (Lepr)	139,408,185,425
207565 (Camkk2)	284,490,330,507
16846 (Lep)	63,302,109,319
12491 (Cd36)	139,939,185,956
12638 (Cftr)	139,686,185,703
17274 (Rab8a)	324,713,370,730
19325 (Rab10)	324,713,370,730
19326 (Rab11b)	324,713,370,730
59021 (Rab2a)	324,713,370,730
68365 (Rab14)	324,713,370,730
19744 (Rheb)	688,1034,734,1051
64930 (Tsc1)	599,1041,645,1058
56690 (Mlycd)	696,921,742,938
26409 (Map3k7)	438,397,484,414
12912 (Creb1)	655,292,701,309
12913 (Creb3)	655,292,701,309
208647 (Creb3l2)	655,292,701,309
208677 (Creb3l3)	655,292,701,309
231991 (Creb5)	655,292,701,309
26427 (Creb3l1)	655,292,701,309
78284 (Creb3l4)	655,292,701,309
22241 (Ulk1)	865,1072,911,1089
mmu04152: AMPK signaling pathway	40,45,279,70
mmu00010: Glycolysis / Gluconeogenesis	710,147,805,181
mmu04151: PI3K-Akt signaling pathway	348,987,460,1021
mmu04110: Cell cycle	875,393,967,418
mmu04910: Insulin signaling pathway	226,987,338,1021
mmu04150: mTOR signaling pathway	684,1059,779,1093
mmu00500: Starch and sucrose metabolism	832,614,954,648
mmu01040: Biosynthesis of unsaturated fatty acids	895,773,1017,807
mmu00061: Fatty acid biosynthesis	894,730,1016,764
mmu04920: Adipocytokine signaling pathway	195,609,307,643
mmu04140: Autophagy - animal	1010,1063,1132,1097
