C00942 (3',5'-Cyclic GMP)	361,724,4
C00076 (Calcium cation)	548,191,4
C00238 (Potassium cation)	187,252,4
C01245 (D-myo-Inositol 1,4,5-trisphosphate)	513,161,4
C00076 (Calcium cation)	186,366,4
C00575 (3',5'-Cyclic AMP)	358,648,4
C00020 (AMP)	548,650,4
C00076 (Calcium cation)	186,388,4
C00076 (Calcium cation)	386,386,4
C00165 (Diacylglycerol)	520,322,4
C00187 (Cholesterol)	760,482,4
C01953 (Pregnenolone)	921,579,4
C00410 (Progesterone)	921,666,4
C03205 (11-Deoxycorticosterone)	921,736,4
C01780 (Aldosterone)	721,817,4
C00076 (Calcium cation)	186,435,4
C00004 (NADH)	649,617,4
C00003 (NAD+)	695,617,4
C00005 (NADPH)	695,654,4
C00006 (NADP+)	649,651,4
C00219 (Arachidonate)	622,322,4
C14777 (12(S)-HETE)	693,322,4
C14822 (12(R)-HETE)	693,322,4
C01124 (18-Hydroxycorticosterone)	781,817,4
C02140 (Corticosterone)	842,817,4
C00238 (Potassium cation)	187,284,4
C00238 (Potassium cation)	187,314,4
C01330 (Sodium cation)	294,322,4
C00076 (Calcium cation)	298,465,4
16438 (Itpr1)	578,184,624,201
16439 (Itpr2)	578,184,624,201
16440 (Itpr3)	578,184,624,201
16527 (Kcnk3)	221,243,267,260
223604 (Kcnk9)	221,243,267,260
18795 (Plcb1)	397,152,443,169
18796 (Plcb2)	397,152,443,169
18797 (Plcb3)	397,152,443,169
18798 (Plcb4)	397,152,443,169
12288 (Cacna1c)	221,381,267,398
12289 (Cacna1d)	221,381,267,398
12292 (Cacna1s)	221,381,267,398
54652 (Cacna1f)	221,381,267,398
14672 (Gna11)	307,152,353,169
14682 (Gnaq)	307,152,353,169
12291 (Cacna1g)	221,357,267,374
239556 (Cacna1i)	221,357,267,374
58226 (Cacna1h)	221,357,267,374
11909 (Atf2)	777,326,823,343
11911 (Atf4)	777,326,823,343
12912 (Creb1)	777,326,823,343
12913 (Creb3)	777,326,823,343
12915 (Atf6b)	777,326,823,343
208647 (Creb3l2)	777,326,823,343
208677 (Creb3l3)	777,326,823,343
231991 (Creb5)	777,326,823,343
26427 (Creb3l1)	777,326,823,343
78284 (Creb3l4)	777,326,823,343
104110 (Adcy4)	221,638,267,655
104111 (Adcy3)	221,638,267,655
11512 (Adcy6)	221,638,267,655
11513 (Adcy7)	221,638,267,655
11514 (Adcy8)	221,638,267,655
11515 (Adcy9)	221,638,267,655
210044 (Adcy2)	221,638,267,655
224129 (Adcy5)	221,638,267,655
432530 (Adcy1)	221,638,267,655
207728 (Pde2a)	411,653,457,670
12313 (Calm1)	576,378,622,395
12314 (Calm2)	576,378,622,395
12315 (Calm3)	576,378,622,395
494124 (Calm5)	576,378,622,395
70405 (Calml3)	576,378,622,395
75600 (Calml4)	576,378,622,395
80796 (Calm4)	576,378,622,395
11607 (Agtr1a)	221,152,267,169
11608 (Agtr1b)	221,152,267,169
17200 (Mc2r)	221,570,267,587
14683 (Gnas)	318,570,364,587
18750 (Prkca)	571,259,617,276
18751 (Prkcb)	571,259,617,276
18752 (Prkcg)	571,259,617,276
18754 (Prkce)	571,259,617,276
101540 (Prkd2)	667,259,713,276
18760 (Prkd1)	667,259,713,276
75292 (Prkd3)	667,259,713,276
108058 (Camk2d)	662,378,708,395
12322 (Camk2a)	662,378,708,395
12323 (Camk2b)	662,378,708,395
12325 (Camk2g)	662,378,708,395
12326 (Camk4)	662,378,708,395
215303 (Camk1g)	662,378,708,395
52163 (Camk1)	662,378,708,395
18227 (Nr4a2)	776,409,822,426
15370 (Nr4a1)	776,432,822,449
110115 (Cyp11b1)	973,321,1019,338
20845 (Star)	973,343,1019,360
18160 (Npr1)	221,715,267,732
20845 (Star)	737,549,783,566
100043456 (Gm10681)	925,608,971,625
15492 (Hsd3b1)	925,608,971,625
15493 (Hsd3b2)	925,608,971,625
15495 (Hsd3b4)	925,608,971,625
15496 (Hsd3b5)	925,608,971,625
15497 (Hsd3b6)	925,608,971,625
110115 (Cyp11b1)	779,779,825,796
18747 (Prkaca)	461,547,507,564
18749 (Prkacb)	461,547,507,564
109305 (Orai1)	221,426,267,443
231871 (Daglb)	551,329,597,346
269060 (Dagla)	551,329,597,346
16835 (Ldlr)	221,496,267,513
20778 (Scarb1)	221,530,267,547
16890 (Lipe)	554,443,600,460
11908 (Atf1)	777,343,823,360
18227 (Nr4a2)	973,371,1019,388
15370 (Nr4a1)	973,394,1019,411
13070 (Cyp11a1)	788,581,834,598
13079 (Cyp21a1)	925,692,971,709
16521 (Kcnj5)	221,275,267,292
11928 (Atp1a1)	221,310,267,327
11931 (Atp1b1)	221,310,267,327
11932 (Atp1b2)	221,310,267,327
11933 (Atp1b3)	221,310,267,327
232975 (Atp1a3)	221,310,267,327
27222 (Atp1a4)	221,310,267,327
67821 (Atp1b4)	221,310,267,327
98660 (Atp1a2)	221,310,267,327
11941 (Atp2b2)	221,456,267,473
320707 (Atp2b3)	221,456,267,473
381290 (Atp2b4)	221,456,267,473
67972 (Atp2b1)	221,456,267,473
18976 (Pomc)	124,570,170,587
11606 (Agt)	124,152,170,169
230899 (Nppa)	124,715,170,732
mmu04925: Aldosterone synthesis and secretion	40,45,383,70
mmu04020: Calcium signaling pathway	389,342,514,376
mmu04022: cGMP-PKG signaling pathway	292,752,417,786
mmu04024: cAMP signaling pathway	428,603,553,637
mmu04614: Renin-angiotensin system	92,109,217,143
mmu04960: Aldosterone-regulated sodium reabsorption	66,800,191,834
mmu00140: Steroid hormone biosynthesis	725,639,850,673
mmu00590: Arachidonic acid metabolism	604,334,729,368
