C00575 (3',5'-Cyclic AMP)	1170,564,4
C00575 (3',5'-Cyclic AMP)	403,575,4
C00334 (4-Aminobutanoate)	480,254,4
C00334 (4-Aminobutanoate)	481,642,4
C00334 (4-Aminobutanoate)	482,1025,4
D00842 (Morphine sulfate (USP))	326,428,4
D02271 (Morphine hydrochloride hydrate (JP17))	326,428,4
D08233 (Morphine (BAN))	326,428,4
D08234 (Morphine tartrate)	326,428,4
C00238 (Potassium cation)	366,355,4
C00076 (Calcium cation)	424,436,4
C00238 (Potassium cation)	376,718,4
C00076 (Calcium cation)	425,795,4
C00238 (Potassium cation)	359,1077,4
C00076 (Calcium cation)	415,1157,4
C00575 (3',5'-Cyclic AMP)	1169,902,4
C00334 (4-Aminobutanoate)	1264,1034,4
C00020 (AMP)	1346,941,4
C00212 (Adenosine)	1346,986,4
D00842 (Morphine sulfate (USP))	321,783,4
D02271 (Morphine hydrochloride hydrate (JP17))	321,783,4
D08233 (Morphine (BAN))	321,783,4
D08234 (Morphine tartrate)	321,783,4
C00575 (3',5'-Cyclic AMP)	422,952,4
C00334 (4-Aminobutanoate)	1270,657,4
C00698 (Cl-)	641,214,4
C00698 (Cl-)	642,969,4
C00698 (Cl-)	1428,604,4
C00334 (4-Aminobutanoate)	261,259,4
C00334 (4-Aminobutanoate)	262,638,4
C00334 (4-Aminobutanoate)	266,1023,4
C00334 (4-Aminobutanoate)	1051,657,4
C00334 (4-Aminobutanoate)	1050,1035,4
C03758 (Dopamine)	1321,866,4
C00238 (Potassium cation)	633,272,4
C00238 (Potassium cation)	634,1032,4
C00238 (Potassium cation)	1419,662,4
C00238 (Potassium cation)	1156,714,4
C00076 (Calcium cation)	1210,792,4
C00238 (Potassium cation)	1148,1073,4
C00076 (Calcium cation)	1200,1149,4
18390 (Oprm1)	341,105,387,122
104110 (Adcy4)	435,562,481,579
104111 (Adcy3)	435,562,481,579
11512 (Adcy6)	435,562,481,579
11513 (Adcy7)	435,562,481,579
11514 (Adcy8)	435,562,481,579
11515 (Adcy9)	435,562,481,579
210044 (Adcy2)	435,562,481,579
224129 (Adcy5)	435,562,481,579
432530 (Adcy1)	435,562,481,579
18390 (Oprm1)	342,465,388,482
104110 (Adcy4)	435,196,481,213
104111 (Adcy3)	435,196,481,213
11512 (Adcy6)	435,196,481,213
11513 (Adcy7)	435,196,481,213
11514 (Adcy8)	435,196,481,213
11515 (Adcy9)	435,196,481,213
210044 (Adcy2)	435,196,481,213
224129 (Adcy5)	435,196,481,213
432530 (Adcy1)	435,196,481,213
18390 (Oprm1)	335,821,381,838
18747 (Prkaca)	1147,605,1193,622
18749 (Prkacb)	1147,605,1193,622
104110 (Adcy4)	1214,556,1260,573
104111 (Adcy3)	1214,556,1260,573
11512 (Adcy6)	1214,556,1260,573
11513 (Adcy7)	1214,556,1260,573
11514 (Adcy8)	1214,556,1260,573
11515 (Adcy9)	1214,556,1260,573
210044 (Adcy2)	1214,556,1260,573
224129 (Adcy5)	1214,556,1260,573
432530 (Adcy1)	1214,556,1260,573
100503710 (Gm5741)	327,516,373,533
14677 (Gnai1)	327,516,373,533
14678 (Gnai2)	327,516,373,533
14679 (Gnai3)	327,516,373,533
14681 (Gnao1)	327,516,373,533
14688 (Gnb1)	327,516,373,533
14693 (Gnb2)	327,516,373,533
14695 (Gnb3)	327,516,373,533
14696 (Gnb4)	327,516,373,533
14697 (Gnb5)	327,516,373,533
14699 (Gngt1)	327,516,373,533
14700 (Gng10)	327,516,373,533
14701 (Gng12)	327,516,373,533
14702 (Gng2)	327,516,373,533
14704 (Gng3)	327,516,373,533
14706 (Gng4)	327,516,373,533
14707 (Gng5)	327,516,373,533
14708 (Gng7)	327,516,373,533
14709 (Gng8)	327,516,373,533
14710 (Gngt2)	327,516,373,533
64337 (Gng13)	327,516,373,533
66066 (Gng11)	327,516,373,533
18390 (Oprm1)	1122,821,1168,838
104110 (Adcy4)	1214,892,1260,909
104111 (Adcy3)	1214,892,1260,909
11512 (Adcy6)	1214,892,1260,909
11513 (Adcy7)	1214,892,1260,909
11514 (Adcy8)	1214,892,1260,909
11515 (Adcy9)	1214,892,1260,909
210044 (Adcy2)	1214,892,1260,909
224129 (Adcy5)	1214,892,1260,909
432530 (Adcy1)	1214,892,1260,909
110385 (Pde4c)	1287,950,1333,967
18573 (Pde1a)	1287,950,1333,967
18574 (Pde1b)	1287,950,1333,967
18575 (Pde1c)	1287,950,1333,967
18576 (Pde3b)	1287,950,1333,967
18577 (Pde4a)	1287,950,1333,967
18578 (Pde4b)	1287,950,1333,967
18583 (Pde7a)	1287,950,1333,967
18584 (Pde8a)	1287,950,1333,967
207728 (Pde2a)	1287,950,1333,967
218461 (Pde8b)	1287,950,1333,967
238871 (Pde4d)	1287,950,1333,967
23984 (Pde10a)	1287,950,1333,967
241489 (Pde11a)	1287,950,1333,967
29863 (Pde7b)	1287,950,1333,967
54611 (Pde3a)	1287,950,1333,967
11539 (Adora1)	1243,976,1289,993
110886 (Gabra5)	567,205,613,222
14394 (Gabra1)	567,205,613,222
14395 (Gabra2)	567,205,613,222
14396 (Gabra3)	567,205,613,222
14397 (Gabra4)	567,205,613,222
14399 (Gabra6)	567,205,613,222
14400 (Gabrb1)	567,205,613,222
14401 (Gabrb2)	567,205,613,222
14402 (Gabrb3)	567,205,613,222
14403 (Gabrd)	567,205,613,222
14404 (Gabre)	567,205,613,222
14405 (Gabrg1)	567,205,613,222
14406 (Gabrg2)	567,205,613,222
14407 (Gabrg3)	567,205,613,222
14408 (Gabrr1)	567,205,613,222
14409 (Gabrr2)	567,205,613,222
216643 (Gabrp)	567,205,613,222
328699 (Gabrr3)	567,205,613,222
57249 (Gabrq)	567,205,613,222
110886 (Gabra5)	566,591,612,608
14394 (Gabra1)	566,591,612,608
14395 (Gabra2)	566,591,612,608
14396 (Gabra3)	566,591,612,608
14397 (Gabra4)	566,591,612,608
14399 (Gabra6)	566,591,612,608
14400 (Gabrb1)	566,591,612,608
14401 (Gabrb2)	566,591,612,608
14402 (Gabrb3)	566,591,612,608
14403 (Gabrd)	566,591,612,608
14404 (Gabre)	566,591,612,608
14405 (Gabrg1)	566,591,612,608
14406 (Gabrg2)	566,591,612,608
14407 (Gabrg3)	566,591,612,608
14408 (Gabrr1)	566,591,612,608
14409 (Gabrr2)	566,591,612,608
216643 (Gabrp)	566,591,612,608
328699 (Gabrr3)	566,591,612,608
57249 (Gabrq)	566,591,612,608
110886 (Gabra5)	566,960,612,977
14394 (Gabra1)	566,960,612,977
14395 (Gabra2)	566,960,612,977
14396 (Gabra3)	566,960,612,977
14397 (Gabra4)	566,960,612,977
14399 (Gabra6)	566,960,612,977
14400 (Gabrb1)	566,960,612,977
14401 (Gabrb2)	566,960,612,977
14402 (Gabrb3)	566,960,612,977
14403 (Gabrd)	566,960,612,977
14404 (Gabre)	566,960,612,977
14405 (Gabrg1)	566,960,612,977
14406 (Gabrg2)	566,960,612,977
14407 (Gabrg3)	566,960,612,977
14408 (Gabrr1)	566,960,612,977
14409 (Gabrr2)	566,960,612,977
216643 (Gabrp)	566,960,612,977
328699 (Gabrr3)	566,960,612,977
57249 (Gabrq)	566,960,612,977
110886 (Gabra5)	1354,1013,1400,1030
14394 (Gabra1)	1354,1013,1400,1030
14395 (Gabra2)	1354,1013,1400,1030
14396 (Gabra3)	1354,1013,1400,1030
14397 (Gabra4)	1354,1013,1400,1030
14399 (Gabra6)	1354,1013,1400,1030
14400 (Gabrb1)	1354,1013,1400,1030
14401 (Gabrb2)	1354,1013,1400,1030
14402 (Gabrb3)	1354,1013,1400,1030
14403 (Gabrd)	1354,1013,1400,1030
14404 (Gabre)	1354,1013,1400,1030
14405 (Gabrg1)	1354,1013,1400,1030
14406 (Gabrg2)	1354,1013,1400,1030
14407 (Gabrg3)	1354,1013,1400,1030
14408 (Gabrr1)	1354,1013,1400,1030
14409 (Gabrr2)	1354,1013,1400,1030
216643 (Gabrp)	1354,1013,1400,1030
328699 (Gabrr3)	1354,1013,1400,1030
57249 (Gabrq)	1354,1013,1400,1030
16519 (Kcnj3)	343,389,389,406
16521 (Kcnj5)	343,389,389,406
16522 (Kcnj6)	343,389,389,406
16524 (Kcnj9)	343,389,389,406
12286 (Cacna1a)	402,389,448,406
12287 (Cacna1b)	402,389,448,406
16519 (Kcnj3)	350,748,396,765
16521 (Kcnj5)	350,748,396,765
16522 (Kcnj6)	350,748,396,765
16524 (Kcnj9)	350,748,396,765
12286 (Cacna1a)	403,748,449,765
12287 (Cacna1b)	403,748,449,765
16519 (Kcnj3)	333,1105,379,1122
16521 (Kcnj5)	333,1105,379,1122
16522 (Kcnj6)	333,1105,379,1122
16524 (Kcnj9)	333,1105,379,1122
12286 (Cacna1a)	391,1105,437,1122
12287 (Cacna1b)	391,1105,437,1122
18390 (Oprm1)	1126,463,1172,480
16519 (Kcnj3)	1135,747,1181,764
16521 (Kcnj5)	1135,747,1181,764
16522 (Kcnj6)	1135,747,1181,764
16524 (Kcnj9)	1135,747,1181,764
12286 (Cacna1a)	1187,747,1233,764
12287 (Cacna1b)	1187,747,1233,764
16519 (Kcnj3)	1123,1103,1169,1120
16521 (Kcnj5)	1123,1103,1169,1120
16522 (Kcnj6)	1123,1103,1169,1120
16524 (Kcnj9)	1123,1103,1169,1120
12286 (Cacna1a)	1178,1103,1224,1120
12287 (Cacna1b)	1178,1103,1224,1120
14683 (Gnas)	395,515,441,532
100503710 (Gm5741)	343,872,389,889
14677 (Gnai1)	343,872,389,889
14678 (Gnai2)	343,872,389,889
14679 (Gnai3)	343,872,389,889
14681 (Gnao1)	343,872,389,889
14688 (Gnb1)	343,872,389,889
14693 (Gnb2)	343,872,389,889
14695 (Gnb3)	343,872,389,889
14696 (Gnb4)	343,872,389,889
14697 (Gnb5)	343,872,389,889
14699 (Gngt1)	343,872,389,889
14700 (Gng10)	343,872,389,889
14701 (Gng12)	343,872,389,889
14702 (Gng2)	343,872,389,889
14704 (Gng3)	343,872,389,889
14706 (Gng4)	343,872,389,889
14707 (Gng5)	343,872,389,889
14708 (Gng7)	343,872,389,889
14709 (Gng8)	343,872,389,889
14710 (Gngt2)	343,872,389,889
64337 (Gng13)	343,872,389,889
66066 (Gng11)	343,872,389,889
14683 (Gnas)	403,871,449,888
18747 (Prkaca)	365,974,411,991
18749 (Prkacb)	365,974,411,991
104110 (Adcy4)	430,917,476,934
104111 (Adcy3)	430,917,476,934
11512 (Adcy6)	430,917,476,934
11513 (Adcy7)	430,917,476,934
11514 (Adcy8)	430,917,476,934
11515 (Adcy9)	430,917,476,934
210044 (Adcy2)	430,917,476,934
224129 (Adcy5)	430,917,476,934
432530 (Adcy1)	430,917,476,934
18750 (Prkca)	362,933,408,950
18751 (Prkcb)	362,933,408,950
18752 (Prkcg)	362,933,408,950
110886 (Gabra5)	1354,595,1400,612
14394 (Gabra1)	1354,595,1400,612
14395 (Gabra2)	1354,595,1400,612
14396 (Gabra3)	1354,595,1400,612
14397 (Gabra4)	1354,595,1400,612
14399 (Gabra6)	1354,595,1400,612
14400 (Gabrb1)	1354,595,1400,612
14401 (Gabrb2)	1354,595,1400,612
14402 (Gabrb3)	1354,595,1400,612
14403 (Gabrd)	1354,595,1400,612
14404 (Gabre)	1354,595,1400,612
14405 (Gabrg1)	1354,595,1400,612
14406 (Gabrg2)	1354,595,1400,612
14407 (Gabrg3)	1354,595,1400,612
14408 (Gabrr1)	1354,595,1400,612
14409 (Gabrr2)	1354,595,1400,612
216643 (Gabrp)	1354,595,1400,612
328699 (Gabrr3)	1354,595,1400,612
57249 (Gabrq)	1354,595,1400,612
22348 (Slc32a1)	278,252,324,269
22348 (Slc32a1)	280,630,326,647
22348 (Slc32a1)	282,1013,328,1030
22348 (Slc32a1)	1065,650,1111,667
22348 (Slc32a1)	1068,1028,1114,1045
13488 (Drd1)	458,155,504,172
13488 (Drd1)	458,516,504,533
13488 (Drd1)	458,874,504,891
13488 (Drd1)	1243,504,1289,521
13488 (Drd1)	1243,857,1289,874
14683 (Gnas)	1164,857,1210,874
242425 (Gabbr2)	567,306,613,323
54393 (Gabbr1)	567,306,613,323
100503710 (Gm5741)	640,286,686,303
14677 (Gnai1)	640,286,686,303
14678 (Gnai2)	640,286,686,303
14679 (Gnai3)	640,286,686,303
14681 (Gnao1)	640,286,686,303
14688 (Gnb1)	640,286,686,303
14693 (Gnb2)	640,286,686,303
14695 (Gnb3)	640,286,686,303
14696 (Gnb4)	640,286,686,303
14697 (Gnb5)	640,286,686,303
14699 (Gngt1)	640,286,686,303
14700 (Gng10)	640,286,686,303
14701 (Gng12)	640,286,686,303
14702 (Gng2)	640,286,686,303
14704 (Gng3)	640,286,686,303
14706 (Gng4)	640,286,686,303
14707 (Gng5)	640,286,686,303
14708 (Gng7)	640,286,686,303
14709 (Gng8)	640,286,686,303
14710 (Gngt2)	640,286,686,303
64337 (Gng13)	640,286,686,303
66066 (Gng11)	640,286,686,303
16522 (Kcnj6)	566,264,612,281
242425 (Gabbr2)	566,682,612,699
54393 (Gabbr1)	566,682,612,699
100503710 (Gm5741)	635,661,681,678
14677 (Gnai1)	635,661,681,678
14678 (Gnai2)	635,661,681,678
14679 (Gnai3)	635,661,681,678
14681 (Gnao1)	635,661,681,678
14688 (Gnb1)	635,661,681,678
14693 (Gnb2)	635,661,681,678
14695 (Gnb3)	635,661,681,678
14696 (Gnb4)	635,661,681,678
14697 (Gnb5)	635,661,681,678
14699 (Gngt1)	635,661,681,678
14700 (Gng10)	635,661,681,678
14701 (Gng12)	635,661,681,678
14702 (Gng2)	635,661,681,678
14704 (Gng3)	635,661,681,678
14706 (Gng4)	635,661,681,678
14707 (Gng5)	635,661,681,678
14708 (Gng7)	635,661,681,678
14709 (Gng8)	635,661,681,678
14710 (Gngt2)	635,661,681,678
64337 (Gng13)	635,661,681,678
66066 (Gng11)	635,661,681,678
16522 (Kcnj6)	566,639,612,656
16522 (Kcnj6)	1354,654,1400,671
100503710 (Gm5741)	1429,677,1475,694
14677 (Gnai1)	1429,677,1475,694
14678 (Gnai2)	1429,677,1475,694
14679 (Gnai3)	1429,677,1475,694
14681 (Gnao1)	1429,677,1475,694
14688 (Gnb1)	1429,677,1475,694
14693 (Gnb2)	1429,677,1475,694
14695 (Gnb3)	1429,677,1475,694
14696 (Gnb4)	1429,677,1475,694
14697 (Gnb5)	1429,677,1475,694
14699 (Gngt1)	1429,677,1475,694
14700 (Gng10)	1429,677,1475,694
14701 (Gng12)	1429,677,1475,694
14702 (Gng2)	1429,677,1475,694
14704 (Gng3)	1429,677,1475,694
14706 (Gng4)	1429,677,1475,694
14707 (Gng5)	1429,677,1475,694
14708 (Gng7)	1429,677,1475,694
14709 (Gng8)	1429,677,1475,694
14710 (Gngt2)	1429,677,1475,694
64337 (Gng13)	1429,677,1475,694
66066 (Gng11)	1429,677,1475,694
242425 (Gabbr2)	1354,697,1400,714
54393 (Gabbr1)	1354,697,1400,714
16522 (Kcnj6)	1354,1051,1400,1068
100503710 (Gm5741)	1417,1066,1463,1083
14677 (Gnai1)	1417,1066,1463,1083
14678 (Gnai2)	1417,1066,1463,1083
14679 (Gnai3)	1417,1066,1463,1083
14681 (Gnao1)	1417,1066,1463,1083
14688 (Gnb1)	1417,1066,1463,1083
14693 (Gnb2)	1417,1066,1463,1083
14695 (Gnb3)	1417,1066,1463,1083
14696 (Gnb4)	1417,1066,1463,1083
14697 (Gnb5)	1417,1066,1463,1083
14699 (Gngt1)	1417,1066,1463,1083
14700 (Gng10)	1417,1066,1463,1083
14701 (Gng12)	1417,1066,1463,1083
14702 (Gng2)	1417,1066,1463,1083
14704 (Gng3)	1417,1066,1463,1083
14706 (Gng4)	1417,1066,1463,1083
14707 (Gng5)	1417,1066,1463,1083
14708 (Gng7)	1417,1066,1463,1083
14709 (Gng8)	1417,1066,1463,1083
14710 (Gngt2)	1417,1066,1463,1083
64337 (Gng13)	1417,1066,1463,1083
66066 (Gng11)	1417,1066,1463,1083
242425 (Gabbr2)	1354,1086,1400,1103
54393 (Gabbr1)	1354,1086,1400,1103
16522 (Kcnj6)	566,1024,612,1041
100503710 (Gm5741)	641,1050,687,1067
14677 (Gnai1)	641,1050,687,1067
14678 (Gnai2)	641,1050,687,1067
14679 (Gnai3)	641,1050,687,1067
14681 (Gnao1)	641,1050,687,1067
14688 (Gnb1)	641,1050,687,1067
14693 (Gnb2)	641,1050,687,1067
14695 (Gnb3)	641,1050,687,1067
14696 (Gnb4)	641,1050,687,1067
14697 (Gnb5)	641,1050,687,1067
14699 (Gngt1)	641,1050,687,1067
14700 (Gng10)	641,1050,687,1067
14701 (Gng12)	641,1050,687,1067
14702 (Gng2)	641,1050,687,1067
14704 (Gng3)	641,1050,687,1067
14706 (Gng4)	641,1050,687,1067
14707 (Gng5)	641,1050,687,1067
14708 (Gng7)	641,1050,687,1067
14709 (Gng8)	641,1050,687,1067
14710 (Gngt2)	641,1050,687,1067
64337 (Gng13)	641,1050,687,1067
66066 (Gng11)	641,1050,687,1067
242425 (Gabbr2)	566,1067,612,1084
54393 (Gabbr1)	566,1067,612,1084
110355 (Grk2)	268,888,314,905
14772 (Grk4)	268,888,314,905
14773 (Grk5)	268,888,314,905
26385 (Grk6)	268,888,314,905
320129 (Grk3)	268,888,314,905
109689 (Arrb1)	242,915,288,932
216869 (Arrb2)	242,915,288,932
11539 (Adora1)	458,1065,504,1082
11539 (Adora1)	1243,600,1289,617
11539 (Adora1)	458,688,504,705
11539 (Adora1)	458,318,504,335
mmu05032: Morphine addiction	40,45,234,70
mmu04727: GABAergic synapse	132,236,238,270
mmu04728: Dopaminergic synapse	738,574,844,608
mmu04727: GABAergic synapse	916,596,1022,630
mmu04728: Dopaminergic synapse	1518,981,1624,1015
