24088 (Tlr2)	203,914,249,931
18033 (Nfkb1)	203,974,249,991
19697 (Rela)	203,974,249,991
257632 (Nod2)	245,946,291,963
53791 (Tlr5)	435,252,481,269
24088 (Tlr2)	485,252,531,269
18033 (Nfkb1)	485,321,531,338
19697 (Rela)	485,321,531,338
21926 (Tnf)	550,367,596,384
83430 (Il23a)	523,1072,569,1089
21803 (Tgfb1)	523,936,569,953
21808 (Tgfb2)	523,936,569,953
21809 (Tgfb3)	523,936,569,953
16193 (Il6)	523,959,569,976
100504404 (H2-Ea-ps)	276,1017,322,1034
14960 (H2-Aa)	276,1017,322,1034
14961 (H2-Ab1)	276,1017,322,1034
14969 (H2-Eb1)	276,1017,322,1034
14998 (H2-DMa)	276,1017,322,1034
14999 (H2-DMb1)	276,1017,322,1034
15000 (H2-DMb2)	276,1017,322,1034
15001 (H2-Oa)	276,1017,322,1034
15002 (H2-Ob)	276,1017,322,1034
16159 (Il12a)	523,659,569,676
16160 (Il12b)	523,659,569,676
15978 (Ifng)	523,576,569,593
16161 (Il12rb1)	613,671,659,688
20849 (Stat4)	790,659,836,676
15979 (Ifngr1)	613,576,659,593
15980 (Ifngr2)	613,576,659,593
20846 (Stat1)	702,576,748,593
57765 (Tbx21)	861,576,907,593
15978 (Ifng)	967,752,1013,769
16189 (Il4)	523,1314,569,1331
16190 (Il4ra)	613,1303,659,1320
20852 (Stat6)	702,1315,748,1332
14462 (Gata3)	861,1315,907,1332
16189 (Il4)	1041,1303,1087,1320
18018 (Nfatc1)	861,1275,907,1292
17132 (Maf)	861,1250,907,1267
21926 (Tnf)	1309,732,1355,749
16193 (Il6)	1309,752,1355,769
16175 (Il1a)	1309,772,1355,789
16176 (Il1b)	1309,772,1355,789
16163 (Il13)	861,1488,907,1505
16153 (Il10)	861,1573,907,1590
21803 (Tgfb1)	861,1596,907,1613
21808 (Tgfb2)	861,1596,907,1613
21809 (Tgfb3)	861,1596,907,1613
16191 (Il5)	1041,1327,1087,1344
16153 (Il10)	1041,1381,1087,1398
257632 (Nod2)	1163,787,1209,804
21898 (Tlr4)	1163,728,1209,745
24088 (Tlr2)	1163,728,1209,745
53791 (Tlr5)	1163,728,1209,745
16163 (Il13)	1041,1352,1087,1369
16183 (Il2)	967,660,1013,677
209590 (Il23r)	613,1061,659,1078
16161 (Il12rb1)	613,1084,659,1101
16171 (Il17a)	1041,1062,1087,1079
257630 (Il17f)	1041,1062,1087,1079
60505 (Il21)	967,949,1013,966
50929 (Il22)	1041,1085,1087,1102
17126 (Smad2)	790,936,836,953
17127 (Smad3)	790,936,836,953
20848 (Stat3)	790,960,836,977
20848 (Stat3)	702,1074,748,1091
21803 (Tgfb1)	518,1585,564,1602
21808 (Tgfb2)	518,1585,564,1602
21809 (Tgfb3)	518,1585,564,1602
16173 (Il18)	523,746,569,763
16476 (Jun)	790,728,836,745
18033 (Nfkb1)	790,771,836,788
19697 (Rela)	790,771,836,788
16162 (Il12rb2)	613,645,659,662
16189 (Il4)	967,564,1013,581
16191 (Il5)	967,588,1013,605
16186 (Il2rg)	613,1328,659,1345
16174 (Il18rap)	613,747,659,764
16182 (Il18r1)	613,747,659,764
19885 (Rorc)	861,1060,907,1077
15978 (Ifng)	861,1362,907,1379
60504 (Il21r)	613,1012,659,1029
20848 (Stat3)	702,1013,748,1030
19883 (Rora)	861,1087,907,1104
20371 (Foxp3)	861,1015,907,1032
20371 (Foxp3)	725,1585,771,1602
21898 (Tlr4)	555,251,601,268
mmu05321: Inflammatory bowel disease (IBD)	50,55,350,80
mmu04620: Toll-like receptor signaling pathway	448,408,559,442
mmu04621: NOD-like receptor signaling pathway	272,523,377,557
mmu04612: Antigen processing and presentation	55,1057,171,1091
mmu04060: Cytokine-cytokine receptor interaction	503,518,607,552
mmu04660: T cell receptor signaling pathway	307,1081,405,1115
mmu04630: JAK-STAT signaling pathway	675,624,777,658
mmu04630: JAK-STAT signaling pathway	693,1096,795,1130
mmu04630: JAK-STAT signaling pathway	686,1264,788,1298
mmu04659: Th17 cell differentiation	505,1018,607,1052
