C05981 (Phosphatidylinositol-3,4,5-trisphosphate)	483,296,4
C01245 (D-myo-Inositol 1,4,5-trisphosphate)	574,483,4
C00165 (Diacylglycerol)	617,358,4
C00076 (Calcium cation)	719,521,4
C04637 (1-Phosphatidyl-D-myo-inositol 4,5-bisphosphate)	687,600,4
C00416 (Phosphatidate)	519,452,4
C06124 (Sphingosine 1-phosphate)	676,540,4
C00219 (Arachidonate)	1034,398,4
246256 (Fcgr4)	226,389,272,406
14130 (Fcgr2b)	226,173,272,190
14129 (Fcgr1)	226,339,272,356
15162 (Hck)	279,287,325,304
17096 (Lyn)	279,287,325,304
666513 (Gm11787)	279,287,325,304
20963 (Syk)	296,364,342,381
19264 (Ptprc)	226,215,272,232
18706 (Pik3ca)	396,287,442,304
18707 (Pik3cd)	396,287,442,304
18708 (Pik3r1)	396,287,442,304
18709 (Pik3r2)	396,287,442,304
18710 (Pik3r3)	396,287,442,304
74769 (Pik3cb)	396,287,442,304
16331 (Inpp5d)	389,173,435,190
16332 (Inppl1)	389,173,435,190
16797 (Lat)	373,234,419,251
18803 (Plcg1)	516,331,562,348
234779 (Plcg2)	516,331,562,348
18753 (Prkcd)	659,349,705,366
18754 (Prkce)	659,349,705,366
110157 (Raf1)	739,368,785,385
26395 (Map2k1)	809,368,855,385
26413 (Mapk1)	879,368,925,385
26417 (Mapk3)	879,368,925,385
18783 (Pla2g4a)	949,368,995,385
211429 (Pla2g4b)	949,368,995,385
232889 (Pla2g4c)	949,368,995,385
271844 (Pla2g4f)	949,368,995,385
329502 (Pla2g4e)	949,368,995,385
78390 (Pla2g4d)	949,368,995,385
11651 (Akt1)	588,269,634,286
11652 (Akt2)	588,269,634,286
23797 (Akt3)	588,269,634,286
58988 (Rps6kb2)	674,269,720,286
72508 (Rps6kb1)	674,269,720,286
22324 (Vav1)	478,757,524,774
22325 (Vav2)	478,757,524,774
57257 (Vav3)	478,757,524,774
19353 (Rac1)	627,757,673,774
19354 (Rac2)	627,757,673,774
242687 (Wasf2)	712,707,758,724
245880 (Wasf3)	712,707,758,724
83767 (Wasf1)	712,707,758,724
11867 (Arpc1b)	797,672,843,689
56378 (Arpc3)	797,672,843,689
56443 (Arpc1a)	797,672,843,689
67771 (Arpc5)	797,672,843,689
68089 (Arpc4)	797,672,843,689
74192 (Arpc5l)	797,672,843,689
76709 (Arpc2)	797,672,843,689
12540 (Cdc42)	627,669,673,686
22376 (Was)	712,647,758,664
94176 (Dock2)	525,820,571,837
12928 (Crk)	469,820,515,837
12929 (Crkl)	469,820,515,837
18805 (Pld1)	443,470,489,487
18806 (Pld2)	443,470,489,487
18479 (Pak1)	712,757,758,774
22323 (Vasp)	712,664,758,681
16885 (Limk1)	797,757,843,774
16886 (Limk2)	797,757,843,774
12631 (Cfl1)	882,757,928,774
12632 (Cfl2)	882,757,928,774
13196 (Asap1)	627,839,673,856
211914 (Asap2)	627,839,673,856
230837 (Asap3)	627,839,673,856
53357 (Pla2g6)	949,419,995,436
17118 (Marcks)	788,321,834,338
17357 (Marcksl1)	788,321,834,338
17909 (Myo10)	538,227,584,244
20259 (Scin)	811,566,857,583
227753 (Gsn)	811,566,857,583
18717 (Pip5k1c)	584,591,630,608
18719 (Pip5k1b)	584,591,630,608
18720 (Pip5k1a)	584,591,630,608
19012 (Plpp1)	559,395,605,412
50784 (Plpp2)	559,395,605,412
67916 (Plpp3)	559,395,605,412
14389 (Gab2)	337,264,383,281
11845 (Arf6)	483,620,529,637
11845 (Arf6)	712,807,758,824
13430 (Dnm2)	538,166,584,183
17969 (Ncf1)	949,509,995,526
218038 (Amph)	538,188,584,205
30948 (Bin1)	538,188,584,205
20698 (Sphk1)	594,531,640,548
56632 (Sphk2)	594,531,640,548
18750 (Prkca)	807,479,853,496
18751 (Prkcb)	807,479,853,496
18752 (Prkcg)	807,479,853,496
mmu04810: Regulation of actin cytoskeleton	1096,246,1214,280
mmu04810: Regulation of actin cytoskeleton	1096,676,1214,710
mmu04020: Calcium signaling pathway	613,448,731,482
mmu04144: Endocytosis	1107,361,1203,386
mmu04142: Lysosome	1107,791,1203,816
mmu04666: Fc gamma R-mediated phagocytosis	40,45,283,70
