C15610 (Cholest-5-ene-3beta,26-diol)	1062,637,4
C00422 (Triacylglycerol)	998,1115,4
C02530 (Cholesterol ester)	788,1097,4
C00422 (Triacylglycerol)	788,1112,4
C00422 (Triacylglycerol)	854,1117,4
C02530 (Cholesterol ester)	731,1096,4
C02530 (Cholesterol ester)	914,1095,4
C00422 (Triacylglycerol)	914,1110,4
C00865 (Phospholipid)	632,1135,4
C02530 (Cholesterol ester)	601,1135,4
C02530 (Cholesterol ester)	670,1077,4
C00422 (Triacylglycerol)	171,266,4
C00162 (Fatty acid)	172,416,4
C00865 (Phospholipid)	400,213,4
C00187 (Cholesterol)	377,134,4
C00187 (Cholesterol)	434,277,4
C00865 (Phospholipid)	434,290,4
C02530 (Cholesterol ester)	532,284,4
C00865 (Phospholipid)	638,261,4
C00422 (Triacylglycerol)	638,346,4
C00162 (Fatty acid)	770,261,4
C00865 (Phospholipid)	770,298,4
C02530 (Cholesterol ester)	770,346,4
C00422 (Triacylglycerol)	883,292,4
C00162 (Fatty acid)	999,292,4
C00422 (Triacylglycerol)	1110,292,4
C00162 (Fatty acid)	1225,292,4
C00865 (Phospholipid)	1053,130,4
C02530 (Cholesterol ester)	1260,151,4
C00187 (Cholesterol)	1153,151,4
C02530 (Cholesterol ester)	581,491,4
C02530 (Cholesterol ester)	545,554,4
C00187 (Cholesterol)	377,494,4
C00187 (Cholesterol)	545,635,4
C00187 (Cholesterol)	926,637,4
C02530 (Cholesterol ester)	678,739,4
C02530 (Cholesterol ester)	755,739,4
C00187 (Cholesterol)	678,822,4
C00422 (Triacylglycerol)	771,762,4
C05122 (Taurocholate)	1062,822,4
C01921 (Glycocholate)	1062,822,4
C05465 (Taurochenodeoxycholate)	1062,822,4
C05466 (Glycochenodeoxycholate)	1062,822,4
C00865 (Phospholipid)	357,399,4
11806 (Apoa1)	958,1047,1004,1064
238055 (Apob)	1008,1047,1054,1064
105886299 (Gm44805)	1008,1067,1054,1084
11812 (Apoc1)	1008,1067,1054,1084
11813 (Apoc2)	1008,1067,1054,1084
11814 (Apoc3)	1008,1067,1054,1084
11816 (Apoe)	1008,1087,1054,1104
11807 (Apoa2)	958,1067,1004,1084
11808 (Apoa4)	958,1087,1004,1104
11816 (Apoe)	896,1067,942,1084
238055 (Apob)	896,1047,942,1064
238055 (Apob)	834,1047,880,1064
105886299 (Gm44805)	834,1067,880,1084
11812 (Apoc1)	834,1067,880,1084
11813 (Apoc2)	834,1067,880,1084
11814 (Apoc3)	834,1067,880,1084
11816 (Apoe)	834,1087,880,1104
238055 (Apob)	773,1047,819,1064
238055 (Apob)	713,1067,759,1084
238055 (Apob)	655,1047,701,1064
11806 (Apoa1)	597,1047,643,1064
11807 (Apoa2)	597,1067,643,1084
105886299 (Gm44805)	597,1087,643,1104
11812 (Apoc1)	597,1087,643,1104
11813 (Apoc2)	597,1087,643,1104
11814 (Apoc3)	597,1087,643,1104
11816 (Apoe)	597,1107,643,1124
11816 (Apoe)	773,1067,819,1084
30924 (Angptl3)	99,344,145,361
57875 (Angptl4)	99,344,145,361
624219 (Angptl8)	99,383,145,400
11818 (Apoh)	47,310,93,327
105886299 (Gm44805)	47,290,93,307
11813 (Apoc2)	47,290,93,307
16956 (Lpl)	120,300,166,317
11303 (Abca1)	354,168,400,185
11303 (Abca1)	354,425,400,442
11303 (Abca1)	1088,143,1134,160
11806 (Apoa1)	311,205,357,222
11806 (Apoa1)	1030,174,1076,191
11806 (Apoa1)	394,392,440,409
320024 (Nceh1)	1186,126,1232,143
20652 (Soat1)	1186,158,1232,175
223920 (Soat2)	1186,158,1232,175
16835 (Ldlr)	1237,203,1283,220
12491 (Cd36)	1142,203,1188,220
11812 (Apoc1)	460,224,506,241
16816 (Lcat)	460,262,506,279
11806 (Apoa1)	460,204,506,221
18830 (Pltp)	680,290,726,307
11812 (Apoc1)	680,376,726,393
16891 (Lipg)	680,241,726,258
16956 (Lpl)	919,272,965,289
15450 (Lipc)	1139,272,1185,289
20778 (Scarb1)	558,425,604,442
20661 (Sort1)	834,425,880,442
100102 (Pcsk9)	1156,439,1202,456
16835 (Ldlr)	1129,456,1175,473
100102 (Pcsk9)	960,541,1006,558
16835 (Ldlr)	933,558,979,575
100102 (Pcsk9)	713,548,759,565
16835 (Ldlr)	686,565,732,582
20661 (Sort1)	868,506,914,523
16835 (Ldlr)	1240,425,1286,442
100017 (Ldlrap1)	1297,425,1343,442
218203 (Mylip)	1349,488,1395,505
16889 (Lipa)	549,580,595,597
59045 (Stard3)	496,687,542,704
18145 (Npc1)	546,687,592,704
30960 (Vapa)	496,704,542,721
56491 (Vapb)	496,704,542,721
79196 (Osbpl5)	546,704,592,721
67963 (Npc2)	591,659,637,676
20845 (Star)	940,651,986,668
22333 (Vdac1)	894,663,940,680
22334 (Vdac2)	894,663,940,680
22335 (Vdac3)	894,663,940,680
59045 (Stard3)	775,629,821,646
22333 (Vdac1)	821,629,867,646
22334 (Vdac2)	821,629,867,646
22335 (Vdac3)	821,629,867,646
12257 (Tspo)	856,646,902,663
20652 (Soat1)	629,773,675,790
223920 (Soat2)	629,773,675,790
20661 (Sort1)	837,705,883,722
238055 (Apob)	837,722,883,739
238055 (Apob)	1099,419,1145,436
104086 (Cyp27a1)	963,617,1009,634
13122 (Cyp7a1)	896,802,942,819
27409 (Abcg5)	1277,845,1323,862
67470 (Abcg8)	1277,845,1323,862
27413 (Abcb11)	1277,815,1323,832
20661 (Sort1)	1074,456,1120,473
14725 (Lrp2)	252,546,298,563
16971 (Lrp1)	252,546,298,563
16976 (Lrpap1)	250,583,296,600
11816 (Apoe)	206,546,252,563
mmu04975: Fat digestion and absorption	263,121,353,151
mmu04976: Bile secretion	1151,799,1231,817
mmu00100: Steroid biosynthesis	621,856,733,874
mmu00900: Terpenoid backbone biosynthesis	504,848,613,877
mmu00120: Primary bile acid biosynthesis	960,779,1056,807
mmu04979: Cholesterol metabolism	40,45,257,70
