C05981 (Phosphatidylinositol-3,4,5-trisphosphate)	438,953,4
13176 (Dcc)	253,511,299,528
12367 (Casp3)	334,471,380,488
21803 (Tgfb1)	173,587,219,604
21808 (Tgfb2)	173,587,219,604
21809 (Tgfb3)	173,587,219,604
18706 (Pik3ca)	476,348,522,365
18707 (Pik3cd)	476,348,522,365
18708 (Pik3r1)	476,348,522,365
18709 (Pik3r2)	476,348,522,365
18710 (Pik3r3)	476,348,522,365
74769 (Pik3cb)	476,348,522,365
12371 (Casp9)	400,503,446,520
72993 (Appl1)	400,520,446,537
12367 (Casp3)	535,511,581,528
11789 (Apc)	661,142,707,159
23805 (Apc2)	661,142,707,159
17126 (Smad2)	405,589,451,606
17127 (Smad3)	405,589,451,606
21812 (Tgfbr1)	254,580,300,597
17128 (Smad4)	405,621,451,638
17350 (Mlh1)	859,517,905,534
17685 (Msh2)	859,538,905,555
16653 (Kras)	421,394,467,411
109880 (Braf)	502,394,548,411
110157 (Raf1)	502,394,548,411
11836 (Araf)	502,394,548,411
26414 (Mapk10)	680,460,726,477
26419 (Mapk8)	680,460,726,477
26420 (Mapk9)	680,460,726,477
12005 (Axin1)	609,160,655,177
12006 (Axin2)	609,160,655,177
12005 (Axin1)	611,241,657,258
12006 (Axin2)	611,241,657,258
19730 (Ralgds)	470,460,516,477
11848 (Rhoa)	610,460,656,477
170758 (Rac3)	610,460,656,477
19353 (Rac1)	610,460,656,477
19354 (Rac2)	610,460,656,477
67653 (4930544G11Rik)	610,460,656,477
11799 (Birc5)	999,201,1045,218
17869 (Myc)	999,236,1045,253
12443 (Ccnd1)	999,259,1045,276
11789 (Apc)	657,241,703,258
23805 (Apc2)	657,241,703,258
26395 (Map2k1)	581,394,627,411
26396 (Map2k2)	581,394,627,411
26413 (Mapk1)	741,394,787,411
26417 (Mapk3)	741,394,787,411
16476 (Jun)	883,369,929,386
14281 (Fos)	883,394,929,411
17869 (Myc)	883,419,929,436
13063 (Cycs)	532,775,578,792
13067 (Cyct)	532,775,578,792
12043 (Bcl2)	629,736,675,753
22059 (Trp53)	880,761,926,778
16842 (Lef1)	883,220,929,237
21414 (Tcf7)	883,220,929,237
21415 (Tcf7l1)	883,220,929,237
21416 (Tcf7l2)	883,220,929,237
56637 (Gsk3b)	568,177,614,194
56637 (Gsk3b)	569,258,615,275
12387 (Ctnnb1)	650,177,696,194
12387 (Ctnnb1)	653,258,699,275
11651 (Akt1)	502,305,548,322
11652 (Akt2)	502,305,548,322
23797 (Akt3)	502,305,548,322
12015 (Bad)	591,331,637,348
12371 (Casp9)	591,357,637,374
17688 (Msh6)	1058,670,1104,687
12028 (Bax)	1002,697,1048,714
17686 (Msh3)	1002,670,1048,687
21813 (Tgfbr2)	254,597,300,614
21813 (Tgfbr2)	1002,644,1048,661
12443 (Ccnd1)	1000,395,1046,412
12575 (Cdkn1a)	1010,741,1056,758
13197 (Gadd45a)	1062,741,1108,758
17873 (Gadd45b)	1062,741,1108,758
23882 (Gadd45g)	1062,741,1108,758
12028 (Bax)	1010,763,1056,780
12018 (Bak1)	1062,763,1108,780
107986 (Ddb2)	1010,785,1056,802
27015 (Polk)	1062,785,1108,802
58801 (Pmaip1)	629,778,675,795
12015 (Bad)	681,778,727,795
12125 (Bcl2l11)	629,800,675,817
170770 (Bbc3)	681,800,727,817
56044 (Rala)	540,460,586,477
64143 (Ralb)	540,460,586,477
15461 (Hras)	465,874,511,891
16653 (Kras)	465,874,511,891
18176 (Nras)	465,874,511,891
58988 (Rps6kb2)	624,944,670,961
72508 (Rps6kb1)	624,944,670,961
20662 (Sos1)	397,874,443,891
20663 (Sos2)	397,874,443,891
14784 (Grb2)	328,874,374,891
56717 (Mtor)	547,944,593,961
11651 (Akt1)	471,944,517,961
11652 (Akt2)	471,944,517,961
23797 (Akt3)	471,944,517,961
18706 (Pik3ca)	358,944,404,961
18707 (Pik3cd)	358,944,404,961
18708 (Pik3r1)	358,944,404,961
18709 (Pik3r2)	358,944,404,961
18710 (Pik3r3)	358,944,404,961
74769 (Pik3cb)	358,944,404,961
26413 (Mapk1)	669,874,715,891
26417 (Mapk3)	669,874,715,891
26395 (Map2k1)	602,874,648,891
26396 (Map2k2)	602,874,648,891
109880 (Braf)	534,874,580,891
110157 (Raf1)	534,874,580,891
11836 (Araf)	534,874,580,891
13649 (Egfr)	254,908,300,925
13645 (Egf)	173,874,219,891
21802 (Tgfa)	173,897,219,914
13874 (Ereg)	173,920,219,937
11839 (Areg)	173,943,219,960
mmu04310: Wnt signaling pathway	415,200,526,234
mmu04110: Cell cycle	968,321,1079,346
mmu04210: Apoptosis	657,304,768,329
mmu04010: MAPK signaling pathway	580,418,691,452
mmu04350: TGF-beta signaling pathway	553,553,664,587
mmu04210: Apoptosis	355,755,466,780
mmu04115: p53 signaling pathway	845,790,956,824
mmu05210: Colorectal cancer	52,30,228,55
mmu04151: PI3K-Akt signaling pathway	370,309,481,343
mmu04150: mTOR signaling pathway	551,904,662,938
mmu04012: ErbB signaling pathway	141,804,252,838
