C05981 (Phosphatidylinositol-3,4,5-trisphosphate)	589,266,4
C05981 (Phosphatidylinositol-3,4,5-trisphosphate)	589,132,4
C03758 (Dopamine)	525,763,4
C00355 (3,4-Dihydroxy-L-phenylalanine)	624,764,4
C00082 (L-Tyrosine)	721,763,4
C00031 (D-Glucose)	453,907,4
C00092 (D-Glucose 6-phosphate)	559,907,4
C00002 (ATP)	666,907,4
C00410 (Progesterone)	599,659,4
C00280 (Androstenedione)	704,659,4
C00468 (Estrone)	762,659,4
C00951 (Estradiol-17beta)	819,659,4
11651 (Akt1)	638,258,684,275
11652 (Akt2)	638,258,684,275
23797 (Akt3)	638,258,684,275
18706 (Pik3ca)	491,258,537,275
18707 (Pik3cd)	491,258,537,275
18708 (Pik3r1)	491,258,537,275
18709 (Pik3r2)	491,258,537,275
18710 (Pik3r3)	491,258,537,275
74769 (Pik3cb)	491,258,537,275
26413 (Mapk1)	790,175,836,192
26417 (Mapk3)	790,175,836,192
26395 (Map2k1)	715,175,761,192
26396 (Map2k2)	715,175,761,192
110157 (Raf1)	638,175,684,192
15461 (Hras)	557,175,603,192
16653 (Kras)	557,175,603,192
18176 (Nras)	557,175,603,192
19109 (Prl)	76,354,122,371
19116 (Prlr)	153,354,199,371
19109 (Prl)	76,124,122,141
19116 (Prlr)	153,124,199,141
16452 (Jak2)	231,354,277,371
20846 (Stat1)	403,354,449,371
20848 (Stat3)	403,354,449,371
20850 (Stat5a)	403,354,449,371
20851 (Stat5b)	403,354,449,371
20416 (Shc1)	308,258,354,275
20418 (Shc3)	308,258,354,275
216148 (Shc2)	308,258,354,275
271849 (Shc4)	308,258,354,275
20779 (Src)	401,258,447,275
14784 (Grb2)	401,175,447,192
20662 (Sos1)	477,175,523,192
20663 (Sos2)	477,175,523,192
16452 (Jak2)	231,124,277,141
11651 (Akt1)	638,124,684,141
11652 (Akt2)	638,124,684,141
23797 (Akt3)	638,124,684,141
18706 (Pik3ca)	491,124,537,141
18707 (Pik3cd)	491,124,537,141
18708 (Pik3r1)	491,124,537,141
18709 (Pik3r2)	491,124,537,141
18710 (Pik3r3)	491,124,537,141
74769 (Pik3cb)	491,124,537,141
20416 (Shc1)	308,124,354,141
20418 (Shc3)	308,124,354,141
216148 (Shc2)	308,124,354,141
271849 (Shc4)	308,124,354,141
20779 (Src)	401,124,447,141
56484 (Foxo3)	729,124,775,141
26414 (Mapk10)	638,224,684,241
26419 (Mapk8)	638,224,684,241
26420 (Mapk9)	638,224,684,241
19094 (Mapk11)	715,224,761,241
26415 (Mapk13)	715,224,761,241
26416 (Mapk14)	715,224,761,241
29857 (Mapk12)	715,224,761,241
14430 (Galt)	991,124,1037,141
12702 (Socs3)	1005,312,1051,329
12703 (Socs1)	1005,312,1051,329
192157 (Socs7)	1005,312,1051,329
216233 (Socs2)	1005,312,1051,329
54607 (Socs6)	1005,312,1051,329
56468 (Socs5)	1005,312,1051,329
67296 (Socs4)	1005,312,1051,329
12991 (Csn2)	1005,521,1051,538
13711 (Elf5)	1005,497,1051,514
22373 (Wap)	1005,473,1051,490
12700 (Cish)	1005,280,1051,297
21943 (Tnfsf11)	1005,370,1051,387
16362 (Irf1)	1005,696,1051,713
21823 (Th)	1005,739,1051,756
19116 (Prlr)	1005,806,1051,823
20526 (Slc2a2)	1005,831,1051,848
103988 (Gck)	1005,864,1051,881
16333 (Ins1)	1005,928,1051,945
16334 (Ins2)	1005,928,1051,945
12444 (Ccnd2)	1005,901,1051,918
20526 (Slc2a2)	363,900,409,917
103988 (Gck)	479,882,525,899
21823 (Th)	651,769,697,786
16867 (Lhcgr)	1005,578,1051,595
13982 (Esr1)	1005,631,1051,648
13983 (Esr2)	1005,631,1051,648
16867 (Lhcgr)	361,662,407,679
12640 (Cga)	284,662,330,679
16866 (Lhb)	284,662,330,679
13074 (Cyp17a1)	628,664,674,681
13982 (Esr1)	893,651,939,668
13983 (Esr2)	893,651,939,668
12443 (Ccnd1)	1002,204,1048,221
56637 (Gsk3b)	729,258,775,275
14281 (Fos)	874,175,920,192
12443 (Ccnd1)	908,258,954,275
21943 (Tnfsf11)	284,454,330,471
21934 (Tnfrsf11a)	361,454,407,471
18033 (Nfkb1)	652,454,698,471
19697 (Rela)	652,454,698,471
12443 (Ccnd1)	908,455,954,472
mmu04630: Jak-STAT signaling pathway	485,372,606,406
mmu04010: MAPK signaling pathway	487,208,597,242
mmu04917: Prolactin signaling pathway	40,45,311,70
mmu04151: PI3K-Akt signaling pathway	488,79,598,113
mmu04728: Dopaminergic synapse	512,722,650,747
mmu04911: Insulin secretion	588,942,726,967
mmu04913: Ovarian steroidogenesis	447,640,585,665
mmu04915: Estrogen signaling pathway	716,675,826,709
