C05981 (Phosphatidylinositol-3,4,5-trisphosphate)	507,262,4
C00165 (Diacylglycerol)	482,438,4
C01245 (D-myo-Inositol 1,4,5-trisphosphate)	478,315,4
C00076 (Calcium cation)	525,315,4
C00575 (3',5'-Cyclic AMP)	527,637,4
C00416 (Phosphatidate)	916,436,4
C04637 (1-Phosphatidyl-D-myo-inositol 4,5-bisphosphate)	741,506,4
C00681 (1-Acyl-sn-glycerol 3-phosphate)	879,324,4
C00165 (Diacylglycerol)	959,608,4
C05981 (Phosphatidylinositol-3,4,5-trisphosphate)	537,539,4
C06124 (Sphingosine 1-phosphate)	1097,378,4
C00416 (Phosphatidate)	214,677,4
C00025 (L-Glutamate)	113,617,4
C00681 (1-Acyl-sn-glycerol 3-phosphate)	86,645,4
C00639 (Prostaglandin F2alpha)	61,678,4
C00076 (Calcium cation)	1160,378,4
26413 (Mapk1)	1120,431,1166,448
26417 (Mapk3)	1120,431,1166,448
26395 (Map2k1)	1040,431,1086,448
26396 (Map2k2)	1040,431,1086,448
110157 (Raf1)	957,431,1003,448
15461 (Hras)	493,165,539,182
16653 (Kras)	493,165,539,182
17532 (Mras)	493,165,539,182
18176 (Nras)	493,165,539,182
20130 (Rras)	493,165,539,182
66922 (Rras2)	493,165,539,182
14784 (Grb2)	267,153,313,170
20662 (Sos1)	405,165,451,182
20663 (Sos2)	405,165,451,182
11651 (Akt1)	582,254,628,271
11652 (Akt2)	582,254,628,271
23797 (Akt3)	582,254,628,271
18706 (Pik3ca)	371,254,417,271
18707 (Pik3cd)	371,254,417,271
18708 (Pik3r1)	371,254,417,271
18709 (Pik3r2)	371,254,417,271
18710 (Pik3r3)	371,254,417,271
74769 (Pik3cb)	371,254,417,271
20416 (Shc1)	267,179,313,196
20418 (Shc3)	267,179,313,196
216148 (Shc2)	267,179,313,196
271849 (Shc4)	267,179,313,196
17311 (Kitl)	90,344,136,361
13649 (Egfr)	177,334,223,351
16337 (Insr)	177,334,223,351
16590 (Kit)	177,334,223,351
18595 (Pdgfra)	177,334,223,351
18596 (Pdgfrb)	177,334,223,351
14388 (Gab1)	319,153,365,170
14389 (Gab2)	319,153,365,170
19247 (Ptpn11)	319,179,365,196
19730 (Ralgds)	581,165,627,182
56044 (Rala)	667,165,713,182
64143 (Ralb)	667,165,713,182
11848 (Rhoa)	589,348,635,365
67653 (4930544G11Rik)	589,348,635,365
108068 (Grm2)	177,631,223,648
108069 (Grm3)	177,631,223,648
108071 (Grm5)	177,631,223,648
108072 (Grm6)	177,631,223,648
108073 (Grm7)	177,631,223,648
11607 (Agtr1a)	177,631,223,648
11608 (Agtr1b)	177,631,223,648
12000 (Avpr2)	177,631,223,648
12765 (Cxcr2)	177,631,223,648
14062 (F2r)	177,631,223,648
14745 (Lpar1)	177,631,223,648
14816 (Grm1)	177,631,223,648
14823 (Grm8)	177,631,223,648
19220 (Ptgfr)	177,631,223,648
227288 (Cxcr1)	177,631,223,648
26361 (Avpr1b)	177,631,223,648
268934 (Grm4)	177,631,223,648
381810 (Lpar5)	177,631,223,648
53978 (Lpar2)	177,631,223,648
54140 (Avpr1a)	177,631,223,648
65086 (Lpar3)	177,631,223,648
67168 (Lpar6)	177,631,223,648
78134 (Lpar4)	177,631,223,648
18803 (Plcg1)	369,336,415,353
234779 (Plcg2)	369,336,415,353
223864 (Rapgef3)	562,581,608,598
56508 (Rapgef4)	562,581,608,598
18750 (Prkca)	533,430,579,447
18805 (Pld1)	762,431,808,448
18806 (Pld2)	762,431,808,448
18795 (Plcb1)	373,490,419,510
18796 (Plcb2)	373,490,419,510
18797 (Plcb3)	373,490,419,510
18798 (Plcb4)	373,490,419,510
22084 (Tsc2)	814,254,860,271
64930 (Tsc1)	814,254,860,271
19744 (Rheb)	906,254,952,271
56717 (Mtor)	998,254,1044,271
11848 (Rhoa)	553,470,599,487
67653 (4930544G11Rik)	553,470,599,487
18717 (Pip5k1c)	816,497,862,514
18719 (Pip5k1b)	816,497,862,514
18720 (Pip5k1a)	816,497,862,514
14674 (Gna13)	363,597,409,614
104709 (Pik3r6)	454,556,500,573
30955 (Pik3cg)	454,556,500,573
320207 (Pik3r5)	454,556,500,573
19157 (Cyth1)	580,505,626,522
19158 (Cyth2)	580,505,626,522
19159 (Cyth3)	580,505,626,522
72318 (Cyth4)	580,505,626,522
11840 (Arf1)	659,473,705,490
14683 (Gnas)	311,631,357,648
104110 (Adcy4)	432,631,478,648
104111 (Adcy3)	432,631,478,648
11512 (Adcy6)	432,631,478,648
11513 (Adcy7)	432,631,478,648
11514 (Adcy8)	432,631,478,648
11515 (Adcy9)	432,631,478,648
210044 (Adcy2)	432,631,478,648
224129 (Adcy5)	432,631,478,648
432530 (Adcy1)	432,631,478,648
20130 (Rras)	620,541,666,558
66922 (Rras2)	620,541,666,558
19229 (Ptk2b)	438,505,484,522
14673 (Gna12)	345,544,391,561
18783 (Pla2g4a)	840,376,886,393
211429 (Pla2g4b)	840,376,886,393
232889 (Pla2g4c)	840,376,886,393
271844 (Pla2g4f)	840,376,886,393
329502 (Pla2g4e)	840,376,886,393
78390 (Pla2g4d)	840,376,886,393
19012 (Plpp1)	956,528,1002,545
50784 (Plpp2)	956,528,1002,545
67916 (Plpp3)	956,528,1002,545
104418 (Dgkz)	882,528,928,545
110197 (Dgkg)	882,528,928,545
110524 (Dgkq)	882,528,928,545
13139 (Dgka)	882,528,928,545
217480 (Dgkb)	882,528,928,545
227333 (Dgkd)	882,528,928,545
320127 (Dgki)	882,528,928,545
331374 (Dgkk)	882,528,928,545
380921 (Dgkh)	882,528,928,545
56077 (Dgke)	882,528,928,545
20698 (Sphk1)	1002,369,1048,386
56632 (Sphk2)	1002,369,1048,386
18590 (Pdgfa)	90,321,136,338
18591 (Pdgfb)	90,321,136,338
54635 (Pdgfc)	90,321,136,338
71785 (Pdgfd)	90,321,136,338
16333 (Ins1)	90,368,136,385
16334 (Ins2)	90,368,136,385
13645 (Egf)	90,297,136,314
103967 (Dnm3)	177,714,223,731
13429 (Dnm1)	177,714,223,731
13430 (Dnm2)	177,714,223,731
103967 (Dnm3)	177,750,223,767
13429 (Dnm1)	177,750,223,767
13430 (Dnm2)	177,750,223,767
14360 (Fyn)	243,413,289,430
14389 (Gab2)	288,364,334,381
14125 (Fcer1a)	177,456,223,473
14126 (Ms4a2)	177,456,223,473
14127 (Fcer1g)	177,456,223,473
20963 (Syk)	303,413,349,430
11998 (Avp)	35,614,81,631
11840 (Arf1)	647,335,693,352
11845 (Arf6)	647,335,693,352
28169 (Agpat3)	905,354,951,371
52123 (Agpat5)	905,354,951,371
55979 (Agpat1)	905,354,951,371
67512 (Agpat2)	905,354,951,371
68262 (Agpat4)	905,354,951,371
14061 (F2)	35,584,81,601
11606 (Agt)	95,584,141,601
mmu04010: MAPK signaling pathway	1049,452,1159,486
mmu04072: Phospholipase D signaling pathway	40,45,369,70
mmu04151: PI3K-Akt signaling pathway	445,216,555,250
mmu04020: Calcium signaling pathway	470,360,580,394
mmu04144: Endocytosis	481,729,573,754
mmu00561: Glycerolipid metabolism	910,629,1020,663
mmu04071: Sphingolipid signaling pathway	1041,330,1151,364
mmu04014: Ras signaling pathway	415,122,525,156
mmu04150: mTOR signaling pathway	917,205,1027,239
mmu04664: Fc epsilon RI signaling pathway	249,460,359,494
mmu04024: cAMP signaling pathway	586,613,696,647
