C02135 (Angiotensin II)	458,378,4
C15849 (Angiotensin IV)	458,544,4
C15848 (Angiotensin III)	458,461,4
C15850 (Angiotensin (1-7))	458,188,4
C15852 (Angiotensin (1-5))	458,85,4
C15851 (Angiotensin (1-9))	335,188,4
C00873 (Angiotensin I)	233,378,4
C20972 (Angiotensin (5-8))	458,593,4
C20973 (Angiotensin (5-7))	458,642,4
C20971 (Alamandine)	525,244,4
C20970 (Angiotensin A)	493,315,4
70008 (Ace2)	407,300,453,317
70008 (Ace2)	269,229,315,246
11421 (Ace)	407,115,453,132
217246 (Ace3)	407,115,453,132
11421 (Ace)	369,148,415,165
217246 (Ace3)	369,148,415,165
11421 (Ace)	279,428,325,445
217246 (Ace3)	279,428,325,445
11607 (Agtr1a)	580,393,626,410
11608 (Agtr1b)	580,393,626,410
11609 (Agtr2)	580,308,626,325
75805 (Nln)	345,258,391,275
50492 (Thop1)	345,238,391,255
17380 (Mme)	345,278,391,295
16790 (Anpep)	407,490,453,507
13809 (Enpep)	407,414,453,431
19025 (Ctsa)	269,249,315,266
12873 (Cpa3)	269,269,315,286
17171 (Mas1)	580,180,626,197
17380 (Mme)	369,168,415,185
240028 (Lnpep)	580,535,626,552
17227 (Mcpt4)	280,382,326,399
17228 (Cma1)	280,382,326,399
13035 (Ctsg)	280,402,326,419
11606 (Agt)	73,369,119,386
19701 (Ren1)	148,381,194,398
19702 (Ren2)	148,381,194,398
70495 (Atp6ap2)	580,671,626,688
13646 (Klk1b22)	202,478,248,495
13648 (Klk1b9)	202,478,248,495
16612 (Klk1)	202,478,248,495
16613 (Klk1b11)	202,478,248,495
16616 (Klk1b21)	202,478,248,495
16617 (Klk1b24)	202,478,248,495
16618 (Klk1b26)	202,478,248,495
16622 (Klk1b5)	202,478,248,495
16623 (Klk1b1)	202,478,248,495
16624 (Klk1b8)	202,478,248,495
18050 (Klk1b3)	202,478,248,495
13035 (Ctsg)	202,500,248,517
211578 (Mrgprd)	580,235,626,252
70008 (Ace2)	517,276,563,293
16790 (Anpep)	407,556,453,573
19072 (Prep)	407,605,453,622
72461 (Prcp)	407,323,453,340
mmu04614: Renin-angiotensin system	40,45,277,70
mmu04610: Complement and coagulation cascades	230,587,356,622
mmu04270: Vascular smooth muscle contraction	678,417,804,452
mmu04924: Renin secretion	80,282,192,307
mmu04925: Aldosterone synthesis and secretion	678,457,804,492
