C00076 (Calcium cation)	410,1102,4
22335 (Vdac3)	379,1061,425,1078
13063 (Cycs)	591,781,637,798
13067 (Cyct)	591,781,637,798
12371 (Casp9)	728,787,774,804
11783 (Apaf1)	590,748,636,765
12364 (Casp12)	753,722,799,739
12367 (Casp3)	892,787,938,804
12028 (Bax)	424,758,470,775
11799 (Birc5)	810,834,856,851
18750 (Prkca)	1038,838,1084,855
18751 (Prkcb)	1038,838,1084,855
18752 (Prkcg)	1038,838,1084,855
109880 (Braf)	792,1124,838,1141
110157 (Raf1)	792,1124,838,1141
11836 (Araf)	792,1124,838,1141
26395 (Map2k1)	916,1124,962,1141
26396 (Map2k2)	916,1124,962,1141
26413 (Mapk1)	1023,1124,1069,1141
26417 (Mapk3)	1023,1124,1069,1141
14281 (Fos)	1150,1093,1196,1110
16476 (Jun)	1150,1093,1196,1110
17395 (Mmp9)	1309,1091,1355,1108
17869 (Myc)	1150,1112,1196,1129
13712 (Elk1)	1150,1131,1196,1148
20848 (Stat3)	1150,1150,1196,1167
11909 (Atf2)	1150,1064,1196,1081
11911 (Atf4)	1150,1064,1196,1081
12912 (Creb1)	1150,1064,1196,1081
12913 (Creb3)	1150,1064,1196,1081
12915 (Atf6b)	1150,1064,1196,1081
208647 (Creb3l2)	1150,1064,1196,1081
208677 (Creb3l3)	1150,1064,1196,1081
231991 (Creb5)	1150,1064,1196,1081
26427 (Creb3l1)	1150,1064,1196,1081
78284 (Creb3l4)	1150,1064,1196,1081
11909 (Atf2)	1150,1047,1196,1064
18538 (Pcna)	1310,1067,1356,1084
16451 (Jak1)	476,934,522,951
16452 (Jak2)	476,934,522,951
16453 (Jak3)	476,934,522,951
54721 (Tyk2)	476,934,522,951
19229 (Ptk2b)	350,1124,396,1141
20779 (Src)	438,1124,484,1141
14784 (Grb2)	526,1124,572,1141
15461 (Hras)	699,1124,745,1141
16653 (Kras)	699,1124,745,1141
18176 (Nras)	699,1124,745,1141
20848 (Stat3)	691,945,737,962
26401 (Map3k1)	789,1009,835,1026
26414 (Mapk10)	914,1009,960,1026
26419 (Mapk8)	914,1009,960,1026
26420 (Mapk9)	914,1009,960,1026
18033 (Nfkb1)	916,1189,962,1206
19697 (Rela)	916,1189,962,1206
18035 (Nfkbia)	916,1160,962,1177
16476 (Jun)	1150,996,1196,1013
17128 (Smad4)	1150,1016,1196,1033
54411 (Atp6ap1)	958,838,1004,855
18018 (Nfatc1)	1002,891,1048,908
18019 (Nfatc2)	1002,891,1048,908
18021 (Nfatc3)	1002,891,1048,908
73181 (Nfatc4)	1002,891,1048,908
21926 (Tnf)	1240,891,1286,908
18706 (Pik3ca)	462,618,508,635
18707 (Pik3cd)	462,618,508,635
18708 (Pik3r1)	462,618,508,635
18709 (Pik3r2)	462,618,508,635
18710 (Pik3r3)	462,618,508,635
74769 (Pik3cb)	462,618,508,635
11651 (Akt1)	637,617,683,634
11652 (Akt2)	637,617,683,634
23797 (Akt3)	637,617,683,634
12015 (Bad)	782,651,828,668
12675 (Chuk)	782,583,830,600
16150 (Ikbkb)	782,583,830,600
16151 (Ikbkg)	782,583,830,600
18035 (Nfkbia)	876,583,922,600
18033 (Nfkb1)	701,553,747,570
18033 (Nfkb1)	876,553,922,570
19697 (Rela)	876,553,922,570
12043 (Bcl2)	1267,564,1313,581
17395 (Mmp9)	1267,544,1313,561
13194 (Ddb1)	868,445,916,462
14102 (Fas)	248,681,294,698
14103 (Fasl)	165,681,211,698
14082 (Fadd)	335,681,381,698
12370 (Casp8)	465,675,511,692
26401 (Map3k1)	511,499,557,516
26398 (Map2k4)	557,516,603,533
26414 (Mapk10)	557,499,603,516
26419 (Mapk8)	557,499,603,516
26420 (Mapk9)	557,499,603,516
22630 (Ywhaq)	511,516,557,533
22631 (Ywhaz)	511,516,557,533
54401 (Ywhab)	511,516,557,533
21803 (Tgfb1)	165,332,211,349
21808 (Tgfb2)	165,332,211,349
21809 (Tgfb3)	165,332,211,349
21812 (Tgfbr1)	248,324,294,341
26414 (Mapk10)	421,361,467,378
26419 (Mapk8)	421,361,467,378
26420 (Mapk9)	421,361,467,378
17127 (Smad3)	1163,332,1209,349
17127 (Smad3)	1163,361,1209,378
12575 (Cdkn1a)	1320,332,1368,349
17869 (Myc)	1320,361,1368,378
14103 (Fasl)	1321,424,1367,441
17127 (Smad3)	647,361,693,378
17127 (Smad3)	647,332,693,349
12914 (Crebbp)	1163,448,1209,465
328572 (Ep300)	1163,448,1209,465
13654 (Egr2)	1163,424,1209,441
13655 (Egr3)	1163,424,1209,441
15530 (Hspg2)	248,140,294,157
20493 (Slc10a1)	248,159,294,176
56480 (Tbk1)	936,1514,982,1531
56489 (Ikbke)	936,1497,982,1514
54123 (Irf7)	1036,1506,1082,1523
54131 (Irf3)	1036,1506,1082,1523
142980 (Tlr3)	466,1473,512,1490
106759 (Ticam1)	604,1473,650,1490
230073 (Ddx58)	468,1525,514,1542
228607 (Mavs)	604,1546,650,1563
71586 (Ifih1)	468,1562,514,1579
15975 (Ifnar1)	248,1594,294,1611
15962 (Ifna1)	165,1594,211,1611
15964 (Ifna11)	165,1594,211,1611
15965 (Ifna2)	165,1594,211,1611
15967 (Ifna4)	165,1594,211,1611
15968 (Ifna5)	165,1594,211,1611
15969 (Ifna6)	165,1594,211,1611
15970 (Ifna7)	165,1594,211,1611
15972 (Ifna9)	165,1594,211,1611
15974 (Ifnab)	165,1594,211,1611
230396 (Ifna13)	165,1594,211,1611
242517 (Ifna15)	165,1594,211,1611
242519 (Ifna12)	165,1594,211,1611
404549 (Ifna14)	165,1594,211,1611
20846 (Stat1)	857,1587,903,1604
20847 (Stat2)	857,1603,903,1620
15977 (Ifnb1)	1269,1517,1315,1534
21926 (Tnf)	1269,1257,1315,1274
16193 (Il6)	1269,1276,1315,1293
12447 (Ccne1)	1389,788,1435,805
12448 (Ccne2)	1389,788,1435,805
12566 (Cdk2)	1471,717,1517,734
22059 (Trp53)	1230,704,1276,721
12575 (Cdkn1a)	1389,716,1435,733
12427 (Ccna1)	1471,700,1517,717
12428 (Ccna2)	1471,700,1517,717
12566 (Cdk2)	1389,772,1435,789
12043 (Bcl2)	379,786,425,803
17874 (Myd88)	1269,1594,1315,1611
12914 (Crebbp)	1023,1064,1069,1081
328572 (Ep300)	1023,1064,1069,1081
107986 (Ddb2)	1163,479,1209,496
17874 (Myd88)	329,1385,375,1402
26413 (Mapk1)	842,1354,888,1371
26417 (Mapk3)	842,1354,888,1371
12675 (Chuk)	718,1293,764,1310
16150 (Ikbkb)	718,1293,764,1310
16151 (Ikbkg)	718,1293,764,1310
26409 (Map3k7)	591,1354,637,1371
16179 (Irak1)	435,1363,481,1380
117149 (Tirap)	329,1368,375,1385
17874 (Myd88)	329,1283,375,1300
22034 (Traf6)	512,1354,558,1371
66513 (Tab1)	591,1320,637,1337
68652 (Tab2)	591,1337,637,1354
18035 (Nfkbia)	842,1293,888,1310
24088 (Tlr2)	248,1283,294,1300
21898 (Tlr4)	248,1385,294,1402
117149 (Tirap)	329,1299,375,1316
266632 (Irak4)	435,1346,481,1363
18033 (Nfkb1)	842,1264,888,1281
19697 (Rela)	842,1264,888,1281
26395 (Map2k1)	718,1354,764,1371
26396 (Map2k2)	718,1354,764,1371
19094 (Mapk11)	842,1396,888,1413
26415 (Mapk13)	842,1396,888,1413
26416 (Mapk14)	842,1396,888,1413
29857 (Mapk12)	842,1396,888,1413
26414 (Mapk10)	842,1425,888,1442
26419 (Mapk8)	842,1425,888,1442
26420 (Mapk9)	842,1425,888,1442
26398 (Map2k4)	718,1425,764,1442
26400 (Map2k7)	718,1425,764,1442
26397 (Map2k3)	718,1396,764,1413
26399 (Map2k6)	718,1396,764,1413
15962 (Ifna1)	1269,1496,1315,1513
15964 (Ifna11)	1269,1496,1315,1513
15965 (Ifna2)	1269,1496,1315,1513
15967 (Ifna4)	1269,1496,1315,1513
15968 (Ifna5)	1269,1496,1315,1513
15969 (Ifna6)	1269,1496,1315,1513
15970 (Ifna7)	1269,1496,1315,1513
15972 (Ifna9)	1269,1496,1315,1513
15974 (Ifnab)	1269,1496,1315,1513
230396 (Ifna13)	1269,1496,1315,1513
242517 (Ifna15)	1269,1496,1315,1513
242519 (Ifna12)	1269,1496,1315,1513
404549 (Ifna14)	1269,1496,1315,1513
12122 (Bid)	464,727,510,744
12028 (Bax)	1389,671,1435,688
14102 (Fas)	1389,694,1435,711
19645 (Rb1)	1389,831,1435,848
110957 (D1Pas1)	936,1546,982,1563
13205 (Ddx3x)	936,1546,982,1563
22031 (Traf3)	814,1512,860,1529
16476 (Jun)	937,1413,983,1430
26414 (Mapk10)	937,1413,983,1430
26419 (Mapk8)	937,1413,983,1430
26420 (Mapk9)	937,1413,983,1430
225471 (Ticam2)	435,1413,481,1430
18750 (Prkca)	745,1151,791,1168
18751 (Prkcb)	745,1151,791,1168
18752 (Prkcg)	745,1151,791,1168
20846 (Stat1)	691,924,737,941
20847 (Stat2)	691,924,737,941
20849 (Stat4)	691,924,737,941
20850 (Stat5a)	691,924,737,941
20851 (Stat5b)	691,924,737,941
20852 (Stat6)	691,924,737,941
13555 (E2f1)	1471,831,1517,848
13557 (E2f3)	1471,831,1517,848
242705 (E2f2)	1471,831,1517,848
21813 (Tgfbr2)	248,341,294,358
20662 (Sos1)	613,1124,659,1141
20663 (Sos2)	613,1124,659,1141
mmu04151: PI3K-Akt signaling pathway	553,562,653,596
mmu05160: Hepatitis C	40,45,154,70
mmu04064: NF-kappa B signaling pathway	944,568,1049,602
mmu04010: MAPK signaling pathway	552,1074,652,1108
mmu04622: RIG-I-like receptor signaling pathway	315,1535,418,1569
mmu04630: JAK-STAT signaling pathway	539,896,640,930
mmu04115: p53 signaling pathway	1285,741,1384,775
mmu04620: Toll-like receptor signaling pathway	314,1454,418,1488
mmu04210: Apoptosis	621,810,713,835
mmu04110: Cell cycle	1192,668,1284,693
