C00027 (Hydrogen peroxide)	1146,549,4
C00434 (Double-stranded DNA)	457,139,4
C02737 (Phosphatidylserine)	474,208,4
14129 (Fcgr1)	1055,592,1101,609
246256 (Fcgr4)	1055,592,1101,609
14129 (Fcgr1)	1056,693,1102,710
246256 (Fcgr4)	1056,693,1102,710
50701 (Elane)	1122,524,1168,541
13035 (Ctsg)	1122,503,1168,520
15139 (Hc)	942,377,988,394
12268 (C4b)	920,182,966,199
12266 (C3)	920,264,966,281
12263 (C2)	920,203,966,220
317677 (C1s2)	1004,153,1050,170
50908 (C1s1)	1004,153,1050,170
12259 (C1qa)	1050,144,1096,161
12260 (C1qb)	1050,144,1096,161
12262 (C1qc)	1050,144,1096,161
50909 (C1ra)	1004,136,1050,153
667277 (C1rb)	1004,136,1050,153
12274 (C6)	1086,377,1132,394
109828 (C7)	1135,377,1181,394
110382 (C8b)	1086,398,1132,415
230558 (C8a)	1086,398,1132,415
69379 (C8g)	1086,398,1132,415
109828 (C7)	1227,346,1273,363
110382 (C8b)	1227,346,1273,363
12274 (C6)	1227,346,1273,363
15139 (Hc)	1227,346,1273,363
230558 (C8a)	1227,346,1273,363
69379 (C8g)	1227,346,1273,363
12279 (C9)	1135,398,1181,415
21926 (Tnf)	527,522,573,539
15978 (Ifng)	527,549,573,566
16153 (Il10)	527,571,573,588
12259 (C1qa)	677,638,723,655
12260 (C1qb)	677,638,723,655
12262 (C1qc)	677,638,723,655
12268 (C4b)	730,638,776,655
12259 (C1qa)	256,141,302,158
12260 (C1qb)	256,141,302,158
12262 (C1qc)	256,141,302,158
12268 (C4b)	309,141,355,158
12263 (C2)	283,118,329,135
12263 (C2)	703,661,749,678
12519 (Cd80)	183,471,229,488
12524 (Cd86)	183,471,229,488
12487 (Cd28)	265,471,311,488
100504404 (H2-Ea-ps)	183,448,229,465
14960 (H2-Aa)	183,448,229,465
14961 (H2-Ab1)	183,448,229,465
14969 (H2-Eb1)	183,448,229,465
14998 (H2-DMa)	183,448,229,465
14999 (H2-DMb1)	183,448,229,465
15000 (H2-DMb2)	183,448,229,465
15001 (H2-Oa)	183,448,229,465
15002 (H2-Ob)	183,448,229,465
100504404 (H2-Ea-ps)	571,472,617,489
14960 (H2-Aa)	571,472,617,489
14961 (H2-Ab1)	571,472,617,489
14969 (H2-Eb1)	571,472,617,489
14998 (H2-DMa)	571,472,617,489
14999 (H2-DMb1)	571,472,617,489
15000 (H2-DMb2)	571,472,617,489
15001 (H2-Oa)	571,472,617,489
15002 (H2-Ob)	571,472,617,489
21947 (Cd40lg)	490,446,536,463
21939 (Cd40)	571,446,617,463
100039319 (H2afb1)	496,140,542,157
100042840 (H2al2b)	496,140,542,157
100042922 (H2al1a)	496,140,542,157
100042927 (H2al1b)	496,140,542,157
100042929 (H2al1c)	496,140,542,157
100042931 (H2al1d)	496,140,542,157
100042939 (H2al1f)	496,140,542,157
100042943 (H2al1g)	496,140,542,157
100042944 (H2al1h)	496,140,542,157
100042946 (H2al1i)	496,140,542,157
15267 (H2ac18)	496,140,542,157
15270 (H2afx)	496,140,542,157
232440 (H2afj)	496,140,542,157
236663 (H2al1j)	496,140,542,157
26914 (Macroh2a1)	496,140,542,157
319162 (H2aw)	496,140,542,157
319163 (H2ac1)	496,140,542,157
319164 (H2ac6)	496,140,542,157
319165 (H2ac7)	496,140,542,157
319166 (H2ac8)	496,140,542,157
319167 (H2ac11)	496,140,542,157
319168 (H2ac12)	496,140,542,157
319169 (H2ac15)	496,140,542,157
319170 (Hist1h2an)	496,140,542,157
319171 (Hist1h2ap)	496,140,542,157
319172 (H2ac4)	496,140,542,157
319173 (H2ac10)	496,140,542,157
319176 (H2ac20)	496,140,542,157
319191 (H2ac13)	496,140,542,157
319192 (H2ac19)	496,140,542,157
333452 (H2al1o)	496,140,542,157
385328 (H2al1n)	496,140,542,157
404634 (Macroh2a2)	496,140,542,157
51788 (H2afz)	496,140,542,157
547154 (H2al1k)	496,140,542,157
547160 (H2al1e)	496,140,542,157
547210 (H2al2c)	496,140,542,157
621893 (H2ac21)	496,140,542,157
624153 (H2afb2)	496,140,542,157
624957 (H2afb3)	496,140,542,157
665433 (Hist1h2ao)	496,140,542,157
68231 (H2al2a)	496,140,542,157
76383 (H2al1m)	496,140,542,157
77605 (H2afv)	496,140,542,157
319177 (H2bc1)	548,140,594,157
319178 (H2bc3)	548,140,594,157
319179 (H2bc6)	548,140,594,157
319180 (H2bc7)	548,140,594,157
319181 (H2bc8)	548,140,594,157
319182 (H2bc9)	548,140,594,157
319183 (H2bc11)	548,140,594,157
319184 (H2bc12)	548,140,594,157
319185 (H2bc13)	548,140,594,157
319186 (H2bc14)	548,140,594,157
319187 (H2bc15)	548,140,594,157
319188 (Hist1h2bp)	548,140,594,157
319189 (H2bc18)	548,140,594,157
319190 (H2bc21)	548,140,594,157
665596 (Hist1h2bq)	548,140,594,157
665622 (Hist1h2br)	548,140,594,157
68024 (H2bc4)	548,140,594,157
69382 (1700024P04Rik)	548,140,594,157
69389 (H2bfm)	548,140,594,157
78303 (H2bu2)	548,140,594,157
15077 (H3c14)	496,162,542,179
15078 (H3f3a)	496,162,542,179
15081 (H3f3b)	496,162,542,179
260423 (H3c7)	496,162,542,179
319148 (H3c3)	496,162,542,179
319149 (H3c4)	496,162,542,179
319150 (H3c2)	496,162,542,179
319151 (H3c6)	496,162,542,179
319152 (H3c10)	496,162,542,179
319153 (H3c11)	496,162,542,179
319154 (H3c13)	496,162,542,179
360198 (H3c1)	496,162,542,179
382523 (H3f4)	496,162,542,179
625328 (H3f3c)	496,162,542,179
667250 (Gm12657)	496,162,542,179
97114 (H3c15)	496,162,542,179
97908 (H3c8)	496,162,542,179
100041230 (Hist1h4m)	548,162,594,179
319155 (H4c3)	548,162,594,179
319156 (H4c4)	548,162,594,179
319157 (H4c6)	548,162,594,179
319158 (H4c9)	548,162,594,179
319159 (H4c11)	548,162,594,179
319160 (H4c12)	548,162,594,179
319161 (Hist1h4n)	548,162,594,179
320332 (H4f16)	548,162,594,179
326619 (H4c1)	548,162,594,179
326620 (H4c2)	548,162,594,179
69386 (H4c8)	548,162,594,179
97122 (H4c14)	548,162,594,179
20821 (Trim21)	519,202,565,219
20822 (Ro60)	519,202,565,219
20638 (Snrpb)	613,140,659,157
20641 (Snrpd1)	613,162,659,179
67332 (Snrpd3)	613,162,659,179
14811 (Grin2a)	678,140,724,157
109711 (Actn1)	625,202,671,219
60595 (Actn4)	625,202,671,219
12259 (C1qa)	678,202,724,219
12260 (C1qb)	678,202,724,219
12262 (C1qc)	678,202,724,219
20823 (Ssb)	572,202,618,219
14812 (Grin2b)	678,162,724,179
mmu04660: T cell receptor signaling pathway	286,372,399,406
mmu04514: Cell adhesion molecules (CAMs)	482,371,595,405
mmu04612: Antigen processing and presentation	185,545,298,579
mmu04060: Cytokine-cytokine receptor interaction	337,619,450,653
mmu04630: JAK-STAT signaling pathway	337,686,450,720
mmu04610: Complement and coagulation cascades	1011,196,1124,230
mmu04670: Leukocyte transendothelial migration	841,632,954,677
mmu04662: B cell receptor signaling pathway	646,331,759,365
mmu05322: Systemic lupus erythematosus	40,45,312,70
