C00350 (Phosphatidylethanolamine)	358,716,4
C00350 (Phosphatidylethanolamine)	570,693,4
C04549 (1-Phosphatidyl-1D-myo-inositol 3-phosphate)	520,423,4
C01194 (1-Phosphatidyl-D-myo-inositol)	435,423,4
74370 (Rptor)	190,94,236,111
56717 (Mtor)	215,120,261,137
56716 (Mlst8)	241,146,287,163
29869 (Ulk2)	371,93,417,110
51897 (Atg13)	371,155,417,172
68118 (Atg101)	429,127,475,144
18518 (Igbp1)	215,203,261,220
50540 (Igbp1b)	215,203,261,220
19052 (Ppp2ca)	215,242,261,259
19053 (Ppp2cb)	215,242,261,259
56208 (Becn1)	392,316,438,333
75669 (Pik3r4)	392,347,438,364
225326 (Pik3c3)	452,331,498,348
213948 (Atg9b)	591,189,637,206
245860 (Atg9a)	591,189,637,206
329015 (Atg2a)	561,221,607,238
76559 (Atg2b)	561,221,607,238
52639 (Wipi1)	620,221,666,238
74781 (Wipi2)	620,221,666,238
67841 (Atg3)	282,630,328,647
56486 (Gabarap)	506,684,552,701
57436 (Gabarapl1)	506,684,552,701
93739 (Gabarapl2)	506,684,552,701
235040 (Atg4d)	93,733,139,750
242557 (Atg4c)	93,733,139,750
66615 (Atg4b)	93,733,139,750
666468 (Atg4a)	93,733,139,750
77040 (Atg16l1)	612,540,658,557
67526 (Atg12)	50,540,99,557
66795 (Atg10)	225,588,271,605
74244 (Atg7)	164,610,210,627
67526 (Atg12)	365,549,411,566
11793 (Atg5)	365,532,411,549
67526 (Atg12)	521,540,567,557
11793 (Atg5)	567,540,613,557
11793 (Atg5)	278,577,324,594
77040 (Atg16l1)	419,577,465,594
56486 (Gabarap)	50,685,96,702
57436 (Gabarapl1)	50,685,96,702
93739 (Gabarapl2)	50,685,96,702
mmu04136: Autophagy - other	40,45,240,70
