268977 (Ltbp1)	130,457,176,474
21825 (Thbs1)	46,458,92,475
26965 (Cul1)	443,417,489,434
56438 (Rbx1)	443,400,489,417
17128 (Smad4)	492,867,538,884
17128 (Smad4)	492,796,538,813
11480 (Acvr2a)	205,849,251,866
11481 (Acvr2b)	205,849,251,866
11479 (Acvr1b)	205,832,251,849
269275 (Acvr1c)	205,832,251,849
17126 (Smad2)	379,832,425,849
17127 (Smad3)	379,832,425,849
18119 (Nodal)	130,848,176,865
17130 (Smad6)	379,796,425,813
17131 (Smad7)	379,796,425,813
17126 (Smad2)	379,759,425,776
17127 (Smad3)	379,759,425,776
18741 (Pitx2)	744,831,790,848
20683 (Sp1)	700,550,746,567
12914 (Crebbp)	700,533,746,550
328572 (Ep300)	700,533,746,550
12579 (Cdkn2b)	814,541,860,558
17869 (Myc)	813,476,859,493
21781 (Tfdp1)	700,493,746,510
104394 (E2f4)	700,476,746,493
13559 (E2f5)	700,476,746,493
19650 (Rbl1)	700,459,746,476
15901 (Id1)	746,254,792,271
15902 (Id2)	746,254,792,271
15903 (Id3)	746,254,792,271
15904 (Id4)	746,254,792,271
11480 (Acvr2a)	205,776,251,793
11481 (Acvr2b)	205,776,251,793
11477 (Acvr1)	205,759,251,776
11479 (Acvr1b)	205,759,251,776
16323 (Inhba)	130,776,176,793
16324 (Inhbb)	130,776,176,793
16325 (Inhbc)	130,776,176,793
16326 (Inhbe)	130,776,176,793
14313 (Fst)	46,787,92,804
13590 (Lefty1)	76,716,122,733
320202 (Lefty2)	76,716,122,733
58988 (Rps6kb2)	455,688,501,705
72508 (Rps6kb1)	455,688,501,705
19052 (Ppp2ca)	329,688,375,705
19053 (Ppp2cb)	329,688,375,705
51792 (Ppp2r1a)	329,688,375,705
73699 (Ppp2r1b)	329,688,375,705
19877 (Rock1)	455,663,501,680
11848 (Rhoa)	329,663,375,680
67653 (4930544G11Rik)	329,663,375,680
17128 (Smad4)	492,508,538,525
218441 (Zfyve16)	379,508,425,525
230597 (Zfyve9)	379,508,425,525
17126 (Smad2)	379,475,425,492
17127 (Smad3)	379,475,425,492
21402 (Skp1a)	443,434,489,451
26413 (Mapk1)	526,351,572,368
26417 (Mapk3)	526,351,572,368
17128 (Smad4)	486,286,532,303
17130 (Smad6)	379,385,425,402
17131 (Smad7)	379,385,425,402
66313 (Smurf2)	344,420,390,437
75788 (Smurf1)	344,420,390,437
21813 (Tgfbr2)	205,492,251,509
21812 (Tgfbr1)	205,475,251,492
21803 (Tgfb1)	130,492,176,509
21808 (Tgfb2)	130,492,176,509
21809 (Tgfb3)	130,492,176,509
13179 (Dcn)	46,496,92,513
21926 (Tnf)	145,396,191,413
15978 (Ifng)	145,374,191,391
110542 (Amhr2)	205,310,251,327
12168 (Bmpr2)	205,310,251,327
11477 (Acvr1)	205,293,251,310
12166 (Bmpr1a)	205,293,251,310
12167 (Bmpr1b)	205,293,251,310
11705 (Amh)	130,310,176,327
12156 (Bmp2)	130,310,176,327
12159 (Bmp4)	130,310,176,327
12160 (Bmp5)	130,310,176,327
12161 (Bmp6)	130,310,176,327
12162 (Bmp7)	130,310,176,327
12163 (Bmp8a)	130,310,176,327
12164 (Bmp8b)	130,310,176,327
14563 (Gdf5)	130,310,176,327
238057 (Gdf7)	130,310,176,327
242316 (Gdf6)	130,310,176,327
18121 (Nog)	145,267,191,284
17965 (Nbl1)	46,299,92,316
17125 (Smad1)	379,254,425,271
17129 (Smad5)	379,254,425,271
55994 (Smad9)	379,254,425,271
12667 (Chrd)	74,259,120,276
68010 (Bambi)	205,261,251,278
68010 (Bambi)	205,442,251,459
68010 (Bambi)	205,728,251,745
21815 (Tgif1)	649,568,695,585
228839 (Tgif2)	649,568,695,585
14264 (Fmod)	46,522,92,539
12156 (Bmp2)	130,127,176,144
12159 (Bmp4)	130,127,176,144
12161 (Bmp6)	130,127,176,144
69585 (Hjv)	205,111,251,128
12168 (Bmpr2)	205,157,251,174
11477 (Acvr1)	205,140,251,157
12166 (Bmpr1a)	205,140,251,157
12167 (Bmpr1b)	205,140,251,157
16324 (Inhbb)	130,155,176,172
18007 (Neo1)	205,94,251,111
12156 (Bmp2)	130,215,176,232
12159 (Bmp4)	130,215,176,232
244058 (Rgma)	205,186,251,203
68799 (Rgmb)	205,186,251,203
12168 (Bmpr2)	205,232,251,249
11477 (Acvr1)	205,215,251,232
12166 (Bmpr1a)	205,215,251,232
12167 (Bmpr1b)	205,215,251,232
17128 (Smad4)	486,168,532,185
17125 (Smad1)	379,140,425,157
17129 (Smad5)	379,140,425,157
55994 (Smad9)	379,140,425,157
66438 (Hamp2)	746,140,792,157
84506 (Hamp)	746,140,792,157
23892 (Grem1)	46,327,92,344
23893 (Grem2)	46,327,92,344
207596 (Thsd4)	84,425,130,442
14118 (Fbn1)	130,425,176,442
mmu04350: TGF-beta signaling pathway	40,45,293,70
mmu04210: Apoptosis	914,449,1008,475
mmu04110: Cell cycle	917,562,1002,590
mmu04120: Ubiquitin mediated proteolysis	508,549,617,589
mmu04010: MAPK signaling pathway	398,607,500,645
