60365 (Rbm8a)	84,232,130,249
17149 (Magoh)	84,249,130,266
66441 (Magohb)	84,249,130,266
192170 (Eif4a3)	130,249,176,266
668137 (Eif4a3l1)	130,249,176,266
192160 (Casc3)	130,232,176,249
56215 (Acin1)	222,215,268,232
19826 (Rnps1)	222,232,268,249
100041953 (Sap18b)	176,232,222,249
20220 (Sap18)	176,232,222,249
51796 (Srrm1)	184,295,230,312
170722 (Nxf7)	80,295,126,312
245610 (Nxf3)	80,295,126,312
53319 (Nxf1)	80,295,126,312
83454 (Nxf2)	80,295,126,312
18949 (Pnn)	176,249,222,266
100043292 (Gm4340)	222,249,268,266
21681 (Alyref)	222,249,268,266
56009 (Alyref2)	222,249,268,266
237082 (Nxt2)	80,312,126,329
56488 (Nxt1)	80,312,126,329
433702 (Ncbp1)	130,146,176,163
67031 (Upf3a)	84,215,130,232
68134 (Upf3b)	84,215,130,232
53817 (Ddx39b)	132,295,178,312
78428 (Pym1)	132,316,178,333
19704 (Upf1)	596,589,642,606
326622 (Upf2)	596,606,642,623
67031 (Upf3a)	596,623,642,640
68134 (Upf3b)	596,623,642,640
233789 (Smg1)	668,589,714,606
229512 (Smg5)	668,629,714,646
226517 (Smg7)	668,612,714,629
103677 (Smg6)	669,655,715,672
225363 (Etf1)	550,598,596,615
14852 (Gspt1)	550,615,596,632
14853 (Gspt2)	550,615,596,632
24018 (Rngtt)	413,99,459,116
67897 (Rnmt)	413,78,459,95
68219 (Nudt21)	841,170,887,187
18789 (Papola)	953,171,999,188
216578 (Papolg)	953,171,999,188
56522 (Papolb)	953,171,999,188
74737 (Pcf11)	887,211,933,228
98985 (Clp1)	841,211,887,228
269061 (Cpsf7)	887,170,933,187
432508 (Cpsf6)	887,170,933,187
66899 (Fip1l1)	796,280,842,297
54451 (Cpsf3)	934,263,980,280
51786 (Cpsf2)	888,263,934,280
94230 (Cpsf1)	842,263,888,280
54188 (Cpsf4)	842,280,888,297
67337 (Cstf1)	841,330,887,347
108062 (Cstf2)	887,330,933,347
83410 (Cstf2t)	887,330,933,347
228410 (Cstf3)	933,330,979,347
68188 (Sympk)	889,356,935,373
68092 (Ncbp2)	130,163,176,180
382035 (Pabpn1l)	590,284,636,301
54196 (Pabpn1)	590,284,636,301
18458 (Pabpc1)	620,534,666,551
18459 (Pabpc2)	620,534,666,551
230721 (Pabpc4)	620,534,666,551
241989 (Pabpc4l)	620,534,666,551
381404 (Pabpc1l)	620,534,666,551
67543 (Pabpc6)	620,534,666,551
93728 (Pabpc5)	620,534,666,551
100039815 (Gm2436)	714,619,760,636
100039830 (Gm2446)	714,619,760,636
19052 (Ppp2ca)	714,619,760,636
19053 (Ppp2cb)	714,619,760,636
19054 (Ppp2r3d)	714,619,760,636
21770 (Ppp2r5d)	714,619,760,636
225849 (Ppp2r5b)	714,619,760,636
226849 (Ppp2r5a)	714,619,760,636
235542 (Ppp2r3a)	714,619,760,636
26931 (Ppp2r5c)	714,619,760,636
26932 (Ppp2r5e)	714,619,760,636
269643 (Ppp2r2c)	714,619,760,636
51792 (Ppp2r1a)	714,619,760,636
52432 (Ppp2r2d)	714,619,760,636
59032 (Ppp2r3c)	714,619,760,636
71978 (Ppp2r2a)	714,619,760,636
72930 (Ppp2r2b)	714,619,760,636
73699 (Ppp2r1b)	714,619,760,636
18458 (Pabpc1)	979,536,1025,553
18459 (Pabpc2)	979,536,1025,553
230721 (Pabpc4)	979,536,1025,553
241989 (Pabpc4l)	979,536,1025,553
381404 (Pabpc1l)	979,536,1025,553
67543 (Pabpc6)	979,536,1025,553
93728 (Pabpc5)	979,536,1025,553
56422 (Hbs1l)	925,608,971,625
105083 (Pelo)	925,625,971,642
17690 (Msi1)	620,505,666,522
70248 (Dazap1)	620,505,666,522
76626 (Msi2)	620,505,666,522
74320 (Wdr33)	1036,263,1082,280
77305 (Wdr82)	990,280,1036,297
19045 (Ppp1ca)	990,297,1036,314
19046 (Ppp1cb)	990,297,1036,314
19047 (Ppp1cc)	990,297,1036,314
434233 (Ppp1ccb)	990,297,1036,314
68991 (Ssu72)	1036,297,1082,314
mmu03040: Spliceosome	528,147,620,172
mmu03015: mRNA surveillance pathway	40,45,290,70
mmu03013: RNA transport	347,353,439,378
mmu03018: RNA degradation	666,732,758,757
mmu03018: RNA degradation	666,288,758,313
