C00076 (Calcium cation)	800,406,4
C01330 (Sodium cation)	800,418,4
C00942 (3',5'-Cyclic GMP)	535,689,4
C00144 (GMP)	465,689,4
C00942 (3',5'-Cyclic GMP)	686,451,4
C00942 (3',5'-Cyclic GMP)	684,930,4
C00238 (Potassium cation)	671,334,4
C00076 (Calcium cation)	650,316,4
C01330 (Sodium cation)	798,307,4
C00238 (Potassium cation)	676,820,4
C00076 (Calcium cation)	661,802,4
C01330 (Sodium cation)	804,792,4
C00942 (3',5'-Cyclic GMP)	532,281,4
C00076 (Calcium cation)	606,285,4
C00376 (Retinal)	371,844,4
C02110 (11-cis-Retinal)	267,844,4
C00076 (Calcium cation)	312,313,4
C00076 (Calcium cation)	252,721,4
C00305 (Magnesium cation)	600,699,4
C00076 (Calcium cation)	646,363,4
12788 (Cnga1)	717,403,763,420
333329 (Cngb1)	717,403,763,420
12788 (Cnga1)	717,887,763,904
333329 (Cngb1)	717,887,763,904
212541 (Rho)	295,243,341,260
212541 (Rho)	266,647,312,664
18587 (Pde6b)	467,257,513,274
18588 (Pde6g)	467,257,513,274
225600 (Pde6a)	467,257,513,274
14685 (Gnat1)	380,660,426,677
14686 (Gnat2)	380,660,426,677
14688 (Gnb1)	380,660,426,677
14699 (Gngt1)	380,660,426,677
14918 (Gucy2d)	571,646,617,663
14919 (Gucy2e)	571,646,617,663
245650 (Gucy2f)	571,646,617,663
14918 (Gucy2d)	558,242,604,259
14919 (Gucy2e)	558,242,604,259
245650 (Gucy2f)	558,242,604,259
14685 (Gnat1)	379,256,425,273
14686 (Gnat2)	379,256,425,273
14688 (Gnb1)	379,256,425,273
14699 (Gngt1)	379,256,425,273
18587 (Pde6b)	484,660,530,677
18588 (Pde6g)	484,660,530,677
225600 (Pde6a)	484,660,530,677
214111 (Slc24a1)	717,305,763,322
214111 (Slc24a1)	717,788,763,805
107477 (Guca1b)	595,663,641,680
14913 (Guca1a)	595,663,641,680
107477 (Guca1b)	630,271,676,288
14913 (Guca1a)	630,271,676,288
212541 (Rho)	413,842,459,859
212541 (Rho)	180,842,226,859
19674 (Rcvrn)	244,305,290,322
24013 (Grk1)	233,258,279,275
19674 (Rcvrn)	170,713,216,730
24013 (Grk1)	256,692,302,709
20215 (Sag)	324,286,370,303
20215 (Sag)	309,692,355,709
24013 (Grk1)	481,791,527,808
20215 (Sag)	481,813,527,830
19739 (Rgs9)	412,293,458,310
19739 (Rgs9)	387,703,433,720
12313 (Calm1)	665,356,711,373
12314 (Calm2)	665,356,711,373
12315 (Calm3)	665,356,711,373
494124 (Calm5)	665,356,711,373
70405 (Calml3)	665,356,711,373
75600 (Calml4)	665,356,711,373
80796 (Calm4)	665,356,711,373
12313 (Calm1)	651,847,697,864
12314 (Calm2)	651,847,697,864
12315 (Calm3)	651,847,697,864
494124 (Calm5)	651,847,697,864
70405 (Calml3)	651,847,697,864
75600 (Calml4)	651,847,697,864
80796 (Calm4)	651,847,697,864
mmu04744: Phototransduction	40,45,226,70
mmu00830: Retinol metabolism	267,887,384,921
