C00076 (Calcium cation)	559,146,4
C00165 (Diacylglycerol)	448,193,4
C01245 (D-myo-Inositol 1,4,5-trisphosphate)	448,146,4
C05981 (Phosphatidylinositol-3,4,5-trisphosphate)	385,649,4
14784 (Grb2)	401,505,447,522
13712 (Elk1)	846,478,892,495
13869 (Erbb4)	177,684,223,701
13869 (Erbb4)	177,597,223,614
13867 (Erbb3)	177,519,223,536
13867 (Erbb3)	177,435,223,452
20850 (Stat5a)	354,530,400,547
20851 (Stat5b)	354,530,400,547
13866 (Erbb2)	177,667,223,684
13866 (Erbb2)	177,502,223,519
13866 (Erbb2)	177,357,223,374
13866 (Erbb2)	177,340,223,357
13649 (Egfr)	177,259,223,276
13649 (Egfr)	177,208,223,225
56637 (Gsk3b)	519,646,565,663
13685 (Eif4ebp1)	596,585,642,602
58988 (Rps6kb2)	596,557,642,574
72508 (Rps6kb1)	596,557,642,574
12575 (Cdkn1a)	519,703,565,720
12576 (Cdkn1b)	519,678,565,695
56717 (Mtor)	519,573,565,590
18479 (Pak1)	526,360,572,377
18481 (Pak3)	526,360,572,377
214230 (Pak6)	526,360,572,377
224105 (Pak2)	526,360,572,377
241656 (Pak7)	526,360,572,377
70584 (Pak4)	526,360,572,377
17973 (Nck1)	431,360,477,377
17974 (Nck2)	431,360,477,377
20850 (Stat5a)	479,254,525,271
20851 (Stat5b)	479,254,525,271
13866 (Erbb2)	177,276,223,293
12015 (Bad)	519,617,565,634
14388 (Gab1)	401,582,447,599
21802 (Tgfa)	46,232,92,249
26398 (Map2k4)	630,360,676,377
26400 (Map2k7)	630,360,676,377
12402 (Cbl)	485,220,531,237
208650 (Cblb)	485,220,531,237
13869 (Erbb4)	177,580,223,597
13867 (Erbb3)	177,418,223,435
18183 (Nrg3)	46,623,92,640
100042150 (Nrg2)	46,531,92,548
13712 (Elk1)	846,371,892,388
26414 (Mapk10)	735,360,781,377
26419 (Mapk8)	735,360,781,377
26420 (Mapk9)	735,360,781,377
12928 (Crk)	450,326,496,343
12929 (Crkl)	450,326,496,343
14083 (Ptk2)	561,290,607,307
20662 (Sos1)	446,467,492,484
20663 (Sos2)	446,467,492,484
14784 (Grb2)	366,467,412,484
20416 (Shc1)	294,467,340,484
20418 (Shc3)	294,467,340,484
216148 (Shc2)	294,467,340,484
271849 (Shc4)	294,467,340,484
18750 (Prkca)	598,185,644,202
18751 (Prkcb)	598,185,644,202
18752 (Prkcg)	598,185,644,202
108058 (Camk2d)	598,138,644,155
12322 (Camk2a)	598,138,644,155
12323 (Camk2b)	598,138,644,155
12325 (Camk2g)	598,138,644,155
18803 (Plcg1)	368,160,414,177
234779 (Plcg2)	368,160,414,177
15200 (Hbegf)	46,364,92,381
211323 (Nrg1)	46,507,92,524
13874 (Ereg)	46,388,92,405
12223 (Btc)	46,340,92,357
16476 (Jun)	846,348,892,365
11350 (Abl1)	545,326,591,343
11352 (Abl2)	545,326,591,343
18706 (Pik3ca)	299,641,345,658
18707 (Pik3cd)	299,641,345,658
18708 (Pik3r1)	299,641,345,658
18709 (Pik3r2)	299,641,345,658
18710 (Pik3r3)	299,641,345,658
74769 (Pik3cb)	299,641,345,658
11651 (Akt1)	430,641,476,658
11652 (Akt2)	430,641,476,658
23797 (Akt3)	430,641,476,658
13649 (Egfr)	177,191,223,208
20779 (Src)	467,290,513,307
83961 (Nrg4)	46,646,92,663
17869 (Myc)	846,455,892,472
11839 (Areg)	46,256,92,273
13645 (Egf)	46,208,92,225
26413 (Mapk1)	735,467,781,484
26417 (Mapk3)	735,467,781,484
26395 (Map2k1)	662,467,708,484
26396 (Map2k2)	662,467,708,484
109880 (Braf)	590,467,636,484
110157 (Raf1)	590,467,636,484
11836 (Araf)	590,467,636,484
15461 (Hras)	519,467,565,484
16653 (Kras)	519,467,565,484
18176 (Nras)	519,467,565,484
mmu05223: Non-small cell lung cancer	876,126,978,160
mmu05212: Pancreatic cancer	876,76,978,110
mmu04150: mTOR signaling pathway	688,593,790,627
mmu05213: Endometrial cancer	876,681,978,715
mmu05214: Glioma	876,624,978,658
mmu04020: Calcium signaling pathway	300,108,412,142
mmu04010: MAPK signaling pathway	653,402,755,436
mmu04012: ErbB signaling pathway	40,45,254,70
mmu04110: Cell cycle	687,681,790,715
mmu04151: PI3K-Akt signaling pathway	333,682,435,716
