234407 (Colgalt1)	163,462,193,462,193,466,163,466
26433 (Plod3)	163,462,193,462,193,466,163,466
269132 (Colgalt2)	163,462,193,462,193,466,163,466
381694 (B3glct)	281,287,296,272,300,272,285,287
26433 (Plod3)	92,462,122,462,122,466,92,466
20440 (St6gal1)	114,241,144,241,144,245,114,245
20441 (St3gal3)	114,241,144,241,144,245,114,245
240119 (St6gal2)	114,241,144,241,144,245,114,245
16848 (Lfng)	283,243,298,258,302,258,287,243
17305 (Mfng)	283,243,298,258,302,258,287,243
19719 (Rfng)	283,243,298,258,302,258,287,243
14595 (B4galt1)	195,241,225,241,225,245,195,245
53418 (B4galt2)	195,241,225,241,225,245,195,245
57370 (B4galt3)	195,241,225,241,225,245,195,245
140484 (Pofut1)	349,264,379,264,379,268,349,268
80294 (Pofut2)	349,264,379,264,379,268,349,268
268880 (Xxylt1)	88,365,118,365,118,369,88,369
224143 (Poglut1)	221,365,251,365,251,369,221,369
223827 (Gxylt1)	153,365,183,365,183,369,153,369
232313 (Gxylt2)	153,365,183,365,183,369,153,369
101351 (Eogt)	113,145,143,145,143,149,113,149
108155 (Ogt)	113,145,143,145,143,149,113,149
217734 (Pomt2)	841,149,871,149,871,153,841,153
99011 (Pomt1)	841,149,871,149,871,153,841,153
217734 (Pomt2)	841,173,871,173,871,177,841,177
99011 (Pomt1)	841,173,871,173,871,177,841,177
217734 (Pomt2)	841,198,871,198,871,202,841,202
99011 (Pomt1)	841,198,871,198,871,202,841,202
217734 (Pomt2)	757,249,787,249,787,253,757,253
99011 (Pomt1)	757,249,787,249,787,253,757,253
mmu00514: Other types of O-glycan biosynthesis	40,45,373,70
