C05981 (Phosphatidylinositol-3,4,5-trisphosphate)	592,298,4
C01245 (D-myo-Inositol 1,4,5-trisphosphate)	581,454,4
C00165 (Diacylglycerol)	581,526,4
C00076 (Calcium cation)	695,466,4
C20640 (Cyclic GMP-AMP)	679,822,4
58988 (Rps6kb2)	861,236,907,253
72508 (Rps6kb1)	861,236,907,253
56717 (Mtor)	768,236,814,253
11651 (Akt1)	643,290,689,307
11652 (Akt2)	643,290,689,307
23797 (Akt3)	643,290,689,307
18706 (Pik3ca)	480,290,526,307
18707 (Pik3cd)	480,290,526,307
18708 (Pik3r1)	480,290,526,307
18709 (Pik3r2)	480,290,526,307
18710 (Pik3r3)	480,290,526,307
74769 (Pik3cb)	480,290,526,307
18033 (Nfkb1)	768,308,814,325
19697 (Rela)	768,308,814,325
15461 (Hras)	581,376,627,393
16653 (Kras)	581,376,627,393
18176 (Nras)	581,376,627,393
110157 (Raf1)	674,376,720,393
26395 (Map2k1)	768,376,814,393
26396 (Map2k2)	768,376,814,393
26413 (Mapk1)	861,376,907,393
26417 (Mapk3)	861,376,907,393
14082 (Fadd)	385,1075,431,1092
12370 (Casp8)	461,1067,507,1084
14102 (Fas)	271,1067,317,1084
100529082 (Gm11127)	718,1357,764,1374
110557 (H2-Q6)	718,1357,764,1374
110558 (H2-Q9)	718,1357,764,1374
110696 (H2-M10.3)	718,1357,764,1374
14963 (H2-Bl)	718,1357,764,1374
14964 (H2-D1)	718,1357,764,1374
14972 (H2-K1)	718,1357,764,1374
14980 (H2-L)	718,1357,764,1374
14985 (H2-M10.1)	718,1357,764,1374
14990 (H2-M2)	718,1357,764,1374
14991 (H2-M3)	718,1357,764,1374
14997 (H2-M9)	718,1357,764,1374
15006 (H2-Q1)	718,1357,764,1374
15007 (H2-Q10)	718,1357,764,1374
15013 (H2-Q2)	718,1357,764,1374
15015 (H2-Q4)	718,1357,764,1374
15018 (H2-Q7)	718,1357,764,1374
15019 (H2-Q8)	718,1357,764,1374
15024 (H2-T10)	718,1357,764,1374
15033 (H2-T18)	718,1357,764,1374
15039 (H2-T22)	718,1357,764,1374
15040 (H2-T23)	718,1357,764,1374
15042 (H2-T24)	718,1357,764,1374
15043 (H2-T3)	718,1357,764,1374
15051 (H2-T9)	718,1357,764,1374
224753 (H2-M10.4)	718,1357,764,1374
224754 (H2-M11)	718,1357,764,1374
224756 (H2-M1)	718,1357,764,1374
224761 (H2-M10.5)	718,1357,764,1374
240095 (H2-M5)	718,1357,764,1374
333715 (H2-M10.2)	718,1357,764,1374
399549 (H2-M10.6)	718,1357,764,1374
547349 (H2-K1)	718,1357,764,1374
630294 (Gm7030)	718,1357,764,1374
667803 (H2-T-ps)	718,1357,764,1374
667977 (Gm8909)	718,1357,764,1374
69717 (Gm10499)	718,1357,764,1374
100529082 (Gm11127)	271,1357,317,1374
110557 (H2-Q6)	271,1357,317,1374
110558 (H2-Q9)	271,1357,317,1374
110696 (H2-M10.3)	271,1357,317,1374
14963 (H2-Bl)	271,1357,317,1374
14964 (H2-D1)	271,1357,317,1374
14972 (H2-K1)	271,1357,317,1374
14980 (H2-L)	271,1357,317,1374
14985 (H2-M10.1)	271,1357,317,1374
14990 (H2-M2)	271,1357,317,1374
14991 (H2-M3)	271,1357,317,1374
14997 (H2-M9)	271,1357,317,1374
15006 (H2-Q1)	271,1357,317,1374
15007 (H2-Q10)	271,1357,317,1374
15013 (H2-Q2)	271,1357,317,1374
15015 (H2-Q4)	271,1357,317,1374
15018 (H2-Q7)	271,1357,317,1374
15019 (H2-Q8)	271,1357,317,1374
15024 (H2-T10)	271,1357,317,1374
15033 (H2-T18)	271,1357,317,1374
15039 (H2-T22)	271,1357,317,1374
15040 (H2-T23)	271,1357,317,1374
15042 (H2-T24)	271,1357,317,1374
15043 (H2-T3)	271,1357,317,1374
15051 (H2-T9)	271,1357,317,1374
224753 (H2-M10.4)	271,1357,317,1374
224754 (H2-M11)	271,1357,317,1374
224756 (H2-M1)	271,1357,317,1374
224761 (H2-M10.5)	271,1357,317,1374
240095 (H2-M5)	271,1357,317,1374
333715 (H2-M10.2)	271,1357,317,1374
399549 (H2-M10.6)	271,1357,317,1374
547349 (H2-K1)	271,1357,317,1374
630294 (Gm7030)	271,1357,317,1374
667803 (H2-T-ps)	271,1357,317,1374
667977 (Gm8909)	271,1357,317,1374
69717 (Gm10499)	271,1357,317,1374
71609 (Tradd)	385,1058,431,1075
12675 (Chuk)	805,914,851,931
16150 (Ikbkb)	805,914,851,931
16151 (Ikbkg)	805,914,851,931
12028 (Bax)	615,1122,661,1139
12018 (Bak1)	615,1144,661,1161
13063 (Cycs)	756,1133,802,1150
13067 (Cyct)	756,1133,802,1150
12367 (Casp3)	910,1133,956,1150
21937 (Tnfrsf1a)	271,931,317,948
100503710 (Gm5741)	448,552,494,569
14688 (Gnb1)	448,552,494,569
14693 (Gnb2)	448,552,494,569
14695 (Gnb3)	448,552,494,569
14696 (Gnb4)	448,552,494,569
14697 (Gnb5)	448,552,494,569
14699 (Gngt1)	448,552,494,569
14700 (Gng10)	448,552,494,569
14701 (Gng12)	448,552,494,569
14702 (Gng2)	448,552,494,569
14704 (Gng3)	448,552,494,569
14706 (Gng4)	448,552,494,569
14707 (Gng5)	448,552,494,569
14708 (Gng7)	448,552,494,569
14709 (Gng8)	448,552,494,569
14710 (Gngt2)	448,552,494,569
64337 (Gng13)	448,552,494,569
66066 (Gng11)	448,552,494,569
12371 (Casp9)	834,1133,880,1150
12122 (Bid)	533,1133,579,1150
18018 (Nfatc1)	933,437,979,454
18019 (Nfatc2)	933,437,979,454
18021 (Nfatc3)	933,437,979,454
73181 (Nfatc4)	933,437,979,454
19055 (Ppp3ca)	826,437,872,454
19056 (Ppp3cb)	826,437,872,454
19057 (Ppp3cc)	826,437,872,454
19058 (Ppp3r1)	826,437,872,454
19059 (Ppp3r2)	826,437,872,454
12313 (Calm1)	731,437,777,454
12314 (Calm2)	731,437,777,454
12315 (Calm3)	731,437,777,454
494124 (Calm5)	731,437,777,454
70405 (Calml3)	731,437,777,454
75600 (Calml4)	731,437,777,454
80796 (Calm4)	731,437,777,454
14672 (Gna11)	381,361,427,378
14682 (Gnaq)	381,361,427,378
21354 (Tap1)	718,1272,764,1289
21355 (Tap2)	718,1272,764,1289
21356 (Tapbp)	718,1289,764,1306
14677 (Gnai1)	381,290,427,307
14678 (Gnai2)	381,290,427,307
14679 (Gnai3)	381,290,427,307
14681 (Gnao1)	381,290,427,307
21926 (Tnf)	182,931,228,948
12767 (Cxcr4)	271,313,317,330
14083 (Ptk2)	643,164,689,181
12928 (Crk)	840,176,886,193
12929 (Crkl)	840,176,886,193
19303 (Pxn)	840,154,886,171
18750 (Prkca)	731,478,777,495
18751 (Prkcb)	731,478,777,495
18752 (Prkcg)	731,478,777,495
19229 (Ptk2b)	748,164,794,181
19766 (Ripk1)	480,922,526,939
71609 (Tradd)	526,922,572,939
22033 (Traf5)	480,939,526,956
22030 (Traf2)	526,939,572,956
14827 (Pdia3)	684,1311,730,1328
12317 (Calr)	684,1328,730,1345
12010 (B2m)	683,1396,729,1413
16438 (Itpr1)	622,473,668,490
16439 (Itpr2)	622,473,668,490
16440 (Itpr3)	622,473,668,490
15977 (Ifnb1)	1225,799,1271,816
15962 (Ifna1)	1174,799,1220,816
15964 (Ifna11)	1174,799,1220,816
15965 (Ifna2)	1174,799,1220,816
15967 (Ifna4)	1174,799,1220,816
15968 (Ifna5)	1174,799,1220,816
15969 (Ifna6)	1174,799,1220,816
15970 (Ifna7)	1174,799,1220,816
15972 (Ifna9)	1174,799,1220,816
15974 (Ifnab)	1174,799,1220,816
230396 (Ifna13)	1174,799,1220,816
242517 (Ifna15)	1174,799,1220,816
242519 (Ifna12)	1174,799,1220,816
404549 (Ifna14)	1174,799,1220,816
56480 (Tbk1)	825,814,871,831
54131 (Irf3)	979,814,1025,831
214763 (Cgas)	572,814,618,831
72512 (Tmem173)	730,814,776,831
12504 (Cd4)	271,281,317,298
12774 (Ccr5)	271,334,317,351
17874 (Myd88)	356,666,402,683
26413 (Mapk1)	805,694,851,711
26417 (Mapk3)	805,694,851,711
26409 (Map3k7)	636,683,682,700
19094 (Mapk11)	805,717,851,734
26415 (Mapk13)	805,717,851,734
26416 (Mapk14)	805,717,851,734
29857 (Mapk12)	805,717,851,734
16179 (Irak1)	448,675,494,692
26414 (Mapk10)	805,740,851,757
26419 (Mapk8)	805,740,851,757
26420 (Mapk9)	805,740,851,757
22034 (Traf6)	541,666,587,683
66513 (Tab1)	636,649,682,666
68652 (Tab2)	636,666,682,683
18035 (Nfkbia)	929,639,975,656
21926 (Tnf)	1174,613,1220,630
24088 (Tlr2)	271,645,317,662
21898 (Tlr4)	271,683,317,700
266632 (Irak4)	448,658,494,675
18033 (Nfkb1)	929,611,975,628
19697 (Rela)	929,611,975,628
14281 (Fos)	929,715,975,732
16476 (Jun)	929,715,975,732
14102 (Fas)	166,1271,212,1288
14103 (Fasl)	271,1189,317,1206
12534 (Cdk1)	1198,1320,1244,1337
11920 (Atm)	1198,1152,1244,1169
245000 (Atr)	1198,1152,1244,1169
12649 (Chek1)	1198,1200,1244,1217
12532 (Cdc25c)	1146,1265,1192,1282
12442 (Ccnb2)	1198,1303,1244,1320
209091 (Ccnb3)	1198,1303,1244,1320
268697 (Ccnb1)	1198,1303,1244,1320
12015 (Bad)	768,339,814,356
14281 (Fos)	861,308,907,325
16476 (Jun)	861,308,907,325
18803 (Plcg1)	478,464,524,481
234779 (Plcg2)	478,464,524,481
12631 (Cfl1)	825,552,871,569
12632 (Cfl2)	825,552,871,569
16885 (Limk1)	731,552,777,569
16886 (Limk2)	731,552,777,569
18479 (Pak1)	636,552,682,569
18481 (Pak3)	636,552,682,569
214230 (Pak6)	636,552,682,569
224105 (Pak2)	636,552,682,569
241656 (Pak7)	636,552,682,569
70584 (Pak4)	636,552,682,569
170758 (Rac3)	541,552,587,569
19353 (Rac1)	541,552,587,569
19354 (Rac2)	541,552,587,569
15977 (Ifnb1)	1225,591,1271,608
15962 (Ifna1)	1174,591,1220,608
15964 (Ifna11)	1174,591,1220,608
15965 (Ifna2)	1174,591,1220,608
15967 (Ifna4)	1174,591,1220,608
15968 (Ifna5)	1174,591,1220,608
15969 (Ifna6)	1174,591,1220,608
15970 (Ifna7)	1174,591,1220,608
15972 (Ifna9)	1174,591,1220,608
15974 (Ifnab)	1174,591,1220,608
230396 (Ifna13)	1174,591,1220,608
242517 (Ifna15)	1174,591,1220,608
242519 (Ifna12)	1174,591,1220,608
404549 (Ifna14)	1174,591,1220,608
21926 (Tnf)	1174,716,1220,733
80287 (Apobec3)	1174,827,1220,844
56045 (Samhd1)	1225,827,1271,844
209387 (Trim30d)	1174,849,1220,866
319236 (Trim12c)	1174,849,1220,866
69550 (Bst2)	1225,849,1271,866
19094 (Mapk11)	805,947,851,964
26415 (Mapk13)	805,947,851,964
26416 (Mapk14)	805,947,851,964
29857 (Mapk12)	805,947,851,964
26414 (Mapk10)	805,981,851,998
26419 (Mapk8)	805,981,851,998
26420 (Mapk9)	805,981,851,998
14281 (Fos)	929,981,975,998
16476 (Jun)	929,981,975,998
26397 (Map2k3)	712,947,758,964
26399 (Map2k6)	712,947,758,964
26400 (Map2k7)	712,981,758,998
14103 (Fasl)	166,1067,212,1084
14102 (Fas)	166,1109,212,1126
12500 (Cd3d)	271,1254,317,1271
12501 (Cd3e)	271,1254,317,1271
12502 (Cd3g)	271,1254,317,1271
12503 (Cd247)	271,1254,317,1271
12043 (Bcl2)	615,1172,661,1189
12048 (Bcl2l1)	615,1194,661,1211
22390 (Wee1)	1249,1266,1295,1283
381759 (Wee2)	1249,1266,1295,1283
72584 (Cul4b)	1243,1091,1289,1108
99375 (Cul4a)	1243,1091,1289,1108
13194 (Ddb1)	1198,1091,1244,1108
321006 (Dcaf1)	1152,1091,1198,1108
67673 (Elob)	709,1467,755,1484
75717 (Cul5)	755,1467,801,1484
67923 (Eloc)	709,1484,755,1501
19823 (Rnf7)	755,1484,801,1501
80287 (Apobec3)	844,1476,890,1493
100529082 (Gm11127)	510,1400,556,1417
110557 (H2-Q6)	510,1400,556,1417
110558 (H2-Q9)	510,1400,556,1417
110696 (H2-M10.3)	510,1400,556,1417
14963 (H2-Bl)	510,1400,556,1417
14964 (H2-D1)	510,1400,556,1417
14972 (H2-K1)	510,1400,556,1417
14980 (H2-L)	510,1400,556,1417
14985 (H2-M10.1)	510,1400,556,1417
14990 (H2-M2)	510,1400,556,1417
14991 (H2-M3)	510,1400,556,1417
14997 (H2-M9)	510,1400,556,1417
15006 (H2-Q1)	510,1400,556,1417
15007 (H2-Q10)	510,1400,556,1417
15013 (H2-Q2)	510,1400,556,1417
15015 (H2-Q4)	510,1400,556,1417
15018 (H2-Q7)	510,1400,556,1417
15019 (H2-Q8)	510,1400,556,1417
15024 (H2-T10)	510,1400,556,1417
15033 (H2-T18)	510,1400,556,1417
15039 (H2-T22)	510,1400,556,1417
15040 (H2-T23)	510,1400,556,1417
15042 (H2-T24)	510,1400,556,1417
15043 (H2-T3)	510,1400,556,1417
15051 (H2-T9)	510,1400,556,1417
224753 (H2-M10.4)	510,1400,556,1417
224754 (H2-M11)	510,1400,556,1417
224756 (H2-M1)	510,1400,556,1417
224761 (H2-M10.5)	510,1400,556,1417
240095 (H2-M5)	510,1400,556,1417
333715 (H2-M10.2)	510,1400,556,1417
399549 (H2-M10.6)	510,1400,556,1417
547349 (H2-K1)	510,1400,556,1417
630294 (Gm7030)	510,1400,556,1417
667803 (H2-T-ps)	510,1400,556,1417
667977 (Gm8909)	510,1400,556,1417
69717 (Gm10499)	510,1400,556,1417
108012 (Ap1s2)	464,1400,510,1417
11764 (Ap1b1)	464,1400,510,1417
11765 (Ap1g1)	464,1400,510,1417
11766 (Ap1g2)	464,1400,510,1417
11767 (Ap1m1)	464,1400,510,1417
11768 (Ap1m2)	464,1400,510,1417
11769 (Ap1s1)	464,1400,510,1417
252903 (Ap1s3)	464,1400,510,1417
21938 (Tnfrsf1b)	166,552,212,569
21926 (Tnf)	271,552,317,569
12048 (Bcl2l1)	88,552,134,569
12504 (Cd4)	438,133,484,150
103583 (Fbxw11)	410,171,456,188
12234 (Btrc)	410,171,456,188
21402 (Skp1a)	410,171,456,188
26965 (Cul1)	410,171,456,188
56438 (Rbx1)	410,171,456,188
12015 (Bad)	464,1179,510,1196
12675 (Chuk)	805,639,851,656
16150 (Ikbkb)	805,639,851,656
16151 (Ikbkg)	805,639,851,656
18035 (Nfkbia)	929,914,975,931
18033 (Nfkb1)	929,886,975,903
19697 (Rela)	929,886,975,903
mmu05170: Human immunodeficiency virus 1 infection	40,45,428,70
mmu04064: NF-kappa B signaling pathway	768,269,878,303
mmu04151: PI3K-Akt signaling pathway	614,225,738,259
mmu04612: Antigen processing and presentation	348,1312,462,1346
mmu04150: mTOR signaling pathway	760,205,913,230
mmu04210: Apoptosis	772,1160,881,1185
mmu04010: MAPK signaling pathway	591,334,699,368
mmu04810: Regulation of actin cytoskeleton	713,120,837,154
mmu03050: Proteasome	852,1240,961,1265
mmu04110: Cell cycle	1093,1124,1195,1149
mmu04668: TNF signaling pathway	505,1006,658,1031
mmu04623: Cytosolic DNA-sensing pathway	389,773,513,807
mmu04020: Calcium signaling pathway	562,407,686,441
mmu04620: Toll-like receptor signaling pathway	491,705,615,739
mmu04142: Lysosome	551,1480,639,1505
mmu04141: Protein processing in endoplasmic reticulum	533,120,675,154
