C00076 (Calcium cation)	301,667,4
56513 (Pard6a)	285,186,331,203
58220 (Pard6b)	285,186,331,203
93737 (Pard6g)	285,186,331,203
12695 (Patj)	357,221,403,238
12540 (Cdc42)	624,256,670,273
20869 (Stk11)	398,908,444,925
70737 (Cgn)	398,839,444,856
21844 (Tiam1)	398,339,444,356
70497 (Arhgap17)	511,256,557,273
18260 (Ocln)	149,799,195,816
21872 (Tjp1)	285,801,331,818
18260 (Ocln)	103,799,149,816
12695 (Patj)	511,873,557,890
102098 (Arhgef18)	511,839,557,856
11848 (Rhoa)	624,839,670,856
67653 (4930544G11Rik)	624,839,670,856
19877 (Rock1)	737,839,783,856
19878 (Rock2)	737,839,783,856
17906 (Myl2)	850,839,896,856
54357 (Epb41l4b)	398,873,444,890
93742 (Pard3)	285,339,331,356
18759 (Prkci)	285,272,331,289
18762 (Prkcz)	285,272,331,289
19353 (Rac1)	511,339,557,356
72058 (Igsf5)	149,969,195,986
14924 (Magi1)	285,969,331,986
16456 (F11r)	149,1040,195,1057
192786 (Rapgef6)	285,1021,331,1038
109905 (Rap1a)	398,1032,444,1049
19052 (Ppp2ca)	285,767,331,784
19053 (Ppp2cb)	285,767,331,784
269643 (Ppp2r2c)	285,767,331,784
51792 (Ppp2r1a)	285,767,331,784
52432 (Ppp2r2d)	285,767,331,784
71978 (Ppp2r2a)	285,767,331,784
72930 (Ppp2r2b)	285,767,331,784
73699 (Ppp2r1b)	285,767,331,784
109711 (Actn1)	398,986,444,1003
60595 (Actn4)	398,986,444,1003
11461 (Actb)	398,969,444,986
11465 (Actg1)	398,969,444,986
104027 (Synpo)	398,952,444,969
231830 (Micall2)	511,986,557,1003
68328 (Rab13)	624,986,670,1003
68328 (Rab13)	624,801,670,818
18747 (Prkaca)	511,801,557,818
18749 (Prkacb)	511,801,557,818
22323 (Vasp)	398,801,444,818
18260 (Ocln)	149,703,195,720
21872 (Tjp1)	285,730,331,747
20779 (Src)	398,703,444,720
26400 (Map2k7)	511,659,557,676
26408 (Map3k5)	398,659,444,676
26414 (Mapk10)	511,703,557,720
26419 (Mapk8)	511,703,557,720
26420 (Mapk9)	511,703,557,720
12289 (Cacna1d)	149,655,195,672
21872 (Tjp1)	285,548,331,565
56449 (Ybx3)	398,548,444,565
26941 (Slc9a3r1)	285,609,331,626
11461 (Actb)	511,622,557,639
11465 (Actg1)	511,622,557,639
17698 (Msn)	398,609,444,626
19684 (Rdx)	398,609,444,626
22350 (Ezr)	398,609,444,626
16897 (Llgl1)	398,294,444,311
217325 (Llgl2)	398,294,444,311
17475 (Mpdz)	430,221,476,238
227157 (Mpp4)	511,186,557,203
73608 (Marveld3)	149,491,195,508
218518 (Marveld2)	149,1136,195,1153
26401 (Map3k1)	285,491,331,508
26414 (Mapk10)	398,491,444,508
26419 (Mapk8)	398,491,444,508
26420 (Mapk9)	398,491,444,508
100039801 (Cldn24)	149,856,195,873
114141 (Cldn16)	149,856,195,873
12737 (Cldn1)	149,856,195,873
12738 (Cldn2)	149,856,195,873
12739 (Cldn3)	149,856,195,873
12740 (Cldn4)	149,856,195,873
12741 (Cldn5)	149,856,195,873
18417 (Cldn11)	149,856,195,873
239931 (Cldn17)	149,856,195,873
242653 (Cldn19)	149,856,195,873
53624 (Cldn7)	149,856,195,873
54419 (Cldn6)	149,856,195,873
54420 (Cldn8)	149,856,195,873
56173 (Cldn14)	149,856,195,873
56492 (Cldn18)	149,856,195,873
56863 (Cldn9)	149,856,195,873
57255 (Cldn13)	149,856,195,873
58187 (Cldn10)	149,856,195,873
60363 (Cldn15)	149,856,195,873
621628 (Cldn20)	149,856,195,873
71908 (Cldn23)	149,856,195,873
73934 (Cldn34c4)	149,856,195,873
74987 (Cldn34d)	149,856,195,873
75677 (Cldn22)	149,856,195,873
18759 (Prkci)	285,908,331,925
18762 (Prkcz)	285,908,331,925
105787 (Prkaa1)	511,908,557,925
108079 (Prkaa2)	511,908,557,925
108097 (Prkab2)	511,908,557,925
108099 (Prkag2)	511,908,557,925
19079 (Prkab1)	511,908,557,925
19082 (Prkag1)	511,908,557,925
241113 (Prkag3)	511,908,557,925
17906 (Myl2)	624,908,670,925
21872 (Tjp1)	285,1076,331,1093
21873 (Tjp2)	285,1076,331,1093
17356 (Afdn)	285,1048,331,1065
76089 (Rapgef2)	398,1076,444,1093
72065 (Rap2c)	511,1076,557,1093
11848 (Rhoa)	624,1076,670,1093
67653 (4930544G11Rik)	624,1076,670,1093
21872 (Tjp1)	285,1104,331,1121
12540 (Cdc42)	398,1136,444,1153
22142 (Tuba1a)	285,1136,331,1153
22143 (Tuba1b)	285,1136,331,1153
22144 (Tuba3a)	285,1136,331,1153
22145 (Tuba4a)	285,1136,331,1153
22146 (Tuba1c)	285,1136,331,1153
22147 (Tuba3b)	285,1136,331,1153
238463 (Tubal3)	285,1136,331,1153
53857 (Tuba8)	285,1136,331,1153
22376 (Was)	511,1136,557,1152
434204 (Whamm)	511,1136,557,1152
242894 (Actr3b)	624,1118,670,1135
66713 (Actr2)	624,1118,670,1135
74117 (Actr3)	624,1118,670,1135
11461 (Actb)	624,1151,670,1168
11465 (Actg1)	624,1151,670,1168
18016 (Nf2)	511,223,557,240
12567 (Cdk4)	398,531,444,548
13866 (Erbb2)	921,566,967,583
18538 (Pcna)	921,529,967,546
12394 (Runx1)	970,566,1016,583
11848 (Rhoa)	624,439,670,456
67653 (4930544G11Rik)	624,439,670,456
16800 (Arhgef2)	511,439,557,456
16456 (F11r)	149,384,195,401
67374 (Jam2)	149,384,195,401
83964 (Jam3)	149,384,195,401
16456 (F11r)	103,384,149,401
67374 (Jam2)	103,384,149,401
83964 (Jam3)	103,384,149,401
70737 (Cgn)	398,428,444,445
21872 (Tjp1)	285,439,331,456
18260 (Ocln)	149,339,195,356
18260 (Ocln)	103,339,149,356
100039801 (Cldn24)	149,297,195,314
114141 (Cldn16)	149,297,195,314
12737 (Cldn1)	149,297,195,314
12738 (Cldn2)	149,297,195,314
12739 (Cldn3)	149,297,195,314
12740 (Cldn4)	149,297,195,314
12741 (Cldn5)	149,297,195,314
18417 (Cldn11)	149,297,195,314
239931 (Cldn17)	149,297,195,314
242653 (Cldn19)	149,297,195,314
53624 (Cldn7)	149,297,195,314
54419 (Cldn6)	149,297,195,314
54420 (Cldn8)	149,297,195,314
56173 (Cldn14)	149,297,195,314
56492 (Cldn18)	149,297,195,314
56863 (Cldn9)	149,297,195,314
57255 (Cldn13)	149,297,195,314
58187 (Cldn10)	149,297,195,314
60363 (Cldn15)	149,297,195,314
621628 (Cldn20)	149,297,195,314
71908 (Cldn23)	149,297,195,314
73934 (Cldn34c4)	149,297,195,314
74987 (Cldn34d)	149,297,195,314
75677 (Cldn22)	149,297,195,314
100039801 (Cldn24)	103,297,149,314
114141 (Cldn16)	103,297,149,314
12737 (Cldn1)	103,297,149,314
12738 (Cldn2)	103,297,149,314
12739 (Cldn3)	103,297,149,314
12740 (Cldn4)	103,297,149,314
12741 (Cldn5)	103,297,149,314
18417 (Cldn11)	103,297,149,314
239931 (Cldn17)	103,297,149,314
242653 (Cldn19)	103,297,149,314
53624 (Cldn7)	103,297,149,314
54419 (Cldn6)	103,297,149,314
54420 (Cldn8)	103,297,149,314
56173 (Cldn14)	103,297,149,314
56492 (Cldn18)	103,297,149,314
56863 (Cldn9)	103,297,149,314
57255 (Cldn13)	103,297,149,314
58187 (Cldn10)	103,297,149,314
60363 (Cldn15)	103,297,149,314
621628 (Cldn20)	103,297,149,314
71908 (Cldn23)	103,297,149,314
73934 (Cldn34c4)	103,297,149,314
74987 (Cldn34d)	103,297,149,314
75677 (Cldn22)	103,297,149,314
18260 (Ocln)	149,548,195,565
18260 (Ocln)	103,548,149,565
100039801 (Cldn24)	103,856,149,873
114141 (Cldn16)	103,856,149,873
12737 (Cldn1)	103,856,149,873
12738 (Cldn2)	103,856,149,873
12739 (Cldn3)	103,856,149,873
12740 (Cldn4)	103,856,149,873
12741 (Cldn5)	103,856,149,873
18417 (Cldn11)	103,856,149,873
239931 (Cldn17)	103,856,149,873
242653 (Cldn19)	103,856,149,873
53624 (Cldn7)	103,856,149,873
54419 (Cldn6)	103,856,149,873
54420 (Cldn8)	103,856,149,873
56173 (Cldn14)	103,856,149,873
56492 (Cldn18)	103,856,149,873
56863 (Cldn9)	103,856,149,873
57255 (Cldn13)	103,856,149,873
58187 (Cldn10)	103,856,149,873
60363 (Cldn15)	103,856,149,873
621628 (Cldn20)	103,856,149,873
71908 (Cldn23)	103,856,149,873
73934 (Cldn34c4)	103,856,149,873
74987 (Cldn34d)	103,856,149,873
75677 (Cldn22)	103,856,149,873
27494 (Amot)	398,256,444,273
56332 (Amotl2)	398,256,444,273
75723 (Amotl1)	398,256,444,273
16476 (Jun)	511,491,557,508
12479 (Cd1d1)	921,491,967,508
12480 (Cd1d2)	921,491,967,508
73608 (Marveld3)	103,491,149,508
15525 (Hspa4)	285,580,331,597
14463 (Gata4)	735,439,781,456
100039801 (Cldn24)	921,439,967,456
114141 (Cldn16)	921,439,967,456
12737 (Cldn1)	921,439,967,456
12738 (Cldn2)	921,439,967,456
12739 (Cldn3)	921,439,967,456
12740 (Cldn4)	921,439,967,456
12741 (Cldn5)	921,439,967,456
18417 (Cldn11)	921,439,967,456
239931 (Cldn17)	921,439,967,456
242653 (Cldn19)	921,439,967,456
53624 (Cldn7)	921,439,967,456
54419 (Cldn6)	921,439,967,456
54420 (Cldn8)	921,439,967,456
56173 (Cldn14)	921,439,967,456
56492 (Cldn18)	921,439,967,456
56863 (Cldn9)	921,439,967,456
57255 (Cldn13)	921,439,967,456
58187 (Cldn10)	921,439,967,456
60363 (Cldn15)	921,439,967,456
621628 (Cldn20)	921,439,967,456
71908 (Cldn23)	921,439,967,456
73934 (Cldn34c4)	921,439,967,456
74987 (Cldn34d)	921,439,967,456
75677 (Cldn22)	921,439,967,456
12443 (Ccnd1)	970,529,1016,546
68188 (Sympk)	398,565,444,582
12638 (Cftr)	149,580,195,597
93742 (Pard3)	624,873,670,890
56513 (Pard6a)	285,925,331,942
58220 (Pard6b)	285,925,331,942
93737 (Pard6g)	285,925,331,942
93742 (Pard3)	285,856,331,873
18260 (Ocln)	103,703,149,720
23828 (Bves)	149,439,195,456
23828 (Bves)	103,439,149,456
72058 (Igsf5)	103,969,149,986
13043 (Cttn)	398,758,444,775
15163 (Hcls1)	398,758,444,775
242894 (Actr3b)	511,741,557,758
66713 (Actr2)	511,741,557,758
74117 (Actr3)	511,741,557,758
11461 (Actb)	511,758,557,775
11465 (Actg1)	511,758,557,775
22376 (Was)	511,775,557,791
434204 (Whamm)	511,775,557,791
17274 (Rab8a)	624,953,670,970
235442 (Rab8b)	624,953,670,970
16456 (F11r)	149,1057,195,1074
16456 (F11r)	103,1040,149,1057
16456 (F11r)	103,1057,149,1074
16412 (Itgb1)	511,1032,557,1049
19353 (Rac1)	674,256,720,273
224912 (Crb3)	341,130,387,147
56217 (Mpp5)	398,186,444,203
105782 (Scrib)	511,306,557,323
13383 (Dlg1)	511,283,557,300
27375 (Tjp3)	212,222,258,239
17879 (Myh1)	737,908,783,925
17880 (Myh11)	737,908,783,925
17882 (Myh2)	737,908,783,925
17883 (Myh3)	737,908,783,925
17884 (Myh4)	737,908,783,925
17885 (Myh8)	737,908,783,925
17886 (Myh9)	737,908,783,925
17904 (Myl6)	737,908,783,925
216459 (Myl6b)	737,908,783,925
544791 (Myh13)	737,908,783,925
667772 (Myh15)	737,908,783,925
668940 (Myh7b)	737,908,783,925
67268 (Myl12a)	737,908,783,925
67938 (Myl12b)	737,908,783,925
71960 (Myh14)	737,908,783,925
77579 (Myh10)	737,908,783,925
98932 (Myl9)	737,908,783,925
19877 (Rock1)	737,1076,783,1093
19878 (Rock2)	737,1076,783,1093
17906 (Myl2)	850,1076,896,1093
18754 (Prkce)	511,593,557,610
68178 (Cgnl1)	398,449,444,466
12540 (Cdc42)	212,186,258,203
218518 (Marveld2)	103,1136,149,1153
19052 (Ppp2ca)	213,272,259,289
19053 (Ppp2cb)	213,272,259,289
269643 (Ppp2r2c)	213,272,259,289
51792 (Ppp2r1a)	213,272,259,289
52432 (Ppp2r2d)	213,272,259,289
71978 (Ppp2r2a)	213,272,259,289
72930 (Ppp2r2b)	213,272,259,289
73699 (Ppp2r1b)	213,272,259,289
21872 (Tjp1)	284,384,330,401
74094 (Tjap1)	398,384,444,401
53310 (Dlg3)	512,393,558,410
23859 (Dlg2)	512,376,558,393
17999 (Nedd4)	624,393,670,410
83814 (Nedd4l)	624,393,670,410
mmu04530: Tight junction	40,45,183,70
mmu04810: Regulation of actin cytoskeleton	713,869,881,893
mmu04520: Adherens junction	622,221,720,244
