C04717 ((9Z,11E)-(13S)-13-Hydroperoxyoctadeca-9,11-dienoic acid)	705,340,4
C14833 (9,12,13-TriHOME)	905,170,4
C14832 (12,13-Epoxy-9-hydroxy-10-octadecenoate)	791,170,4
C14766 (9-OxoODE)	705,113,4
C14765 (13-OxoODE)	705,487,4
C14767 (9(S)-HODE)	705,170,4
C14833 (9,12,13-TriHOME)	905,340,4
C14835 (9,10,13-TriHOME)	905,228,4
C14832 (12,13-Epoxy-9-hydroxy-10-octadecenoate)	791,340,4
C14834 (9,10-Epoxy-13-hydroxy-11-octadecenoate)	791,228,4
C14828 (9,10-DHOME)	492,430,4
C14825 (9(10)-EpOME)	377,431,4
C14827 (9(S)-HPODE)	705,227,4
C00219 (Arachidonate)	115,227,4
C00157 (Phosphatidylcholine)	379,170,4
C14831 (8(R)-HPODE)	459,227,4
C07338 ((9Z,12Z)-(11S)-11-Hydroperoxyoctadeca-9,12-dienoic acid)	634,227,4
C14826 (12(13)-EpOME)	273,431,4
C01595 (Linoleate)	379,283,4
C06426 ((6Z,9Z,12Z)-Octadecatrienoic acid)	228,227,4
C07289 (Crepenynate)	228,279,4
C14762 (13(S)-HODE)	705,430,4
C04056 (9-cis,11-trans-Octadecadienoate)	492,340,4
C07354 ((7S,8S)-DiHODE)	514,170,4
C14829 (12,13-DHOME)	172,431,4
C03242 ((8Z,11Z,14Z)-Icosatrienoic acid)	172,227,4
C14837 (9,10-Dihydroxy-12,13-epoxyoctadecanoate)	325,544,4
C14836 (9,10-12,13-Diepoxyoctadecanoate)	325,487,4
C20186 (5S,8R-DiHODE)	459,170,4
C19937 ((8E,10R,12Z)-10-Hydroperoxy-8,12-octadecadienoate)	566,224,4
13077 (Cyp1a2)	355,347,401,364
13077 (Cyp1a2)	250,347,296,364
11687 (Alox15)	707,302,753,319
18778 (Pla2g1b)	355,195,401,212
18780 (Pla2g2a)	355,195,401,212
18781 (Pla2g2c)	355,195,401,212
18782 (Pla2g2d)	355,195,401,212
18783 (Pla2g4a)	355,195,401,212
18784 (Pla2g5)	355,195,401,212
211429 (Pla2g4b)	355,195,401,212
225845 (Pla2g16)	355,195,401,212
232889 (Pla2g4c)	355,195,401,212
237625 (Pla2g3)	355,195,401,212
26565 (Pla2g10)	355,195,401,212
26970 (Pla2g2e)	355,195,401,212
26971 (Pla2g2f)	355,195,401,212
271844 (Pla2g4f)	355,195,401,212
329502 (Pla2g4e)	355,195,401,212
53357 (Pla2g6)	355,195,401,212
66350 (Pla2g12a)	355,195,401,212
665270 (Plb1)	355,195,401,212
69836 (Pla2g12b)	355,195,401,212
78390 (Pla2g4d)	355,195,401,212
107141 (Cyp2c50)	225,366,271,383
13095 (Cyp2c29)	225,366,271,383
13096 (Cyp2c37)	225,366,271,383
13097 (Cyp2c38)	225,366,271,383
13098 (Cyp2c39)	225,366,271,383
13099 (Cyp2c40)	225,366,271,383
226105 (Cyp2c70)	225,366,271,383
226143 (Cyp2c23)	225,366,271,383
404195 (Cyp2c54)	225,366,271,383
433247 (Cyp2c68)	225,366,271,383
69888 (Cyp2c66)	225,366,271,383
72082 (Cyp2c55)	225,366,271,383
72303 (Cyp2c65)	225,366,271,383
100066 (Cyp2j11)	275,366,321,383
13109 (Cyp2j5)	275,366,321,383
13110 (Cyp2j6)	275,366,321,383
230459 (Cyp2j13)	275,366,321,383
242546 (Cyp2j12)	275,366,321,383
665095 (Cyp2j8)	275,366,321,383
74519 (Cyp2j9)	275,366,321,383
13106 (Cyp2e1)	225,385,271,402
100041375 (Cyp3a41b)	275,385,321,402
13112 (Cyp3a11)	275,385,321,402
13113 (Cyp3a13)	275,385,321,402
13114 (Cyp3a16)	275,385,321,402
337924 (Cyp3a44)	275,385,321,402
53973 (Cyp3a41a)	275,385,321,402
56388 (Cyp3a25)	275,385,321,402
107141 (Cyp2c50)	329,366,375,383
13095 (Cyp2c29)	329,366,375,383
13096 (Cyp2c37)	329,366,375,383
13097 (Cyp2c38)	329,366,375,383
13098 (Cyp2c39)	329,366,375,383
13099 (Cyp2c40)	329,366,375,383
226105 (Cyp2c70)	329,366,375,383
226143 (Cyp2c23)	329,366,375,383
404195 (Cyp2c54)	329,366,375,383
433247 (Cyp2c68)	329,366,375,383
69888 (Cyp2c66)	329,366,375,383
72082 (Cyp2c55)	329,366,375,383
72303 (Cyp2c65)	329,366,375,383
100066 (Cyp2j11)	379,366,425,383
13109 (Cyp2j5)	379,366,425,383
13110 (Cyp2j6)	379,366,425,383
230459 (Cyp2j13)	379,366,425,383
242546 (Cyp2j12)	379,366,425,383
665095 (Cyp2j8)	379,366,425,383
74519 (Cyp2j9)	379,366,425,383
13106 (Cyp2e1)	329,385,375,402
100041375 (Cyp3a41b)	379,385,425,402
13112 (Cyp3a11)	379,385,425,402
13113 (Cyp3a13)	379,385,425,402
13114 (Cyp3a16)	379,385,425,402
337924 (Cyp3a44)	379,385,425,402
53973 (Cyp3a41a)	379,385,425,402
56388 (Cyp3a25)	379,385,425,402
mmu00590: Arachidonic acid metabolism	39,125,201,150
mmu00591: Linoleic acid metabolism	40,45,269,70
