C00082 (L-Tyrosine)	125,628,4
C00355 (3,4-Dihydroxy-L-phenylalanine)	194,629,4
C03758 (Dopamine)	264,629,4
C03758 (Dopamine)	361,727,4
C03758 (Dopamine)	405,593,4
C01161 (3,4-Dihydroxyphenylacetate)	384,531,4
C00027 (Hydrogen peroxide)	428,530,4
C00082 (L-Tyrosine)	125,275,4
C00355 (3,4-Dihydroxy-L-phenylalanine)	197,275,4
C03758 (Dopamine)	266,275,4
C03758 (Dopamine)	408,234,4
C01161 (3,4-Dihydroxyphenylacetate)	387,187,4
C00027 (Hydrogen peroxide)	428,188,4
D07445 (Amfetamine (INN))	567,569,4
D07445 (Amfetamine (INN))	236,660,4
D07445 (Amfetamine (INN))	368,565,4
C03758 (Dopamine)	527,328,4
C03758 (Dopamine)	579,629,4
C03758 (Dopamine)	569,260,4
C00575 (3',5'-Cyclic AMP)	777,769,4
C00076 (Calcium cation)	732,561,4
C00025 (L-Glutamate)	577,534,4
C00076 (Calcium cation)	734,914,4
C00575 (3',5'-Cyclic AMP)	778,1128,4
C00082 (L-Tyrosine)	128,984,4
C00355 (3,4-Dihydroxy-L-phenylalanine)	197,984,4
C03758 (Dopamine)	264,985,4
C03758 (Dopamine)	400,951,4
C01161 (3,4-Dihydroxyphenylacetate)	378,890,4
C00027 (Hydrogen peroxide)	421,888,4
D07445 (Amfetamine (INN))	359,929,4
C03758 (Dopamine)	361,1085,4
D07445 (Amfetamine (INN))	492,718,4
D07445 (Amfetamine (INN))	492,1077,4
C00025 (L-Glutamate)	577,886,4
C03758 (Dopamine)	577,989,4
D07445 (Amfetamine (INN))	569,928,4
D07445 (Amfetamine (INN))	238,1019,4
C01330 (Sodium cation)	696,993,4
C01330 (Sodium cation)	695,637,4
D07445 (Amfetamine (INN))	409,655,4
D07445 (Amfetamine (INN))	403,1014,4
D07445 (Amfetamine (INN))	153,659,4
D07445 (Amfetamine (INN))	156,1015,4
110877 (Slc18a1)	320,302,366,319
214084 (Slc18a2)	320,302,366,319
110877 (Slc18a1)	296,670,342,687
214084 (Slc18a2)	296,670,342,687
12288 (Cacna1c)	619,182,665,199
12289 (Cacna1d)	619,182,665,199
14810 (Grin1)	619,241,665,258
14811 (Grin2a)	619,241,665,258
14812 (Grin2b)	619,241,665,258
14813 (Grin2c)	619,241,665,258
14814 (Grin2d)	619,241,665,258
170483 (Grin3b)	619,241,665,258
242443 (Grin3a)	619,241,665,258
14799 (Gria1)	619,288,665,305
14800 (Gria2)	619,288,665,305
14802 (Gria4)	619,288,665,305
53623 (Gria3)	619,288,665,305
13488 (Drd1)	619,350,665,367
13162 (Slc6a3)	504,251,550,268
12288 (Cacna1c)	619,512,665,529
12289 (Cacna1d)	619,512,665,529
14810 (Grin1)	619,552,665,569
14811 (Grin2a)	619,552,665,569
14812 (Grin2b)	619,552,665,569
14813 (Grin2c)	619,552,665,569
14814 (Grin2d)	619,552,665,569
170483 (Grin3b)	619,552,665,569
242443 (Grin3a)	619,552,665,569
14799 (Gria1)	619,629,665,646
14800 (Gria2)	619,629,665,646
14802 (Gria4)	619,629,665,646
53623 (Gria3)	619,629,665,646
13488 (Drd1)	619,717,665,734
110877 (Slc18a1)	388,720,434,737
214084 (Slc18a2)	388,720,434,737
109731 (Maob)	411,556,457,573
17161 (Maoa)	411,556,457,573
13162 (Slc6a3)	503,561,549,578
13162 (Slc6a3)	504,619,550,636
21823 (Th)	134,603,180,620
13195 (Ddc)	204,604,250,621
21823 (Th)	134,250,180,267
13195 (Ddc)	204,250,250,267
109731 (Maob)	411,211,457,228
17161 (Maoa)	411,211,457,228
12313 (Calm1)	754,552,800,569
12314 (Calm2)	754,552,800,569
12315 (Calm3)	754,552,800,569
494124 (Calm5)	754,552,800,569
70405 (Calml3)	754,552,800,569
75600 (Calml4)	754,552,800,569
80796 (Calm4)	754,552,800,569
108058 (Camk2d)	833,552,879,569
12322 (Camk2a)	833,552,879,569
12323 (Camk2b)	833,552,879,569
12325 (Camk2g)	833,552,879,569
12326 (Camk4)	833,552,879,569
19049 (Ppp1r1b)	762,646,808,663
18747 (Prkaca)	752,699,798,716
18749 (Prkacb)	752,699,798,716
14683 (Gnas)	691,730,737,747
224129 (Adcy5)	644,759,690,776
11909 (Atf2)	922,646,968,663
11911 (Atf4)	922,646,968,663
12912 (Creb1)	922,646,968,663
12913 (Creb3)	922,646,968,663
12915 (Atf6b)	922,646,968,663
208647 (Creb3l2)	922,646,968,663
208677 (Creb3l3)	922,646,968,663
231991 (Creb5)	922,646,968,663
26427 (Creb3l1)	922,646,968,663
78284 (Creb3l4)	922,646,968,663
19045 (Ppp1ca)	829,646,875,663
19046 (Ppp1cb)	829,646,875,663
19047 (Ppp1cc)	829,646,875,663
434233 (Ppp1ccb)	829,646,875,663
12288 (Cacna1c)	619,864,665,881
12289 (Cacna1d)	619,864,665,881
14810 (Grin1)	619,905,665,922
14811 (Grin2a)	619,905,665,922
14812 (Grin2b)	619,905,665,922
14813 (Grin2c)	619,905,665,922
14814 (Grin2d)	619,905,665,922
170483 (Grin3b)	619,905,665,922
242443 (Grin3a)	619,905,665,922
14799 (Gria1)	619,983,665,1000
14800 (Gria2)	619,983,665,1000
14802 (Gria4)	619,983,665,1000
53623 (Gria3)	619,983,665,1000
13488 (Drd1)	619,1076,665,1093
12313 (Calm1)	755,907,801,924
12314 (Calm2)	755,907,801,924
12315 (Calm3)	755,907,801,924
494124 (Calm5)	755,907,801,924
70405 (Calml3)	755,907,801,924
75600 (Calml4)	755,907,801,924
80796 (Calm4)	755,907,801,924
19055 (Ppp3ca)	755,953,801,970
19056 (Ppp3cb)	755,953,801,970
19057 (Ppp3cc)	755,953,801,970
19058 (Ppp3r1)	755,953,801,970
19059 (Ppp3r2)	755,953,801,970
19049 (Ppp1r1b)	770,1000,816,1017
19045 (Ppp1ca)	837,1000,883,1017
19046 (Ppp1cb)	837,1000,883,1017
19047 (Ppp1cc)	837,1000,883,1017
434233 (Ppp1ccb)	837,1000,883,1017
11909 (Atf2)	922,1000,968,1017
11911 (Atf4)	922,1000,968,1017
12912 (Creb1)	922,1000,968,1017
12913 (Creb3)	922,1000,968,1017
12915 (Atf6b)	922,1000,968,1017
208647 (Creb3l2)	922,1000,968,1017
208677 (Creb3l3)	922,1000,968,1017
231991 (Creb5)	922,1000,968,1017
26427 (Creb3l1)	922,1000,968,1017
78284 (Creb3l4)	922,1000,968,1017
14683 (Gnas)	693,1092,739,1109
224129 (Adcy5)	644,1120,690,1137
18747 (Prkaca)	757,1055,803,1072
18749 (Prkacb)	757,1055,803,1072
21823 (Th)	134,959,180,976
13195 (Ddc)	204,959,250,976
109731 (Maob)	406,918,452,935
17161 (Maoa)	406,918,452,935
13162 (Slc6a3)	504,978,550,995
13162 (Slc6a3)	504,919,550,936
110877 (Slc18a1)	298,1026,344,1043
214084 (Slc18a2)	298,1026,344,1043
110877 (Slc18a1)	389,1076,435,1093
214084 (Slc18a2)	389,1076,435,1093
20907 (Stx1a)	503,653,549,670
18750 (Prkca)	449,581,495,598
18751 (Prkcb)	449,581,495,598
18752 (Prkcg)	449,581,495,598
108058 (Camk2d)	449,673,495,690
12322 (Camk2a)	449,673,495,690
12323 (Camk2b)	449,673,495,690
12325 (Camk2g)	449,673,495,690
20907 (Stx1a)	504,1012,550,1029
18750 (Prkca)	449,940,495,957
18751 (Prkcb)	449,940,495,957
18752 (Prkcg)	449,940,495,957
108058 (Camk2d)	449,1032,495,1049
12322 (Camk2a)	449,1032,495,1049
12323 (Camk2b)	449,1032,495,1049
12325 (Camk2g)	449,1032,495,1049
18610 (Pdyn)	1035,634,1081,651
11838 (Arc)	1087,634,1133,651
14281 (Fos)	1060,656,1106,673
14282 (Fosb)	1028,1000,1074,1017
15182 (Hdac2)	1002,1078,1048,1095
433759 (Hdac1)	1002,1078,1048,1095
14281 (Fos)	1125,1052,1171,1069
93759 (Sirt1)	957,1053,1003,1070
16476 (Jun)	999,1027,1045,1044
mmu05031: Amphetamine addiction	40,45,264,70
mmu04728: Dopaminergic synapse	528,60,634,94
