C00044 (GTP)	709,636,4
C00035 (GDP)	407,156,4
C00575 (3',5'-Cyclic AMP)	381,325,4
C00165 (Diacylglycerol)	386,374,4
C00076 (Calcium cation)	386,429,4
C00044 (GTP)	734,786,4
C00076 (Calcium cation)	223,282,4
C00076 (Calcium cation)	270,282,4
C00165 (Diacylglycerol)	408,717,4
C00076 (Calcium cation)	409,756,4
26413 (Mapk1)	1032,646,1078,663
26417 (Mapk3)	1032,646,1078,663
26395 (Map2k1)	959,646,1005,663
26396 (Map2k2)	959,646,1005,663
110157 (Raf1)	822,657,868,674
109905 (Rap1a)	685,656,731,673
215449 (Rap1b)	685,656,731,673
54519 (Apbb1ip)	822,310,868,327
11600 (Angpt1)	73,489,119,506
11601 (Angpt2)	73,489,119,506
11602 (Angpt4)	73,489,119,506
12977 (Csf1)	73,489,119,506
13636 (Efna1)	73,489,119,506
13637 (Efna2)	73,489,119,506
13638 (Efna3)	73,489,119,506
13639 (Efna4)	73,489,119,506
13640 (Efna5)	73,489,119,506
13645 (Egf)	73,489,119,506
14164 (Fgf1)	73,489,119,506
14165 (Fgf10)	73,489,119,506
14170 (Fgf15)	73,489,119,506
14171 (Fgf17)	73,489,119,506
14172 (Fgf18)	73,489,119,506
14173 (Fgf2)	73,489,119,506
14174 (Fgf3)	73,489,119,506
14175 (Fgf4)	73,489,119,506
14176 (Fgf5)	73,489,119,506
14177 (Fgf6)	73,489,119,506
14178 (Fgf7)	73,489,119,506
14179 (Fgf8)	73,489,119,506
14180 (Fgf9)	73,489,119,506
14205 (Vegfd)	73,489,119,506
15234 (Hgf)	73,489,119,506
16000 (Igf1)	73,489,119,506
16333 (Ins1)	73,489,119,506
16334 (Ins2)	73,489,119,506
17311 (Kitl)	73,489,119,506
18048 (Klk1b4)	73,489,119,506
18049 (Ngf)	73,489,119,506
18590 (Pdgfa)	73,489,119,506
18591 (Pdgfb)	73,489,119,506
18654 (Pgf)	73,489,119,506
22339 (Vegfa)	73,489,119,506
22340 (Vegfb)	73,489,119,506
22341 (Vegfc)	73,489,119,506
54635 (Pdgfc)	73,489,119,506
56636 (Fgf21)	73,489,119,506
64654 (Fgf23)	73,489,119,506
67112 (Fgf22)	73,489,119,506
71785 (Pdgfd)	73,489,119,506
80857 (Fgf20)	73,489,119,506
80903 (Fgf16)	73,489,119,506
12978 (Csf1r)	150,489,196,506
13649 (Egfr)	150,489,196,506
13836 (Epha2)	150,489,196,506
14182 (Fgfr1)	150,489,196,506
14183 (Fgfr2)	150,489,196,506
14184 (Fgfr3)	150,489,196,506
14186 (Fgfr4)	150,489,196,506
14254 (Flt1)	150,489,196,506
14257 (Flt4)	150,489,196,506
16001 (Igf1r)	150,489,196,506
16337 (Insr)	150,489,196,506
16542 (Kdr)	150,489,196,506
16590 (Kit)	150,489,196,506
17295 (Met)	150,489,196,506
18053 (Ngfr)	150,489,196,506
18595 (Pdgfra)	150,489,196,506
18596 (Pdgfrb)	150,489,196,506
21687 (Tek)	150,489,196,506
19730 (Ralgds)	822,212,868,229
170758 (Rac3)	904,222,950,239
19353 (Rac1)	904,222,950,239
19354 (Rac2)	904,222,950,239
54354 (Rassf5)	822,575,868,592
26397 (Map2k3)	822,694,868,711
26399 (Map2k6)	822,694,868,711
19094 (Mapk11)	904,694,950,711
26415 (Mapk13)	904,694,950,711
26416 (Mapk14)	904,694,950,711
29857 (Mapk12)	904,694,950,711
13800 (Enah)	904,321,950,338
14026 (Evl)	904,321,950,338
22323 (Vasp)	904,321,950,338
18643 (Pfn1)	904,297,950,314
18645 (Pfn2)	904,297,950,314
382562 (Pfn4)	904,297,950,314
75477 (Pfn3)	904,297,950,314
11461 (Actb)	986,311,1032,328
11465 (Actg1)	986,311,1032,328
12550 (Cdh1)	991,505,1037,522
109905 (Rap1a)	383,178,429,195
215449 (Rap1b)	383,178,429,195
238130 (Dock4)	397,283,443,300
223864 (Rapgef3)	416,316,462,333
56508 (Rapgef4)	416,316,462,333
217692 (Sipa1l1)	549,299,595,316
20469 (Sipa1)	570,333,616,350
110351 (Rap1gap)	526,265,572,282
56044 (Rala)	904,201,950,218
64143 (Ralb)	904,201,950,218
17356 (Afdn)	822,491,868,508
109880 (Braf)	822,630,868,647
16408 (Itgal)	904,575,950,592
16409 (Itgam)	904,575,950,592
16412 (Itgb1)	904,575,950,592
16414 (Itgb2)	904,575,950,592
16415 (Itgb2l)	904,575,950,592
11540 (Adora2a)	150,351,196,368
11541 (Adora2b)	150,351,196,368
14062 (F2r)	150,351,196,368
14065 (F2rl3)	150,351,196,368
14293 (Fpr1)	150,351,196,368
14745 (Lpar1)	150,351,196,368
18441 (P2ry1)	150,351,196,368
381810 (Lpar5)	150,351,196,368
53978 (Lpar2)	150,351,196,368
65086 (Lpar3)	150,351,196,368
78134 (Lpar4)	150,351,196,368
14683 (Gnas)	222,316,268,333
14682 (Gnaq)	222,384,268,401
18795 (Plcb1)	304,384,350,401
18796 (Plcb2)	304,384,350,401
18797 (Plcb3)	304,384,350,401
18798 (Plcb4)	304,384,350,401
12928 (Crk)	407,489,453,506
12929 (Crkl)	407,489,453,506
12550 (Cdh1)	150,588,196,605
107746 (Rapgef1)	537,489,583,506
12387 (Ctnnb1)	188,605,234,622
14924 (Magi1)	473,541,519,558
50791 (Magi2)	473,541,519,558
99470 (Magi3)	473,541,519,558
192786 (Rapgef6)	566,541,612,558
76089 (Rapgef2)	566,541,612,558
22324 (Vav1)	822,433,868,450
22325 (Vav2)	822,433,868,450
57257 (Vav3)	822,433,868,450
21844 (Tiam1)	822,450,868,467
170758 (Rac3)	904,442,950,459
19353 (Rac1)	904,442,950,459
19354 (Rac2)	904,442,950,459
93742 (Pard3)	991,442,1037,459
106952 (Arap3)	822,359,868,376
11848 (Rhoa)	904,358,950,375
67653 (4930544G11Rik)	904,358,950,375
101540 (Prkd2)	822,600,868,617
18760 (Prkd1)	822,600,868,617
75292 (Prkd3)	822,600,868,617
79264 (Krit1)	822,522,868,539
20779 (Src)	822,396,868,413
227377 (Farp2)	868,396,914,413
12540 (Cdc42)	937,396,983,413
17532 (Mras)	286,229,332,246
217944 (Rapgef5)	366,230,412,247
109905 (Rap1a)	473,600,519,617
215449 (Rap1b)	473,600,519,617
240168 (Rasgrp3)	449,365,495,382
19395 (Rasgrp2)	484,421,530,438
104110 (Adcy4)	301,316,347,333
104111 (Adcy3)	301,316,347,333
11512 (Adcy6)	301,316,347,333
11513 (Adcy7)	301,316,347,333
11514 (Adcy8)	301,316,347,333
11515 (Adcy9)	301,316,347,333
210044 (Adcy2)	301,316,347,333
224129 (Adcy5)	301,316,347,333
432530 (Adcy1)	301,316,347,333
12801 (Cnr1)	150,120,196,137
13489 (Drd2)	150,120,196,137
14677 (Gnai1)	230,120,276,137
14678 (Gnai2)	230,120,276,137
14679 (Gnai3)	230,120,276,137
14681 (Gnao1)	230,120,276,137
18706 (Pik3ca)	822,735,868,752
18707 (Pik3cd)	822,735,868,752
18708 (Pik3r1)	822,735,868,752
18709 (Pik3r2)	822,735,868,752
18710 (Pik3r3)	822,735,868,752
74769 (Pik3cb)	822,735,868,752
11651 (Akt1)	904,735,950,752
11652 (Akt2)	904,735,950,752
23797 (Akt3)	904,735,950,752
244668 (Sipa1l2)	591,367,637,384
74206 (Sipa1l3)	614,398,660,415
15461 (Hras)	711,749,757,766
16653 (Kras)	711,749,757,766
18176 (Nras)	711,749,757,766
20130 (Rras)	711,749,757,766
12388 (Ctnnd1)	904,492,950,509
12387 (Ctnnb1)	904,522,950,539
14810 (Grin1)	150,274,196,291
14811 (Grin2a)	150,274,196,291
14812 (Grin2b)	150,274,196,291
12313 (Calm1)	301,274,347,291
12314 (Calm2)	301,274,347,291
12315 (Calm3)	301,274,347,291
494124 (Calm5)	301,274,347,291
70405 (Calml3)	301,274,347,291
75600 (Calml4)	301,274,347,291
80796 (Calm4)	301,274,347,291
21894 (Tln1)	904,266,950,283
70549 (Tln2)	904,266,950,283
16399 (Itga2b)	986,266,1032,283
16416 (Itgb3)	986,266,1032,283
16822 (Lcp2)	319,666,365,683
23880 (Fyb)	346,649,392,666
78473 (Skap1)	365,666,411,683
18750 (Prkca)	454,708,500,725
18751 (Prkcb)	454,708,500,725
18752 (Prkcg)	454,708,500,725
101540 (Prkd2)	534,708,580,725
18760 (Prkd1)	534,708,580,725
75292 (Prkd3)	534,708,580,725
16797 (Lat)	230,686,276,703
18803 (Plcg1)	319,708,365,725
15901 (Id1)	822,144,868,161
21825 (Thbs1)	904,144,950,161
74055 (Plce1)	822,764,868,781
51791 (Rgs14)	822,549,868,566
12927 (Bcar1)	234,529,280,546
18759 (Prkci)	1037,442,1083,459
18762 (Prkcz)	1037,442,1083,459
56513 (Pard6a)	1016,425,1062,442
58220 (Pard6b)	1016,425,1062,442
93737 (Pard6g)	1016,425,1062,442
mmu04010: MAPK signaling pathway	967,680,1077,714
mmu04015: Rap1 signaling pathway	40,45,268,70
mmu04810: Regulation of actin cytoskeleton	973,180,1083,214
mmu04020: Calcium signaling pathway	256,447,366,481
mmu04151: PI3K-Akt signaling pathway	968,726,1078,760
mmu04520: Adherens junction	967,534,1077,559
mmu04014: Ras signaling pathway	217,185,327,219
mmu04510: Focal adhesion	973,233,1083,258
mmu04660: T cell receptor signaling pathway	222,740,332,774
