21975 (Top3a)	613,747,659,764
21976 (Top3b)	613,747,659,764
12144 (Blm)	882,876,928,893
20422 (Sem1)	1064,342,1110,359
19365 (Rad52)	992,364,1038,381
17535 (Mre11a)	975,210,1021,227
19360 (Rad50)	975,193,1021,210
74335 (Xrcc3)	623,349,669,366
114714 (Rad51c)	623,366,669,383
57434 (Xrcc2)	724,383,770,400
57434 (Xrcc2)	570,366,616,383
19364 (Rad51d)	724,366,770,383
19364 (Rad51d)	570,349,616,366
114714 (Rad51c)	678,366,724,383
19363 (Rad51b)	678,349,724,366
114714 (Rad51c)	570,317,616,334
71711 (Mus81)	665,730,711,747
17535 (Mre11a)	879,210,925,227
19360 (Rad50)	879,193,925,210
19363 (Rad51b)	570,300,616,317
27354 (Nbn)	975,227,1021,244
19891 (Rpa2)	992,320,1038,337
68240 (Rpa3)	992,320,1038,337
68275 (Rpa1)	992,320,1038,337
19361 (Rad51)	992,342,1038,359
268465 (Eme1)	665,747,711,764
12190 (Brca2)	1110,342,1156,359
19366 (Rad54l)	989,484,1035,501
623474 (Rad54b)	989,484,1035,501
18971 (Pold1)	894,659,940,676
18972 (Pold2)	894,659,940,676
67967 (Pold3)	894,659,940,676
69745 (Pold4)	894,659,940,676
12144 (Blm)	613,730,659,747
381760 (Ssbp1)	230,193,276,210
20962 (Sycp3)	1191,342,1237,359
12189 (Brca1)	1110,227,1156,244
225182 (Rbbp8)	1064,210,1110,227
233826 (Palb2)	1110,325,1156,342
20184 (Uimc1)	1136,284,1182,301
70681 (Abraxas1)	1136,267,1182,284
237911 (Brip1)	1156,227,1202,244
12021 (Bard1)	1064,227,1110,244
235559 (Topbp1)	1156,199,1202,216
11920 (Atm)	1110,108,1156,125
107976 (Babam2)	1191,267,1237,284
68251 (Babam1)	1191,250,1237,267
210766 (Brcc3)	1191,284,1237,301
368203 (Gm5136)	1191,284,1237,301
mmu03440: Homologous recombination	40,45,279,70
