C05981 (Phosphatidylinositol-3,4,5-trisphosphate)	604,427,4
C04637 (1-Phosphatidyl-D-myo-inositol 4,5-bisphosphate)	645,210,4
16412 (Itgb1)	169,248,215,265
16416 (Itgb3)	169,248,215,265
16419 (Itgb5)	169,248,215,265
16420 (Itgb6)	169,248,215,265
16421 (Itgb7)	169,248,215,265
192897 (Itgb4)	169,248,215,265
320910 (Itgb8)	169,248,215,265
104099 (Itga9)	169,231,215,248
109700 (Itga1)	169,231,215,248
16398 (Itga2)	169,231,215,248
16399 (Itga2b)	169,231,215,248
16400 (Itga3)	169,231,215,248
16401 (Itga4)	169,231,215,248
16402 (Itga5)	169,231,215,248
16403 (Itga6)	169,231,215,248
16404 (Itga7)	169,231,215,248
16410 (Itgav)	169,231,215,248
213119 (Itga10)	169,231,215,248
241226 (Itga8)	169,231,215,248
319480 (Itga11)	169,231,215,248
192176 (Flna)	423,230,469,247
286940 (Flnb)	423,230,469,247
68794 (Flnc)	423,230,469,247
12540 (Cdc42)	724,357,770,374
107589 (Mylk)	794,191,840,208
213435 (Mylk3)	794,191,840,208
228785 (Mylk2)	794,191,840,208
238564 (Mylk4)	794,191,840,208
17898 (Myl7)	862,138,908,155
17906 (Myl2)	862,138,908,155
17907 (Mylpf)	862,138,908,155
59310 (Myl10)	862,138,908,155
67268 (Myl12a)	862,138,908,155
67938 (Myl12b)	862,138,908,155
98932 (Myl9)	862,138,908,155
13367 (Diaph1)	867,90,913,107
17931 (Ppp1r12a)	733,165,779,182
19045 (Ppp1ca)	733,165,779,182
19046 (Ppp1cb)	733,165,779,182
19047 (Ppp1cc)	733,165,779,182
232807 (Ppp1r12c)	733,165,779,182
329251 (Ppp1r12b)	733,165,779,182
434233 (Ppp1ccb)	733,165,779,182
19877 (Rock1)	676,138,722,155
19878 (Rock2)	676,138,722,155
11651 (Akt1)	694,319,740,336
11652 (Akt2)	694,319,740,336
23797 (Akt3)	694,319,740,336
18607 (Pdpk1)	609,277,655,294
170736 (Parvb)	524,257,570,274
57342 (Parva)	524,257,570,274
64099 (Parvg)	524,257,570,274
16202 (Ilk)	524,319,570,336
22330 (Vcl)	524,232,570,249
22323 (Vasp)	524,207,570,224
19211 (Pten)	423,369,469,386
18706 (Pik3ca)	423,418,469,435
18707 (Pik3cd)	423,418,469,435
18708 (Pik3r1)	423,418,469,435
18709 (Pik3r2)	423,418,469,435
18710 (Pik3r3)	423,418,469,435
74769 (Pik3cb)	423,418,469,435
21894 (Tln1)	423,259,469,276
70549 (Tln2)	423,259,469,276
22793 (Zyx)	524,183,570,200
18717 (Pip5k1c)	601,166,647,183
109711 (Actn1)	423,204,469,221
60595 (Actn4)	423,204,469,221
14083 (Ptk2)	306,418,352,435
12334 (Capn2)	359,319,405,336
19303 (Pxn)	423,287,469,304
11855 (Arhgap5)	304,90,350,107
232906 (Arhgap35)	304,90,350,107
18750 (Prkca)	217,345,263,362
18751 (Prkcb)	217,345,263,362
18752 (Prkcg)	217,345,263,362
20779 (Src)	274,295,320,312
14360 (Fyn)	223,463,269,480
11848 (Rhoa)	549,138,595,155
67653 (4930544G11Rik)	549,138,595,155
19417 (Rasgrf1)	355,138,401,155
12643 (Chad)	76,239,122,256
12824 (Col2a1)	76,239,122,256
12826 (Col4a1)	76,239,122,256
12827 (Col4a2)	76,239,122,256
12828 (Col4a3)	76,239,122,256
12829 (Col4a4)	76,239,122,256
12830 (Col4a5)	76,239,122,256
12833 (Col6a1)	76,239,122,256
12834 (Col6a2)	76,239,122,256
12835 (Col6a3)	76,239,122,256
12839 (Col9a1)	76,239,122,256
12840 (Col9a2)	76,239,122,256
12841 (Col9a3)	76,239,122,256
12842 (Col1a1)	76,239,122,256
12843 (Col1a2)	76,239,122,256
12845 (Comp)	76,239,122,256
14268 (Fn1)	76,239,122,256
15891 (Ibsp)	76,239,122,256
16772 (Lama1)	76,239,122,256
16773 (Lama2)	76,239,122,256
16774 (Lama3)	76,239,122,256
16775 (Lama4)	76,239,122,256
16776 (Lama5)	76,239,122,256
16777 (Lamb1)	76,239,122,256
16779 (Lamb2)	76,239,122,256
16780 (Lamb3)	76,239,122,256
16782 (Lamc2)	76,239,122,256
19699 (Reln)	76,239,122,256
20750 (Spp1)	76,239,122,256
21825 (Thbs1)	76,239,122,256
21826 (Thbs2)	76,239,122,256
21827 (Thbs3)	76,239,122,256
21828 (Thbs4)	76,239,122,256
21923 (Tnc)	76,239,122,256
21960 (Tnr)	76,239,122,256
22370 (Vtn)	76,239,122,256
22371 (Vwf)	76,239,122,256
226519 (Lamc1)	76,239,122,256
23928 (Lamc3)	76,239,122,256
245026 (Col6a6)	76,239,122,256
329278 (Tnn)	76,239,122,256
665033 (Col6a5)	76,239,122,256
68553 (Col6a4)	76,239,122,256
81877 (Tnxb)	76,239,122,256
94216 (Col4a6)	76,239,122,256
12389 (Cav1)	169,394,215,411
12390 (Cav2)	169,394,215,411
12391 (Cav3)	169,394,215,411
11796 (Birc3)	1120,618,1166,635
11797 (Birc2)	1120,618,1166,635
11798 (Xiap)	1120,618,1166,635
12015 (Bad)	869,660,915,677
12043 (Bcl2)	931,660,977,677
13712 (Elk1)	976,618,1022,635
26413 (Mapk1)	901,618,947,635
26417 (Mapk3)	901,618,947,635
12443 (Ccnd1)	1120,429,1166,446
12444 (Ccnd2)	1120,429,1166,446
12445 (Ccnd3)	1120,429,1166,446
26395 (Map2k1)	826,618,872,635
109880 (Braf)	792,569,838,586
110157 (Raf1)	619,618,665,635
15461 (Hras)	538,618,584,635
20662 (Sos1)	456,618,502,635
20663 (Sos2)	456,618,502,635
14784 (Grb2)	375,618,421,635
13649 (Egfr)	169,618,215,635
13866 (Erbb2)	169,618,215,635
14254 (Flt1)	169,618,215,635
14257 (Flt4)	169,618,215,635
16001 (Igf1r)	169,618,215,635
16542 (Kdr)	169,618,215,635
17295 (Met)	169,618,215,635
18595 (Pdgfra)	169,618,215,635
18596 (Pdgfrb)	169,618,215,635
13645 (Egf)	76,618,122,635
14205 (Vegfd)	76,618,122,635
15234 (Hgf)	76,618,122,635
16000 (Igf1)	76,618,122,635
18590 (Pdgfa)	76,618,122,635
18591 (Pdgfb)	76,618,122,635
18654 (Pgf)	76,618,122,635
22339 (Vegfa)	76,618,122,635
22340 (Vegfb)	76,618,122,635
22341 (Vegfc)	76,618,122,635
54635 (Pdgfc)	76,618,122,635
71785 (Pdgfd)	76,618,122,635
20416 (Shc1)	293,618,339,635
20418 (Shc3)	293,618,339,635
216148 (Shc2)	293,618,339,635
271849 (Shc4)	293,618,339,635
12927 (Bcar1)	423,525,469,542
12928 (Crk)	558,525,604,542
12929 (Crkl)	558,525,604,542
107746 (Rapgef1)	647,525,693,542
109905 (Rap1a)	766,525,812,542
215449 (Rap1b)	766,525,812,542
330662 (Dock1)	675,484,721,501
26414 (Mapk10)	888,525,934,542
26419 (Mapk8)	888,525,934,542
26420 (Mapk9)	888,525,934,542
16476 (Jun)	976,525,1022,542
18479 (Pak1)	824,418,870,435
18481 (Pak3)	824,418,870,435
214230 (Pak6)	824,418,870,435
224105 (Pak2)	824,418,870,435
241656 (Pak7)	824,418,870,435
70584 (Pak4)	824,418,870,435
170758 (Rac3)	736,418,782,435
19353 (Rac1)	736,418,782,435
19354 (Rac2)	736,418,782,435
22324 (Vav1)	658,418,704,435
22325 (Vav2)	658,418,704,435
57257 (Vav3)	658,418,704,435
12387 (Ctnnb1)	976,319,1022,336
56637 (Gsk3b)	875,318,921,335
11461 (Actb)	908,241,954,258
11465 (Actg1)	908,241,954,258
mmu04512: ECM-receptor interaction	51,290,162,324
mmu04060: Cytokine-cytokine receptor interaction	51,547,162,592
mmu04010: MAPK signaling pathway	878,563,989,597
mmu04510: Focal adhesion	40,45,198,70
mmu04810: Regulation of actin cytoskeleton	945,160,1056,194
mmu04310: Wnt signaling pathway	927,345,1020,379
mmu04110: Cell cycle	1096,466,1189,491
mmu04151: PI3K-Akt signaling pathway	905,413,1016,447
mmu04070: Phosphatidylinositol signaling system	562,448,673,482
