C05981 (Phosphatidylinositol-3,4,5-trisphosphate)	545,206,4
C00575 (3',5'-Cyclic AMP)	543,159,4
C03582 (Resveratrol)	221,787,4
C07909 (Sirolimus)	210,269,4
C07151 (Metformin)	210,495,4
C00003 (NAD+)	649,581,4
C00020 (AMP)	319,694,4
C00076 (Calcium cation)	412,581,4
56458 (Foxo1)	1016,196,1062,213
56484 (Foxo3)	1016,196,1062,213
58988 (Rps6kb2)	710,342,756,359
72508 (Rps6kb1)	710,342,756,359
56717 (Mtor)	591,380,637,397
67605 (Akt1s1)	591,380,637,397
74370 (Rptor)	591,380,637,397
11651 (Akt1)	637,196,683,213
11652 (Akt2)	637,196,683,213
23797 (Akt3)	637,196,683,213
18706 (Pik3ca)	420,196,466,213
18707 (Pik3cd)	420,196,466,213
18708 (Pik3r1)	420,196,466,213
18709 (Pik3r2)	420,196,466,213
18710 (Pik3r3)	420,196,466,213
74769 (Pik3cb)	420,196,466,213
16000 (Igf1)	154,211,200,228
16001 (Igf1r)	243,211,289,228
16367 (Irs1)	332,178,378,195
16369 (Irs3)	332,178,378,195
16370 (Irs4)	332,178,378,195
384783 (Irs2)	332,178,378,195
15461 (Hras)	332,219,378,236
16653 (Kras)	332,219,378,236
18176 (Nras)	332,219,378,236
18747 (Prkaca)	637,150,683,167
18749 (Prkacb)	637,150,683,167
104110 (Adcy4)	418,152,464,169
104111 (Adcy3)	418,152,464,169
11512 (Adcy6)	418,152,464,169
11513 (Adcy7)	418,152,464,169
11514 (Adcy8)	418,152,464,169
11515 (Adcy9)	418,152,464,169
210044 (Adcy2)	418,152,464,169
224129 (Adcy5)	418,152,464,169
432530 (Adcy1)	418,152,464,169
105787 (Prkaa1)	544,572,590,589
108079 (Prkaa2)	544,572,590,589
108097 (Prkab2)	544,572,590,589
108099 (Prkag2)	544,572,590,589
19079 (Prkab1)	544,572,590,589
19082 (Prkag1)	544,572,590,589
241113 (Prkag3)	544,572,590,589
16333 (Ins1)	154,186,200,203
16334 (Ins2)	154,186,200,203
16337 (Insr)	243,186,289,203
11909 (Atf2)	1016,117,1062,134
11911 (Atf4)	1016,117,1062,134
12912 (Creb1)	1016,117,1062,134
12913 (Creb3)	1016,117,1062,134
12915 (Atf6b)	1016,117,1062,134
208647 (Creb3l2)	1016,117,1062,134
208677 (Creb3l3)	1016,117,1062,134
231991 (Creb5)	1016,117,1062,134
26427 (Creb3l1)	1016,117,1062,134
78284 (Creb3l4)	1016,117,1062,134
20656 (Sod2)	1195,179,1241,196
22084 (Tsc2)	420,386,466,403
64930 (Tsc1)	420,369,466,386
19744 (Rheb)	502,380,548,397
13685 (Eif4ebp1)	681,419,727,436
13684 (Eif4e)	755,419,801,436
218268 (Eif4e1b)	755,419,801,436
26987 (Eif4e2)	755,419,801,436
20869 (Stk11)	414,674,460,691
22059 (Trp53)	400,739,446,756
140742 (Sesn1)	483,739,529,756
230784 (Sesn2)	483,739,529,756
75747 (Sesn3)	483,739,529,756
11450 (Adipoq)	154,572,200,589
68465 (Adipor2)	243,572,289,589
72674 (Adipor1)	243,572,289,589
12028 (Bax)	811,491,857,508
22059 (Trp53)	811,520,857,537
93759 (Sirt1)	715,572,761,589
19017 (Ppargc1a)	1014,687,1060,704
22241 (Ulk1)	710,257,756,274
16591 (Kl)	323,130,369,147
16591 (Kl)	172,239,218,256
207565 (Camkk2)	455,572,501,589
12326 (Camk4)	573,739,619,756
19017 (Ppargc1a)	1187,744,1233,761
18033 (Nfkb1)	811,577,857,594
19697 (Rela)	811,577,857,594
19016 (Pparg)	811,650,857,667
12359 (Cat)	1195,199,1241,216
11793 (Atg5)	1195,227,1241,244
72993 (Appl1)	324,572,370,589
12421 (Rb1cc1)	710,291,756,308
51897 (Atg13)	710,274,756,291
68118 (Atg101)	710,308,756,325
110147 (Ehmt2)	1016,148,1062,165
77683 (Ehmt1)	1016,148,1062,165
mmu04910: Insulin signaling pathway	40,45,331,70
mmu04910: Insulin signaling pathway	122,133,230,167
mmu04150: mTOR signaling pathway	690,372,798,406
mmu04151: PI3K-Akt signaling pathway	413,224,533,258
mmu04068: FoxO signaling pathway	1072,237,1180,271
mmu04152: AMPK signaling pathway	564,603,684,637
mmu04115: p53 signaling pathway	820,540,957,565
mmu04064: NF-kappa B signaling pathway	828,601,948,635
mmu04140: Autophagy - animal	792,244,929,269
