C15647 (2-Acyl-1-(1-alkenyl)-sn-glycero-3-phosphate)	539,689,4
C15646 (1-(1-Alkenyl)-sn-glycero-3-phosphate)	468,636,4
C15645 (1-(1-Alkenyl)-sn-glycerol)	371,566,4
C02773 (1-Alkyl-sn-glycerol)	325,205,4
C01264 (2-Acetyl-1-alkyl-sn-glycero-3-phosphate)	180,349,4
C04756 (O-1-Alk-1-enyl-2-acyl-sn-glycero-3-phosphoethanolamine)	612,564,4
C04317 (1-Organyl-2-lyso-sn-glycero-3-phosphocholine)	180,565,4
C01233 (sn-Glycero-3-phosphoethanolamine)	468,495,4
C03968 (1-Alkyl-sn-glycero-3-phosphate)	395,277,4
C03201 (1-Alkyl-2-acylglycerol)	612,422,4
C04635 (1-(1-Alkenyl)-sn-glycero-3-phosphoethanolamine)	468,566,4
C03820 (1-Alkyl-2-acetyl-sn-glycerol)	180,421,4
C04598 (2-Acetyl-1-alkyl-sn-glycero-3-phosphocholine)	180,493,4
C03372 (Acylglycerone phosphate)	395,133,4
C03715 (O-Alkylglycerone phosphate)	395,205,4
C05212 (1-Radyl-2-acyl-sn-glycero-3-phosphocholine)	313,565,4
C04361 (1-O-Alkyl-2-acetyl-3-acyl-sn-glycerol)	73,420,4
C04517 (1-(1-Alkenyl)-sn-glycero-3-phosphocholine)	504,817,4
C03454 (1-Alkenyl-2-acylglycerol)	612,745,4
C00670 (sn-Glycero-3-phosphocholine)	504,893,4
C00958 (Plasmenylcholine)	612,818,4
C04475 (1-Alkyl-2-acylglycerophosphoethanolamine)	612,493,4
C05977 (2-Acyl-1-alkyl-sn-glycero-3-phosphate)	612,349,4
C20859 (Galactosyl-1-alkyl-2-acylglycerol)	794,493,4
C20825 (Seminolipid)	794,564,4
228061 (Agps)	373,159,419,176
19012 (Plpp1)	590,374,636,391
50784 (Plpp2)	590,374,636,391
67916 (Plpp3)	590,374,636,391
212862 (Chpt1)	157,444,203,461
99712 (Cept1)	157,444,203,461
28042 (Selenoi)	590,444,636,461
99712 (Cept1)	590,444,636,461
212862 (Chpt1)	291,444,337,461
99712 (Cept1)	291,444,337,461
100163 (Pafah2)	136,512,182,529
18472 (Pafah1b1)	136,512,182,529
18475 (Pafah1b2)	136,512,182,529
18476 (Pafah1b3)	136,512,182,529
27226 (Pla2g7)	136,512,182,529
18778 (Pla2g1b)	248,549,294,566
18780 (Pla2g2a)	248,549,294,566
18781 (Pla2g2c)	248,549,294,566
18782 (Pla2g2d)	248,549,294,566
18783 (Pla2g4a)	248,549,294,566
18784 (Pla2g5)	248,549,294,566
211429 (Pla2g4b)	248,549,294,566
225845 (Pla2g16)	248,549,294,566
232889 (Pla2g4c)	248,549,294,566
237625 (Pla2g3)	248,549,294,566
26565 (Pla2g10)	248,549,294,566
26970 (Pla2g2e)	248,549,294,566
26971 (Pla2g2f)	248,549,294,566
271844 (Pla2g4f)	248,549,294,566
329502 (Pla2g4e)	248,549,294,566
53357 (Pla2g6)	248,549,294,566
66350 (Pla2g12a)	248,549,294,566
665270 (Plb1)	248,549,294,566
69836 (Pla2g12b)	248,549,294,566
78390 (Pla2g4d)	248,549,294,566
210992 (Lpcat1)	200,567,246,584
270084 (Lpcat2)	200,567,246,584
70902 (Lpcat2b)	200,567,246,584
210992 (Lpcat1)	180,532,226,549
270084 (Lpcat2)	180,532,226,549
70902 (Lpcat2b)	180,532,226,549
99010 (Lpcat4)	180,532,226,549
18778 (Pla2g1b)	518,566,564,583
18780 (Pla2g2a)	518,566,564,583
18781 (Pla2g2c)	518,566,564,583
18782 (Pla2g2d)	518,566,564,583
18783 (Pla2g4a)	518,566,564,583
18784 (Pla2g5)	518,566,564,583
211429 (Pla2g4b)	518,566,564,583
225845 (Pla2g16)	518,566,564,583
232889 (Pla2g4c)	518,566,564,583
237625 (Pla2g3)	518,566,564,583
26565 (Pla2g10)	518,566,564,583
26970 (Pla2g2e)	518,566,564,583
26971 (Pla2g2f)	518,566,564,583
271844 (Pla2g4f)	518,566,564,583
329502 (Pla2g4e)	518,566,564,583
53357 (Pla2g6)	518,566,564,583
66350 (Pla2g12a)	518,566,564,583
665270 (Plb1)	518,566,564,583
69836 (Pla2g12b)	518,566,564,583
78390 (Pla2g4d)	518,566,564,583
99010 (Lpcat4)	518,547,564,564
68255 (Tmem86b)	462,516,508,533
28042 (Selenoi)	570,647,616,664
99712 (Cept1)	570,647,616,664
104759 (Pld4)	518,647,564,664
18805 (Pld1)	518,647,564,664
18806 (Pld2)	518,647,564,664
18807 (Pld3)	518,647,564,664
68255 (Tmem86b)	482,845,528,862
18606 (Enpp2)	446,586,492,603
66569 (Gdpd1)	446,586,492,603
68616 (Gdpd3)	446,586,492,603
320981 (Enpp6)	400,557,446,574
22239 (Ugt8a)	771,444,817,461
53897 (Gal3st1)	771,507,817,524
mmu00564: Glycerophospholipid metabolism	139,120,318,147
mmu00565: Ether lipid metabolism	40,45,247,70
