C00165 (Diacylglycerol)	465,819,4
C01245 (D-myo-Inositol 1,4,5-trisphosphate)	442,751,4
C00076 (Calcium cation)	496,751,4
C00575 (3',5'-Cyclic AMP)	306,205,4
C05981 (Phosphatidylinositol-3,4,5-trisphosphate)	552,300,4
12145 (Cxcr5)	137,325,183,342
12458 (Ccr6)	137,325,183,342
12765 (Cxcr2)	137,325,183,342
12766 (Cxcr3)	137,325,183,342
12767 (Cxcr4)	137,325,183,342
12768 (Ccr1)	137,325,183,342
12769 (Ccr9)	137,325,183,342
12770 (Ccr1l1)	137,325,183,342
12771 (Ccr3)	137,325,183,342
12772 (Ccr2)	137,325,183,342
12773 (Ccr4)	137,325,183,342
12774 (Ccr5)	137,325,183,342
12775 (Ccr7)	137,325,183,342
12776 (Ccr8)	137,325,183,342
12777 (Ccr10)	137,325,183,342
13051 (Cx3cr1)	137,325,183,342
227288 (Cxcr1)	137,325,183,342
23832 (Xcr1)	137,325,183,342
80901 (Cxcr6)	137,325,183,342
100039053 (Gm2023)	70,325,116,342
100039848 (Gm2457)	70,325,116,342
100039863 (Gm13306)	70,325,116,342
100039939 (Gm2506)	70,325,116,342
100040048 (Ccl27b)	70,325,116,342
100041504	70,325,116,342
100041579 (Gm20878)	70,325,116,342
100041593	70,325,116,342
100042493 (Ccl21b)	70,325,116,342
100504239 (Gm10591)	70,325,116,342
100504346 (Gm13304)	70,325,116,342
100504362 (Gm1987)	70,325,116,342
100861978	70,325,116,342
100862177 (Gm21541)	70,325,116,342
100862247 (Gm21586)	70,325,116,342
14825 (Cxcl1)	70,325,116,342
15945 (Cxcl10)	70,325,116,342
16963 (Xcl1)	70,325,116,342
17329 (Cxcl9)	70,325,116,342
18829 (Ccl21a)	70,325,116,342
20290 (Ccl1)	70,325,116,342
20292 (Ccl11)	70,325,116,342
20293 (Ccl12)	70,325,116,342
20295 (Ccl17)	70,325,116,342
20296 (Ccl2)	70,325,116,342
20297 (Ccl20)	70,325,116,342
20299 (Ccl22)	70,325,116,342
20300 (Ccl25)	70,325,116,342
20301 (Ccl27a)	70,325,116,342
20302 (Ccl3)	70,325,116,342
20303 (Ccl4)	70,325,116,342
20304 (Ccl5)	70,325,116,342
20305 (Ccl6)	70,325,116,342
20306 (Ccl7)	70,325,116,342
20307 (Ccl8)	70,325,116,342
20308 (Ccl9)	70,325,116,342
20309 (Cxcl15)	70,325,116,342
20310 (Cxcl2)	70,325,116,342
20311 (Cxcl5)	70,325,116,342
20312 (Cx3cl1)	70,325,116,342
20315 (Cxcl12)	70,325,116,342
24047 (Ccl19)	70,325,116,342
330122 (Cxcl3)	70,325,116,342
541307 (Ccl26)	70,325,116,342
55985 (Cxcl13)	70,325,116,342
56066 (Cxcl11)	70,325,116,342
56221 (Ccl24)	70,325,116,342
56744 (Pf4)	70,325,116,342
56838 (Ccl28)	70,325,116,342
57266 (Cxcl14)	70,325,116,342
57349 (Ppbp)	70,325,116,342
621580 (Gm21953)	70,325,116,342
65956 (Ccl21c)	70,325,116,342
66102 (Cxcl16)	70,325,116,342
16452 (Jak2)	282,120,328,137
16453 (Jak3)	282,120,328,137
14083 (Ptk2)	451,665,497,682
14191 (Fgr)	332,291,378,308
15162 (Hck)	332,291,378,308
17096 (Lyn)	332,291,378,308
20779 (Src)	332,291,378,308
666513 (Gm11787)	332,291,378,308
19303 (Pxn)	623,652,669,669
11848 (Rhoa)	734,617,780,634
67653 (4930544G11Rik)	734,617,780,634
18706 (Pik3ca)	422,280,468,297
18707 (Pik3cd)	422,280,468,297
18708 (Pik3r1)	422,280,468,297
18709 (Pik3r2)	422,280,468,297
18710 (Pik3r3)	422,280,468,297
74769 (Pik3cb)	422,280,468,297
18795 (Plcb1)	340,743,386,760
18796 (Plcb2)	340,743,386,760
18797 (Plcb3)	340,743,386,760
18798 (Plcb4)	340,743,386,760
20416 (Shc1)	421,196,467,213
20418 (Shc3)	421,196,467,213
216148 (Shc2)	421,196,467,213
271849 (Shc4)	421,196,467,213
14677 (Gnai1)	253,291,299,308
14678 (Gnai2)	253,291,299,308
14679 (Gnai3)	253,291,299,308
100503710 (Gm5741)	253,359,299,376
14688 (Gnb1)	253,359,299,376
14693 (Gnb2)	253,359,299,376
14695 (Gnb3)	253,359,299,376
14696 (Gnb4)	253,359,299,376
14697 (Gnb5)	253,359,299,376
14699 (Gngt1)	253,359,299,376
14700 (Gng10)	253,359,299,376
14701 (Gng12)	253,359,299,376
14702 (Gng2)	253,359,299,376
14704 (Gng3)	253,359,299,376
14706 (Gng4)	253,359,299,376
14707 (Gng5)	253,359,299,376
14708 (Gng7)	253,359,299,376
14709 (Gng8)	253,359,299,376
14710 (Gngt2)	253,359,299,376
64337 (Gng13)	253,359,299,376
66066 (Gng11)	253,359,299,376
14784 (Grb2)	490,196,536,213
12927 (Bcar1)	553,676,599,693
140580 (Elmo1)	582,441,628,458
12928 (Crk)	623,677,669,694
12929 (Crkl)	623,677,669,694
110355 (Grk2)	204,396,250,413
14772 (Grk4)	204,396,250,413
14773 (Grk5)	204,396,250,413
24013 (Grk1)	204,396,250,413
26385 (Grk6)	204,396,250,413
320129 (Grk3)	204,396,250,413
109689 (Arrb1)	188,422,234,439
216869 (Arrb2)	188,422,234,439
19877 (Rock1)	806,617,852,634
19878 (Rock2)	806,617,852,634
22324 (Vav1)	572,551,618,568
22325 (Vav2)	572,551,618,568
57257 (Vav3)	572,551,618,568
16428 (Itk)	501,551,547,568
12540 (Cdc42)	711,551,757,568
104110 (Adcy4)	268,240,314,257
104111 (Adcy3)	268,240,314,257
11512 (Adcy6)	268,240,314,257
11513 (Adcy7)	268,240,314,257
11514 (Adcy8)	268,240,314,257
11515 (Adcy9)	268,240,314,257
210044 (Adcy2)	268,240,314,257
224129 (Adcy5)	268,240,314,257
432530 (Adcy1)	268,240,314,257
19395 (Rasgrp2)	553,743,599,760
109905 (Rap1a)	645,743,691,760
215449 (Rap1b)	645,743,691,760
22376 (Was)	799,551,845,568
18751 (Prkcb)	553,810,599,827
18753 (Prkcd)	553,810,599,827
93742 (Pard3)	726,491,772,508
18762 (Prkcz)	726,508,772,525
21844 (Tiam1)	726,474,772,491
17969 (Ncf1)	652,847,698,864
18747 (Prkaca)	327,160,373,177
18749 (Prkacb)	327,160,373,177
19229 (Ptk2b)	500,611,546,628
18479 (Pak1)	845,478,891,495
20846 (Stat1)	541,120,587,137
20847 (Stat2)	541,120,587,137
20848 (Stat3)	541,120,587,137
20851 (Stat5b)	541,120,587,137
26413 (Mapk1)	835,196,881,213
26417 (Mapk3)	835,196,881,213
11651 (Akt1)	624,291,670,308
11652 (Akt2)	624,291,670,308
23797 (Akt3)	624,291,670,308
15461 (Hras)	628,196,674,213
16653 (Kras)	628,196,674,213
18176 (Nras)	628,196,674,213
26395 (Map2k1)	766,196,812,213
109880 (Braf)	697,196,743,213
110157 (Raf1)	697,196,743,213
94176 (Dock2)	582,424,628,441
170758 (Rac3)	744,423,790,440
19353 (Rac1)	744,423,790,440
19354 (Rac2)	744,423,790,440
18762 (Prkcz)	624,255,670,272
18033 (Nfkb1)	835,257,881,274
19697 (Rela)	835,257,881,274
12675 (Chuk)	749,291,795,308
16150 (Ikbkb)	749,291,795,308
16151 (Ikbkg)	749,291,795,308
18035 (Nfkbia)	835,291,881,308
18036 (Nfkbib)	835,291,881,308
277360 (Prex1)	582,377,628,394
20662 (Sos1)	559,196,605,213
20663 (Sos2)	559,196,605,213
56484 (Foxo3)	835,231,881,248
56637 (Gsk3b)	749,369,795,386
606496 (Gsk3a)	749,369,795,386
14083 (Ptk2)	743,801,789,818
12928 (Crk)	743,818,789,835
12929 (Crkl)	743,818,789,835
12927 (Bcar1)	789,801,835,818
19303 (Pxn)	789,818,835,835
19229 (Ptk2b)	652,810,698,827
12015 (Bad)	749,334,795,351
104709 (Pik3r6)	422,304,468,321
30955 (Pik3cg)	422,304,468,321
320207 (Pik3r5)	422,304,468,321
mmu04810: Regulation of actin cytoskeleton	932,469,1033,503
mmu04060: Cytokine-cytokine receptor interaction	32,275,177,309
mmu04670: Leukocyte transendothelial migration	1049,469,1189,503
mmu04630: JAK-STAT signaling pathway	423,83,532,117
mmu04120: Ubiquitin mediated proteolysis	809,346,911,380
mmu04010: MAPK signaling pathway	643,149,744,183
mmu04062: Chemokine signaling pathway	40,45,320,70
