C00002 (ATP)	236,347,4
C00780 (Serotonin)	236,273,4
C00388 (Histamine)	236,312,4
C00584 (Prostaglandin E2)	947,123,4
C00076 (Calcium cation)	237,546,4
C01330 (Sodium cation)	237,546,4
C00165 (Diacylglycerol)	606,327,4
C01245 (D-myo-Inositol 1,4,5-trisphosphate)	463,328,4
C00575 (3',5'-Cyclic AMP)	947,314,4
C00165 (Diacylglycerol)	470,761,4
C01245 (D-myo-Inositol 1,4,5-trisphosphate)	470,792,4
C00219 (Arachidonate)	670,241,4
C00080 (H+)	238,596,4
C00076 (Calcium cation)	524,387,4
C00076 (Calcium cation)	237,482,4
C00076 (Calcium cation)	428,546,4
C00219 (Arachidonate)	1188,233,4
C14768 (5,6-EET)	1189,286,4
C14769 (8,9-EET)	1189,286,4
C00076 (Calcium cation)	835,141,4
C01330 (Sodium cation)	835,141,4
C06254 (Lysophospholipid)	754,311,4
C06866 (Capsaicin)	871,551,4
C05965 (12(S)-HPETE)	871,575,4
C05966 (15(S)-HPETE)	871,575,4
C04805 (5(S)-HETE)	871,575,4
C04742 ((15S)-15-Hydroxy-5,8,11-cis-13-trans-eicosatetraenoate)	871,575,4
C02165 (Leukotriene B4)	871,575,4
C09179 (Resiniferatoxin)	871,600,4
C12271 (N-Arachidonyl dopamine)	871,624,4
C11695 (Anandamide)	871,650,4
C00469 (Ethanol)	871,675,4
C09155 (Phorbol)	1201,566,4
C00400 ((-)-Menthol)	1201,604,4
C20171 (Icilin)	1201,626,4
C09844 (1,8-Cineole)	1201,651,4
C00903 (Cinnamaldehyde)	1201,690,4
C19317 (Allyl isothiocyanate)	1201,717,4
C07600 (Allicin)	1201,742,4
C20171 (Icilin)	1201,768,4
C00808 ((+)-Camphor)	871,756,4
C00809 ((-)-Camphor)	871,756,4
C20698 (2-Aminoethyl diphenylborinate)	871,777,4
C00219 (Arachidonate)	755,244,4
C12083 ((5Z,7E,9E,14Z,17Z)-Icosapentaenoate)	755,244,4
C00076 (Calcium cation)	1068,136,4
C01330 (Sodium cation)	1068,136,4
C05965 (12(S)-HPETE)	670,349,4
C01330 (Sodium cation)	237,632,4
C00076 (Calcium cation)	237,632,4
C00165 (Diacylglycerol)	1290,337,4
C01245 (D-myo-Inositol 1,4,5-trisphosphate)	1256,337,4
18442 (P2ry2)	286,338,332,355
12061 (Bdkrb1)	286,229,332,246
12062 (Bdkrb2)	286,229,332,246
15558 (Htr2a)	286,265,332,282
15559 (Htr2b)	286,265,332,282
15560 (Htr2c)	286,265,332,282
15465 (Hrh1)	286,304,332,321
19217 (Ptger2)	924,169,970,186
19219 (Ptger4)	924,169,970,186
193034 (Trpv1)	286,539,332,556
11418 (Asic2)	286,624,332,641
11419 (Asic1)	286,624,332,641
171209 (Asic3)	286,624,332,641
241118 (Asic4)	286,624,332,641
58170 (Asic5)	286,624,332,641
16177 (Il1r1)	286,714,332,731
16180 (Il1rap)	286,714,332,731
18211 (Ntrk1)	286,768,332,785
16176 (Il1b)	193,714,239,731
18048 (Klk1b4)	194,768,240,785
18049 (Ngf)	194,768,240,785
14682 (Gnaq)	383,249,429,266
18783 (Pla2g4a)	491,233,537,250
211429 (Pla2g4b)	491,233,537,250
232889 (Pla2g4c)	491,233,537,250
271844 (Pla2g4f)	491,233,537,250
329502 (Pla2g4e)	491,233,537,250
53357 (Pla2g6)	491,233,537,250
78390 (Pla2g4d)	491,233,537,250
18795 (Plcb1)	493,273,539,290
18796 (Plcb2)	493,273,539,290
18797 (Plcb3)	493,273,539,290
18798 (Plcb4)	493,273,539,290
11684 (Alox12)	619,274,665,291
11685 (Alox12e)	619,274,665,291
14683 (Gnas)	924,221,970,238
104110 (Adcy4)	924,269,970,286
104111 (Adcy3)	924,269,970,286
11512 (Adcy6)	924,269,970,286
11513 (Adcy7)	924,269,970,286
11514 (Adcy8)	924,269,970,286
11515 (Adcy9)	924,269,970,286
210044 (Adcy2)	924,269,970,286
224129 (Adcy5)	924,269,970,286
432530 (Adcy1)	924,269,970,286
18754 (Prkce)	582,379,628,396
18747 (Prkaca)	927,338,973,355
18749 (Prkacb)	927,338,973,355
108058 (Camk2d)	417,574,463,591
12322 (Camk2a)	417,574,463,591
12323 (Camk2b)	417,574,463,591
12325 (Camk2g)	417,574,463,591
19094 (Mapk11)	462,714,508,731
26414 (Mapk10)	462,714,508,731
26415 (Mapk13)	462,714,508,731
26416 (Mapk14)	462,714,508,731
26419 (Mapk8)	462,714,508,731
26420 (Mapk9)	462,714,508,731
29857 (Mapk12)	462,714,508,731
18803 (Plcg1)	376,768,422,785
234779 (Plcg2)	376,768,422,785
18706 (Pik3ca)	376,819,422,836
18707 (Pik3cd)	376,819,422,836
18708 (Pik3r1)	376,819,422,836
18709 (Pik3r2)	376,819,422,836
18710 (Pik3r3)	376,819,422,836
74769 (Pik3cb)	376,819,422,836
18754 (Prkce)	545,752,591,769
18753 (Prkcd)	464,819,510,836
20779 (Src)	549,819,595,836
193034 (Trpv1)	623,768,669,785
16438 (Itpr1)	414,378,460,395
16439 (Itpr2)	414,378,460,395
16440 (Itpr3)	414,378,460,395
277328 (Trpa1)	286,474,332,491
18783 (Pla2g4a)	1196,201,1242,218
211429 (Pla2g4b)	1196,201,1242,218
232889 (Pla2g4c)	1196,201,1242,218
271844 (Pla2g4f)	1196,201,1242,218
329502 (Pla2g4e)	1196,201,1242,218
53357 (Pla2g6)	1196,201,1242,218
78390 (Pla2g4d)	1196,201,1242,218
100040843 (Cyp4a32)	1196,252,1242,269
100066 (Cyp2j11)	1196,252,1242,269
107141 (Cyp2c50)	1196,252,1242,269
13095 (Cyp2c29)	1196,252,1242,269
13096 (Cyp2c37)	1196,252,1242,269
13097 (Cyp2c38)	1196,252,1242,269
13098 (Cyp2c39)	1196,252,1242,269
13099 (Cyp2c40)	1196,252,1242,269
13109 (Cyp2j5)	1196,252,1242,269
13110 (Cyp2j6)	1196,252,1242,269
13117 (Cyp4a10)	1196,252,1242,269
13118 (Cyp4a12b)	1196,252,1242,269
13119 (Cyp4a14)	1196,252,1242,269
226105 (Cyp2c70)	1196,252,1242,269
226143 (Cyp2c23)	1196,252,1242,269
230459 (Cyp2j13)	1196,252,1242,269
230639 (Cyp4a29)	1196,252,1242,269
242546 (Cyp2j12)	1196,252,1242,269
277753 (Cyp4a12a)	1196,252,1242,269
404195 (Cyp2c54)	1196,252,1242,269
433247 (Cyp2c68)	1196,252,1242,269
435802 (Cyp4a30b)	1196,252,1242,269
665095 (Cyp2j8)	1196,252,1242,269
666168 (Cyp4a31)	1196,252,1242,269
69888 (Cyp2c66)	1196,252,1242,269
72082 (Cyp2c55)	1196,252,1242,269
72303 (Cyp2c65)	1196,252,1242,269
74519 (Cyp2j9)	1196,252,1242,269
63873 (Trpv4)	1045,169,1091,186
171382 (Trpm8)	812,169,858,186
19045 (Ppp1ca)	779,379,825,396
19046 (Ppp1cb)	779,379,825,396
19047 (Ppp1cc)	779,379,825,396
434233 (Ppp1ccb)	779,379,825,396
18783 (Pla2g4a)	692,188,738,205
211429 (Pla2g4b)	692,188,738,205
232889 (Pla2g4c)	692,188,738,205
271844 (Pla2g4f)	692,188,738,205
329502 (Pla2g4e)	692,188,738,205
53357 (Pla2g6)	692,188,738,205
78390 (Pla2g4d)	692,188,738,205
193034 (Trpv1)	988,626,1034,643
22368 (Trpv2)	988,718,1034,735
246788 (Trpv3)	988,765,1034,782
63873 (Trpv4)	1318,554,1364,571
171382 (Trpm8)	1318,622,1364,639
277328 (Trpa1)	1318,723,1364,740
16000 (Igf1)	868,718,914,735
14063 (F2rl1)	1268,169,1314,186
14682 (Gnaq)	1268,222,1314,239
18795 (Plcb1)	1268,269,1314,286
18796 (Plcb2)	1268,269,1314,286
18797 (Plcb3)	1268,269,1314,286
18798 (Plcb4)	1268,269,1314,286
18750 (Prkca)	1268,388,1314,405
18751 (Prkcb)	1268,388,1314,405
18752 (Prkcg)	1268,388,1314,405
18753 (Prkcd)	1268,388,1314,405
18754 (Prkce)	1268,388,1314,405
18755 (Prkch)	1268,388,1314,405
18761 (Prkcq)	1268,388,1314,405
12313 (Calm1)	492,574,538,591
12314 (Calm2)	492,574,538,591
12315 (Calm3)	492,574,538,591
494124 (Calm5)	492,574,538,591
70405 (Calml3)	492,574,538,591
75600 (Calml4)	492,574,538,591
80796 (Calm4)	492,574,538,591
26397 (Map2k3)	384,714,430,731
26399 (Map2k6)	384,714,430,731
16644 (Kng1)	213,229,259,246
385643 (Kng2)	213,229,259,246
mmu04750: Inflammatory mediator regulation of TRP channels	52,30,511,55
mmu00590: Arachidonic acid metabolism	1013,302,1125,336
mmu04020: Calcium signaling pathway	475,328,587,362
mmu04010: MAPK signaling pathway	328,673,440,707
