C00165 (Diacylglycerol)	656,518,4
C00076 (Calcium cation)	743,441,4
C01245 (D-myo-Inositol 1,4,5-trisphosphate)	655,442,4
15978 (Ifng)	1378,249,1424,266
16191 (Il5)	1362,934,1408,951
18035 (Nfkbia)	921,510,967,527
18036 (Nfkbib)	921,510,967,527
18037 (Nfkbie)	921,510,967,527
18033 (Nfkb1)	921,479,967,496
19697 (Rela)	921,479,967,496
12675 (Chuk)	814,510,860,527
16150 (Ikbkb)	814,510,860,527
16151 (Ikbkg)	814,510,860,527
18761 (Prkcq)	719,510,765,527
18018 (Nfatc1)	921,433,967,450
18019 (Nfatc2)	921,433,967,450
18021 (Nfatc3)	921,433,967,450
19055 (Ppp3ca)	814,433,860,450
19056 (Ppp3cb)	814,433,860,450
19057 (Ppp3cc)	814,433,860,450
19058 (Ppp3r1)	814,433,860,450
19059 (Ppp3r2)	814,433,860,450
22637 (Zap70)	512,521,558,538
12501 (Cd3e)	381,567,427,584
12500 (Cd3d)	381,550,427,567
12503 (Cd247)	427,529,473,546
12503 (Cd247)	427,512,473,529
12502 (Cd3g)	381,491,427,508
12501 (Cd3e)	381,474,427,491
26413 (Mapk1)	733,552,779,569
26417 (Mapk3)	733,552,779,569
19094 (Mapk11)	733,599,779,616
26415 (Mapk13)	733,599,779,616
26416 (Mapk14)	733,599,779,616
29857 (Mapk12)	733,599,779,616
26414 (Mapk10)	733,627,779,644
26419 (Mapk8)	733,627,779,644
26420 (Mapk9)	733,627,779,644
16476 (Jun)	921,613,967,630
16797 (Lat)	381,610,427,627
14281 (Fos)	921,552,967,569
18803 (Plcg1)	538,550,584,567
12504 (Cd4)	381,440,427,457
16818 (Lck)	464,440,510,457
15978 (Ifng)	274,275,320,292
15979 (Ifngr1)	381,275,427,292
15980 (Ifngr2)	381,275,427,292
20846 (Stat1)	823,275,869,292
16159 (Il12a)	274,332,320,349
16160 (Il12b)	274,332,320,349
16161 (Il12rb1)	381,332,427,349
16162 (Il12rb2)	381,332,427,349
20849 (Stat4)	823,332,869,349
16189 (Il4)	274,751,320,768
16190 (Il4ra)	381,751,427,768
20852 (Stat6)	830,751,876,768
14462 (Gata3)	1394,762,1440,779
57765 (Tbx21)	1378,201,1424,218
16161 (Il12rb1)	1378,307,1424,324
16162 (Il12rb2)	1378,307,1424,324
16163 (Il13)	1419,934,1465,951
16183 (Il2)	274,687,320,704
16184 (Il2ra)	381,687,427,704
16185 (Il2rb)	381,687,427,704
16186 (Il2rg)	381,687,427,704
16184 (Il2ra)	1371,802,1417,819
16190 (Il4ra)	1422,802,1468,819
16189 (Il4)	1362,839,1408,856
16183 (Il2)	1362,894,1407,911
14462 (Gata3)	935,838,981,855
20850 (Stat5a)	830,687,876,704
20851 (Stat5b)	830,687,876,704
17132 (Maf)	1362,967,1408,984
17132 (Maf)	935,893,981,910
16449 (Jag1)	166,928,212,945
16450 (Jag2)	166,928,212,945
18128 (Notch1)	381,928,427,945
18129 (Notch2)	381,928,427,945
103806 (Maml1)	1047,917,1093,934
270118 (Maml2)	1047,917,1093,934
433586 (Maml3)	1047,917,1093,934
19664 (Rbpj)	1047,934,1093,951
19668 (Rbpjl)	1047,934,1093,951
13388 (Dll1)	166,175,212,192
13389 (Dll3)	166,175,212,192
54485 (Dll4)	166,175,212,192
18131 (Notch3)	381,175,427,192
103806 (Maml1)	1100,136,1146,153
270118 (Maml2)	1100,136,1146,153
433586 (Maml3)	1100,136,1146,153
19664 (Rbpj)	1100,153,1146,170
19668 (Rbpjl)	1100,153,1146,170
57765 (Tbx21)	938,222,984,239
100504404 (H2-Ea-ps)	166,519,212,536
14960 (H2-Aa)	166,519,212,536
14961 (H2-Ab1)	166,519,212,536
14969 (H2-Eb1)	166,519,212,536
14998 (H2-DMa)	166,519,212,536
14999 (H2-DMb1)	166,519,212,536
15000 (H2-DMb2)	166,519,212,536
15001 (H2-Oa)	166,519,212,536
15002 (H2-Ob)	166,519,212,536
16452 (Jak2)	427,319,473,336
54721 (Tyk2)	427,344,473,361
16451 (Jak1)	427,287,473,304
16452 (Jak2)	427,287,473,304
16451 (Jak1)	427,672,473,689
16453 (Jak3)	427,672,473,689
16451 (Jak1)	427,763,473,780
16453 (Jak3)	427,763,473,780
12399 (Runx3)	1231,542,1277,559
18033 (Nfkb1)	1100,184,1146,201
19697 (Rela)	1100,201,1146,218
mmu04514: Cell adhesion molecules (CAMs)	244,573,346,607
mmu04658: Th1 and Th2 cell differentiation	40,45,332,70
mmu04010: MAPK signaling pathway	793,576,895,610
mmu04020: Calcium signaling pathway	709,400,811,434
mmu04064: NF-kappa B signaling pathway	793,468,895,502
mmu04660: T cell receptor signaling pathway	244,484,346,518
mmu04330: Notch signaling pathway	449,144,551,178
mmu04630: Jak-STAT signaling pathway	465,240,567,274
