C00350 (Phosphatidylethanolamine)	870,645,4
C05981 (Phosphatidylinositol-3,4,5-trisphosphate)	668,799,4
C01245 (D-myo-Inositol 1,4,5-trisphosphate)	668,936,4
C00165 (Diacylglycerol)	669,983,4
C00076 (Calcium cation)	784,949,4
15962 (Ifna1)	242,299,288,316
15964 (Ifna11)	242,299,288,316
15965 (Ifna2)	242,299,288,316
15967 (Ifna4)	242,299,288,316
15968 (Ifna5)	242,299,288,316
15969 (Ifna6)	242,299,288,316
15970 (Ifna7)	242,299,288,316
15972 (Ifna9)	242,299,288,316
15974 (Ifnab)	242,299,288,316
15977 (Ifnb1)	242,299,288,316
230396 (Ifna13)	242,299,288,316
242517 (Ifna15)	242,299,288,316
242519 (Ifna12)	242,299,288,316
404549 (Ifna14)	242,299,288,316
22031 (Traf3)	653,162,699,179
54123 (Irf7)	835,115,881,132
15977 (Ifnb1)	1262,200,1308,217
15962 (Ifna1)	1298,115,1344,132
15964 (Ifna11)	1298,115,1344,132
15965 (Ifna2)	1298,115,1344,132
15967 (Ifna4)	1298,115,1344,132
15968 (Ifna5)	1298,115,1344,132
15969 (Ifna6)	1298,115,1344,132
15970 (Ifna7)	1298,115,1344,132
15972 (Ifna9)	1298,115,1344,132
15974 (Ifnab)	1298,115,1344,132
230396 (Ifna13)	1298,115,1344,132
242517 (Ifna15)	1298,115,1344,132
242519 (Ifna12)	1298,115,1344,132
404549 (Ifna14)	1298,115,1344,132
12675 (Chuk)	812,498,858,515
16150 (Ikbkb)	812,498,858,515
16151 (Ikbkg)	812,498,858,515
26414 (Mapk10)	930,858,976,875
26419 (Mapk8)	930,858,976,875
26420 (Mapk9)	930,858,976,875
56480 (Tbk1)	734,169,780,186
56489 (Ikbke)	734,152,780,169
11651 (Akt1)	732,791,777,808
11652 (Akt2)	732,791,777,808
23797 (Akt3)	732,791,777,808
20846 (Stat1)	910,291,956,308
18035 (Nfkbia)	937,498,983,515
54131 (Irf3)	835,201,881,218
142980 (Tlr3)	484,162,530,179
106759 (Ticam1)	567,162,613,179
18706 (Pik3ca)	559,801,605,818
18707 (Pik3cd)	559,801,605,818
18708 (Pik3r1)	559,801,605,818
18709 (Pik3r2)	559,801,605,818
18710 (Pik3r3)	559,801,605,818
74769 (Pik3cb)	559,801,605,818
15975 (Ifnar1)	332,299,378,316
15976 (Ifnar2)	332,299,378,316
18033 (Nfkb1)	937,470,983,487
19697 (Rela)	937,470,983,487
14102 (Fas)	332,431,378,448
12370 (Casp8)	492,431,538,448
12028 (Bax)	650,420,696,437
12018 (Bak1)	650,442,696,459
13063 (Cycs)	791,431,837,448
13067 (Cyct)	791,431,837,448
12367 (Casp3)	945,431,991,448
21937 (Tnfrsf1a)	332,498,378,515
16195 (Il6st)	332,1048,378,1065
12914 (Crebbp)	1122,200,1168,217
328572 (Ep300)	1122,200,1168,217
54123 (Irf7)	932,107,978,124
54123 (Irf7)	932,124,978,141
54123 (Irf7)	932,149,978,166
54131 (Irf3)	932,166,978,183
54131 (Irf3)	932,192,978,209
54131 (Irf3)	932,209,978,226
16451 (Jak1)	501,290,547,307
54721 (Tyk2)	501,312,547,329
20847 (Stat2)	910,308,956,325
54123 (Irf7)	1298,300,1344,317
16391 (Irf9)	956,300,1002,317
12266 (C3)	132,199,178,216
100529082 (Gm11127)	332,548,378,565
110557 (H2-Q6)	332,548,378,565
110558 (H2-Q9)	332,548,378,565
110696 (H2-M10.3)	332,548,378,565
14963 (H2-Bl)	332,548,378,565
14964 (H2-D1)	332,548,378,565
14972 (H2-K1)	332,548,378,565
14980 (H2-L)	332,548,378,565
14985 (H2-M10.1)	332,548,378,565
14990 (H2-M2)	332,548,378,565
14991 (H2-M3)	332,548,378,565
14997 (H2-M9)	332,548,378,565
15006 (H2-Q1)	332,548,378,565
15007 (H2-Q10)	332,548,378,565
15013 (H2-Q2)	332,548,378,565
15015 (H2-Q4)	332,548,378,565
15018 (H2-Q7)	332,548,378,565
15019 (H2-Q8)	332,548,378,565
15024 (H2-T10)	332,548,378,565
15033 (H2-T18)	332,548,378,565
15039 (H2-T22)	332,548,378,565
15040 (H2-T23)	332,548,378,565
15042 (H2-T24)	332,548,378,565
15043 (H2-T3)	332,548,378,565
15051 (H2-T9)	332,548,378,565
224753 (H2-M10.4)	332,548,378,565
224754 (H2-M11)	332,548,378,565
224756 (H2-M1)	332,548,378,565
224761 (H2-M10.5)	332,548,378,565
240095 (H2-M5)	332,548,378,565
333715 (H2-M10.2)	332,548,378,565
399549 (H2-M10.6)	332,548,378,565
547349 (H2-K1)	332,548,378,565
630294 (Gm7030)	332,548,378,565
667803 (H2-T-ps)	332,548,378,565
667977 (Gm8909)	332,548,378,565
69717 (Gm10499)	332,548,378,565
12575 (Cdkn1a)	1159,602,1205,619
12567 (Cdk4)	1245,602,1291,619
12571 (Cdk6)	1245,602,1291,619
19645 (Rb1)	1320,602,1366,619
22059 (Trp53)	1047,602,1093,619
13555 (E2f1)	1320,645,1366,662
13557 (E2f3)	1320,645,1366,662
242705 (E2f2)	1320,645,1366,662
56637 (Gsk3b)	837,1092,883,1109
12387 (Ctnnb1)	933,1092,979,1109
16452 (Jak2)	473,1048,519,1065
20848 (Stat3)	755,1048,801,1065
100503710 (Gm5741)	440,780,486,797
14688 (Gnb1)	440,780,486,797
14693 (Gnb2)	440,780,486,797
14695 (Gnb3)	440,780,486,797
14696 (Gnb4)	440,780,486,797
14697 (Gnb5)	440,780,486,797
14699 (Gngt1)	440,780,486,797
14700 (Gng10)	440,780,486,797
14701 (Gng12)	440,780,486,797
14702 (Gng2)	440,780,486,797
14704 (Gng3)	440,780,486,797
14706 (Gng4)	440,780,486,797
14707 (Gng5)	440,780,486,797
14708 (Gng7)	440,780,486,797
14709 (Gng8)	440,780,486,797
14710 (Gngt2)	440,780,486,797
64337 (Gng13)	440,780,486,797
66066 (Gng11)	440,780,486,797
15251 (Hif1a)	1053,729,1099,746
19106 (Eif2ak2)	1298,322,1344,339
12771 (Ccr3)	134,344,180,361
12774 (Ccr5)	134,370,180,387
12768 (Ccr1)	134,397,180,414
12770 (Ccr1l1)	134,397,180,414
12773 (Ccr4)	134,427,180,444
12776 (Ccr8)	134,455,180,472
57781 (Cd200r1)	134,854,180,871
56486 (Gabarap)	687,637,733,654
57436 (Gabarapl1)	687,637,733,654
93739 (Gabarapl2)	687,637,733,654
56486 (Gabarap)	798,637,844,654
57436 (Gabarapl1)	798,637,844,654
93739 (Gabarapl2)	798,637,844,654
67841 (Atg3)	730,606,776,623
100504663 (Atg14)	583,637,629,654
225326 (Pik3c3)	629,637,675,654
56208 (Becn1)	608,620,654,637
71609 (Tradd)	488,498,534,515
22030 (Traf2)	674,498,720,515
18033 (Nfkb1)	1053,856,1099,873
19697 (Rela)	1053,856,1099,873
12371 (Casp9)	869,431,915,448
12122 (Bid)	568,431,614,448
14082 (Fadd)	413,431,459,448
16193 (Il6)	1204,795,1250,812
19225 (Ptgs2)	1204,820,1250,837
14825 (Cxcl1)	1259,820,1305,837
20310 (Cxcl2)	1259,820,1305,837
330122 (Cxcl3)	1259,820,1305,837
54720 (Rcan1)	1204,845,1250,862
14173 (Fgf2)	1259,845,1305,862
22339 (Vegfa)	1204,870,1250,887
18591 (Pdgfb)	1259,870,1305,887
56717 (Mtor)	842,790,888,807
20963 (Syk)	379,920,425,937
18803 (Plcg1)	575,962,621,979
18018 (Nfatc1)	960,963,1006,980
18019 (Nfatc2)	960,963,1006,980
18021 (Nfatc3)	960,963,1006,980
73181 (Nfatc4)	960,963,1006,980
19055 (Ppp3ca)	886,963,932,980
19056 (Ppp3cb)	886,963,932,980
19057 (Ppp3cc)	886,963,932,980
19058 (Ppp3r1)	886,963,932,980
19059 (Ppp3r2)	886,963,932,980
16438 (Itpr1)	708,956,754,973
16439 (Itpr2)	708,956,754,973
16440 (Itpr3)	708,956,754,973
15461 (Hras)	559,729,605,746
16653 (Kras)	559,729,605,746
18176 (Nras)	559,729,605,746
110157 (Raf1)	683,729,729,746
26395 (Map2k1)	806,729,852,746
26396 (Map2k2)	806,729,852,746
26413 (Mapk1)	930,729,976,746
26417 (Mapk3)	930,729,976,746
14281 (Fos)	1053,805,1099,822
16476 (Jun)	1053,805,1099,822
19353 (Rac1)	755,858,801,875
26414 (Mapk10)	930,905,976,922
26419 (Mapk8)	930,905,976,922
26420 (Mapk9)	930,905,976,922
14281 (Fos)	1053,907,1099,924
16476 (Jun)	1053,907,1099,924
234779 (Plcg2)	575,940,621,957
12675 (Chuk)	842,827,888,844
16150 (Ikbkb)	842,827,888,844
16151 (Ikbkg)	842,827,888,844
18035 (Nfkbia)	946,826,992,843
11601 (Angpt2)	1259,895,1305,912
20779 (Src)	383,999,429,1016
15162 (Hck)	435,999,481,1016
17096 (Lyn)	489,999,535,1016
666513 (Gm11787)	489,999,535,1016
56637 (Gsk3b)	1087,1125,1133,1142
16476 (Jun)	1188,1081,1234,1098
12912 (Creb1)	1240,1081,1286,1098
12443 (Ccnd1)	1188,1104,1234,1121
17869 (Myc)	1240,1104,1286,1121
94071 (Clec2h)	332,746,378,763
15894 (Icam1)	332,671,378,688
12524 (Cd86)	332,696,378,713
15979 (Ifngr1)	332,643,378,660
17164 (Mapkapk2)	1086,365,1132,382
19094 (Mapk11)	1130,332,1176,349
26415 (Mapk13)	1130,332,1176,349
26416 (Mapk14)	1130,332,1176,349
29857 (Mapk12)	1130,332,1176,349
17164 (Mapkapk2)	803,359,849,376
19094 (Mapk11)	849,342,895,359
26415 (Mapk13)	849,342,895,359
26416 (Mapk14)	849,342,895,359
29857 (Mapk12)	849,342,895,359
26399 (Map2k6)	962,333,1008,350
26399 (Map2k6)	803,342,849,359
16193 (Il6)	273,345,319,362
12981 (Csf2)	273,367,319,384
22695 (Zfp36)	681,356,727,373
104709 (Pik3r6)	559,779,605,796
30955 (Pik3cg)	559,779,605,796
320207 (Pik3r5)	559,779,605,796
277360 (Prex1)	668,858,714,875
12313 (Calm1)	821,963,867,980
12314 (Calm2)	821,963,867,980
12315 (Calm3)	821,963,867,980
494124 (Calm5)	821,963,867,980
70405 (Calml3)	821,963,867,980
75600 (Calml4)	821,963,867,980
80796 (Calm4)	821,963,867,980
22187 (Ubb)	478,568,524,585
26398 (Map2k4)	806,905,852,922
26400 (Map2k7)	806,905,852,922
mmu05167: Kaposi sarcoma-associated herpesvirus infection	40,45,477,70
mmu04210: Apoptosis	804,458,913,483
mmu04610: Complement and coagulation cascades	86,156,212,190
mmu04630: JAK-STAT signaling pathway	741,269,851,303
mmu04010: MAPK signaling pathway	829,750,937,784
mmu04064: NF-kappa B signaling pathway	869,530,977,564
mmu04151: PI3K-Akt signaling pathway	677,814,785,848
mmu04620: Toll-like receptor signaling pathway	581,118,689,152
mmu04115: p53 signaling pathway	1035,645,1143,679
mmu04110: Cell cycle	1298,566,1390,591
mmu04310: Wnt signaling pathway	719,1085,827,1119
mmu04140: Autophagy - animal	707,678,815,712
mmu04668: TNF signaling pathway	385,459,493,493
mmu04650: Natural killer cell mediated cytotoxicity	187,759,320,793
mmu04144: Endocytosis	479,693,555,718
