C00575 (3',5'-Cyclic AMP)	413,270,4
C00788 (L-Adrenaline)	170,193,4
C00547 (L-Noradrenaline)	170,238,4
C00942 (3',5'-Cyclic GMP)	413,364,4
C00116 (Glycerol)	216,459,4
C00162 (Fatty acid)	217,509,4
C00165 (Diacylglycerol)	803,283,4
C01885 (1-Acylglycerol)	803,390,4
C00116 (Glycerol)	803,459,4
C00422 (Triacylglycerol)	803,199,4
C00575 (3',5'-Cyclic AMP)	412,895,4
C00212 (Adenosine)	170,760,4
C00020 (AMP)	557,787,4
C00584 (Prostaglandin E2)	170,795,4
C00219 (Arachidonate)	436,679,4
C00584 (Prostaglandin E2)	436,733,4
C00165 (Diacylglycerol)	804,803,4
C00422 (Triacylglycerol)	803,706,4
C02140 (Corticosterone)	170,129,4
C00162 (Fatty acid)	952,238,4
C00162 (Fatty acid)	952,345,4
C00162 (Fatty acid)	952,423,4
14683 (Gnas)	361,205,407,222
104110 (Adcy4)	255,262,301,279
104111 (Adcy3)	255,262,301,279
11512 (Adcy6)	255,262,301,279
11513 (Adcy7)	255,262,301,279
11514 (Adcy8)	255,262,301,279
11515 (Adcy9)	255,262,301,279
210044 (Adcy2)	255,262,301,279
224129 (Adcy5)	255,262,301,279
432530 (Adcy1)	255,262,301,279
18747 (Prkaca)	488,262,534,279
18749 (Prkacb)	488,262,534,279
11554 (Adrb1)	255,205,301,222
11555 (Adrb2)	255,205,301,222
11556 (Adrb3)	255,205,301,222
16890 (Lipe)	753,313,799,330
18160 (Npr1)	255,354,301,371
19091 (Prkg1)	492,354,538,371
19092 (Prkg2)	492,354,538,371
103968 (Plin1)	675,213,721,230
11832 (Aqp7)	255,450,301,467
23945 (Mgll)	753,417,799,434
66853 (Pnpla2)	753,218,799,235
67469 (Abhd5)	736,235,782,252
19218 (Ptger3)	255,787,301,804
14677 (Gnai1)	364,791,410,808
14678 (Gnai2)	364,791,410,808
14679 (Gnai3)	364,791,410,808
104110 (Adcy4)	255,887,301,904
104111 (Adcy3)	255,887,301,904
11512 (Adcy6)	255,887,301,904
11513 (Adcy7)	255,887,301,904
11514 (Adcy8)	255,887,301,904
11515 (Adcy9)	255,887,301,904
210044 (Adcy2)	255,887,301,904
224129 (Adcy5)	255,887,301,904
432530 (Adcy1)	255,887,301,904
18747 (Prkaca)	491,887,537,904
18749 (Prkacb)	491,887,537,904
16333 (Ins1)	147,610,193,627
16334 (Ins2)	147,610,193,627
16337 (Insr)	255,610,301,627
18576 (Pde3b)	450,798,496,815
18706 (Pik3ca)	407,610,453,627
18707 (Pik3cd)	407,610,453,627
18708 (Pik3r1)	407,610,453,627
18709 (Pik3r2)	407,610,453,627
18710 (Pik3r3)	407,610,453,627
74769 (Pik3cb)	407,610,453,627
16367 (Irs1)	333,610,379,627
16369 (Irs3)	333,610,379,627
16370 (Irs4)	333,610,379,627
384783 (Irs2)	333,610,379,627
225845 (Pla2g16)	332,671,378,688
19224 (Ptgs1)	386,696,432,713
19225 (Ptgs2)	386,696,432,713
16890 (Lipe)	619,825,665,842
103968 (Plin1)	673,725,719,742
23945 (Mgll)	753,911,799,928
66853 (Pnpla2)	748,728,794,745
67469 (Abhd5)	731,745,777,762
11539 (Adora1)	255,751,301,768
22095 (Tshr)	255,162,301,179
11770 (Fabp4)	929,197,975,214
11770 (Fabp4)	929,307,975,324
11770 (Fabp4)	929,386,975,403
12640 (Cga)	147,162,193,179
22094 (Tshb)	147,162,193,179
18166 (Npy1r)	255,827,301,844
109648 (Npy)	147,827,193,844
16890 (Lipe)	622,313,668,330
11651 (Akt1)	504,610,550,627
11652 (Akt2)	504,610,550,627
23797 (Akt3)	504,610,550,627
230899 (Nppa)	147,354,193,371
mmu04024: cAMP signaling pathway	40,45,384,70
mmu04024: cAMP signaling pathway	437,216,565,250
mmu04022: cGMP-PKG signaling pathway	448,382,576,416
mmu00561: Glycerolipid metabolism	826,257,950,291
mmu04910: Insulin signaling pathway	419,568,547,602
mmu00561: Glycerolipid metabolism	821,756,945,790
mmu04024: cAMP signaling pathway	476,843,604,877
mmu00590: Arachidonic acid metabolism	445,685,554,719
