213208 (Il20rb)	859,897,905,914
213208 (Il20rb)	859,854,905,871
16189 (Il4)	557,730,603,747
12168 (Bmpr2)	1725,390,1771,407
11480 (Acvr2a)	1508,717,1554,734
11481 (Acvr2b)	1508,717,1554,734
11479 (Acvr1b)	1508,613,1554,630
16155 (Il10rb)	859,944,905,961
230828 (Il22ra1)	859,927,905,944
16186 (Il2rg)	643,446,689,463
16186 (Il2rg)	643,403,689,420
16186 (Il2rg)	643,342,689,359
16186 (Il2rg)	643,297,689,314
16186 (Il2rg)	643,253,689,270
16186 (Il2rg)	643,204,689,221
16185 (Il2rb)	643,386,689,403
16185 (Il2rb)	643,187,689,204
12983 (Csf2rb)	643,630,689,647
12984 (Csf2rb2)	643,630,689,647
12983 (Csf2rb)	643,587,689,604
12984 (Csf2rb2)	643,587,689,604
16880 (Lifr)	858,494,904,511
16880 (Lifr)	858,429,904,446
16880 (Lifr)	858,542,904,559
16195 (Il6st)	858,511,904,528
16195 (Il6st)	858,446,904,463
16195 (Il6st)	858,559,904,576
16195 (Il6st)	858,633,904,650
16195 (Il6st)	858,192,904,209
16174 (Il18rap)	1074,585,1120,602
16182 (Il18r1)	1074,568,1120,585
16178 (Il1r2)	1074,389,1120,406
16180 (Il1rap)	1074,363,1120,380
16177 (Il1r1)	1074,346,1120,363
16172 (Il17ra)	1074,888,1120,905
12166 (Bmpr1a)	1725,145,1771,162
12167 (Bmpr1b)	1725,280,1771,297
11477 (Acvr1)	1725,422,1771,439
11477 (Acvr1)	1508,846,1554,863
110542 (Amhr2)	1508,863,1554,880
11480 (Acvr2a)	1508,629,1554,646
11481 (Acvr2b)	1508,629,1554,646
11479 (Acvr1b)	1508,537,1554,554
21812 (Tgfbr1)	1508,135,1554,152
21813 (Tgfbr2)	1508,152,1554,169
16173 (Il18)	989,589,1035,606
16176 (Il1b)	989,362,1035,379
16175 (Il1a)	989,338,1035,355
140806 (Il25)	987,898,1033,915
56069 (Il17b)	987,788,1033,805
16171 (Il17a)	987,733,1033,750
14563 (Gdf5)	1638,263,1684,280
12162 (Bmp7)	1638,635,1684,652
12156 (Bmp2)	1638,218,1684,235
11705 (Amh)	1421,880,1467,897
16326 (Inhbe)	1421,815,1467,832
16325 (Inhbc)	1421,786,1467,803
16324 (Inhbb)	1421,614,1467,631
16323 (Inhba)	1421,582,1467,599
21809 (Tgfb3)	1421,192,1467,209
21808 (Tgfb2)	1421,169,1467,186
21803 (Tgfb1)	1421,145,1467,162
320100 (Relt)	1291,1003,1337,1020
29820 (Tnfrsf19)	1291,974,1337,991
245527 (Eda2r)	1291,537,1337,554
13608 (Edar)	1291,501,1337,518
72049 (Tnfrsf13c)	1291,941,1337,958
57916 (Tnfrsf13b)	1291,914,1337,931
21935 (Tnfrsf17)	1291,887,1337,904
21936 (Tnfrsf18)	1291,855,1337,872
22163 (Tnfrsf4)	1291,824,1337,841
21942 (Tnfrsf9)	1291,794,1337,811
21941 (Tnfrsf8)	1291,733,1337,750
21940 (Cd27)	1291,703,1337,720
21939 (Cd40)	1291,764,1337,781
14102 (Fas)	1291,286,1337,303
230979 (Tnfrsf14)	1291,206,1337,223
17000 (Ltbr)	1291,180,1337,197
13607 (Eda)	1204,537,1250,554
13607 (Eda)	1204,501,1250,518
24099 (Tnfsf13b)	1204,928,1250,945
69583 (Tnfsf13)	1204,900,1250,917
240873 (Tnfsf18)	1204,855,1250,872
22164 (Tnfsf4)	1204,824,1250,841
21950 (Tnfsf9)	1204,794,1250,811
21949 (Tnfsf8)	1204,733,1250,750
21948 (Cd70)	1204,703,1250,720
21947 (Cd40lg)	1204,764,1250,781
14103 (Fasl)	1204,281,1250,298
50930 (Tnfsf14)	1204,219,1250,236
16994 (Ltb)	1204,194,1250,211
16992 (Lta)	1204,169,1250,186
16155 (Il10rb)	859,1054,905,1071
242700 (Ifnlr1)	859,1037,905,1054
230828 (Il22ra1)	859,880,905,897
237313 (Il20ra)	859,837,905,854
16155 (Il10rb)	859,799,905,816
16154 (Il10ra)	859,782,905,799
15980 (Ifngr2)	1074,248,1120,265
15979 (Ifngr1)	1074,231,1120,248
15976 (Ifnar2)	1074,172,1120,189
15975 (Ifnar1)	1074,155,1120,172
330496 (Ifnl2)	772,1045,818,1062
338374 (Ifnl3)	772,1045,818,1062
330496 (Ifnl2)	772,1024,818,1041
338374 (Ifnl3)	772,1024,818,1041
50929 (Il22)	772,935,818,952
93672 (Il24)	772,902,818,919
58181 (Il20)	772,879,818,896
329244 (Il19)	772,832,818,849
16153 (Il10)	772,791,818,808
15978 (Ifng)	987,240,1033,257
230405 (Ifne)	987,209,1033,226
387510 (Ifnk)	987,187,1033,204
15977 (Ifnb1)	987,143,1033,160
15962 (Ifna1)	987,122,1033,139
15964 (Ifna11)	987,122,1033,139
15965 (Ifna2)	987,122,1033,139
15967 (Ifna4)	987,122,1033,139
15968 (Ifna5)	987,122,1033,139
15969 (Ifna6)	987,122,1033,139
15970 (Ifna7)	987,122,1033,139
15972 (Ifna9)	987,122,1033,139
15974 (Ifnab)	987,122,1033,139
230396 (Ifna13)	987,122,1033,139
242517 (Ifna15)	987,122,1033,139
242519 (Ifna12)	987,122,1033,139
404549 (Ifna14)	987,122,1033,139
17480 (Mpl)	644,1012,690,1029
19116 (Prlr)	644,986,690,1003
14600 (Ghr)	644,950,690,967
13857 (Epor)	644,907,690,924
57914 (Crlf2)	643,490,689,507
16197 (Il7r)	643,473,689,490
60504 (Il21r)	643,429,689,446
16169 (Il15ra)	643,369,689,386
16199 (Il9r)	643,325,689,342
16197 (Il7r)	643,280,689,297
16190 (Il4ra)	643,236,689,253
16186 (Il2rg)	643,160,689,177
16185 (Il2rb)	643,143,689,160
16184 (Il2ra)	643,126,689,143
16192 (Il5ra)	643,613,689,630
16188 (Il3ra)	643,570,689,587
12983 (Csf2rb)	644,674,690,691
12984 (Csf2rb2)	644,674,690,691
12982 (Csf2ra)	644,657,690,674
21832 (Thpo)	557,1012,603,1029
19109 (Prl)	557,986,603,1003
14599 (Gh)	557,961,603,978
14599 (Gh)	557,938,603,955
13856 (Epo)	557,907,603,924
53603 (Tslp)	557,481,603,498
60505 (Il21)	557,438,603,455
16168 (Il15)	557,385,603,402
16198 (Il9)	557,334,603,351
16196 (Il7)	557,288,603,305
16189 (Il4)	557,245,603,262
16183 (Il2)	557,168,603,185
16191 (Il5)	557,622,603,639
16187 (Il3)	557,579,603,596
12981 (Csf2)	557,665,603,682
16161 (Il12rb1)	858,289,904,306
209590 (Il23r)	858,272,904,289
16162 (Il12rb2)	858,240,904,257
16161 (Il12rb1)	858,223,904,240
16190 (Il4ra)	643,770,689,787
16164 (Il13ra1)	642,738,688,755
16190 (Il4ra)	642,722,688,739
12986 (Csf3r)	643,1043,689,1060
12804 (Cntfr)	858,412,904,429
18414 (Osmr)	858,616,904,633
100038993 (Gm2002)	858,175,904,192
100042555 (Gm13305)	858,175,904,192
100861969	858,175,904,192
16157 (Il11ra1)	858,175,904,192
16158 (Il11ra2)	858,175,904,192
16195 (Il6st)	858,145,904,162
16194 (Il6ra)	858,128,904,145
83430 (Il23a)	772,280,818,297
16159 (Il12a)	772,232,818,249
16160 (Il12b)	772,232,818,249
16163 (Il13)	557,779,603,796
12985 (Csf3)	557,1043,603,1060
13019 (Ctf1)	772,495,818,512
56708 (Clcf1)	772,419,818,436
12803 (Cntf)	772,441,818,458
16878 (Lif)	772,533,818,550
18413 (Osm)	772,625,818,642
18413 (Osm)	772,570,818,587
16156 (Il11)	772,184,818,201
16193 (Il6)	772,137,818,154
13051 (Cx3cr1)	428,916,474,933
23832 (Xcr1)	428,783,474,800
80901 (Cxcr6)	427,574,473,591
12145 (Cxcr5)	427,459,473,476
12767 (Cxcr4)	427,495,473,512
12766 (Cxcr3)	427,381,473,398
227288 (Cxcr1)	427,181,473,198
12765 (Cxcr2)	427,254,473,271
20312 (Cx3cl1)	341,916,387,933
16963 (Xcl1)	341,772,387,789
57266 (Cxcl14)	341,615,387,632
56744 (Pf4)	341,337,387,354
20309 (Cxcl15)	341,639,387,656
66102 (Cxcl16)	341,574,387,591
55985 (Cxcl13)	341,459,387,476
20315 (Cxcl12)	341,512,387,529
56066 (Cxcl11)	341,427,387,444
15945 (Cxcl10)	341,405,387,422
17329 (Cxcl9)	341,382,387,399
20311 (Cxcl5)	341,190,387,207
57349 (Ppbp)	341,298,387,315
20311 (Cxcl5)	341,168,387,185
21937 (Tnfrsf1a)	1291,127,1337,144
21938 (Tnfrsf1b)	1291,153,1337,170
18053 (Ngfr)	1291,575,1337,592
94185 (Tnfrsf21)	1291,458,1337,475
27279 (Tnfrsf12a)	1291,673,1337,690
21934 (Tnfrsf11a)	1291,643,1337,660
21944 (Tnfsf12)	1204,673,1250,690
18383 (Tnfrsf11b)	1248,599,1294,616
21933 (Tnfrsf10b)	1291,376,1337,393
22035 (Tnfsf10)	1204,391,1250,408
21933 (Tnfrsf10b)	1291,352,1337,369
326623 (Tnfsf15)	1204,310,1250,327
21926 (Tnf)	1204,138,1250,155
14825 (Cxcl1)	341,275,387,292
20310 (Cxcl2)	341,275,387,292
330122 (Cxcl3)	341,275,387,292
14825 (Cxcl1)	341,253,387,270
20310 (Cxcl2)	341,253,387,270
330122 (Cxcl3)	341,253,387,270
14825 (Cxcl1)	341,146,387,163
20310 (Cxcl2)	341,146,387,163
330122 (Cxcl3)	341,146,387,163
21943 (Tnfsf11)	1204,628,1250,645
12778 (Ackr3)	427,531,473,548
50905 (Il17rb)	1074,905,1120,922
16172 (Il17ra)	1074,736,1120,753
171095 (Il17rc)	1074,753,1120,770
57890 (Il17re)	1074,826,1120,843
50905 (Il17rb)	1074,788,1120,805
257630 (Il17f)	987,755,1033,772
234836 (Il17c)	987,827,1033,844
239114 (Il17d)	987,859,1033,876
252837 (Ackr4)	213,207,259,224
12774 (Ccr5)	213,390,259,407
20303 (Ccl4)	120,286,166,303
20302 (Ccl3)	120,265,166,282
20303 (Ccl4)	120,307,166,324
20303 (Ccl4)	120,329,166,346
12775 (Ccr7)	213,236,259,253
100041504	120,231,166,248
100041593	120,231,166,248
100042493 (Ccl21b)	120,231,166,248
100504239 (Gm10591)	120,231,166,248
100504346 (Gm13304)	120,231,166,248
100504362 (Gm1987)	120,231,166,248
100862177 (Gm21541)	120,231,166,248
18829 (Ccl21a)	120,231,166,248
65956 (Ccl21c)	120,231,166,248
100039053 (Gm2023)	120,208,166,225
100039848 (Gm2457)	120,208,166,225
24047 (Ccl19)	120,208,166,225
12771 (Ccr3)	213,870,259,887
541307 (Ccl26)	120,887,166,904
56221 (Ccl24)	120,865,166,882
20292 (Ccl11)	120,843,166,860
20308 (Ccl9)	120,552,166,569
12768 (Ccr1)	213,602,259,619
12770 (Ccr1l1)	213,602,259,619
12772 (Ccr2)	213,774,259,791
12777 (Ccr10)	213,953,259,970
20305 (Ccl6)	120,726,166,743
20306 (Ccl7)	120,749,166,766
100039863 (Gm13306)	120,934,166,951
100039939 (Gm2506)	120,934,166,951
100040048 (Ccl27b)	120,934,166,951
100041579 (Gm20878)	120,934,166,951
100861978	120,934,166,951
100862247 (Gm21586)	120,934,166,951
20301 (Ccl27a)	120,934,166,951
621580 (Gm21953)	120,934,166,951
56838 (Ccl28)	120,963,166,980
12776 (Ccr8)	213,148,259,165
12769 (Ccr9)	213,178,259,195
20290 (Ccl1)	120,148,166,165
20300 (Ccl25)	120,178,166,195
20293 (Ccl12)	120,783,166,800
20296 (Ccl2)	120,783,166,800
20293 (Ccl12)	120,806,166,823
20296 (Ccl2)	120,806,166,823
12773 (Ccr4)	213,341,259,358
20299 (Ccl22)	120,387,166,404
20295 (Ccl17)	120,364,166,381
20302 (Ccl3)	120,470,166,487
12771 (Ccr3)	213,437,259,454
20304 (Ccl5)	120,436,166,453
20307 (Ccl8)	120,510,166,527
12771 (Ccr3)	213,689,259,706
12772 (Ccr2)	213,509,259,526
12458 (Ccr6)	213,1019,259,1036
20297 (Ccl20)	120,1019,166,1036
252837 (Ackr4)	213,728,259,745
56744 (Pf4)	341,360,387,377
232983 (Cxcl17)	341,665,387,682
246779 (Il27)	772,325,818,342
50931 (Il27ra)	858,317,904,334
16195 (Il6st)	858,334,904,351
76399 (Il31)	772,373,818,390
218624 (Il31ra)	858,364,904,381
18414 (Osmr)	858,381,904,398
16181 (Il1rn)	989,394,1035,411
54450 (Il1f5)	989,428,1035,445
54448 (Il1f6)	989,451,1035,468
69677 (Il1f8)	989,474,1035,491
215257 (Il1f9)	989,497,1035,514
215274 (Il1f10)	989,519,1035,536
77125 (Il33)	989,636,1035,653
16180 (Il1rap)	1074,483,1120,500
107527 (Il1rl2)	1074,466,1120,483
17082 (Il1rl1)	1074,627,1120,644
16170 (Il16)	987,994,1033,1011
76527 (Il34)	987,1058,1033,1075
12977 (Csf1)	987,1083,1033,1100
12504 (Cd4)	1074,994,1120,1011
12978 (Csf1r)	1074,1071,1120,1088
85030 (Tnfrsf25)	1291,318,1337,335
18048 (Klk1b4)	1204,575,1250,592
18049 (Ngf)	1204,575,1250,592
269275 (Acvr1c)	1508,657,1554,674
269275 (Acvr1c)	1508,701,1554,718
16322 (Inha)	1421,370,1467,387
11480 (Acvr2a)	1508,399,1554,416
11481 (Acvr2b)	1508,399,1554,416
14559 (Gdf1)	1421,635,1467,652
14562 (Gdf3)	1421,656,1467,673
18119 (Nodal)	1421,677,1467,694
110075 (Bmp3)	1421,400,1467,417
14560 (Gdf10)	1421,482,1467,499
21812 (Tgfbr1)	1508,430,1554,447
21812 (Tgfbr1)	1508,481,1554,498
11480 (Acvr2a)	1508,498,1554,515
11481 (Acvr2b)	1508,498,1554,515
14561 (Gdf11)	1421,517,1467,534
17700 (Mstn)	1421,547,1467,564
14566 (Gdf9)	1421,751,1467,768
11479 (Acvr1b)	1508,742,1554,759
12168 (Bmpr2)	1508,759,1554,776
11482 (Acvrl1)	1508,185,1554,202
21813 (Tgfbr2)	1508,202,1554,219
21813 (Tgfbr2)	1508,247,1554,264
11482 (Acvrl1)	1508,276,1554,293
11482 (Acvrl1)	1508,323,1554,340
12168 (Bmpr2)	1508,340,1554,357
23886 (Gdf15)	1421,239,1467,256
12165 (Gdf2)	1421,294,1467,311
12154 (Bmp10)	1421,318,1467,335
12159 (Bmp4)	1638,240,1684,257
242316 (Gdf6)	1638,286,1684,303
238057 (Gdf7)	1638,309,1684,326
12160 (Bmp5)	1638,588,1684,605
12161 (Bmp6)	1638,611,1684,628
12163 (Bmp8a)	1638,660,1684,677
12164 (Bmp8b)	1638,660,1684,677
12155 (Bmp15)	1638,416,1684,433
12166 (Bmpr1a)	1508,897,1554,914
110542 (Amhr2)	1508,914,1554,931
12166 (Bmpr1a)	1725,190,1771,207
11480 (Acvr2a)	1725,207,1771,224
11481 (Acvr2b)	1725,207,1771,224
12167 (Bmpr1b)	1725,326,1771,343
11480 (Acvr2a)	1725,343,1771,360
11481 (Acvr2b)	1725,343,1771,360
12166 (Bmpr1a)	1725,235,1771,252
12168 (Bmpr2)	1725,251,1771,268
12167 (Bmpr1b)	1725,374,1771,391
11477 (Acvr1)	1725,470,1771,487
11480 (Acvr2a)	1725,487,1771,504
11481 (Acvr2b)	1725,487,1771,504
12168 (Bmpr2)	1725,534,1771,551
11477 (Acvr1)	1725,517,1771,534
12168 (Bmpr2)	1725,812,1771,829
12166 (Bmpr1a)	1725,567,1771,584
12167 (Bmpr1b)	1725,702,1771,719
12166 (Bmpr1a)	1725,612,1771,629
11480 (Acvr2a)	1725,629,1771,646
11481 (Acvr2b)	1725,629,1771,646
12167 (Bmpr1b)	1725,748,1771,765
11480 (Acvr2a)	1725,765,1771,782
11481 (Acvr2b)	1725,765,1771,782
12166 (Bmpr1a)	1725,657,1771,674
12168 (Bmpr2)	1725,673,1771,690
12167 (Bmpr1b)	1725,796,1771,813
16846 (Lep)	557,1077,603,1094
16847 (Lepr)	643,1077,689,1094
16165 (Il13ra2)	643,787,689,804
16164 (Il13ra1)	643,816,689,833
16165 (Il13ra2)	643,841,689,858
16190 (Il4ra)	643,697,689,714
252837 (Ackr4)	213,471,259,488
237313 (Il20ra)	859,974,905,991
16155 (Il10rb)	859,991,905,1008
16180 (Il1rap)	1074,644,1120,661
mmu04060: Cytokine-cytokine receptor interaction	40,45,392,70
