C04549 (1-Phosphatidyl-1D-myo-inositol 3-phosphate)	932,683,4
C01194 (1-Phosphatidyl-D-myo-inositol)	834,683,4
C05981 (Phosphatidylinositol-3,4,5-trisphosphate)	302,146,4
C00350 (Phosphatidylethanolamine)	735,983,4
C00350 (Phosphatidylethanolamine)	971,960,4
C00044 (GTP)	1003,151,4
C00035 (GDP)	932,151,4
16001 (Igf1r)	55,150,101,167
16333 (Ins1)	55,128,101,145
16334 (Ins2)	55,128,101,145
16367 (Irs1)	141,138,187,155
16369 (Irs3)	141,138,187,155
16370 (Irs4)	141,138,187,155
384783 (Irs2)	141,138,187,155
18706 (Pik3ca)	212,137,258,154
18707 (Pik3cd)	212,137,258,154
18708 (Pik3r1)	212,137,258,154
18709 (Pik3r2)	212,137,258,154
18710 (Pik3r3)	212,137,258,154
74769 (Pik3cb)	212,137,258,154
19211 (Pten)	279,104,325,121
18607 (Pdpk1)	345,138,391,155
11651 (Akt1)	433,138,479,155
11652 (Akt2)	433,138,479,155
23797 (Akt3)	433,138,479,155
15461 (Hras)	165,212,211,229
16653 (Kras)	165,212,211,229
17532 (Mras)	165,212,211,229
18176 (Nras)	165,212,211,229
20130 (Rras)	165,212,211,229
66922 (Rras2)	165,212,211,229
110157 (Raf1)	237,243,283,260
26395 (Map2k1)	309,243,355,260
26396 (Map2k2)	309,243,355,260
26413 (Mapk1)	381,242,427,259
26417 (Mapk3)	381,242,427,259
15251 (Hif1a)	151,315,197,332
74747 (Ddit4)	244,315,290,332
12176 (Bnip3)	244,345,290,362
18753 (Prkcd)	151,368,197,385
22084 (Tsc2)	433,298,479,315
64930 (Tsc1)	433,315,479,332
19744 (Rheb)	515,307,561,324
74370 (Rptor)	600,271,646,288
97998 (Deptor)	668,276,714,293
56717 (Mtor)	634,307,680,324
67605 (Akt1s1)	599,344,645,361
56716 (Mlst8)	666,344,712,361
58988 (Rps6kb2)	715,185,761,202
72508 (Rps6kb1)	715,185,761,202
19052 (Ppp2ca)	810,192,856,209
19053 (Ppp2cb)	810,192,856,209
18518 (Igbp1)	754,256,800,273
50540 (Igbp1b)	754,256,800,273
22241 (Ulk1)	810,307,856,324
29869 (Ulk2)	810,307,856,324
51897 (Atg13)	810,369,856,386
12421 (Rb1cc1)	916,369,962,386
68118 (Atg101)	884,339,930,356
329015 (Atg2a)	1041,307,1087,324
76559 (Atg2b)	1041,307,1087,324
52639 (Wipi1)	1041,342,1087,359
74781 (Wipi2)	1041,342,1087,359
245670 (Rragb)	244,387,290,404
68441 (Rraga)	244,387,290,404
52187 (Rragd)	244,404,290,421
54170 (Rragc)	244,404,290,421
20869 (Stk11)	186,473,232,490
105787 (Prkaa1)	433,473,479,490
108079 (Prkaa2)	433,473,479,490
207565 (Camkk2)	290,563,336,580
26409 (Map3k7)	290,590,336,607
78943 (Ern1)	290,620,336,637
26414 (Mapk10)	434,590,480,607
26419 (Mapk8)	434,590,480,607
26420 (Mapk9)	434,590,480,607
18747 (Prkaca)	433,528,479,545
18749 (Prkacb)	433,528,479,545
68728 (Trp53inp2)	780,468,826,485
22034 (Traf6)	715,488,761,505
228361 (Ambra1)	680,539,726,556
16438 (Itpr1)	607,549,653,566
12043 (Bcl2)	637,580,683,597
12048 (Bcl2l1)	637,601,683,618
213948 (Atg9b)	907,432,953,449
245860 (Atg9a)	907,432,953,449
56790 (Supt20)	907,474,953,491
67727 (Stx17)	905,507,951,524
56208 (Becn1)	780,590,826,607
75669 (Pik3r4)	780,633,826,650
641340 (Nrbf2)	851,590,897,607
225326 (Pik3c3)	851,633,897,650
100504663 (Atg14)	851,544,897,561
78610 (Uvrag)	936,544,982,561
54673 (Sh3glb1)	1007,544,1053,561
100502698 (Rubcn)	936,600,982,617
217695 (Zfyve1)	1007,692,1053,709
170749 (Mtmr4)	869,725,915,742
74302 (Mtmr3)	869,725,915,742
97287 (Mtmr14)	945,725,991,742
12015 (Bad)	570,633,616,650
15289 (Hmgb1)	628,647,674,664
22264 (Prap1)	128,700,174,717
13666 (Eif2ak3)	290,707,336,724
27103 (Eif2ak4)	382,717,428,734
13143 (Dapk2)	434,677,480,694
13144 (Dapk3)	434,677,480,694
69635 (Dapk1)	434,677,480,694
13665 (Eif2s1)	382,808,428,825
67526 (Atg12)	517,808,563,825
11793 (Atg5)	749,799,795,816
19338 (Rab33b)	994,750,1040,767
67526 (Atg12)	954,808,1000,825
67526 (Atg12)	749,816,795,833
11793 (Atg5)	1000,808,1046,825
11793 (Atg5)	665,845,711,862
74244 (Atg7)	567,877,613,894
66795 (Atg10)	614,855,660,872
73683 (Atg16l2)	846,845,892,862
77040 (Atg16l1)	846,845,892,862
12633 (Cflar)	624,898,670,915
67841 (Atg3)	687,898,733,915
18761 (Prkcq)	362,901,408,918
56486 (Gabarap)	433,952,479,969
57436 (Gabarapl1)	433,952,479,969
93739 (Gabarapl2)	433,952,479,969
235040 (Atg4d)	476,1000,522,1017
242557 (Atg4c)	476,1000,522,1017
66615 (Atg4b)	476,1000,522,1017
666468 (Atg4a)	476,1000,522,1017
16783 (Lamp1)	925,1083,971,1100
16784 (Lamp2)	925,1083,971,1100
19349 (Rab7)	925,1053,971,1070
226421 (Rab7b)	925,1053,971,1070
22320 (Vamp8)	925,1152,971,1169
67727 (Stx17)	972,1113,1018,1130
100504663 (Atg14)	1049,1113,1095,1130
73683 (Atg16l2)	1046,808,1092,825
77040 (Atg16l1)	1046,808,1092,825
56486 (Gabarap)	907,952,953,969
57436 (Gabarapl1)	907,952,953,969
93739 (Gabarapl2)	907,952,953,969
67474 (Snap29)	972,1130,1018,1147
13033 (Ctsd)	760,1230,806,1247
13039 (Ctsl)	760,1260,806,1277
13030 (Ctsb)	760,1290,806,1307
75909 (Vmp1)	780,515,826,532
73205 (C9orf72)	969,236,1015,253
19324 (Rab1a)	1040,236,1086,253
218460 (Wdr41)	923,227,969,244
237782 (Smcr8)	923,244,969,261
17274 (Rab8a)	909,165,955,182
67790 (Rab39b)	909,165,955,182
17274 (Rab8a)	981,165,1027,182
67790 (Rab39b)	981,165,1027,182
18412 (Sqstm1)	1052,165,1098,182
56480 (Tbk1)	857,221,903,238
21353 (Tank)	857,238,903,255
mmu04140: Autophagy - animal	40,45,240,70
mmu04910: Insulin signaling pathway	183,163,293,203
mmu04010: MAPK signaling pathway	236,264,346,304
mmu04150: mTOR signaling pathway	600,219,710,259
mmu04141: Protein processing in endoplasmic reticulum	55,519,165,559
mmu04152: AMPK signaling pathway	311,429,421,469
mmu04142: Lysosome	736,1130,846,1170
