224630 (Bnip1)	296,657,342,674
67023 (Use1)	296,640,342,657
71116 (Stx18)	296,623,342,640
67727 (Stx17)	198,623,244,640
12068 (Bet1)	176,576,222,593
54399 (Bet1l)	176,576,222,593
56418 (Ykt6)	272,494,318,511
53334 (Gosr1)	272,477,318,494
56389 (Stx5a)	272,460,318,477
20333 (Sec22b)	223,494,269,511
56494 (Gosr2)	223,477,269,494
56389 (Stx5a)	223,460,269,477
67474 (Snap29)	272,383,318,400
58244 (Stx6)	223,403,269,420
228960 (Stx16)	223,383,269,400
68159 (Stx19)	223,363,269,380
74732 (Stx11)	223,363,269,380
56418 (Ykt6)	394,325,440,342
53611 (Vti1a)	482,299,528,316
53612 (Vti1b)	482,299,528,316
55943 (Stx8)	482,282,528,299
53331 (Stx7)	482,265,528,282
53330 (Vamp4)	339,125,385,142
53620 (Vamp5)	324,96,370,113
20619 (Snap23)	258,93,304,110
20619 (Snap23)	96,130,142,147
13852 (Stx2)	213,93,259,110
20907 (Stx1a)	213,93,259,110
20908 (Stx3)	213,93,259,110
20909 (Stx4a)	213,93,259,110
56216 (Stx1b)	213,93,259,110
13852 (Stx2)	51,130,97,147
20907 (Stx1a)	51,130,97,147
20908 (Stx3)	51,130,97,147
20909 (Stx4a)	51,130,97,147
56216 (Stx1b)	51,130,97,147
20333 (Sec22b)	361,576,407,593
53330 (Vamp4)	240,197,286,214
22320 (Vamp8)	103,254,149,271
22317 (Vamp1)	91,231,137,248
22318 (Vamp2)	91,231,137,248
22319 (Vamp3)	91,231,137,248
20955 (Vamp7)	382,281,428,298
228960 (Stx16)	402,148,448,165
58244 (Stx6)	402,165,448,182
53611 (Vti1a)	402,182,448,199
53612 (Vti1b)	402,182,448,199
mmu04130: SNARE interactions in vesicular transport	40,45,415,70
