17869 (Myc)	877,231,923,248
11651 (Akt1)	406,418,452,435
11652 (Akt2)	406,418,452,435
23797 (Akt3)	406,418,452,435
18706 (Pik3ca)	323,417,369,434
18707 (Pik3cd)	323,417,369,434
18708 (Pik3r1)	323,417,369,434
18709 (Pik3r2)	323,417,369,434
18710 (Pik3r3)	323,417,369,434
74769 (Pik3cb)	323,417,369,434
20662 (Sos1)	406,352,452,369
20663 (Sos2)	406,352,452,369
14784 (Grb2)	323,360,369,377
12700 (Cish)	877,165,923,182
12043 (Bcl2)	877,188,923,205
12702 (Socs3)	925,165,971,182
12703 (Socs1)	925,165,971,182
192157 (Socs7)	925,165,971,182
216233 (Socs2)	925,165,971,182
54607 (Socs6)	925,165,971,182
56468 (Socs5)	925,165,971,182
67296 (Socs4)	925,165,971,182
12914 (Crebbp)	665,264,711,281
328572 (Ep300)	665,264,711,281
16391 (Irf9)	561,264,607,281
20846 (Stat1)	329,231,375,248
20847 (Stat2)	329,231,375,248
20848 (Stat3)	329,231,375,248
20849 (Stat4)	329,231,375,248
20850 (Stat5a)	329,231,375,248
20851 (Stat5b)	329,231,375,248
20852 (Stat6)	329,231,375,248
17344 (Pias2)	720,197,766,214
229615 (Pias3)	720,197,766,214
56469 (Pias1)	720,197,766,214
59004 (Pias4)	720,197,766,214
15170 (Ptpn6)	249,275,295,292
20844 (Stam)	261,185,307,202
56324 (Stam2)	261,185,307,202
16451 (Jak1)	202,231,248,248
16452 (Jak2)	202,231,248,248
16453 (Jak3)	202,231,248,248
54721 (Tyk2)	202,231,248,248
14199 (Fhl1)	723,264,769,281
100038993 (Gm2002)	157,231,203,248
100042555 (Gm13305)	157,231,203,248
100861969	157,231,203,248
12804 (Cntfr)	157,231,203,248
12982 (Csf2ra)	157,231,203,248
12983 (Csf2rb)	157,231,203,248
12984 (Csf2rb2)	157,231,203,248
12986 (Csf3r)	157,231,203,248
13649 (Egfr)	157,231,203,248
13857 (Epor)	157,231,203,248
14600 (Ghr)	157,231,203,248
15975 (Ifnar1)	157,231,203,248
15976 (Ifnar2)	157,231,203,248
15979 (Ifngr1)	157,231,203,248
15980 (Ifngr2)	157,231,203,248
16154 (Il10ra)	157,231,203,248
16155 (Il10rb)	157,231,203,248
16157 (Il11ra1)	157,231,203,248
16158 (Il11ra2)	157,231,203,248
16161 (Il12rb1)	157,231,203,248
16162 (Il12rb2)	157,231,203,248
16164 (Il13ra1)	157,231,203,248
16165 (Il13ra2)	157,231,203,248
16169 (Il15ra)	157,231,203,248
16184 (Il2ra)	157,231,203,248
16185 (Il2rb)	157,231,203,248
16186 (Il2rg)	157,231,203,248
16188 (Il3ra)	157,231,203,248
16190 (Il4ra)	157,231,203,248
16192 (Il5ra)	157,231,203,248
16194 (Il6ra)	157,231,203,248
16195 (Il6st)	157,231,203,248
16197 (Il7r)	157,231,203,248
16199 (Il9r)	157,231,203,248
16847 (Lepr)	157,231,203,248
16880 (Lifr)	157,231,203,248
17480 (Mpl)	157,231,203,248
18414 (Osmr)	157,231,203,248
18595 (Pdgfra)	157,231,203,248
18596 (Pdgfrb)	157,231,203,248
19116 (Prlr)	157,231,203,248
209590 (Il23r)	157,231,203,248
213208 (Il20rb)	157,231,203,248
230828 (Il22ra1)	157,231,203,248
237310 (Il22ra2)	157,231,203,248
237313 (Il20ra)	157,231,203,248
242700 (Ifnlr1)	157,231,203,248
50931 (Il27ra)	157,231,203,248
57914 (Crlf2)	157,231,203,248
60504 (Il21r)	157,231,203,248
19255 (Ptpn2)	666,197,712,214
17210 (Mcl1)	925,188,971,205
18712 (Pim1)	925,207,971,224
12443 (Ccnd1)	925,231,971,248
12444 (Ccnd2)	925,231,971,248
12445 (Ccnd3)	925,231,971,248
19247 (Ptpn11)	323,343,369,360
12575 (Cdkn1a)	877,250,923,267
12048 (Bcl2l1)	877,207,923,224
15461 (Hras)	487,352,533,369
110157 (Raf1)	569,352,615,369
11761 (Aox1)	877,269,923,286
213043 (Aox2)	877,269,923,286
71724 (Aox3)	877,269,923,286
71872 (Aox4)	877,269,923,286
56717 (Mtor)	487,418,533,435
14580 (Gfap)	877,288,923,305
19255 (Ptpn2)	200,275,246,292
12981 (Csf2)	76,206,122,223
13019 (Ctf1)	76,206,122,223
15962 (Ifna1)	76,206,122,223
15964 (Ifna11)	76,206,122,223
15965 (Ifna2)	76,206,122,223
15967 (Ifna4)	76,206,122,223
15968 (Ifna5)	76,206,122,223
15969 (Ifna6)	76,206,122,223
15970 (Ifna7)	76,206,122,223
15972 (Ifna9)	76,206,122,223
15974 (Ifnab)	76,206,122,223
15977 (Ifnb1)	76,206,122,223
15978 (Ifng)	76,206,122,223
16153 (Il10)	76,206,122,223
16156 (Il11)	76,206,122,223
16159 (Il12a)	76,206,122,223
16160 (Il12b)	76,206,122,223
16163 (Il13)	76,206,122,223
16168 (Il15)	76,206,122,223
16183 (Il2)	76,206,122,223
16187 (Il3)	76,206,122,223
16189 (Il4)	76,206,122,223
16191 (Il5)	76,206,122,223
16193 (Il6)	76,206,122,223
16196 (Il7)	76,206,122,223
16198 (Il9)	76,206,122,223
16878 (Lif)	76,206,122,223
18413 (Osm)	76,206,122,223
230396 (Ifna13)	76,206,122,223
230405 (Ifne)	76,206,122,223
239114 (Il17d)	76,206,122,223
242517 (Ifna15)	76,206,122,223
242519 (Ifna12)	76,206,122,223
329244 (Il19)	76,206,122,223
330496 (Ifnl2)	76,206,122,223
338374 (Ifnl3)	76,206,122,223
387510 (Ifnk)	76,206,122,223
404549 (Ifna14)	76,206,122,223
50929 (Il22)	76,206,122,223
53603 (Tslp)	76,206,122,223
58181 (Il20)	76,206,122,223
60505 (Il21)	76,206,122,223
83430 (Il23a)	76,206,122,223
93672 (Il24)	76,206,122,223
12803 (Cntf)	76,238,122,255
12985 (Csf3)	76,238,122,255
13856 (Epo)	76,238,122,255
14599 (Gh)	76,238,122,255
16846 (Lep)	76,238,122,255
19109 (Prl)	76,238,122,255
21832 (Thpo)	76,238,122,255
20846 (Stat1)	431,222,477,239
20847 (Stat2)	431,222,477,239
20848 (Stat3)	431,222,477,239
20849 (Stat4)	431,222,477,239
20850 (Stat5a)	431,222,477,239
20851 (Stat5b)	431,222,477,239
20852 (Stat6)	431,222,477,239
20846 (Stat1)	431,239,477,256
20847 (Stat2)	431,239,477,256
20848 (Stat3)	431,239,477,256
20849 (Stat4)	431,239,477,256
20850 (Stat5a)	431,239,477,256
20851 (Stat5b)	431,239,477,256
20852 (Stat6)	431,239,477,256
13645 (Egf)	76,270,122,287
18590 (Pdgfa)	76,270,122,287
18591 (Pdgfb)	76,270,122,287
mmu04120: Ubiquitin mediated proteolysis	321,105,448,139
mmu04010: MAPK signaling pathway	520,315,625,349
mmu04151: PI3K-Akt signaling pathway	537,388,642,422
mmu04060: Cytokine-cytokine receptor interaction	51,160,158,194
mmu04630: JAK-STAT signaling pathway	40,45,288,70
mmu04210: Apoptosis	1091,188,1178,213
mmu04110: Cell cycle	1121,239,1208,264
