C00305 (Magnesium cation)	261,454,4
C00076 (Calcium cation)	382,439,4
C01245 (D-myo-Inositol 1,4,5-trisphosphate)	538,591,4
C01330 (Sodium cation)	406,174,4
C00165 (Diacylglycerol)	504,541,4
C00575 (3',5'-Cyclic AMP)	454,250,4
C00025 (L-Glutamate)	202,378,4
18750 (Prkca)	429,512,475,529
18751 (Prkcb)	429,512,475,529
18752 (Prkcg)	429,512,475,529
12326 (Camk4)	793,538,839,555
12914 (Crebbp)	866,491,912,508
328572 (Ep300)	866,491,912,508
108058 (Camk2d)	507,362,553,379
12322 (Camk2a)	507,362,553,379
12323 (Camk2b)	507,362,553,379
12325 (Camk2g)	507,362,553,379
19055 (Ppp3ca)	425,362,471,379
19056 (Ppp3cb)	425,362,471,379
19057 (Ppp3cc)	425,362,471,379
19058 (Ppp3r1)	425,362,471,379
19059 (Ppp3r2)	425,362,471,379
12313 (Calm1)	414,431,460,448
12314 (Calm2)	414,431,460,448
12315 (Calm3)	414,431,460,448
494124 (Calm5)	414,431,460,448
70405 (Calml3)	414,431,460,448
75600 (Calml4)	414,431,460,448
80796 (Calm4)	414,431,460,448
110651 (Rps6ka3)	793,431,839,448
20111 (Rps6ka1)	793,431,839,448
20112 (Rps6ka2)	793,431,839,448
67071 (Rps6ka6)	793,431,839,448
11911 (Atf4)	861,431,907,448
14810 (Grin1)	294,430,340,447
14811 (Grin2a)	294,430,340,447
14812 (Grin2b)	294,430,340,447
14813 (Grin2c)	294,430,340,447
14814 (Grin2d)	294,430,340,447
18747 (Prkaca)	553,199,599,216
18749 (Prkacb)	553,199,599,216
12288 (Cacna1c)	293,489,339,506
19045 (Ppp1ca)	519,323,565,340
19046 (Ppp1cb)	519,323,565,340
19047 (Ppp1cc)	519,323,565,340
434233 (Gm5601)	519,323,565,340
11514 (Adcy8)	294,297,340,314
432530 (Adcy1)	294,297,340,314
14799 (Gria1)	294,166,340,183
14800 (Gria2)	294,166,340,183
223864 (Rapgef3)	465,273,511,290
26413 (Mapk1)	720,431,766,448
26417 (Mapk3)	720,431,766,448
26395 (Map2k1)	654,431,700,448
26396 (Map2k2)	654,431,700,448
109880 (Braf)	587,431,633,448
110157 (Raf1)	587,431,633,448
11836 (Araf)	587,431,633,448
15461 (Hras)	520,431,566,448
16653 (Kras)	520,431,566,448
18176 (Nras)	520,431,566,448
109905 (Rap1a)	575,323,621,340
215449 (Rap1b)	575,323,621,340
58200 (Ppp1r1a)	535,257,581,274
14682 (Gnaq)	370,581,416,598
108071 (Grm5)	293,581,339,598
14816 (Grm1)	293,581,339,598
18795 (Plcb1)	441,581,487,598
18796 (Plcb2)	441,581,487,598
18797 (Plcb3)	441,581,487,598
18798 (Plcb4)	441,581,487,598
16438 (Itpr1)	559,520,605,537
16439 (Itpr2)	559,520,605,537
16440 (Itpr3)	559,520,605,537
mmu04720: Long-term potentiation	40,45,257,70
mmu04010: MAPK signaling pathway	651,459,762,493
mmu04020: Calcium signaling pathway	609,567,721,601
mmu04724: Glutamatergic synapse	198,115,290,149
