C00584 (Prostaglandin E2)	1230,435,4
C00696 (Prostaglandin D2)	1215,419,4
C00328 (L-Kynurenine)	1243,530,4
C00078 (L-Tryptophan)	1243,498,4
C01245 (D-myo-Inositol 1,4,5-trisphosphate)	1109,685,4
C00076 (Calcium cation)	1164,685,4
C00165 (Diacylglycerol)	1109,730,4
C00533 (Nitric oxide)	1217,175,4
81897 (Tlr9)	523,308,569,325
17874 (Myd88)	588,308,634,325
16159 (Il12a)	632,363,678,380
16160 (Il12b)	632,363,678,380
16173 (Il18)	632,383,678,400
15978 (Ifng)	767,448,813,465
21926 (Tnf)	767,201,813,218
20339 (Sele)	959,259,1005,276
22329 (Vcam1)	959,239,1005,256
16775 (Lama4)	1042,239,1088,256
16176 (Il1b)	767,221,813,238
16153 (Il10)	551,132,597,149
16193 (Il6)	767,241,813,258
15894 (Icam1)	959,280,1005,297
50492 (Thop1)	376,463,422,480
11806 (Apoa1)	182,507,228,524
100503605 (Hbb-bs)	157,441,203,458
101488143 (Hbb-bt)	157,441,203,458
110257 (Hba-a2)	157,441,203,458
15122 (Hba-a1)	157,441,203,458
15129 (Hbb-b1)	157,441,203,458
15130 (Hbb-b2)	157,441,203,458
15930 (Ido1)	1150,506,1196,523
209176 (Ido2)	1150,506,1196,523
14102 (Fas)	959,147,1005,164
14103 (Fasl)	900,147,946,164
14063 (F2rl1)	861,676,907,693
14682 (Gnaq)	923,676,969,693
18795 (Plcb1)	1020,676,1066,693
18796 (Plcb2)	1020,676,1066,693
18797 (Plcb3)	1020,676,1066,693
18798 (Plcb4)	1020,676,1066,693
18750 (Prkca)	1207,676,1253,693
18751 (Prkcb)	1207,676,1253,693
18752 (Prkcg)	1207,676,1253,693
16644 (Kng1)	464,463,510,480
385643 (Kng2)	464,463,510,480
230899 (Nppa)	464,497,510,514
mmu05143: African trypanosomiasis	40,45,276,70
mmu04610: Complement and coagulation cascades	418,405,531,430
mmu04210: Apoptosis	1355,162,1447,187
mmu00380: Tryptophan metabolism	1116,553,1243,578
mmu04710: Circadian rhythm	1365,437,1457,462
mmu04620: Toll-like receptor signaling pathway	654,288,754,322
