C00165 (Diacylglycerol)	673,504,4
C05981 (Phosphatidylinositol-3,4,5-trisphosphate)	582,378,4
D07907 (Erlotinib (INN))	386,249,4
D01977 (Gefitinib (JAN/USAN/INN))	386,230,4
13867 (Erbb3)	230,406,276,423
13866 (Erbb2)	230,389,276,406
13649 (Egfr)	230,244,276,261
56637 (Gsk3b)	716,389,762,406
13685 (Eif4ebp1)	807,315,853,332
58988 (Rps6kb2)	807,287,853,304
72508 (Rps6kb1)	807,287,853,304
56717 (Mtor)	716,302,762,319
13866 (Erbb2)	230,261,276,278
12015 (Bad)	716,353,762,370
14388 (Gab1)	424,402,470,419
21802 (Tgfa)	132,262,178,279
13867 (Erbb3)	230,472,276,489
20662 (Sos1)	629,589,675,606
20663 (Sos2)	629,589,675,606
14784 (Grb2)	549,589,595,606
20416 (Shc1)	477,589,523,606
20418 (Shc3)	477,589,523,606
216148 (Shc2)	477,589,523,606
271849 (Shc4)	477,589,523,606
18750 (Prkca)	751,496,797,513
18751 (Prkcb)	751,496,797,513
18752 (Prkcg)	751,496,797,513
18803 (Plcg1)	550,496,596,513
234779 (Plcg2)	550,496,596,513
18706 (Pik3ca)	496,370,542,387
18707 (Pik3cd)	496,370,542,387
18708 (Pik3r1)	496,370,542,387
18709 (Pik3r2)	496,370,542,387
18710 (Pik3r3)	496,370,542,387
74769 (Pik3cb)	496,370,542,387
11651 (Akt1)	627,370,673,387
11652 (Akt2)	627,370,673,387
23797 (Akt3)	627,370,673,387
13649 (Egfr)	230,203,276,220
13645 (Egf)	132,238,178,255
26413 (Mapk1)	918,589,964,606
26417 (Mapk3)	918,589,964,606
26395 (Map2k1)	845,589,891,606
26396 (Map2k2)	845,589,891,606
109880 (Braf)	773,589,819,606
110157 (Raf1)	773,589,819,606
11836 (Araf)	773,589,819,606
15461 (Hras)	702,589,748,606
16653 (Kras)	702,589,748,606
18176 (Nras)	702,589,748,606
19211 (Pten)	598,307,644,324
18015 (Nf1)	607,629,653,646
17295 (Met)	230,521,276,538
16001 (Igf1r)	230,565,276,582
18595 (Pdgfra)	230,708,276,725
18596 (Pdgfrb)	230,708,276,725
16542 (Kdr)	230,651,276,668
13649 (Egfr)	230,604,276,621
15234 (Hgf)	132,521,178,538
14183 (Fgfr2)	230,764,276,781
14184 (Fgfr3)	230,764,276,781
20848 (Stat3)	691,154,737,171
16451 (Jak1)	541,154,587,171
16452 (Jak2)	541,154,587,171
12043 (Bcl2)	733,756,779,773
12028 (Bax)	795,676,841,693
12048 (Bcl2l1)	733,733,779,750
12125 (Bcl2l11)	629,743,675,760
16000 (Igf1)	132,565,178,582
22339 (Vegfa)	132,651,178,668
18590 (Pdgfa)	132,708,178,725
18591 (Pdgfb)	132,708,178,725
54635 (Pdgfc)	132,708,178,725
71785 (Pdgfd)	132,708,178,725
14173 (Fgf2)	132,764,178,781
20779 (Src)	541,192,587,209
20848 (Stat3)	691,192,737,209
14456 (Gas6)	132,815,178,832
26362 (Axl)	230,815,276,832
16193 (Il6)	132,863,178,880
16194 (Il6ra)	230,863,276,880
20104 (Rps6)	890,287,936,304
13684 (Eif4e)	890,315,936,332
218268 (Eif4e1b)	890,315,936,332
26987 (Eif4e2)	890,315,936,332
56484 (Foxo3)	716,427,762,444
12125 (Bcl2l11)	1127,427,1173,444
21802 (Tgfa)	132,604,178,621
13649 (Egfr)	230,289,276,306
13867 (Erbb3)	230,306,276,323
100042150 (Nrg2)	132,339,178,356
211323 (Nrg1)	132,339,178,356
17295 (Met)	230,455,276,472
mmu05223: Non-small cell lung cancer	292,100,394,134
mmu05212: Pancreatic cancer	405,100,507,134
mmu04150: mTOR signaling pathway	820,246,922,280
mmu04010: MAPK signaling pathway	825,548,927,582
mmu01521: EGFR tyrosine kinase inhibitor resistance	40,45,422,70
mmu04151: PI3K-Akt signaling pathway	534,412,636,446
mmu04012: ErbB signaling pathway	111,133,213,167
mmu04210: Apoptosis	822,725,914,750
mmu05214: Glioma	519,105,621,130
mmu04630: JAK-STAT signaling pathway	583,216,705,250
