C05981 (Phosphatidylinositol-3,4,5-trisphosphate)	486,586,4
C00020 (AMP)	242,284,4
C00123 (L-Leucine)	449,112,4
C00062 (L-Arginine)	449,137,4
16001 (Igf1r)	127,621,173,638
16337 (Insr)	127,621,173,638
16367 (Irs1)	315,620,361,637
18706 (Pik3ca)	463,620,509,637
18707 (Pik3cd)	463,620,509,637
18708 (Pik3r1)	463,620,509,637
18709 (Pik3r2)	463,620,509,637
18710 (Pik3r3)	463,620,509,637
74769 (Pik3cb)	463,620,509,637
109880 (Braf)	315,515,361,532
110157 (Raf1)	315,515,361,532
26413 (Mapk1)	315,441,361,458
26417 (Mapk3)	315,441,361,458
15461 (Hras)	315,552,361,569
16653 (Kras)	315,552,361,569
18176 (Nras)	315,552,361,569
26395 (Map2k1)	315,478,361,495
26396 (Map2k2)	315,478,361,495
19211 (Pten)	524,578,570,595
18607 (Pdpk1)	463,535,509,552
11651 (Akt1)	463,485,509,502
11652 (Akt2)	463,485,509,502
23797 (Akt3)	463,485,509,502
22084 (Tsc2)	463,365,509,382
64930 (Tsc1)	463,365,509,382
19744 (Rheb)	556,373,602,390
13685 (Eif4ebp1)	913,432,959,449
14245 (Lpin1)	913,358,959,375
58988 (Rps6kb2)	913,469,959,486
72508 (Rps6kb1)	913,469,959,486
11848 (Rhoa)	913,569,959,586
67653 (4930544G11Rik)	913,569,959,586
18750 (Prkca)	913,605,959,622
18751 (Prkcb)	913,605,959,622
18752 (Prkcg)	913,605,959,622
20393 (Sgk1)	913,641,959,658
67046 (Tbc1d7)	463,382,509,399
245670 (Rragb)	662,197,708,214
68441 (Rraga)	662,197,708,214
52187 (Rragd)	662,214,708,231
54170 (Rragc)	662,214,708,231
110651 (Rps6ka3)	315,404,361,421
20111 (Rps6ka1)	315,404,361,421
20112 (Rps6ka2)	315,404,361,421
67071 (Rps6ka6)	315,404,361,421
105787 (Prkaa1)	315,275,361,292
108079 (Prkaa2)	315,275,361,292
14784 (Grb2)	218,589,264,606
74747 (Ddit4)	315,308,361,325
13684 (Eif4e)	1001,433,1047,450
218268 (Eif4e1b)	1001,433,1047,450
26987 (Eif4e2)	1001,433,1047,450
22241 (Ulk1)	913,395,959,412
29869 (Ulk2)	913,395,959,412
20104 (Rps6)	1001,479,1047,496
21926 (Tnf)	44,372,90,389
16150 (Ikbkb)	315,372,361,389
21937 (Tnfrsf1a)	127,372,173,389
58988 (Rps6kb2)	315,664,361,681
72508 (Rps6kb1)	315,664,361,681
20539 (Slc7a5)	127,197,173,214
17254 (Slc3a2)	127,214,173,231
20662 (Sos1)	315,589,361,606
20663 (Sos2)	315,589,361,606
17168 (Nprl3)	646,117,692,134
277854 (Depdc5)	646,117,692,134
56032 (Nprl2)	646,117,692,134
320311 (Rnf152)	725,165,771,182
27401 (Skp2)	725,145,771,162
110379 (Sec13)	556,117,602,134
252875 (Mios)	556,117,602,134
268933 (Wdr24)	556,117,602,134
319481 (Wdr59)	556,117,602,134
72124 (Seh1l)	556,117,602,134
230784 (Sesn2)	474,104,520,121
108664 (Atp6v1h)	337,184,383,201
110935 (Atp6v1b1)	337,184,383,201
11964 (Atp6v1a)	337,184,383,201
11966 (Atp6v1b2)	337,184,383,201
11973 (Atp6v1e1)	337,184,383,201
338375 (Atp6v1g3)	337,184,383,201
66144 (Atp6v1f)	337,184,383,201
66237 (Atp6v1g2)	337,184,383,201
66290 (Atp6v1g1)	337,184,383,201
66335 (Atp6v1c1)	337,184,383,201
68775 (Atp6v1c2)	337,184,383,201
73834 (Atp6v1d)	337,184,383,201
74915 (Atp6v1e2)	337,184,383,201
268706 (Slc38a9)	337,163,383,180
56692 (Lamtor3)	556,174,602,191
66096 (Lamtor4)	556,174,602,191
66508 (Lamtor1)	556,174,602,191
68576 (Lamtor5)	556,174,602,191
83409 (Lamtor2)	556,174,602,191
12675 (Chuk)	594,485,640,502
16000 (Igf1)	44,621,90,638
16333 (Ins1)	44,621,90,638
16334 (Ins2)	44,621,90,638
14783 (Grb10)	219,664,265,681
14783 (Grb10)	913,321,959,338
216805 (Flcn)	556,241,602,258
216742 (Fnip1)	556,224,602,241
329679 (Fnip2)	556,224,602,241
75705 (Eif4b)	1001,459,1047,476
56717 (Mtor)	728,376,774,393
97998 (Deptor)	794,339,840,356
56716 (Mlst8)	794,362,840,379
74370 (Rptor)	662,355,708,372
67605 (Akt1s1)	662,400,708,417
75425 (Tti1)	794,410,840,427
71718 (Telo2)	794,386,840,403
56717 (Mtor)	728,606,774,623
109270 (Prr5)	662,636,708,653
97998 (Deptor)	794,569,840,586
56716 (Mlst8)	794,593,840,610
78757 (Rictor)	662,606,708,623
227743 (Mapkap1)	662,576,708,593
75425 (Tti1)	794,641,840,658
71718 (Telo2)	794,617,840,634
56637 (Gsk3b)	315,340,361,357
20890 (Wnt8a)	44,340,90,357
216795 (Wnt9a)	44,340,90,357
22408 (Wnt1)	44,340,90,357
22409 (Wnt10a)	44,340,90,357
22410 (Wnt10b)	44,340,90,357
22411 (Wnt11)	44,340,90,357
22412 (Wnt9b)	44,340,90,357
22413 (Wnt2)	44,340,90,357
22414 (Wnt2b)	44,340,90,357
22415 (Wnt3)	44,340,90,357
22416 (Wnt3a)	44,340,90,357
22417 (Wnt4)	44,340,90,357
22418 (Wnt5a)	44,340,90,357
22419 (Wnt5b)	44,340,90,357
22420 (Wnt6)	44,340,90,357
22421 (Wnt7a)	44,340,90,357
22422 (Wnt7b)	44,340,90,357
22423 (Wnt8b)	44,340,90,357
93735 (Wnt16)	44,340,90,357
14362 (Fzd1)	127,331,173,348
14365 (Fzd3)	127,331,173,348
14366 (Fzd4)	127,331,173,348
14367 (Fzd5)	127,331,173,348
14368 (Fzd6)	127,331,173,348
14369 (Fzd7)	127,331,173,348
14370 (Fzd8)	127,331,173,348
14371 (Fzd9)	127,331,173,348
57265 (Fzd2)	127,331,173,348
93897 (Fzd10)	127,331,173,348
16973 (Lrp5)	127,348,173,365
16974 (Lrp6)	127,348,173,365
13542 (Dvl1)	219,340,265,357
13543 (Dvl2)	219,340,265,357
13544 (Dvl3)	219,340,265,357
56430 (Clip1)	913,284,959,301
20869 (Stk11)	314,228,360,245
227154 (Stradb)	268,228,314,245
72149 (Strada)	268,228,314,245
12283 (Cab39)	360,228,406,245
69008 (Cab39l)	360,228,406,245
80909 (Castor2)	474,152,520,169
71962 (Castor1)	474,128,520,145
mmu04150: mTOR signaling pathway	40,45,260,70
mmu04010: MAPK signaling pathway	187,471,290,506
mmu04910: Insulin signaling pathway	36,650,130,682
mmu04152: AMPK signaling pathway	423,268,518,300
mmu04810: Regulation of actin cytoskeleton	1178,577,1276,609
mmu04151: PI3K-Akt signaling pathway	435,648,532,680
mmu04140: Autophagy - animal	1200,390,1290,419
mmu00561: Glycerolipid metabolism	1199,349,1289,378
