C00076 (Calcium cation)	180,885,4
C01330 (Sodium cation)	822,392,4
C01330 (Sodium cation)	168,169,4
C01451 (Salicin)	167,578,4
C00076 (Calcium cation)	561,385,4
C01245 (D-myo-Inositol 1,4,5-trisphosphate)	491,456,4
C12284 (Saccharin sodium anhydrous)	166,374,4
D08836 (Acesulfame potassium (NF))	166,374,4
C19378 (Cyclamate)	166,374,4
C11045 (Aspartame)	166,374,4
C00089 (Sucrose)	166,385,4
C00095 (D-Fructose)	166,385,4
C00031 (D-Glucose)	166,385,4
C00208 (Maltose)	166,385,4
C00144 (GMP)	167,517,4
C01330 (Sodium cation)	822,446,4
C00020 (AMP)	293,478,4
C00575 (3',5'-Cyclic AMP)	320,331,4
C00076 (Calcium cation)	822,847,4
C01327 (Hydrochloric acid)	166,778,4
C01330 (Sodium cation)	822,799,4
C00008 (ADP)	816,193,4
C00076 (Calcium cation)	583,882,4
C00238 (Potassium cation)	824,752,4
C00002 (ATP)	815,153,4
C01330 (Sodium cation)	180,853,4
C00080 (H+)	166,869,4
C01996 (Acetylcholine)	811,574,4
C00334 (4-Aminobutanoate)	808,886,4
C00780 (Serotonin)	808,902,4
C00547 (L-Noradrenaline)	808,918,4
C00002 (ATP)	827,502,4
C12283 (Saccharin)	167,602,4
C06526 (Quinine)	167,590,4
C00130 (IMP)	167,529,4
C00025 (L-Glutamate)	167,541,4
C02265 (D-Phenylalanine)	166,397,4
C00133 (D-Alanine)	166,397,4
C00740 (D-Serine)	166,397,4
C00158 (Citrate)	166,790,4
C00149 ((S)-Malate)	166,802,4
C00238 (Potassium cation)	824,338,4
C00575 (3',5'-Cyclic AMP)	293,439,4
56843 (Trpm5)	748,381,794,398
83770 (Tas1r2)	209,370,255,387
16440 (Itpr3)	482,376,528,393
110876 (Scn2a)	748,435,794,452
20269 (Scn3a)	748,435,794,452
20274 (Scn9a)	748,435,794,452
18573 (Pde1a)	316,448,364,465
18574 (Pde1b)	316,448,364,465
18575 (Pde1c)	316,448,364,465
12286 (Cacna1a)	748,834,794,851
12288 (Cacna1c)	748,834,794,851
244646 (Pkd1l3)	210,772,256,789
110876 (Scn2a)	748,785,794,802
330953 (Hcn4)	748,785,794,802
546729 (Calhm1)	748,490,794,507
20276 (Scnn1a)	209,161,255,178
20277 (Scnn1b)	209,161,255,178
20278 (Scnn1g)	209,161,255,178
12496 (Entpd2)	748,161,794,178
112408 (Tas2r116)	209,582,255,599
277899 (Gm725)	209,582,255,599
353148 (Tas2r139)	209,582,255,599
353165 (Tas2r136)	209,582,255,599
353166 (Tas2r117)	209,582,255,599
353167 (Tas2r123)	209,582,255,599
353325 (Tas2r115)	209,582,255,599
387339 (Tas2r102)	209,582,255,599
387340 (Tas2r104)	209,582,255,599
387341 (Tas2r106)	209,582,255,599
387342 (Tas2r107)	209,582,255,599
387343 (Tas2r109)	209,582,255,599
387344 (Tas2r110)	209,582,255,599
387345 (Tas2r113)	209,582,255,599
387346 (Tas2r114)	209,582,255,599
387347 (Tas2r118)	209,582,255,599
387348 (Tas2r120)	209,582,255,599
387349 (Tas2r121)	209,582,255,599
387351 (Tas2r124)	209,582,255,599
387352 (Tas2r125)	209,582,255,599
387353 (Tas2r126)	209,582,255,599
387354 (Tas2r129)	209,582,255,599
387355 (Tas2r130)	209,582,255,599
387356 (Tas2r131)	209,582,255,599
387511 (Tas2r134)	209,582,255,599
387512 (Tas2r135)	209,582,255,599
387513 (Tas2r138)	209,582,255,599
387514 (Tas2r143)	209,582,255,599
387515 (Tas2r144)	209,582,255,599
387616 (Tas2r140)	209,582,255,599
57252 (Tas2r105)	209,582,255,599
57253 (Tas2r108)	209,582,255,599
57254 (Tas2r119)	209,582,255,599
574417 (Tas2r137)	209,582,255,599
630845 (Tas2r122)	209,582,255,599
667992 (Tas2r103)	209,582,255,599
110326 (Tas1r1)	209,496,255,513
14816 (Grm1)	209,536,255,553
268934 (Grm4)	209,536,255,553
83771 (Tas1r3)	209,387,255,404
83771 (Tas1r3)	209,513,255,530
57385 (P2ry4)	493,697,539,714
16529 (Kcnk5)	748,740,794,757
231602 (P2rx2)	563,262,609,279
11418 (Asic2)	210,861,256,878
329064 (Pkd2l1)	210,789,256,806
18441 (P2ry1)	493,262,539,279
110886 (Gabra5)	421,640,467,657
14394 (Gabra1)	421,640,467,657
14395 (Gabra2)	421,640,467,657
14396 (Gabra3)	421,640,467,657
14397 (Gabra4)	421,640,467,657
14399 (Gabra6)	421,640,467,657
242425 (Gabbr2)	493,640,539,657
54393 (Gabbr1)	493,640,539,657
15550 (Htr1a)	563,640,609,657
15551 (Htr1b)	563,640,609,657
15552 (Htr1d)	563,640,609,657
15557 (Htr1f)	563,640,609,657
231602 (P2rx2)	888,493,934,510
228139 (P2rx3)	888,516,934,533
12671 (Chrm3)	746,604,792,621
15561 (Htr3a)	888,892,934,909
57014 (Htr3b)	888,892,934,909
104110 (Adcy4)	209,322,255,339
11512 (Adcy6)	209,322,255,339
11514 (Adcy8)	209,322,255,339
18747 (Prkaca)	382,323,428,340
18749 (Prkacb)	382,323,428,340
14695 (Gnb3)	316,378,362,395
242851 (Gnat3)	316,378,362,395
64337 (Gng13)	316,378,362,395
14695 (Gnb3)	316,528,362,545
242851 (Gnat3)	316,528,362,545
64337 (Gng13)	316,528,362,545
mmu04742: Taste transduction	40,45,226,70
mmu04020: Calcium signaling pathway	513,401,613,439
