211652 (Wwc1)	272,152,318,169
18016 (Nf2)	241,135,287,152
319710 (Frmd6)	241,169,287,186
64010 (Sav1)	383,169,429,186
56274 (Stk3)	366,152,412,169
22601 (Yap1)	745,152,791,169
97064 (Wwtr1)	745,152,791,169
16798 (Lats1)	508,152,554,169
50523 (Lats2)	508,152,554,169
232157 (Mob1a)	488,169,534,186
68473 (Mob1b)	488,169,534,186
21676 (Tead1)	762,169,808,186
21677 (Tead2)	762,169,808,186
21678 (Tead3)	762,169,808,186
21679 (Tead4)	762,169,808,186
22601 (Yap1)	603,152,649,169
97064 (Wwtr1)	603,152,649,169
211652 (Wwc1)	272,322,318,339
18016 (Nf2)	241,305,287,322
64010 (Sav1)	383,339,429,356
56274 (Stk3)	366,322,412,339
232157 (Mob1a)	488,339,534,356
68473 (Mob1b)	488,339,534,356
16798 (Lats1)	508,322,554,339
50523 (Lats2)	508,322,554,339
22601 (Yap1)	603,322,649,339
22601 (Yap1)	745,322,791,339
21676 (Tead1)	762,339,808,356
21677 (Tead2)	762,339,808,356
21678 (Tead3)	762,339,808,356
21679 (Tead4)	762,339,808,356
18479 (Pak1)	366,672,412,689
232157 (Mob1a)	488,645,534,662
68473 (Mob1b)	488,645,534,662
21676 (Tead1)	745,672,791,689
21677 (Tead2)	745,672,791,689
21678 (Tead3)	745,672,791,689
21679 (Tead4)	745,672,791,689
16798 (Lats1)	508,493,554,510
50523 (Lats2)	508,493,554,510
22601 (Yap1)	603,493,649,510
21676 (Tead1)	762,510,808,527
21677 (Tead2)	762,510,808,527
21678 (Tead3)	762,510,808,527
21679 (Tead4)	762,510,808,527
56274 (Stk3)	366,471,412,488
64010 (Sav1)	383,501,429,518
233651 (Dchs1)	125,495,171,512
233651 (Dchs1)	125,300,171,317
329628 (Fat4)	125,322,171,339
233651 (Dchs1)	125,130,171,147
329628 (Fat4)	125,152,171,169
27373 (Csnk1e)	125,174,171,191
22601 (Yap1)	745,493,791,510
213391 (Rassf4)	305,284,351,301
215653 (Rassf2)	305,284,351,301
73246 (Rassf6)	305,117,351,134
56289 (Rassf1)	305,96,351,113
101543 (Wtip)	461,207,507,224
16475 (Ajuba)	461,207,507,224
29806 (Limd1)	461,207,507,224
101543 (Wtip)	462,376,508,393
16475 (Ajuba)	462,376,508,393
29806 (Limd1)	462,376,508,393
27373 (Csnk1e)	125,344,171,361
mmu04392: Hippo signaling pathway - multiple species	40,45,427,70
mmu04390: Hippo signaling pathway	111,206,239,240
map04391: Hippo signaling pathway - fly	111,387,239,421
map04111: Cell cycle - yeast	234,602,362,627
map04011: MAPK signaling pathway - yeast	514,685,642,719
