104806 (Fancm)	298,388,344,405
14087 (Fanca)	293,320,339,337
237211 (Fancb)	303,303,349,320
14088 (Fancc)	279,337,325,354
211651 (Fancd2)	132,344,178,361
208836 (Fanci)	132,327,178,344
72775 (Fance)	279,354,325,371
100040608 (Fancf)	298,371,344,388
60534 (Fancg)	325,354,371,371
67030 (Fancl)	233,337,279,354
233826 (Palb2)	323,509,369,526
71885 (Faap100)	247,320,293,337
12144 (Blm)	440,367,486,384
104806 (Fancm)	279,127,325,144
74386 (Rmi1)	394,350,440,367
223970 (Rmi2)	440,350,486,367
21975 (Top3a)	394,367,440,384
21976 (Top3b)	394,367,440,384
235610 (Atrip)	123,146,169,163
245000 (Atr)	123,163,169,180
19891 (Rpa2)	440,429,486,446
68240 (Rpa3)	440,429,486,446
68275 (Rpa1)	440,429,486,446
71718 (Telo2)	233,153,279,170
12190 (Brca2)	323,493,369,510
17350 (Mlh1)	249,597,295,614
237911 (Brip1)	249,554,295,571
12189 (Brca1)	203,554,249,571
114714 (Rad51c)	402,492,448,509
330554 (Fan1)	132,603,176,620
230484 (Usp1)	168,284,214,301
67561 (Wdr48)	168,267,214,284
67196 (Ube2t)	224,363,270,380
56210 (Rev1)	165,480,211,497
20892 (Stra13)	325,127,371,144
69928 (Apitd1)	325,127,371,144
20892 (Stra13)	344,388,390,405
69928 (Apitd1)	344,388,390,405
80905 (Polh)	265,480,311,497
27015 (Polk)	215,502,261,519
19714 (Rev3l)	215,480,261,497
26447 (Poli)	165,502,211,519
18861 (Pms2)	249,614,295,631
71711 (Mus81)	440,215,486,232
193838 (Eme2)	440,232,486,249
268465 (Eme1)	440,232,486,249
50505 (Ercc4)	440,270,486,287
13870 (Ercc1)	440,287,486,304
75764 (Slx1b)	498,270,544,287
52864 (Slx4)	498,287,544,304
19361 (Rad51)	402,515,448,532
101831 (Faap24)	279,144,325,161
101831 (Faap24)	298,405,344,422
15205 (Hes1)	353,320,399,337
272158 (Poln)	265,502,311,519
mmu03460: Fanconi anemia pathway	40,45,279,70
mmu03440: Homologous recombination	402,675,494,709
mmu03430: Mismatch repair	228,675,320,700
