D00346 (Isoniazid (JP17/USP/INN))	839,730,4
C07054 (Isoniazid)	839,730,4
C04646 (6-Thioinosine-5'-monophosphate)	295,272,4
D01223 (Capecitabine (JAN/USAN/INN))	78,545,4
C12650 (Capecitabine)	78,545,4
C07446 (Isonicotinic acid)	985,787,4
C16614 (6-Methylmercaptopurine)	181,187,4
C16615 (6-Methylthiopurine 5'-monophosphate ribonucleotide)	295,187,4
C16620 (6-Methylthioguanosine monophosphate)	502,184,4
C16619 (6-Thioguanosine monophosphate)	502,271,4
D08603 (Tioguanine (INN))	502,348,4
C07648 (Thioguanine)	502,348,4
C16618 (6-Thioxanthine 5'-monophosphate)	408,271,4
D04931 (Mercaptopurine (INN))	181,271,4
C02380 (6-Mercaptopurine)	181,271,4
D00238 (Azathioprine (JP17/USP/INN))	94,271,4
C06837 (Azathioprine)	94,271,4
C16621 (1-Methyl-4-nitroimidazole)	128,331,4
C16613 (6-Thiourate)	181,361,4
C16617 (6-Mercaptopurine ribonucleoside triphosphate)	295,432,4
C16616 (6-Mercaptopurine ribonucleoside 5'-diphosphate)	295,351,4
C16624 (Isoniazid pyruvate)	913,688,4
C16625 (Isoniazid alpha-ketoglutaric acid)	913,655,4
C07585 (N-Acetylisoniazid)	1031,731,4
C07447 (Acetylhydrazine)	1031,847,4
C16623 (Isonicotinylglycine)	1132,791,4
C16622 (N,N'-Diacetylhydrazine)	1132,847,4
C05361 (Hydrazine)	839,847,4
D00584 (Fluorouracil (JP17/USP/INN))	269,662,4
C07649 (5-FU)	269,662,4
D01244 (Tegafur (JP17/USAN/INN))	103,610,4
C12673 (Tegafur)	103,610,4
C16630 (5,6-Dihydro-5-fluorouracil)	370,610,4
C16631 (alpha-Fluoro-beta-ureidopropionic acid)	471,610,4
C16632 (alpha-Fluoro-beta-alanine)	572,610,4
C16634 (5-Fluorouridine monophosphate)	269,735,4
C16633 (5-Fluorouridine)	167,667,4
D04197 (Floxuridine (USP/INN))	391,662,4
C11736 (5-Fluorodeoxyuridine)	391,662,4
C04242 (5-Fluorodeoxyuridine monophosphate)	391,735,4
D01309 (Doxifluridine (JP17/INN))	269,546,4
C12739 (5'-Deoxy-5-fluorouridine)	269,546,4
C16635 (5'-Deoxy-5-fluorocytidine)	173,545,4
D08086 (Irinotecan (INN))	817,189,4
C16641 (Irinotecan)	817,189,4
C16542 (APC)	807,304,4
C16543 (NPC)	825,304,4
C11173 (SN-38)	981,190,4
C11376 (SN38 glucuronide)	981,304,4
D01784 (Carmofur (JP17/INN))	103,658,4
C13252 (Carmofur)	103,658,4
C21750 (5-Fluorodeoxyuridine diphosphate)	391,812,4
C21751 (5-Fluorodeoxyuridine triphosphate)	391,889,4
C21748 (5-Fluorouridine diphosphate)	269,812,4
C21749 (5-Fluorouridine triphosphate)	269,889,4
C21754 (Isonicotinoyl radical)	835,597,4
C00003 (NAD+)	945,627,4
C21759 (Isonicotinoyl-NAD adduct)	1031,597,4
C21758 (Hepatotoxins)	1031,926,4
C06108 (Fluoroacetate)	572,684,4
C00006 (NADP+)	945,523,4
C21760 (Isonicotinoyl-NADP adduct)	1031,554,4
C02320 (R-S-Glutathione)	1132,926,4
22017 (Tpmt)	159,224,205,241
22017 (Tpmt)	273,224,319,241
22017 (Tpmt)	480,223,526,240
15452 (Hprt)	215,179,261,196
15452 (Hprt)	215,262,261,279
15452 (Hprt)	480,304,526,321
229363 (Gmps)	429,263,475,280
16434 (Itpa)	309,344,355,361
22436 (Xdh)	159,313,205,330
17960 (Nat1)	913,722,959,739
17961 (Nat2)	913,722,959,739
17962 (Nat3)	913,722,959,739
17960 (Nat1)	1057,840,1103,857
17961 (Nat2)	1057,840,1103,857
17962 (Nat3)	1057,840,1103,857
22271 (Upp1)	194,662,240,679
76654 (Upp2)	194,662,240,679
72962 (Tymp)	308,654,354,671
99586 (Dpyd)	296,602,342,619
64705 (Dpys)	391,602,437,619
103149 (Upb1)	492,602,538,619
22247 (Umps)	247,688,293,705
22245 (Uck1)	194,728,240,745
68556 (Uckl1)	194,728,240,745
80914 (Uck2)	194,728,240,745
21877 (Tk1)	369,688,415,705
57813 (Tk2)	369,688,415,705
23917 (Impdh1)	331,263,377,280
23918 (Impdh2)	331,263,377,280
72962 (Tymp)	247,570,293,587
72269 (Cda)	194,537,240,554
102022 (Ces2a)	99,537,145,554
104158 (Ces1d)	99,537,145,554
13884 (Ces1c)	99,537,145,554
13897 (Ces1e)	99,537,145,554
234564 (Ces1f)	99,537,145,554
234669 (Ces2b)	99,537,145,554
234671 (Ces2c)	99,537,145,554
234673 (Ces2e)	99,537,145,554
436059 (Ces2h)	99,537,145,554
72361 (Ces2g)	99,537,145,554
100559 (Ugt2b38)	959,229,1005,246
100727 (Ugt2b34)	959,229,1005,246
112417 (Ugt2b37)	959,229,1005,246
22236 (Ugt1a2)	959,229,1005,246
22238 (Ugt2b5)	959,229,1005,246
231396 (Ugt2b36)	959,229,1005,246
243085 (Ugt2b35)	959,229,1005,246
394430 (Ugt1a10)	959,229,1005,246
394432 (Ugt1a7c)	959,229,1005,246
394433 (Ugt1a5)	959,229,1005,246
394434 (Ugt1a9)	959,229,1005,246
394435 (Ugt1a6b)	959,229,1005,246
394436 (Ugt1a1)	959,229,1005,246
552899 (Ugt2a2)	959,229,1005,246
71773 (Ugt2b1)	959,229,1005,246
72094 (Ugt2a3)	959,229,1005,246
94215 (Ugt2a1)	959,229,1005,246
94284 (Ugt1a6a)	959,229,1005,246
110006 (Gusb)	1012,229,1058,246
102022 (Ces2a)	892,229,938,246
104158 (Ces1d)	892,229,938,246
13884 (Ces1c)	892,229,938,246
13897 (Ces1e)	892,229,938,246
234564 (Ces1f)	892,229,938,246
234669 (Ces2b)	892,229,938,246
234671 (Ces2c)	892,229,938,246
234673 (Ces2e)	892,229,938,246
436059 (Ces2h)	892,229,938,246
72361 (Ces2g)	892,229,938,246
102022 (Ces2a)	854,180,900,197
104158 (Ces1d)	854,180,900,197
13884 (Ces1c)	854,180,900,197
13897 (Ces1e)	854,180,900,197
234564 (Ces1f)	854,180,900,197
234669 (Ces2b)	854,180,900,197
234671 (Ces2c)	854,180,900,197
234673 (Ces2e)	854,180,900,197
436059 (Ces2h)	854,180,900,197
72361 (Ces2g)	854,180,900,197
66588 (Cmpk1)	247,764,293,781
171567 (Nme7)	247,842,293,859
18102 (Nme1)	247,842,293,859
18103 (Nme2)	247,842,293,859
54369 (Nme6)	247,842,293,859
56520 (Nme4)	247,842,293,859
79059 (Nme3)	247,842,293,859
66588 (Cmpk1)	369,764,415,781
171567 (Nme7)	369,842,415,859
18102 (Nme1)	369,842,415,859
18103 (Nme2)	369,842,415,859
54369 (Nme6)	369,842,415,859
56520 (Nme4)	369,842,415,859
79059 (Nme3)	369,842,415,859
20133 (Rrm1)	308,804,354,821
20135 (Rrm2)	308,804,354,821
382985 (Rrm2b)	308,804,354,821
110074 (Dut)	493,764,539,781
17523 (Mpo)	837,624,883,641
17960 (Nat1)	935,830,981,847
17961 (Nat2)	935,830,981,847
17962 (Nat3)	935,830,981,847
13106 (Cyp2e1)	1009,881,1055,898
104158 (Ces1d)	841,759,887,776
13884 (Ces1c)	841,759,887,776
13897 (Ces1e)	841,759,887,776
234564 (Ces1f)	841,759,887,776
104158 (Ces1d)	1033,759,1079,776
13884 (Ces1c)	1033,759,1079,776
13897 (Ces1e)	1033,759,1079,776
234564 (Ces1f)	1033,759,1079,776
103140 (Gstt3)	1057,918,1103,935
14857 (Gsta1)	1057,918,1103,935
14858 (Gsta2)	1057,918,1103,935
14859 (Gsta3)	1057,918,1103,935
14860 (Gsta4)	1057,918,1103,935
14862 (Gstm1)	1057,918,1103,935
14863 (Gstm2)	1057,918,1103,935
14864 (Gstm3)	1057,918,1103,935
14865 (Gstm4)	1057,918,1103,935
14866 (Gstm5)	1057,918,1103,935
14867 (Gstm6)	1057,918,1103,935
14869 (Gstp2)	1057,918,1103,935
14870 (Gstp1)	1057,918,1103,935
14871 (Gstt1)	1057,918,1103,935
14872 (Gstt2)	1057,918,1103,935
14873 (Gsto1)	1057,918,1103,935
211666 (Mgst2)	1057,918,1103,935
225884 (Gstp3)	1057,918,1103,935
56615 (Mgst1)	1057,918,1103,935
66447 (Mgst3)	1057,918,1103,935
68214 (Gsto2)	1057,918,1103,935
68312 (Gstm7)	1057,918,1103,935
75886 (Gstt4)	1057,918,1103,935
mmu00983: Drug metabolism - other enzymes	40,45,329,70
