C00076 (Calcium cation)	514,648,4
C01245 (D-myo-Inositol 1,4,5-trisphosphate)	454,658,4
C00076 (Calcium cation)	140,337,4
C00076 (Calcium cation)	624,337,4
C01245 (D-myo-Inositol 1,4,5-trisphosphate)	623,303,4
C00575 (3',5'-Cyclic AMP)	486,182,4
C00165 (Diacylglycerol)	454,615,4
C00076 (Calcium cation)	1129,593,4
C00165 (Diacylglycerol)	622,266,4
16438 (Itpr1)	491,672,537,689
16439 (Itpr2)	491,672,537,689
16440 (Itpr3)	491,672,537,689
18803 (Plcg1)	354,631,400,648
234779 (Plcg2)	354,631,400,648
16438 (Itpr1)	651,329,697,346
16439 (Itpr2)	651,329,697,346
16440 (Itpr3)	651,329,697,346
18795 (Plcb1)	539,258,585,275
18796 (Plcb2)	539,258,585,275
18797 (Plcb3)	539,258,585,275
18798 (Plcb4)	539,258,585,275
14672 (Gna11)	284,260,330,277
14682 (Gnaq)	284,260,330,277
104110 (Adcy4)	386,174,432,191
104111 (Adcy3)	386,174,432,191
11512 (Adcy6)	386,174,432,191
11513 (Adcy7)	386,174,432,191
11514 (Adcy8)	386,174,432,191
11515 (Adcy9)	386,174,432,191
210044 (Adcy2)	386,174,432,191
224129 (Adcy5)	386,174,432,191
271639 (Adcy10)	386,174,432,191
432530 (Adcy1)	386,174,432,191
110157 (Raf1)	608,739,654,756
26395 (Map2k1)	690,739,736,756
26396 (Map2k2)	690,739,736,756
26413 (Mapk1)	774,739,820,756
26417 (Mapk3)	774,739,820,756
18750 (Prkca)	573,614,619,631
18751 (Prkcb)	573,614,619,631
18752 (Prkcg)	573,614,619,631
12288 (Cacna1c)	1066,586,1112,603
12289 (Cacna1d)	1066,586,1112,603
12292 (Cacna1s)	1066,586,1112,603
54652 (Cacna1f)	1066,586,1112,603
14602 (Ghrhr)	182,174,228,191
14601 (Ghrh)	84,174,130,191
14599 (Gh)	806,247,852,264
14599 (Gh)	590,423,636,440
14599 (Gh)	237,423,283,440
18747 (Prkaca)	539,174,585,191
18749 (Prkacb)	539,174,585,191
14600 (Ghr)	182,815,228,832
14599 (Gh)	84,815,130,832
14683 (Gnas)	283,174,329,191
12288 (Cacna1c)	182,329,228,346
12289 (Cacna1d)	182,329,228,346
12292 (Cacna1s)	182,329,228,346
54652 (Cacna1f)	182,329,228,346
11909 (Atf2)	806,174,852,191
11911 (Atf4)	806,174,852,191
12912 (Creb1)	806,174,852,191
12913 (Creb3)	806,174,852,191
12915 (Atf6b)	806,174,852,191
208647 (Creb3l2)	806,174,852,191
208677 (Creb3l3)	806,174,852,191
231991 (Creb5)	806,174,852,191
26427 (Creb3l1)	806,174,852,191
78284 (Creb3l4)	806,174,852,191
18736 (Pou1f1)	958,164,1004,181
18750 (Prkca)	671,258,717,275
18751 (Prkcb)	671,258,717,275
18752 (Prkcg)	671,258,717,275
58991 (Ghrl)	84,260,130,277
15461 (Hras)	524,739,570,756
16653 (Kras)	524,739,570,756
18176 (Nras)	524,739,570,756
16452 (Jak2)	271,815,317,832
16367 (Irs1)	391,854,437,871
16369 (Irs3)	391,854,437,871
16370 (Irs4)	391,854,437,871
384783 (Irs2)	391,854,437,871
18706 (Pik3ca)	476,854,522,871
18707 (Pik3cd)	476,854,522,871
18708 (Pik3r1)	476,854,522,871
18709 (Pik3r2)	476,854,522,871
18710 (Pik3r3)	476,854,522,871
74769 (Pik3cb)	476,854,522,871
11651 (Akt1)	561,854,607,871
11652 (Akt2)	561,854,607,871
23797 (Akt3)	561,854,607,871
56717 (Mtor)	654,834,700,851
56637 (Gsk3b)	654,872,700,889
16000 (Igf1)	941,793,987,810
12702 (Socs3)	941,816,987,833
12703 (Socs1)	941,816,987,833
216233 (Socs2)	941,816,987,833
14281 (Fos)	941,839,987,856
16477 (Junb)	993,793,1039,810
14083 (Ptk2)	391,903,437,920
12927 (Bcar1)	476,891,522,908
12928 (Crk)	476,915,522,932
12929 (Crkl)	476,915,522,932
26401 (Map3k1)	561,904,607,921
19094 (Mapk11)	742,921,788,938
26415 (Mapk13)	742,921,788,938
26416 (Mapk14)	742,921,788,938
29857 (Mapk12)	742,921,788,938
20846 (Stat1)	654,787,700,804
20848 (Stat3)	654,787,700,804
20850 (Stat5a)	654,787,700,804
20851 (Stat5b)	654,787,700,804
208188 (Ghsr)	182,260,228,277
20604 (Sst)	84,209,130,226
20605 (Sstr1)	182,209,228,226
20606 (Sstr2)	182,209,228,226
20607 (Sstr3)	182,209,228,226
20609 (Sstr5)	182,209,228,226
14677 (Gnai1)	282,209,328,226
14678 (Gnai2)	282,209,328,226
14679 (Gnai3)	282,209,328,226
20416 (Shc1)	321,781,367,798
20418 (Shc3)	321,781,367,798
216148 (Shc2)	321,781,367,798
271849 (Shc4)	321,781,367,798
14784 (Grb2)	354,739,400,756
20662 (Sos1)	440,739,486,756
20663 (Sos2)	440,739,486,756
14281 (Fos)	958,187,1004,204
26397 (Map2k3)	654,905,700,922
26398 (Map2k4)	654,905,700,922
26399 (Map2k6)	654,905,700,922
26414 (Mapk10)	742,891,788,908
26419 (Mapk8)	742,891,788,908
26420 (Mapk9)	742,891,788,908
12914 (Crebbp)	788,191,834,208
328572 (Ep300)	788,191,834,208
16005 (Igfals)	993,816,1039,833
16009 (Igfbp3)	993,839,1039,856
mmu04935: Growth hormone synthesis	40,45,484,70
secretion and action	40,45,484,70
mmu04020: Calcium signaling pathway	576,647,701,681
mmu04020: Calcium signaling pathway	448,355,573,389
mmu04630: JAK-STAT signaling pathway	424,809,549,843
mmu04024: cAMP signaling pathway	597,193,722,227
mmu04010: MAPK signaling pathway	576,693,701,727
