C00076 (Calcium cation)	598,590,4
C00165 (Diacylglycerol)	515,491,4
C01245 (D-myo-Inositol 1,4,5-trisphosphate)	515,563,4
C00575 (3',5'-Cyclic AMP)	591,831,4
C00219 (Arachidonate)	771,86,4
C00427 (Prostaglandin H2)	860,86,4
C00639 (Prostaglandin F2alpha)	919,62,4
C00584 (Prostaglandin E2)	919,110,4
C00533 (Nitric oxide)	915,591,4
C00942 (3',5'-Cyclic GMP)	1049,592,4
C00076 (Calcium cation)	191,591,4
C00942 (3',5'-Cyclic GMP)	323,759,4
C00639 (Prostaglandin F2alpha)	150,177,4
C00584 (Prostaglandin E2)	193,177,4
C13050 (Cyclic ADP-ribose)	340,408,4
C00076 (Calcium cation)	326,371,4
C00076 (Calcium cation)	423,372,4
C00238 (Potassium cation)	314,836,4
C00238 (Potassium cation)	308,463,4
14682 (Gnaq)	325,504,371,521
107589 (Mylk)	738,658,784,675
213435 (Mylk3)	738,658,784,675
228785 (Mylk2)	738,658,784,675
238564 (Mylk4)	738,658,784,675
16438 (Itpr1)	576,633,622,650
16439 (Itpr2)	576,633,622,650
16440 (Itpr3)	576,633,622,650
12313 (Calm1)	654,583,700,600
12314 (Calm2)	654,583,700,600
12315 (Calm3)	654,583,700,600
494124 (Calm5)	654,583,700,600
70405 (Calml3)	654,583,700,600
75600 (Calml4)	654,583,700,600
80796 (Calm4)	654,583,700,600
104110 (Adcy4)	509,822,555,839
104111 (Adcy3)	509,822,555,839
11512 (Adcy6)	509,822,555,839
11513 (Adcy7)	509,822,555,839
11514 (Adcy8)	509,822,555,839
11515 (Adcy9)	509,822,555,839
210044 (Adcy2)	509,822,555,839
224129 (Adcy5)	509,822,555,839
432530 (Adcy1)	509,822,555,839
18747 (Prkaca)	634,822,680,839
18749 (Prkacb)	634,822,680,839
14683 (Gnas)	423,822,469,839
18430 (Oxtr)	235,504,281,521
18429 (Oxt)	162,504,208,521
18795 (Plcb1)	410,504,456,521
18796 (Plcb2)	410,504,456,521
18797 (Plcb3)	410,504,456,521
18798 (Plcb4)	410,504,456,521
18750 (Prkca)	655,484,701,501
18751 (Prkcb)	655,484,701,501
18752 (Prkcg)	655,484,701,501
15461 (Hras)	388,234,434,251
16653 (Kras)	388,234,434,251
18176 (Nras)	388,234,434,251
110157 (Raf1)	476,234,522,251
26395 (Map2k1)	561,234,607,251
26396 (Map2k2)	561,234,607,251
26413 (Mapk1)	647,234,693,251
26417 (Mapk3)	647,234,693,251
18783 (Pla2g4a)	681,78,727,95
211429 (Pla2g4b)	681,78,727,95
232889 (Pla2g4c)	681,78,727,95
271844 (Pla2g4f)	681,78,727,95
329502 (Pla2g4e)	681,78,727,95
78390 (Pla2g4d)	681,78,727,95
13631 (Eef2k)	770,457,816,474
13629 (Eef2)	904,484,950,501
108058 (Camk2d)	738,583,784,600
12322 (Camk2a)	738,583,784,600
12323 (Camk2b)	738,583,784,600
12325 (Camk2g)	738,583,784,600
12326 (Camk4)	738,583,784,600
215303 (Camk1g)	738,583,784,600
52163 (Camk1)	738,583,784,600
18127 (Nos3)	825,583,871,600
234889 (Gucy1a2)	959,583,1005,600
239134 (Gucy1b2)	959,583,1005,600
54195 (Gucy1b1)	959,583,1005,600
60596 (Gucy1a1)	959,583,1005,600
17904 (Myl6)	938,739,984,756
216459 (Myl6b)	938,739,984,756
98932 (Myl9)	938,739,984,756
11461 (Actb)	980,712,1026,729
11465 (Actg1)	980,712,1026,729
11848 (Rhoa)	423,786,469,803
67653 (4930544G11Rik)	423,786,469,803
19877 (Rock1)	573,786,619,803
19878 (Rock2)	573,786,619,803
17931 (Ppp1r12a)	736,786,782,803
19045 (Ppp1ca)	736,786,782,803
19046 (Ppp1cb)	736,786,782,803
19047 (Ppp1cc)	736,786,782,803
232807 (Ppp1r12c)	736,786,782,803
329251 (Ppp1r12b)	736,786,782,803
434233 (Ppp1ccb)	736,786,782,803
19225 (Ptgs2)	1065,212,1111,229
19225 (Ptgs2)	795,93,841,110
12288 (Cacna1c)	235,584,281,601
12289 (Cacna1d)	235,584,281,601
12292 (Cacna1s)	235,584,281,601
12293 (Cacna2d1)	235,584,281,601
12294 (Cacna2d3)	235,584,281,601
12295 (Cacnb1)	235,584,281,601
12296 (Cacnb2)	235,584,281,601
12297 (Cacnb3)	235,584,281,601
12298 (Cacnb4)	235,584,281,601
12299 (Cacng1)	235,584,281,601
12300 (Cacng2)	235,584,281,601
140723 (Cacng5)	235,584,281,601
319734 (Cacna2d4)	235,584,281,601
54376 (Cacng3)	235,584,281,601
54377 (Cacng4)	235,584,281,601
54378 (Cacng6)	235,584,281,601
54652 (Cacna1f)	235,584,281,601
56808 (Cacna2d2)	235,584,281,601
81904 (Cacng7)	235,584,281,601
81905 (Cacng8)	235,584,281,601
18160 (Npr1)	235,749,281,766
230103 (Npr2)	235,749,281,766
207565 (Camkk2)	738,538,784,555
105787 (Prkaa1)	824,538,870,555
108079 (Prkaa2)	824,538,870,555
108097 (Prkab2)	824,538,870,555
108099 (Prkag2)	824,538,870,555
19079 (Prkab1)	824,538,870,555
19082 (Prkag1)	824,538,870,555
241113 (Prkag3)	824,538,870,555
23938 (Map2k5)	435,279,481,296
23939 (Mapk7)	630,280,676,297
19055 (Ppp3ca)	748,364,794,381
19056 (Ppp3cb)	748,364,794,381
19057 (Ppp3cc)	748,364,794,381
19058 (Ppp3r1)	748,364,794,381
19059 (Ppp3r2)	748,364,794,381
18018 (Nfatc1)	835,364,881,381
18019 (Nfatc2)	835,364,881,381
18021 (Nfatc3)	835,364,881,381
73181 (Nfatc4)	835,364,881,381
19735 (Rgs2)	1068,364,1114,381
54720 (Rcan1)	1068,389,1114,406
19225 (Ptgs2)	1068,339,1114,356
16476 (Jun)	1065,235,1111,252
14281 (Fos)	1065,259,1111,276
17260 (Mef2c)	1123,212,1169,229
12443 (Ccnd1)	1123,235,1169,252
13712 (Elk1)	1123,259,1169,276
20190 (Ryr1)	632,633,678,650
20191 (Ryr2)	632,633,678,650
20192 (Ryr3)	632,633,678,650
12494 (Cd38)	235,400,281,417
28240 (Trpm2)	235,362,281,379
20190 (Ryr1)	452,363,498,380
20191 (Ryr2)	452,363,498,380
20192 (Ryr3)	452,363,498,380
14677 (Gnai1)	423,872,469,889
14678 (Gnai2)	423,872,469,889
14679 (Gnai3)	423,872,469,889
14681 (Gnao1)	423,872,469,889
18795 (Plcb1)	531,861,577,878
18796 (Plcb2)	531,861,577,878
18797 (Plcb3)	531,861,577,878
18798 (Plcb4)	531,861,577,878
104709 (Pik3r6)	531,885,577,902
30955 (Pik3cg)	531,885,577,902
320207 (Pik3r5)	531,885,577,902
20779 (Src)	531,908,577,925
13649 (Egfr)	235,931,281,948
26413 (Mapk1)	883,931,929,948
26417 (Mapk3)	883,931,929,948
12575 (Cdkn1a)	1067,931,1113,948
16519 (Kcnj3)	235,828,281,845
16521 (Kcnj5)	235,828,281,845
16522 (Kcnj6)	235,828,281,845
16524 (Kcnj9)	235,828,281,845
16515 (Kcnj12)	235,454,281,471
16518 (Kcnj2)	235,454,281,471
16520 (Kcnj4)	235,454,281,471
211480 (Kcnj14)	235,454,281,471
230899 (Nppa)	419,646,465,663
mmu04010: MAPK signaling pathway	458,193,569,227
mmu04921: Oxytocin signaling pathway	40,45,309,70
mmu04020: Calcium signaling pathway	572,706,683,740
mmu00590: Arachidonic acid metabolism	702,119,813,153
mmu04110: Cell cycle	1115,899,1207,924
