21410 (Hnf1b)	336,390,382,407
15205 (Hes1)	461,344,507,361
17341 (Bhlha15)	79,391,125,408
15379 (Onecut1)	377,344,423,361
103988 (Gck)	557,844,603,861
18609 (Pdx1)	419,706,465,723
15377 (Foxa3)	360,798,406,815
18012 (Neurod1)	573,454,619,471
15205 (Hes1)	79,372,125,389
378435 (Mafa)	434,660,480,677
30942 (Hnf4g)	312,798,358,815
18088 (Nkx2-2)	557,752,603,769
16333 (Ins1)	501,844,547,861
16334 (Ins2)	501,844,547,861
21405 (Hnf1a)	336,752,382,769
15874 (Iapp)	606,844,652,861
18506 (Pax4)	525,454,571,471
18508 (Pax6)	133,469,179,486
20526 (Slc2a2)	442,844,488,861
18012 (Neurod1)	606,752,652,769
18096 (Nkx6-1)	253,752,299,769
18770 (Pklr)	394,844,440,861
26424 (Nr5a2)	419,239,465,256
11925 (Neurog3)	419,390,465,407
18508 (Pax6)	483,660,529,677
15378 (Hnf4a)	419,752,465,769
18609 (Pdx1)	419,193,465,210
18088 (Nkx2-2)	419,454,465,471
15242 (Hhex)	436,101,482,118
15285 (Mnx1)	485,101,531,118
18508 (Pax6)	477,454,523,471
18096 (Nkx6-1)	419,546,465,563
15376 (Foxa2)	377,660,423,677
18609 (Pdx1)	189,469,235,486
15379 (Onecut1)	377,147,423,164
320995 (Rfx6)	621,454,667,471
mmu04950: Maturity onset diabetes of the young	40,45,387,70
mmu04930: Type II diabetes mellitus	388,900,494,934
mmu04910: Insulin signaling pathway	501,900,605,934
