C05981 (Phosphatidylinositol-3,4,5-trisphosphate)	526,359,4
C05981 (Phosphatidylinositol-3,4,5-trisphosphate)	591,1005,4
C06793 (Vinyl chloride)	248,181,4
C06800 (Aflatoxin B1)	160,180,4
C01471 (Acrolein)	551,863,4
C21642 (4-Hydroxynonenal)	591,862,4
C00533 (Nitric oxide)	636,862,4
C00704 (O2.-)	551,826,4
C21641 (Hydroperoxyl radical)	591,826,4
C00027 (Hydrogen peroxide)	627,826,4
C16844 (Hydroxyl radical)	664,826,4
C00039 (DNA)	1179,340,4
C01245 (D-myo-Inositol 1,4,5-trisphosphate)	557,209,4
C00076 (Calcium cation)	616,210,4
C00165 (Diacylglycerol)	556,247,4
13649 (Egfr)	302,272,348,289
15461 (Hras)	611,272,657,289
16653 (Kras)	611,272,657,289
18176 (Nras)	611,272,657,289
109880 (Braf)	686,272,732,289
110157 (Raf1)	686,272,732,289
11836 (Araf)	686,272,732,289
26395 (Map2k1)	761,272,807,289
26396 (Map2k2)	761,272,807,289
26413 (Mapk1)	837,272,883,288
26417 (Mapk3)	837,272,883,288
20416 (Shc1)	385,272,431,289
20418 (Shc3)	385,272,431,289
216148 (Shc2)	385,272,431,289
271849 (Shc4)	385,272,431,289
14784 (Grb2)	461,272,507,289
20662 (Sos1)	536,272,582,289
20663 (Sos2)	536,272,582,289
56717 (Mtor)	706,335,752,352
58988 (Rps6kb2)	803,335,849,352
72508 (Rps6kb1)	803,335,849,352
16002 (Igf2)	193,329,239,346
16001 (Igf1r)	302,329,348,346
15461 (Hras)	585,940,631,957
16653 (Kras)	585,940,631,957
18176 (Nras)	585,940,631,957
109880 (Braf)	671,940,717,957
110157 (Raf1)	671,940,717,957
11836 (Araf)	671,940,717,957
26395 (Map2k1)	758,940,804,957
26396 (Map2k2)	758,940,804,957
26413 (Mapk1)	845,940,891,956
26417 (Mapk3)	845,940,891,956
14784 (Grb2)	415,940,461,957
20662 (Sos1)	500,940,546,957
20663 (Sos2)	500,940,546,957
56717 (Mtor)	733,979,779,996
58988 (Rps6kb2)	828,979,874,996
72508 (Rps6kb1)	828,979,874,996
18706 (Pik3ca)	422,351,468,368
18707 (Pik3cd)	422,351,468,368
18708 (Pik3r1)	422,351,468,368
18709 (Pik3r2)	422,351,468,368
18710 (Pik3r3)	422,351,468,368
74769 (Pik3cb)	422,351,468,368
11651 (Akt1)	585,351,631,368
11652 (Akt2)	585,351,631,368
23797 (Akt3)	585,351,631,368
19211 (Pten)	454,447,500,464
18706 (Pik3ca)	500,996,546,1013
18707 (Pik3cd)	500,996,546,1013
18708 (Pik3r1)	500,996,546,1013
18709 (Pik3r2)	500,996,546,1013
18710 (Pik3r3)	500,996,546,1013
74769 (Pik3cb)	500,996,546,1013
11651 (Akt1)	637,996,683,1013
11652 (Akt2)	637,996,683,1013
23797 (Akt3)	637,996,683,1013
12443 (Ccnd1)	1062,752,1108,769
17869 (Myc)	1062,729,1108,746
16842 (Lef1)	946,740,992,757
21414 (Tcf7)	946,740,992,757
21415 (Tcf7l1)	946,740,992,757
21416 (Tcf7l2)	946,740,992,757
93687 (Csnk1a1)	670,758,716,775
12005 (Axin1)	564,758,610,775
12006 (Axin2)	564,758,610,775
11789 (Apc)	610,758,656,775
23805 (Apc2)	610,758,656,775
12387 (Ctnnb1)	640,741,686,758
56637 (Gsk3b)	533,741,579,758
14296 (Frat1)	471,728,517,745
212398 (Frat2)	471,728,517,745
27412 (Peg12)	471,728,517,745
13542 (Dvl1)	425,741,471,758
13543 (Dvl2)	425,741,471,758
13544 (Dvl3)	425,741,471,758
16973 (Lrp5)	302,758,348,775
16974 (Lrp6)	302,758,348,775
14362 (Fzd1)	302,741,348,758
14365 (Fzd3)	302,741,348,758
14366 (Fzd4)	302,741,348,758
14367 (Fzd5)	302,741,348,758
14368 (Fzd6)	302,741,348,758
14369 (Fzd7)	302,741,348,758
14370 (Fzd8)	302,741,348,758
14371 (Fzd9)	302,741,348,758
57265 (Fzd2)	302,741,348,758
93897 (Fzd10)	302,741,348,758
20890 (Wnt8a)	193,749,239,766
216795 (Wnt9a)	193,749,239,766
22408 (Wnt1)	193,749,239,766
22409 (Wnt10a)	193,749,239,766
22410 (Wnt10b)	193,749,239,766
22411 (Wnt11)	193,749,239,766
22412 (Wnt9b)	193,749,239,766
22413 (Wnt2)	193,749,239,766
22414 (Wnt2b)	193,749,239,766
22415 (Wnt3)	193,749,239,766
22416 (Wnt3a)	193,749,239,766
22417 (Wnt4)	193,749,239,766
22418 (Wnt5a)	193,749,239,766
22419 (Wnt5b)	193,749,239,766
22420 (Wnt6)	193,749,239,766
22421 (Wnt7a)	193,749,239,766
22422 (Wnt7b)	193,749,239,766
22423 (Wnt8b)	193,749,239,766
93735 (Wnt16)	193,749,239,766
19645 (Rb1)	1155,251,1201,268
13555 (E2f1)	1155,289,1201,306
13557 (E2f3)	1155,289,1201,306
242705 (E2f2)	1155,289,1201,306
17869 (Myc)	1075,220,1121,237
22059 (Trp53)	1005,472,1051,489
12575 (Cdkn1a)	1135,452,1181,469
13197 (Gadd45a)	1187,452,1233,469
17873 (Gadd45b)	1187,452,1233,469
23882 (Gadd45g)	1187,452,1233,469
12028 (Bax)	1135,474,1181,491
12018 (Bak1)	1187,474,1233,491
107986 (Ddb2)	1135,496,1181,513
27015 (Polk)	1187,496,1233,513
21802 (Tgfa)	193,272,239,289
18803 (Plcg1)	461,225,507,242
234779 (Plcg2)	461,225,507,242
18750 (Prkca)	686,226,732,243
18751 (Prkcb)	686,226,732,243
18752 (Prkcg)	686,226,732,243
13712 (Elk1)	837,226,883,243
21803 (Tgfb1)	193,644,239,661
21808 (Tgfb2)	193,644,239,661
21809 (Tgfb3)	193,644,239,661
17126 (Smad2)	453,645,499,662
17127 (Smad3)	453,645,499,662
21812 (Tgfbr1)	302,636,348,653
17128 (Smad4)	453,677,499,694
21813 (Tgfbr2)	302,653,348,670
15234 (Hgf)	193,969,239,986
17295 (Met)	302,969,348,986
239985 (Arid1b)	1122,931,1168,948
93760 (Arid1a)	1122,931,1168,948
20587 (Smarcb1)	1210,914,1256,931
20588 (Smarcc1)	1186,931,1232,948
68094 (Smarcc2)	1186,931,1232,948
20588 (Smarcc1)	1232,931,1278,948
68094 (Smarcc2)	1232,931,1278,948
20586 (Smarca4)	1211,948,1257,965
67155 (Smarca2)	1211,948,1257,965
77044 (Arid2)	1296,931,1342,948
18024 (Nfe2l2)	811,836,857,853
18024 (Nfe2l2)	983,836,1029,853
21752 (Tert)	1075,338,1121,355
50868 (Keap1)	730,836,776,853
15368 (Hmox1)	1100,826,1146,843
18104 (Nqo1)	1152,826,1198,843
103140 (Gstt3)	1100,848,1146,865
14857 (Gsta1)	1100,848,1146,865
14858 (Gsta2)	1100,848,1146,865
14859 (Gsta3)	1100,848,1146,865
14860 (Gsta4)	1100,848,1146,865
14862 (Gstm1)	1100,848,1146,865
14863 (Gstm2)	1100,848,1146,865
14864 (Gstm3)	1100,848,1146,865
14865 (Gstm4)	1100,848,1146,865
14866 (Gstm5)	1100,848,1146,865
14867 (Gstm6)	1100,848,1146,865
14869 (Gstp2)	1100,848,1146,865
14870 (Gstp1)	1100,848,1146,865
14871 (Gstt1)	1100,848,1146,865
14872 (Gstt2)	1100,848,1146,865
14873 (Gsto1)	1100,848,1146,865
211666 (Mgst2)	1100,848,1146,865
225884 (Gstp3)	1100,848,1146,865
56615 (Mgst1)	1100,848,1146,865
66447 (Mgst3)	1100,848,1146,865
68214 (Gsto2)	1100,848,1146,865
68312 (Gstm7)	1100,848,1146,865
75886 (Gstt4)	1100,848,1146,865
232223 (Txnrd3)	1152,848,1198,865
26462 (Txnrd2)	1152,848,1198,865
50493 (Txnrd1)	1152,848,1198,865
21748 (Terc)	1075,355,1121,372
12015 (Bad)	706,374,752,391
12048 (Bcl2l1)	802,374,848,391
12578 (Cdkn2a)	1014,530,1060,547
12567 (Cdk4)	1077,551,1123,568
12571 (Cdk6)	1077,551,1123,568
19645 (Rb1)	1161,561,1207,578
13555 (E2f1)	1161,599,1207,616
13557 (E2f3)	1161,599,1207,616
242705 (E2f2)	1161,599,1207,616
12443 (Ccnd1)	1077,568,1123,585
12015 (Bad)	828,1018,874,1035
14388 (Gab1)	415,996,461,1013
11461 (Actb)	1076,914,1122,931
11465 (Actg1)	1076,914,1122,931
29861 (Dpf1)	1122,914,1168,931
70127 (Dpf3)	1122,914,1168,931
72057 (Phf10)	1122,914,1168,931
56456 (Actl6a)	1076,931,1122,948
83766 (Actl6b)	1076,931,1122,948
66993 (Smarcd3)	1076,948,1122,965
83796 (Smarcd2)	1076,948,1122,965
83797 (Smarcd1)	1076,948,1122,965
57376 (Smarce1)	1122,948,1168,965
66923 (Pbrm1)	1342,924,1388,941
57376 (Smarce1)	1296,948,1342,965
26992 (Brd7)	1342,941,1388,958
11461 (Actb)	1388,914,1434,931
11465 (Actg1)	1388,914,1434,931
56456 (Actl6a)	1388,931,1434,948
83766 (Actl6b)	1388,931,1434,948
66993 (Smarcd3)	1388,948,1434,965
83796 (Smarcd2)	1388,948,1434,965
83797 (Smarcd1)	1388,948,1434,965
29861 (Dpf1)	1296,914,1342,931
70127 (Dpf3)	1296,914,1342,931
72057 (Phf10)	1296,914,1342,931
mmu05225: Hepatocellular carcinoma	40,45,304,70
mmu04151: PI3K-Akt signaling pathway	484,305,600,339
mmu04310: Wnt signaling pathway	775,705,891,739
mmu04115: p53 signaling pathway	775,461,891,495
mmu04110: Cell cycle	1228,257,1331,282
mmu05161: Hepatitis B	382,104,474,129
mmu05160: Hepatitis C	382,134,474,159
mmu04020: Calcium signaling pathway	526,166,654,200
mmu04932: Non-alcoholic fatty liver disease (NAFLD)	526,113,654,147
mmu04350: TGF-beta signaling pathway	775,610,891,644
mmu04010: MAPK signaling pathway	775,888,891,922
