C05981 (Phosphatidylinositol-3,4,5-trisphosphate)	521,621,4
C05981 (Phosphatidylinositol-3,4,5-trisphosphate)	591,1001,4
C00039 (DNA)	1165,446,4
C00039 (DNA)	1170,977,4
C00777 (Retinoate)	813,359,4
C15493 (9-cis-Retinoic acid)	813,359,4
15461 (Hras)	608,534,654,551
16653 (Kras)	608,534,654,551
18176 (Nras)	608,534,654,551
109880 (Braf)	683,534,729,551
110157 (Raf1)	683,534,729,551
11836 (Araf)	683,534,729,551
26395 (Map2k1)	758,534,804,551
26396 (Map2k2)	758,534,804,551
26413 (Mapk1)	834,534,880,550
26417 (Mapk3)	834,534,880,550
20416 (Shc1)	382,534,428,551
20418 (Shc3)	382,534,428,551
216148 (Shc2)	382,534,428,551
271849 (Shc4)	382,534,428,551
14784 (Grb2)	458,534,504,551
20662 (Sos1)	533,534,579,551
20663 (Sos2)	533,534,579,551
56717 (Mtor)	703,597,749,614
58988 (Rps6kb2)	800,597,846,614
72508 (Rps6kb1)	800,597,846,614
15461 (Hras)	587,924,633,941
16653 (Kras)	587,924,633,941
18176 (Nras)	587,924,633,941
109880 (Braf)	673,924,719,941
110157 (Raf1)	673,924,719,941
11836 (Araf)	673,924,719,941
26395 (Map2k1)	760,924,806,941
26396 (Map2k2)	760,924,806,941
26413 (Mapk1)	847,924,893,940
26417 (Mapk3)	847,924,893,940
14784 (Grb2)	417,924,463,941
20662 (Sos1)	502,924,548,941
20663 (Sos2)	502,924,548,941
56717 (Mtor)	738,976,784,993
18706 (Pik3ca)	419,613,465,630
18707 (Pik3cd)	419,613,465,630
18708 (Pik3r1)	419,613,465,630
18709 (Pik3r2)	419,613,465,630
18710 (Pik3r3)	419,613,465,630
74769 (Pik3cb)	419,613,465,630
11651 (Akt1)	582,613,628,630
11652 (Akt2)	582,613,628,630
23797 (Akt3)	582,613,628,630
18706 (Pik3ca)	502,992,548,1009
18707 (Pik3cd)	502,992,548,1009
18708 (Pik3r1)	502,992,548,1009
18709 (Pik3r2)	502,992,548,1009
18710 (Pik3r3)	502,992,548,1009
74769 (Pik3cb)	502,992,548,1009
11651 (Akt1)	637,992,683,1009
11652 (Akt2)	637,992,683,1009
23797 (Akt3)	637,992,683,1009
12443 (Ccnd1)	1060,413,1106,430
17869 (Myc)	1060,390,1106,407
16842 (Lef1)	944,402,990,419
21414 (Tcf7)	944,402,990,419
21415 (Tcf7l1)	944,402,990,419
21416 (Tcf7l2)	944,402,990,419
93687 (Csnk1a1)	668,419,714,436
12005 (Axin1)	562,419,608,436
12006 (Axin2)	562,419,608,436
11789 (Apc)	608,419,654,436
23805 (Apc2)	608,419,654,436
12387 (Ctnnb1)	638,402,684,419
56637 (Gsk3b)	531,402,577,419
14296 (Frat1)	469,389,515,406
212398 (Frat2)	469,389,515,406
27412 (Peg12)	469,389,515,406
13542 (Dvl1)	423,402,469,419
13543 (Dvl2)	423,402,469,419
13544 (Dvl3)	423,402,469,419
16973 (Lrp5)	301,419,347,436
16974 (Lrp6)	301,419,347,436
14362 (Fzd1)	301,402,347,419
14365 (Fzd3)	301,402,347,419
14366 (Fzd4)	301,402,347,419
14367 (Fzd5)	301,402,347,419
14368 (Fzd6)	301,402,347,419
14369 (Fzd7)	301,402,347,419
14370 (Fzd8)	301,402,347,419
14371 (Fzd9)	301,402,347,419
57265 (Fzd2)	301,402,347,419
93897 (Fzd10)	301,402,347,419
20890 (Wnt8a)	192,411,238,428
216795 (Wnt9a)	192,411,238,428
22408 (Wnt1)	192,411,238,428
22409 (Wnt10a)	192,411,238,428
22410 (Wnt10b)	192,411,238,428
22411 (Wnt11)	192,411,238,428
22412 (Wnt9b)	192,411,238,428
22413 (Wnt2)	192,411,238,428
22414 (Wnt2b)	192,411,238,428
22415 (Wnt3)	192,411,238,428
22416 (Wnt3a)	192,411,238,428
22417 (Wnt4)	192,411,238,428
22418 (Wnt5a)	192,411,238,428
22419 (Wnt5b)	192,411,238,428
22420 (Wnt6)	192,411,238,428
22421 (Wnt7a)	192,411,238,428
22422 (Wnt7b)	192,411,238,428
22423 (Wnt8b)	192,411,238,428
93735 (Wnt16)	192,411,238,428
22059 (Trp53)	1079,297,1125,314
12575 (Cdkn1a)	1209,277,1255,294
13197 (Gadd45a)	1261,277,1307,294
17873 (Gadd45b)	1261,277,1307,294
23882 (Gadd45g)	1261,277,1307,294
12028 (Bax)	1209,299,1255,316
12018 (Bak1)	1261,299,1307,316
107986 (Ddb2)	1209,321,1255,338
27015 (Polk)	1261,321,1307,338
21803 (Tgfb1)	192,714,238,731
21808 (Tgfb2)	192,714,238,731
21809 (Tgfb3)	192,714,238,731
17126 (Smad2)	452,715,498,732
17127 (Smad3)	452,715,498,732
21812 (Tgfbr1)	301,706,347,723
17128 (Smad4)	452,747,498,764
21813 (Tgfbr2)	301,723,347,740
15234 (Hgf)	192,949,238,966
17295 (Met)	301,949,347,966
21752 (Tert)	1060,444,1106,461
21748 (Terc)	1060,461,1106,478
14388 (Gab1)	417,992,463,1009
13866 (Erbb2)	301,585,347,602
21752 (Tert)	1065,975,1111,992
21748 (Terc)	1065,992,1111,1009
12591 (Cdx2)	813,219,859,236
12550 (Cdh1)	301,867,347,884
12385 (Ctnna1)	362,845,408,862
12386 (Ctnna2)	362,845,408,862
216033 (Ctnna3)	362,845,408,862
12387 (Ctnnb1)	414,866,460,883
16480 (Jup)	362,890,408,907
17869 (Myc)	1094,857,1140,874
12443 (Ccnd1)	1094,880,1140,897
12447 (Ccne1)	1143,636,1189,653
12448 (Ccne2)	1143,636,1189,653
12566 (Cdk2)	1143,619,1189,636
12576 (Cdkn1b)	1065,619,1111,636
13555 (E2f1)	1222,665,1268,682
13557 (E2f3)	1222,665,1268,682
242705 (E2f2)	1222,665,1268,682
19645 (Rb1)	1222,628,1268,645
20423 (Shh)	1058,239,1104,256
22059 (Trp53)	703,635,749,652
12043 (Bcl2)	800,635,846,652
14183 (Fgfr2)	301,981,347,998
14164 (Fgf1)	192,981,238,998
14165 (Fgf10)	192,981,238,998
14170 (Fgf15)	192,981,238,998
14171 (Fgf17)	192,981,238,998
14172 (Fgf18)	192,981,238,998
14173 (Fgf2)	192,981,238,998
14174 (Fgf3)	192,981,238,998
14175 (Fgf4)	192,981,238,998
14176 (Fgf5)	192,981,238,998
14177 (Fgf6)	192,981,238,998
14178 (Fgf7)	192,981,238,998
14179 (Fgf8)	192,981,238,998
14180 (Fgf9)	192,981,238,998
56636 (Fgf21)	192,981,238,998
64654 (Fgf23)	192,981,238,998
67112 (Fgf22)	192,981,238,998
80857 (Fgf20)	192,981,238,998
80903 (Fgf16)	192,981,238,998
12579 (Cdkn2b)	1052,703,1098,720
12575 (Cdkn1a)	1052,725,1098,742
218772 (Rarb)	1060,342,1106,359
20181 (Rxra)	1060,359,1106,376
20182 (Rxrb)	1060,359,1106,376
20183 (Rxrg)	1060,359,1106,376
22059 (Trp53)	1122,917,1168,934
12575 (Cdkn1a)	1252,897,1298,914
13197 (Gadd45a)	1304,897,1350,914
17873 (Gadd45b)	1304,897,1350,914
23882 (Gadd45g)	1304,897,1350,914
12028 (Bax)	1252,919,1298,936
12018 (Bak1)	1304,919,1350,936
107986 (Ddb2)	1252,941,1298,958
27015 (Polk)	1304,941,1350,958
17350 (Mlh1)	1222,563,1268,580
16842 (Lef1)	961,867,1007,884
21414 (Tcf7)	961,867,1007,884
21415 (Tcf7l1)	961,867,1007,884
21416 (Tcf7l2)	961,867,1007,884
17831 (Muc2)	1058,191,1104,208
67709 (Reg4)	1058,213,1104,230
18669 (Abcb1b)	1109,213,1155,230
18671 (Abcb1a)	1109,213,1155,230
12557 (Cdh17)	1109,191,1155,208
56637 (Gsk3b)	738,1011,784,1028
13649 (Egfr)	301,568,347,585
13645 (Egf)	192,576,238,593
mmu05226: Gastric cancer	40,45,206,70
mmu04151: PI3K-Akt signaling pathway	481,567,597,601
mmu04310: Wnt signaling pathway	774,418,890,452
mmu04115: p53 signaling pathway	939,257,1055,291
mmu04110: Cell cycle	1323,632,1426,657
map05120: Epithelial cell signaling in Helicobacter pylori infection	381,108,549,142
mmu04350: TGF-beta signaling pathway	774,680,890,714
mmu04010: MAPK signaling pathway	486,947,602,981
mmu04520: Adherens junction	650,844,772,869
