C00388 (Histamine)	149,483,4
C00575 (3',5'-Cyclic AMP)	338,540,4
C01245 (D-myo-Inositol 1,4,5-trisphosphate)	439,349,4
C00076 (Calcium cation)	391,392,4
C00165 (Diacylglycerol)	467,294,4
C00080 (H+)	671,552,4
C01996 (Acetylcholine)	149,287,4
C00001 (H2O)	575,713,4
C00011 (CO2)	577,755,4
C00238 (Potassium cation)	786,542,4
C00698 (Cl-)	672,594,4
C00238 (Potassium cation)	276,640,4
C00238 (Potassium cation)	170,676,4
C01330 (Sodium cation)	276,685,4
C01330 (Sodium cation)	170,717,4
C00080 (H+)	276,725,4
C00288 (HCO3-)	276,768,4
C00698 (Cl-)	170,760,4
C00238 (Potassium cation)	675,466,4
C01353 (Carbonic acid)	474,735,4
C00011 (CO2)	148,811,4
C00080 (H+)	387,711,4
C00238 (Potassium cation)	675,504,4
12426 (Cckbr)	201,367,247,384
12671 (Chrm3)	201,279,247,296
104110 (Adcy4)	201,529,247,546
104111 (Adcy3)	201,529,247,546
11512 (Adcy6)	201,529,247,546
11513 (Adcy7)	201,529,247,546
11514 (Adcy8)	201,529,247,546
11515 (Adcy9)	201,529,247,546
210044 (Adcy2)	201,529,247,546
224129 (Adcy5)	201,529,247,546
432530 (Adcy1)	201,529,247,546
18747 (Prkaca)	378,533,424,550
18749 (Prkacb)	378,533,424,550
14682 (Gnaq)	279,318,325,335
18795 (Plcb1)	359,318,405,335
18796 (Plcb2)	359,318,405,335
18797 (Plcb3)	359,318,405,335
18798 (Plcb4)	359,318,405,335
16438 (Itpr1)	476,383,522,400
16439 (Itpr2)	476,383,522,400
16440 (Itpr3)	476,383,522,400
15466 (Hrh2)	201,475,247,492
18750 (Prkca)	516,288,562,305
18751 (Prkcb)	516,288,562,305
18752 (Prkcg)	516,288,562,305
11944 (Atp4a)	713,539,759,556
11945 (Atp4b)	713,539,759,556
14459 (Gast)	120,367,166,384
14683 (Gnas)	274,506,320,523
12638 (Cftr)	713,585,759,602
16526 (Kcnk2)	201,633,247,650
72258 (Kcnk10)	201,633,247,650
11928 (Atp1a1)	201,672,247,689
11931 (Atp1b1)	201,672,247,689
11932 (Atp1b2)	201,672,247,689
11933 (Atp1b3)	201,672,247,689
232975 (Atp1a3)	201,672,247,689
27222 (Atp1a4)	201,672,247,689
67821 (Atp1b4)	201,672,247,689
98660 (Atp1a2)	201,672,247,689
110895 (Slc9a4)	201,711,247,728
20544 (Slc9a1)	201,711,247,728
20535 (Slc4a2)	201,756,247,773
208890 (Slc26a7)	201,756,247,773
16535 (Kcnq1)	713,459,759,476
246133 (Kcne2)	713,459,759,476
22350 (Ezr)	460,534,506,551
12349 (Car2)	539,726,585,743
14677 (Gnai1)	275,564,321,581
14678 (Gnai2)	275,564,321,581
14679 (Gnai3)	275,564,321,581
20606 (Sstr2)	201,585,247,602
20604 (Sst)	121,585,167,602
11944 (Atp4a)	558,535,604,552
11945 (Atp4b)	558,535,604,552
16513 (Kcnj10)	713,498,759,515
16516 (Kcnj15)	713,498,759,515
16517 (Kcnj16)	713,498,759,515
16518 (Kcnj2)	713,498,759,515
56379 (Kcnj1)	713,498,759,515
22350 (Ezr)	607,346,653,363
11461 (Actb)	675,314,721,331
12313 (Calm1)	400,418,446,435
12314 (Calm2)	400,418,446,435
12315 (Calm3)	400,418,446,435
494124 (Calm5)	400,418,446,435
70405 (Calml3)	400,418,446,435
75600 (Calml4)	400,418,446,435
80796 (Calm4)	400,418,446,435
107589 (Mylk)	456,453,502,470
213435 (Mylk3)	456,453,502,470
228785 (Mylk2)	456,453,502,470
238564 (Mylk4)	456,453,502,470
108058 (Camk2d)	400,453,446,470
12322 (Camk2a)	400,453,446,470
12323 (Camk2b)	400,453,446,470
12325 (Camk2g)	400,453,446,470
mmu04971: Gastric acid secretion	40,45,261,70
mmu04020: Calcium signaling pathway	264,427,378,461
mmu04530: Tight junction	677,160,785,185
mmu04974: Protein digestion and absorption	807,622,921,656
