59287 (Ncstn)	240,281,286,298
208117 (Aph1b)	286,281,332,298
226548 (Aph1a)	286,281,332,298
68318 (Aph1c)	286,281,332,298
19164 (Psen1)	286,264,332,281
19165 (Psen2)	286,264,332,281
15182 (Hdac2)	640,316,686,333
433759 (Hdac1)	640,316,686,333
66935 (Cir1)	684,293,730,310
13016 (Ctbp1)	573,293,619,310
13017 (Ctbp2)	573,293,619,310
20602 (Ncor2)	670,270,716,287
19208 (Ptcra)	787,238,833,255
15205 (Hes1)	787,184,833,201
15208 (Hes5)	787,184,833,201
19664 (Rbpj)	640,211,686,228
19668 (Rbpjl)	640,211,686,228
66354 (Snw1)	662,172,708,189
12914 (Crebbp)	585,180,631,197
14534 (Kat2a)	585,180,631,197
18519 (Kat2b)	585,180,631,197
328572 (Ep300)	585,180,631,197
103806 (Maml1)	585,163,631,180
270118 (Maml2)	585,163,631,180
433586 (Maml3)	585,163,631,180
11491 (Adam17)	123,310,169,327
66340 (Psenen)	240,264,286,281
14357 (Dtx1)	310,185,356,202
207521 (Dtx4)	310,185,356,202
209200 (Dtx3l)	310,185,356,202
74198 (Dtx2)	310,185,356,202
80904 (Dtx3)	310,185,356,202
18222 (Numb)	274,155,320,172
18223 (Numbl)	274,155,320,172
16449 (Jag1)	60,257,106,274
16450 (Jag2)	60,257,106,274
18128 (Notch1)	166,211,212,228
18129 (Notch2)	166,211,212,228
18131 (Notch3)	166,211,212,228
18132 (Notch4)	166,211,212,228
13542 (Dvl1)	221,136,267,153
13543 (Dvl2)	221,136,267,153
13544 (Dvl3)	221,136,267,153
16848 (Lfng)	114,135,160,152
17305 (Mfng)	114,135,160,152
19719 (Rfng)	114,135,160,152
13388 (Dll1)	60,211,106,228
13389 (Dll3)	60,211,106,228
54485 (Dll4)	60,211,106,228
20238 (Atxn1)	692,316,738,333
52335 (Atxn1l)	692,316,738,333
15213 (Hey1)	787,211,833,228
15214 (Hey2)	787,211,833,228
56198 (Heyl)	787,211,833,228
mmu04010: MAPK signaling pathway	339,375,448,415
mmu04330: Notch signaling pathway	40,45,279,70
