C00076 (Calcium cation)	596,395,4
C00238 (Potassium cation)	625,587,4
C00027 (Hydrogen peroxide)	658,584,4
C00076 (Calcium cation)	741,612,4
C00575 (3',5'-Cyclic AMP)	751,1198,4
C05981 (Phosphatidylinositol-3,4,5-trisphosphate)	565,749,4
18186 (Nrp1)	267,147,313,164
20525 (Slc2a1)	267,116,313,133
21894 (Tln1)	313,329,359,346
70549 (Tln2)	313,329,359,346
15894 (Icam1)	141,346,187,363
16408 (Itgal)	267,346,313,363
16414 (Itgb2)	267,346,313,363
16415 (Itgb2l)	267,346,313,363
16408 (Itgal)	139,266,185,283
16414 (Itgb2)	139,266,185,283
16415 (Itgb2l)	139,266,185,283
15894 (Icam1)	267,266,313,283
18018 (Nfatc1)	823,386,869,403
18019 (Nfatc2)	823,386,869,403
18021 (Nfatc3)	823,386,869,403
73181 (Nfatc4)	823,386,869,403
19055 (Ppp3ca)	708,386,754,403
19056 (Ppp3cb)	708,386,754,403
19057 (Ppp3cc)	708,386,754,403
19058 (Ppp3r1)	708,386,754,403
19059 (Ppp3r2)	708,386,754,403
12330 (Canx)	495,399,541,416
12317 (Calr)	495,375,541,392
16185 (Il2rb)	537,436,581,452
16186 (Il2rg)	537,436,581,452
16451 (Jak1)	615,436,661,453
16453 (Jak3)	615,436,661,453
20850 (Stat5a)	823,436,869,453
20851 (Stat5b)	823,436,869,453
100529082 (Gm11127)	537,460,583,477
110557 (H2-Q6)	537,460,583,477
110558 (H2-Q9)	537,460,583,477
110696 (H2-M10.3)	537,460,583,477
14963 (H2-Bl)	537,460,583,477
14964 (H2-D1)	537,460,583,477
14972 (H2-K1)	537,460,583,477
14980 (H2-L)	537,460,583,477
14985 (H2-M10.1)	537,460,583,477
14990 (H2-M2)	537,460,583,477
14991 (H2-M3)	537,460,583,477
14997 (H2-M9)	537,460,583,477
15006 (H2-Q1)	537,460,583,477
15007 (H2-Q10)	537,460,583,477
15013 (H2-Q2)	537,460,583,477
15015 (H2-Q4)	537,460,583,477
15018 (H2-Q7)	537,460,583,477
15019 (H2-Q8)	537,460,583,477
15024 (H2-T10)	537,460,583,477
15033 (H2-T18)	537,460,583,477
15039 (H2-T22)	537,460,583,477
15040 (H2-T23)	537,460,583,477
15042 (H2-T24)	537,460,583,477
15043 (H2-T3)	537,460,583,477
15051 (H2-T9)	537,460,583,477
224753 (H2-M10.4)	537,460,583,477
224754 (H2-M11)	537,460,583,477
224756 (H2-M1)	537,460,583,477
224761 (H2-M10.5)	537,460,583,477
240095 (H2-M5)	537,460,583,477
333715 (H2-M10.2)	537,460,583,477
399549 (H2-M10.6)	537,460,583,477
547349 (H2-K1)	537,460,583,477
630294 (Gm7030)	537,460,583,477
667803 (H2-T-ps)	537,460,583,477
667977 (Gm8909)	537,460,583,477
69717 (Gm10499)	537,460,583,477
17869 (Myc)	913,130,959,147
100683 (Trrap)	913,147,959,164
81601 (Kat5)	913,164,959,181
12444 (Ccnd2)	1058,130,1104,147
110196 (Fdps)	620,521,666,538
15461 (Hras)	696,521,742,538
16653 (Kras)	696,521,742,538
18176 (Nras)	696,521,742,538
11739 (Slc25a4)	672,603,718,620
11740 (Slc25a5)	672,603,718,620
12257 (Tspo)	672,603,718,620
22333 (Vdac1)	672,603,718,620
22334 (Vdac2)	672,603,718,620
22335 (Vdac3)	672,603,718,620
73333 (Slc25a31)	672,603,718,620
103573 (Xpo1)	946,316,992,333
19384 (Ran)	946,299,992,316
19428 (Rasl2-9)	946,299,992,316
75471 (1700009N14Rik)	946,299,992,316
71810 (Ranbp3)	946,282,992,299
104110 (Adcy4)	659,1190,705,1207
104111 (Adcy3)	659,1190,705,1207
11512 (Adcy6)	659,1190,705,1207
11513 (Adcy7)	659,1190,705,1207
11514 (Adcy8)	659,1190,705,1207
11515 (Adcy9)	659,1190,705,1207
210044 (Adcy2)	659,1190,705,1207
224129 (Adcy5)	659,1190,705,1207
432530 (Adcy1)	659,1190,705,1207
18747 (Prkaca)	797,1190,843,1207
18749 (Prkacb)	797,1190,843,1207
11909 (Atf2)	1053,1190,1099,1207
11911 (Atf4)	1053,1190,1099,1207
12912 (Creb1)	1053,1190,1099,1207
12913 (Creb3)	1053,1190,1099,1207
12915 (Atf6b)	1053,1190,1099,1207
208647 (Creb3l2)	1053,1190,1099,1207
208677 (Creb3l3)	1053,1190,1099,1207
231991 (Creb5)	1053,1190,1099,1207
26427 (Creb3l1)	1053,1190,1099,1207
78284 (Creb3l4)	1053,1190,1099,1207
21803 (Tgfb1)	198,1081,244,1098
21808 (Tgfb2)	198,1081,244,1098
21809 (Tgfb3)	198,1081,244,1098
21812 (Tgfbr1)	267,1081,313,1098
21813 (Tgfbr2)	267,1081,313,1098
17126 (Smad2)	797,1073,843,1090
17127 (Smad3)	797,1073,843,1090
17128 (Smad4)	797,1090,843,1107
12575 (Cdkn1a)	1070,642,1116,659
17222 (Anapc1)	473,658,519,675
217232 (Cdc27)	473,658,519,675
52206 (Anapc4)	473,658,519,675
52563 (Cdc23)	473,658,519,675
56317 (Anapc7)	473,658,519,675
59008 (Anapc5)	473,658,519,675
66156 (Anapc11)	473,658,519,675
66440 (Cdc26)	473,658,519,675
68999 (Anapc10)	473,658,519,675
69957 (Cdc16)	473,658,519,675
99152 (Anapc2)	473,658,519,675
107995 (Cdc20)	473,675,519,692
12442 (Ccnb2)	570,692,616,709
30939 (Pttg1)	570,658,616,675
12236 (Bub1b)	387,675,433,692
56150 (Mad2l1)	387,658,433,675
12237 (Bub3)	387,692,433,709
17120 (Mad1l1)	326,636,372,653
19385 (Ranbp1)	432,578,478,595
234729 (Vac14)	432,558,478,575
17869 (Myc)	1053,1343,1099,1360
21752 (Tert)	1228,1343,1274,1360
18033 (Nfkb1)	797,916,843,933
19697 (Rela)	797,916,843,933
18035 (Nfkbia)	797,877,843,894
16183 (Il2)	1012,880,1058,897
16184 (Il2ra)	1064,880,1110,897
16168 (Il15)	1012,906,1058,923
16169 (Il15ra)	1064,906,1110,923
16193 (Il6)	1012,931,1058,948
12981 (Csf2)	1012,951,1058,968
16992 (Lta)	1012,971,1058,988
18034 (Nfkb2)	797,968,843,985
19698 (Relb)	797,968,843,985
12675 (Chuk)	678,968,724,985
53859 (Map3k14)	533,968,579,985
17000 (Ltbr)	267,948,313,965
21939 (Cd40)	267,968,313,985
72049 (Tnfrsf13c)	267,988,313,1005
16150 (Ikbkb)	678,877,724,894
16151 (Ikbkg)	678,894,724,911
21937 (Tnfrsf1a)	267,829,313,846
16177 (Il1r1)	267,868,313,885
16178 (Il1r2)	267,868,313,885
12500 (Cd3d)	267,908,313,925
12501 (Cd3e)	267,908,313,925
12502 (Cd3g)	267,908,313,925
26401 (Map3k1)	434,829,480,846
26406 (Map3k3)	382,885,428,902
26398 (Map2k4)	570,829,616,846
26414 (Mapk10)	649,829,695,846
26419 (Mapk8)	649,829,695,846
26420 (Mapk9)	649,829,695,846
16476 (Jun)	797,829,843,846
56310 (Gps2)	461,937,507,954
12048 (Bcl2l1)	1012,994,1058,1011
11798 (Xiap)	1064,994,1110,1011
18706 (Pik3ca)	417,741,463,758
18707 (Pik3cd)	417,741,463,758
18708 (Pik3r1)	417,741,463,758
18709 (Pik3r2)	417,741,463,758
18710 (Pik3r3)	417,741,463,758
74769 (Pik3cb)	417,741,463,758
11651 (Akt1)	627,741,673,758
11652 (Akt2)	627,741,673,758
23797 (Akt3)	627,741,673,758
12578 (Cdkn2a)	1070,603,1116,620
12579 (Cdkn2b)	1070,580,1116,597
12567 (Cdk4)	1161,583,1207,600
12443 (Ccnd1)	1161,600,1207,617
12444 (Ccnd2)	1161,600,1207,617
12445 (Ccnd3)	1161,600,1207,617
19645 (Rb1)	1241,619,1287,636
13555 (E2f1)	1241,653,1287,670
13557 (E2f3)	1241,653,1287,670
242705 (E2f2)	1241,653,1287,670
20807 (Srf)	1053,1136,1099,1153
13712 (Elk1)	1053,1153,1099,1170
13714 (Elk4)	1053,1153,1099,1170
20375 (Spi1)	1053,1153,1099,1170
23871 (Ets1)	1053,1153,1099,1170
23872 (Ets2)	1053,1153,1099,1170
14281 (Fos)	1228,1127,1274,1144
13653 (Egr1)	1279,1127,1325,1144
13654 (Egr2)	1279,1149,1325,1166
14283 (Fosl1)	1228,1149,1274,1166
21374 (Tbp)	1117,1125,1163,1142
227606 (Tbpl2)	1117,1125,1163,1142
237336 (Tbpl1)	1117,1125,1163,1142
18045 (Nfyb)	1053,1087,1099,1104
100504404 (H2-Ea-ps)	1228,1087,1274,1104
14960 (H2-Aa)	1228,1087,1274,1104
14961 (H2-Ab1)	1228,1087,1274,1104
14969 (H2-Eb1)	1228,1087,1274,1104
14998 (H2-DMa)	1228,1087,1274,1104
14999 (H2-DMb1)	1228,1087,1274,1104
15000 (H2-DMb2)	1228,1087,1274,1104
15001 (H2-Oa)	1228,1087,1274,1104
15002 (H2-Ob)	1228,1087,1274,1104
14534 (Kat2a)	1053,1256,1099,1273
18519 (Kat2b)	1053,1256,1099,1273
12914 (Crebbp)	1053,1236,1099,1253
328572 (Ep300)	1053,1236,1099,1253
21423 (Tcf3)	1053,1296,1099,1313
12580 (Cdkn2c)	1279,1306,1325,1323
16818 (Lck)	1279,1284,1325,1301
18970 (Polb)	1228,1284,1274,1301
12028 (Bax)	1228,1306,1274,1323
382056 (Crtc1)	1117,1176,1163,1193
70461 (Crtc3)	1117,1176,1163,1193
74343 (Crtc2)	1117,1176,1163,1193
17701 (Msx1)	907,1235,953,1252
17702 (Msx2)	907,1235,953,1252
17703 (Msx3)	907,1235,953,1252
22695 (Zfp36)	397,1019,443,1036
12649 (Chek1)	996,710,1042,727
50883 (Chek2)	996,710,1042,727
11920 (Atm)	923,710,969,727
245000 (Atr)	923,710,969,727
21926 (Tnf)	198,829,244,846
15461 (Hras)	352,266,398,283
16653 (Kras)	352,266,398,283
18176 (Nras)	352,266,398,283
26395 (Map2k1)	437,266,483,283
26396 (Map2k2)	437,266,483,283
26413 (Mapk1)	523,266,569,283
26417 (Mapk3)	523,266,569,283
12504 (Cd4)	140,301,186,318
16183 (Il2)	991,412,1037,429
12010 (B2m)	501,489,547,506
100529082 (Gm11127)	267,467,313,484
110557 (H2-Q6)	267,467,313,484
110558 (H2-Q9)	267,467,313,484
110696 (H2-M10.3)	267,467,313,484
14963 (H2-Bl)	267,467,313,484
14964 (H2-D1)	267,467,313,484
14972 (H2-K1)	267,467,313,484
14980 (H2-L)	267,467,313,484
14985 (H2-M10.1)	267,467,313,484
14990 (H2-M2)	267,467,313,484
14991 (H2-M3)	267,467,313,484
14997 (H2-M9)	267,467,313,484
15006 (H2-Q1)	267,467,313,484
15007 (H2-Q10)	267,467,313,484
15013 (H2-Q2)	267,467,313,484
15015 (H2-Q4)	267,467,313,484
15018 (H2-Q7)	267,467,313,484
15019 (H2-Q8)	267,467,313,484
15024 (H2-T10)	267,467,313,484
15033 (H2-T18)	267,467,313,484
15039 (H2-T22)	267,467,313,484
15040 (H2-T23)	267,467,313,484
15042 (H2-T24)	267,467,313,484
15043 (H2-T3)	267,467,313,484
15051 (H2-T9)	267,467,313,484
224753 (H2-M10.4)	267,467,313,484
224754 (H2-M11)	267,467,313,484
224756 (H2-M1)	267,467,313,484
224761 (H2-M10.5)	267,467,313,484
240095 (H2-M5)	267,467,313,484
333715 (H2-M10.2)	267,467,313,484
399549 (H2-M10.6)	267,467,313,484
547349 (H2-K1)	267,467,313,484
630294 (Gm7030)	267,467,313,484
667803 (H2-T-ps)	267,467,313,484
667977 (Gm8909)	267,467,313,484
69717 (Gm10499)	267,467,313,484
105988 (Espl1)	664,658,710,675
12427 (Ccna1)	1161,634,1207,651
12428 (Ccna2)	1161,634,1207,651
12447 (Ccne1)	1161,634,1207,651
12448 (Ccne2)	1161,634,1207,651
12566 (Cdk2)	1161,651,1207,668
22059 (Trp53)	1070,710,1116,727
17393 (Mmp7)	1012,829,1058,846
16151 (Ikbkg)	604,929,650,946
12443 (Ccnd1)	1228,1190,1274,1207
19211 (Pten)	496,764,542,781
13383 (Dlg1)	508,805,554,822
12675 (Chuk)	678,860,724,877
mmu05166: Human T-cell leukemia virus 1 infection	40,45,400,70
mmu04210: Apoptosis	785,603,860,628
mmu03013: RNA transport	837,276,929,301
mmu04110: Cell cycle	455,702,537,727
mmu04010: MAPK signaling pathway	449,218,556,252
mmu04350: TGF-beta signaling pathway	519,1048,623,1082
mmu04115: p53 signaling pathway	956,743,1085,768
mmu04660: T cell receptor signaling pathway	149,891,252,925
mmu04612: Antigen processing and presentation	312,487,434,521
mmu04110: Cell cycle	1188,683,1270,708
mmu04668: TNF signaling pathway	329,794,431,828
mmu04064: NF-kappa B signaling pathway	677,918,788,952
mmu04151: PI3K-Akt signaling pathway	567,775,678,809
