109700 (Itga1)	1041,1786,1087,1803
16398 (Itga2)	1041,1786,1087,1803
16400 (Itga3)	1041,1786,1087,1803
16401 (Itga4)	1041,1786,1087,1803
16402 (Itga5)	1041,1786,1087,1803
16403 (Itga6)	1041,1786,1087,1803
14723 (Gp1ba)	995,1786,1041,1803
14724 (Gp1bb)	995,1786,1041,1803
14729 (Gp5)	995,1786,1041,1803
54368 (Gp9)	995,1786,1041,1803
16399 (Itga2b)	949,1786,995,1803
12475 (Cd14)	857,1786,903,1803
12527 (Cd9)	811,1786,857,1803
16416 (Itgb3)	765,1786,811,1803
100038993 (Gm2002)	581,1786,627,1803
100042555 (Gm13305)	581,1786,627,1803
100861969	581,1786,627,1803
16157 (Il11ra1)	581,1786,627,1803
16158 (Il11ra2)	581,1786,627,1803
12509 (Cd59a)	949,1589,995,1606
333883 (Cd59b)	949,1589,995,1606
13136 (Cd55)	903,1589,949,1606
13137 (Cd55b)	903,1589,949,1606
12946 (Cr1l)	811,1589,857,1606
12505 (Cd44)	857,1589,903,1606
14934 (Gypa)	765,1589,811,1606
12491 (Cd36)	903,1786,949,1803
12491 (Cd36)	719,1589,765,1606
16590 (Kit)	627,1589,673,1606
13857 (Epor)	489,1589,535,1606
16192 (Il5ra)	949,1403,995,1420
12986 (Csf3r)	673,1403,719,1420
16177 (Il1r1)	627,1403,673,1420
16178 (Il1r2)	627,1403,673,1420
16199 (Il9r)	443,1403,489,1420
12475 (Cd14)	903,1172,949,1189
16409 (Itgam)	995,1403,1041,1420
16409 (Itgam)	857,1172,903,1189
16790 (Anpep)	903,1403,949,1420
16790 (Anpep)	811,1172,857,1189
16194 (Il6ra)	719,1786,765,1803
12978 (Csf1r)	765,1172,811,1189
14129 (Fcgr1)	719,1172,765,1189
16194 (Il6ra)	673,1172,719,1189
16194 (Il6ra)	811,1403,857,1420
16190 (Il4ra)	765,1403,811,1420
16190 (Il4ra)	627,1172,673,1189
12489 (Cd33)	857,1403,903,1420
233274 (Siglech)	857,1403,903,1420
12982 (Csf2ra)	627,1786,673,1803
16188 (Il3ra)	673,1786,719,1803
16188 (Il3ra)	673,1589,719,1606
16188 (Il3ra)	719,1403,765,1420
12982 (Csf2ra)	581,1403,627,1420
16188 (Il3ra)	535,1172,581,1189
12982 (Csf2ra)	489,1172,535,1189
12946 (Cr1l)	1007,598,1053,615
14128 (Fcer2a)	961,598,1007,615
12493 (Cd37)	869,598,915,615
12902 (Cr2)	823,598,869,615
12482 (Ms4a1)	777,598,823,615
12484 (Cd24a)	685,598,731,615
12483 (Cd22)	639,598,685,615
12478 (Cd19)	593,598,639,615
12527 (Cd9)	501,598,547,615
17380 (Mme)	363,598,409,615
12500 (Cd3d)	915,375,961,392
12501 (Cd3e)	915,375,961,392
12502 (Cd3g)	915,375,961,392
12525 (Cd8a)	869,375,915,392
12526 (Cd8b1)	869,375,915,392
12504 (Cd4)	823,375,869,392
12479 (Cd1d1)	777,375,823,392
12480 (Cd1d2)	777,375,823,392
12507 (Cd5)	731,375,777,392
12481 (Cd2)	685,375,731,392
12516 (Cd7)	639,375,685,392
12489 (Cd33)	581,1172,627,1189
233274 (Siglech)	581,1172,627,1189
12489 (Cd33)	535,1589,581,1606
233274 (Siglech)	535,1589,581,1606
12489 (Cd33)	489,1786,535,1803
233274 (Siglech)	489,1786,535,1803
12490 (Cd34)	535,1786,581,1803
12490 (Cd34)	581,1589,627,1606
12490 (Cd34)	489,1403,535,1420
12494 (Cd38)	409,598,455,615
12494 (Cd38)	593,375,639,392
22042 (Tfrc)	547,375,593,392
16197 (Il7r)	455,598,501,615
16197 (Il7r)	455,375,501,392
16184 (Il2ra)	731,598,777,615
16184 (Il2ra)	409,375,455,392
16590 (Kit)	317,598,363,615
16590 (Kit)	363,375,409,392
12505 (Cd44)	317,375,363,392
21673 (Dntt)	144,700,190,717
21673 (Dntt)	501,375,547,392
21673 (Dntt)	271,598,317,615
14255 (Flt3)	98,700,144,717
12490 (Cd34)	52,700,98,717
100504404 (H2-Ea-ps)	443,1786,489,1803
14960 (H2-Aa)	443,1786,489,1803
14961 (H2-Ab1)	443,1786,489,1803
14969 (H2-Eb1)	443,1786,489,1803
14998 (H2-DMa)	443,1786,489,1803
14999 (H2-DMb1)	443,1786,489,1803
15000 (H2-DMb2)	443,1786,489,1803
15001 (H2-Oa)	443,1786,489,1803
15002 (H2-Ob)	443,1786,489,1803
100504404 (H2-Ea-ps)	443,1589,489,1606
14960 (H2-Aa)	443,1589,489,1606
14961 (H2-Ab1)	443,1589,489,1606
14969 (H2-Eb1)	443,1589,489,1606
14998 (H2-DMa)	443,1589,489,1606
14999 (H2-DMb1)	443,1589,489,1606
15000 (H2-DMb2)	443,1589,489,1606
15001 (H2-Oa)	443,1589,489,1606
15002 (H2-Ob)	443,1589,489,1606
100504404 (H2-Ea-ps)	535,1403,581,1420
14960 (H2-Aa)	535,1403,581,1420
14961 (H2-Ab1)	535,1403,581,1420
14969 (H2-Eb1)	535,1403,581,1420
14998 (H2-DMa)	535,1403,581,1420
14999 (H2-DMb1)	535,1403,581,1420
15000 (H2-DMb2)	535,1403,581,1420
15001 (H2-Oa)	535,1403,581,1420
15002 (H2-Ob)	535,1403,581,1420
100504404 (H2-Ea-ps)	443,1172,489,1189
14960 (H2-Aa)	443,1172,489,1189
14961 (H2-Ab1)	443,1172,489,1189
14969 (H2-Eb1)	443,1172,489,1189
14998 (H2-DMa)	443,1172,489,1189
14999 (H2-DMb1)	443,1172,489,1189
15000 (H2-DMb2)	443,1172,489,1189
15001 (H2-Oa)	443,1172,489,1189
15002 (H2-Ob)	443,1172,489,1189
100504404 (H2-Ea-ps)	547,598,593,615
14960 (H2-Aa)	547,598,593,615
14961 (H2-Ab1)	547,598,593,615
14969 (H2-Eb1)	547,598,593,615
14998 (H2-DMa)	547,598,593,615
14999 (H2-DMb1)	547,598,593,615
15000 (H2-DMb2)	547,598,593,615
15001 (H2-Oa)	547,598,593,615
15002 (H2-Ob)	547,598,593,615
100504404 (H2-Ea-ps)	190,700,236,717
14960 (H2-Aa)	190,700,236,717
14961 (H2-Ab1)	190,700,236,717
14969 (H2-Eb1)	190,700,236,717
14998 (H2-DMa)	190,700,236,717
14999 (H2-DMb1)	190,700,236,717
15000 (H2-DMb2)	190,700,236,717
15001 (H2-Oa)	190,700,236,717
15002 (H2-Ob)	190,700,236,717
100504404 (H2-Ea-ps)	271,375,317,392
14960 (H2-Aa)	271,375,317,392
14961 (H2-Ab1)	271,375,317,392
14969 (H2-Eb1)	271,375,317,392
14998 (H2-DMa)	271,375,317,392
14999 (H2-DMb1)	271,375,317,392
15000 (H2-DMb2)	271,375,317,392
15001 (H2-Oa)	271,375,317,392
15002 (H2-Ob)	271,375,317,392
21832 (Thpo)	765,1763,811,1780
21832 (Thpo)	719,1566,765,1583
13856 (Epo)	673,1566,719,1583
21926 (Tnf)	627,1149,673,1166
12977 (Csf1)	719,1149,765,1166
12985 (Csf3)	627,1380,673,1397
12985 (Csf3)	128,1380,174,1397
14256 (Flt3l)	443,1763,489,1780
14256 (Flt3l)	443,1566,489,1583
14256 (Flt3l)	443,1380,489,1397
14256 (Flt3l)	36,1380,82,1397
14256 (Flt3l)	443,1149,489,1166
14256 (Flt3l)	443,888,489,905
16156 (Il11)	627,1763,673,1780
16193 (Il6)	581,1763,627,1780
12981 (Csf2)	673,1763,719,1780
12981 (Csf2)	535,1566,581,1583
12981 (Csf2)	581,1380,627,1397
12981 (Csf2)	358,1380,404,1397
12981 (Csf2)	581,1149,627,1166
12981 (Csf2)	581,888,627,905
12981 (Csf2)	535,796,581,813
16189 (Il4)	535,703,581,720
16175 (Il1a)	312,1380,358,1397
16176 (Il1b)	312,1380,358,1397
16156 (Il11)	266,1380,312,1397
16193 (Il6)	220,1380,266,1397
16191 (Il5)	627,888,673,905
16189 (Il4)	627,1566,673,1583
16189 (Il4)	673,1149,719,1166
16187 (Il3)	535,1763,581,1780
16187 (Il3)	174,1380,220,1397
16187 (Il3)	581,1566,627,1583
16187 (Il3)	535,1380,581,1397
16187 (Il3)	535,1149,581,1166
16187 (Il3)	535,888,581,905
16187 (Il3)	489,796,535,813
16187 (Il3)	489,703,535,720
16196 (Il7)	98,677,144,694
16196 (Il7)	271,576,317,593
17311 (Kitl)	271,353,317,370
17311 (Kitl)	489,1763,535,1780
17311 (Kitl)	489,1566,535,1583
17311 (Kitl)	489,1149,535,1166
17311 (Kitl)	489,1380,535,1397
17311 (Kitl)	82,1380,128,1397
17311 (Kitl)	489,888,535,905
17311 (Kitl)	443,796,489,813
17311 (Kitl)	443,703,489,720
17311 (Kitl)	52,677,98,694
16196 (Il7)	317,353,363,370
mmu04640: Hematopoietic cell lineage	49,28,302,53
