C00076 (Calcium cation)	784,768,4
C00305 (Magnesium cation)	725,768,4
C00002 (ATP)	991,762,4
C00027 (Hydrogen peroxide)	1146,373,4
C16844 (Hydroxyl radical)	1146,373,4
C00002 (ATP)	1099,228,4
C00195 (N-Acylsphingosine)	986,476,4
C00319 (Sphingosine)	1099,476,4
C00076 (Calcium cation)	845,421,4
C00076 (Calcium cation)	357,560,4
C14592 (N-Methyl-N'-nitro-N-nitrosoguanidine)	75,536,4
C00550 (Sphingomyelin)	914,450,4
C00219 (Arachidonate)	1043,414,4
C00076 (Calcium cation)	1099,177,4
21926 (Tnf)	45,198,91,215
21937 (Tnfrsf1a)	136,198,182,215
71609 (Tradd)	220,199,266,216
22030 (Traf2)	234,182,280,199
22033 (Traf5)	234,182,280,199
74568 (Mlkl)	702,711,748,728
21898 (Tlr4)	136,401,182,418
15975 (Ifnar1)	136,354,182,371
15976 (Ifnar2)	136,354,182,371
15979 (Ifngr1)	136,354,182,371
15980 (Ifngr2)	136,354,182,371
15962 (Ifna1)	45,354,91,371
15964 (Ifna11)	45,354,91,371
15965 (Ifna2)	45,354,91,371
15967 (Ifna4)	45,354,91,371
15968 (Ifna5)	45,354,91,371
15969 (Ifna6)	45,354,91,371
15970 (Ifna7)	45,354,91,371
15972 (Ifna9)	45,354,91,371
15974 (Ifnab)	45,354,91,371
15977 (Ifnb1)	45,354,91,371
15978 (Ifng)	45,354,91,371
230396 (Ifna13)	45,354,91,371
242517 (Ifna15)	45,354,91,371
242519 (Ifna12)	45,354,91,371
404549 (Ifna14)	45,354,91,371
16451 (Jak1)	234,354,280,371
16452 (Jak2)	234,354,280,371
16453 (Jak3)	234,354,280,371
54721 (Tyk2)	234,354,280,371
21933 (Tnfrsf10b)	136,254,182,271
22035 (Tnfsf10)	45,254,91,271
14102 (Fas)	136,298,182,315
14103 (Fasl)	45,298,91,315
11796 (Birc3)	328,174,374,191
11797 (Birc2)	328,174,374,191
11798 (Xiap)	328,174,374,191
12370 (Casp8)	629,262,675,279
12633 (Cflar)	695,262,741,279
74568 (Mlkl)	822,517,868,534
74256 (Cyld)	563,262,609,279
58800 (Trpm7)	762,711,808,728
142980 (Tlr3)	328,445,374,462
19766 (Ripk1)	234,216,280,233
14082 (Fadd)	629,245,675,262
21929 (Tnfaip3)	664,371,710,388
14082 (Fadd)	234,306,280,323
14084 (Faf1)	234,289,280,306
19766 (Ripk1)	327,298,373,315
19766 (Ripk1)	234,254,280,271
19106 (Eif2ak2)	436,355,482,372
56532 (Ripk3)	695,321,741,338
19766 (Ripk1)	563,321,609,338
106759 (Ticam1)	328,401,374,418
106025 (Sharpin)	328,191,374,208
24105 (Rbck1)	328,191,374,208
268749 (Rnf31)	328,191,374,208
225471 (Ticam2)	234,401,280,418
19766 (Ripk1)	436,321,482,338
16391 (Irf9)	328,332,374,349
20846 (Stat1)	328,354,374,371
20847 (Stat2)	328,354,374,371
20848 (Stat3)	328,354,374,371
20849 (Stat4)	328,354,374,371
20850 (Stat5a)	328,354,374,371
20851 (Stat5b)	328,354,374,371
20852 (Stat6)	328,354,374,371
77125 (Il33)	933,781,979,798
16175 (Il1a)	933,759,979,776
15289 (Hmgb1)	983,781,1029,798
15516 (Hsp90ab1)	614,371,660,388
15519 (Hsp90aa1)	614,371,660,388
58203 (Zbp1)	645,440,691,457
263876 (Spata2)	426,192,472,209
78779 (Spata2l)	426,192,472,209
30941 (Usp21)	516,371,562,388
110078 (Pygb)	822,321,868,338
110095 (Pygl)	822,321,868,338
19309 (Pygm)	822,321,868,338
14645 (Glul)	822,282,868,299
14661 (Glud1)	907,243,953,260
11739 (Slc25a4)	969,160,1015,177
11740 (Slc25a5)	969,160,1015,177
73333 (Slc25a31)	969,160,1015,177
20597 (Smpd1)	849,455,895,472
72542 (Pgam5)	962,517,1008,534
74006 (Dnm1l)	1078,517,1124,534
216799 (Nlrp3)	962,572,1008,589
16176 (Il1b)	1078,606,1124,623
66824 (Pycard)	962,589,1008,606
12362 (Casp1)	962,606,1008,623
26414 (Mapk10)	822,364,868,381
26419 (Mapk8)	822,364,868,381
26420 (Mapk9)	822,364,868,381
100862446	962,364,1008,381
14319 (Fth1)	962,364,1008,381
14325 (Ftl1)	962,364,1008,381
12333 (Capn1)	962,427,1008,444
12334 (Capn2)	962,427,1008,444
15516 (Hsp90ab1)	729,515,775,532
15519 (Hsp90aa1)	729,515,775,532
12122 (Bid)	487,551,533,568
100039319 (H2afb1)	215,600,261,617
100042840 (H2al2b)	215,600,261,617
100042922 (H2al1a)	215,600,261,617
100042927 (H2al1b)	215,600,261,617
100042929 (H2al1c)	215,600,261,617
100042931 (H2al1d)	215,600,261,617
100042939 (H2al1f)	215,600,261,617
100042943 (H2al1g)	215,600,261,617
100042944 (H2al1h)	215,600,261,617
100042946 (H2al1i)	215,600,261,617
15267 (H2ac18)	215,600,261,617
15270 (H2afx)	215,600,261,617
232440 (H2afj)	215,600,261,617
236663 (H2al1j)	215,600,261,617
26914 (Macroh2a1)	215,600,261,617
319162 (H2aw)	215,600,261,617
319163 (H2ac1)	215,600,261,617
319164 (H2ac6)	215,600,261,617
319165 (H2ac7)	215,600,261,617
319166 (H2ac8)	215,600,261,617
319167 (H2ac11)	215,600,261,617
319168 (H2ac12)	215,600,261,617
319169 (H2ac15)	215,600,261,617
319170 (Hist1h2an)	215,600,261,617
319171 (Hist1h2ap)	215,600,261,617
319172 (H2ac4)	215,600,261,617
319173 (H2ac10)	215,600,261,617
319176 (H2ac20)	215,600,261,617
319191 (H2ac13)	215,600,261,617
319192 (H2ac19)	215,600,261,617
333452 (H2al1o)	215,600,261,617
385328 (H2al1n)	215,600,261,617
404634 (Macroh2a2)	215,600,261,617
51788 (H2afz)	215,600,261,617
547154 (H2al1k)	215,600,261,617
547160 (H2al1e)	215,600,261,617
547210 (H2al2c)	215,600,261,617
621893 (H2ac21)	215,600,261,617
624153 (H2afb2)	215,600,261,617
624957 (H2afb3)	215,600,261,617
665433 (Hist1h2ao)	215,600,261,617
68231 (H2al2a)	215,600,261,617
76383 (H2al1m)	215,600,261,617
77605 (H2afv)	215,600,261,617
26926 (Aifm1)	608,617,654,634
12028 (Bax)	573,551,619,568
26926 (Aifm1)	238,617,284,634
12333 (Capn1)	401,551,447,568
12334 (Capn2)	401,551,447,568
11545 (Parp1)	268,569,314,586
11546 (Parp2)	268,569,314,586
235587 (Parp3)	268,569,314,586
328417 (Parp4)	268,569,314,586
12043 (Bcl2)	539,589,585,606
268373 (Ppia)	261,600,307,617
18783 (Pla2g4a)	962,399,1008,416
211429 (Pla2g4b)	962,399,1008,416
232889 (Pla2g4c)	962,399,1008,416
271844 (Pla2g4f)	962,399,1008,416
329502 (Pla2g4e)	962,399,1008,416
78390 (Pla2g4d)	962,399,1008,416
108058 (Camk2d)	822,175,868,192
12322 (Camk2a)	822,175,868,192
12323 (Camk2b)	822,175,868,192
12325 (Camk2g)	822,175,868,192
13058 (Cybb)	822,103,868,120
105513 (Chmp7)	608,671,654,688
116733 (Vps4a)	608,671,654,688
20479 (Vps4b)	608,671,654,688
208092 (Chmp6)	608,671,654,688
234852 (Chmp1a)	608,671,654,688
66371 (Chmp4c)	608,671,654,688
66700 (Chmp3)	608,671,654,688
67028 (2610002M06Rik)	608,671,654,688
67064 (Chmp1b)	608,671,654,688
68942 (Chmp2b)	608,671,654,688
68953 (Chmp2a)	608,671,654,688
75608 (Chmp4b)	608,671,654,688
76959 (Chmp5)	608,671,654,688
18412 (Sqstm1)	565,371,611,388
11687 (Alox15)	1075,394,1121,411
22333 (Vdac1)	998,177,1044,194
22334 (Vdac2)	998,177,1044,194
22335 (Vdac3)	998,177,1044,194
67738 (Ppid)	946,177,992,194
11739 (Slc25a4)	969,215,1015,232
11740 (Slc25a5)	969,215,1015,232
73333 (Slc25a31)	969,215,1015,232
mmu04217: Necroptosis	40,45,149,70
mmu04668: TNF signaling pathway	231,148,360,168
mmu04210: Apoptosis	616,162,687,182
mmu04922: Glucagon signaling pathway	1187,312,1289,342
mmu00250: Alanine	1108,272,1225,302
aspartate and glutamate metabolism	1108,272,1225,302
