C03577 (20-Hydroxyleukotriene E4)	423,122,4
C14811 (Trioxilin B3)	1227,469,4
C14809 (Trioxilin A3)	1177,469,4
C14810 (Hepoxilin B3)	1227,403,4
C14808 (Hepoxilin A3)	1177,403,4
C14807 (12-OxoETE)	1227,230,4
C14777 (12(S)-HETE)	1126,231,4
C14812 (12(R)-HPETE)	1071,284,4
C14822 (12(R)-HETE)	1071,230,4
C14820 (11(R)-HPETE)	1011,284,4
C14780 (11(R)-HETE)	1011,230,4
C14821 (9(S)-HPETE)	954,284,4
C14779 (9(S)-HETE)	954,230,4
C14823 (8(S)-HPETE)	895,284,4
C14776 (8(S)-HETE)	895,230,4
C04822 (8(R)-HPETE)	841,284,4
C14824 (8(R)-HETE)	841,230,4
C14748 (20-HETE)	749,129,4
C14749 (19(S)-HETE)	625,232,4
C14795 (2,3-Dinor-8-iso prostaglandin F1alpha)	954,532,4
C14794 (2,3-Dinor-8-iso prostaglandin F2alpha)	1023,469,4
C13809 (9,11,15-Trihydroxy-prosta-5,13-dien-1-oic acid)	954,469,4
C14772 (5,6-DHET)	877,532,4
C14773 (8,9-DHET)	823,532,4
C14774 (11,12-DHET)	745,532,4
C14775 (14,15-DHET)	666,532,4
C14768 (5,6-EET)	877,470,4
C14769 (8,9-EET)	823,470,4
C14770 (11,12-EET)	745,470,4
C14771 (14,15-EET)	666,470,4
C14778 (16(R)-HETE)	610,439,4
C14732 (5-OxoETE)	601,172,4
C14782 (11,12,15-THETA)	551,590,4
C14814 (11,14,15-THETA)	484,590,4
C14781 (15H-11,12-EETA)	551,534,4
C14813 (11H-14,15-EETA)	484,534,4
C14815 (5,6-Epoxytetraene)	484,439,4
C04577 (15-OxoETE)	366,533,4
C04742 ((15S)-15-Hydroxy-5,8,11-cis-13-trans-eicosatetraenoate)	366,470,4
C06315 (Lipoxin B4)	365,439,4
C06314 (Lipoxin A4)	365,404,4
C04805 (5(S)-HETE)	601,225,4
C00219 (Arachidonate)	750,354,4
C02198 (Thromboxane A2)	300,278,4
C00157 (Phosphatidylcholine)	859,200,4
C02165 (Leukotriene B4)	423,279,4
C00909 (Leukotriene A4)	518,283,4
C05356 (5(S)-HPETE)	601,283,4
C02166 (Leukotriene C4)	518,225,4
C01312 (Prostaglandin I2)	300,470,4
C00584 (Prostaglandin E2)	199,347,4
C00639 (Prostaglandin F2alpha)	199,284,4
C00427 (Prostaglandin H2)	296,347,4
C05957 (Prostaglandin J2)	146,403,4
C14717 (15-Deoxy-Delta12,14-PGJ2)	146,532,4
C05966 (15(S)-HPETE)	551,474,4
C05965 (12(S)-HPETE)	1126,284,4
C05956 (Prostaglandin G2)	423,346,4
C05949 (12-Keto-leukotriene B4)	364,279,4
C04853 (20-OH-Leukotriene B4)	423,225,4
C05950 (20-COOH-Leukotriene B4)	423,172,4
C05951 (Leukotriene D4)	518,172,4
C05952 (Leukotriene E4)	518,122,4
C05963 (Thromboxane B2)	300,225,4
C05964 (11-Dehydro-thromboxane B2)	300,172,4
C05958 (Delta-12-Prostaglandin J2)	146,470,4
C00696 (Prostaglandin D2)	198,403,4
C05959 (11-epi-Prostaglandin F2alpha)	198,470,4
C05960 (15-Keto-prostaglandin F2alpha)	199,225,4
C05953 (Prostaglandin A2)	147,347,4
C05955 (Prostaglandin C2)	92,347,4
C05954 (Prostaglandin B2)	44,347,4
C05961 (6-Keto-prostaglandin F1alpha)	300,532,4
C05962 (6-Keto-prostaglandin E1)	300,590,4
C06462 (Leukotriene F4)	518,68,4
13850 (Ephx2)	854,492,900,509
13850 (Ephx2)	800,492,846,509
13850 (Ephx2)	722,492,768,509
13850 (Ephx2)	644,492,690,509
100066 (Cyp2j11)	854,422,900,439
107141 (Cyp2c50)	854,422,900,439
13088 (Cyp2b10)	854,422,900,439
13089 (Cyp2b13)	854,422,900,439
13090 (Cyp2b19)	854,422,900,439
13094 (Cyp2b9)	854,422,900,439
13095 (Cyp2c29)	854,422,900,439
13096 (Cyp2c37)	854,422,900,439
13097 (Cyp2c38)	854,422,900,439
13098 (Cyp2c39)	854,422,900,439
13099 (Cyp2c40)	854,422,900,439
13109 (Cyp2j5)	854,422,900,439
13110 (Cyp2j6)	854,422,900,439
226105 (Cyp2c70)	854,422,900,439
226143 (Cyp2c23)	854,422,900,439
230459 (Cyp2j13)	854,422,900,439
242546 (Cyp2j12)	854,422,900,439
243881 (Cyp2b23)	854,422,900,439
404195 (Cyp2c54)	854,422,900,439
433247 (Cyp2c68)	854,422,900,439
665095 (Cyp2j8)	854,422,900,439
69888 (Cyp2c66)	854,422,900,439
72082 (Cyp2c55)	854,422,900,439
72303 (Cyp2c65)	854,422,900,439
74519 (Cyp2j9)	854,422,900,439
100066 (Cyp2j11)	800,422,846,439
107141 (Cyp2c50)	800,422,846,439
13088 (Cyp2b10)	800,422,846,439
13089 (Cyp2b13)	800,422,846,439
13090 (Cyp2b19)	800,422,846,439
13094 (Cyp2b9)	800,422,846,439
13095 (Cyp2c29)	800,422,846,439
13096 (Cyp2c37)	800,422,846,439
13097 (Cyp2c38)	800,422,846,439
13098 (Cyp2c39)	800,422,846,439
13099 (Cyp2c40)	800,422,846,439
13109 (Cyp2j5)	800,422,846,439
13110 (Cyp2j6)	800,422,846,439
226105 (Cyp2c70)	800,422,846,439
226143 (Cyp2c23)	800,422,846,439
230459 (Cyp2j13)	800,422,846,439
242546 (Cyp2j12)	800,422,846,439
243881 (Cyp2b23)	800,422,846,439
404195 (Cyp2c54)	800,422,846,439
433247 (Cyp2c68)	800,422,846,439
665095 (Cyp2j8)	800,422,846,439
69888 (Cyp2c66)	800,422,846,439
72082 (Cyp2c55)	800,422,846,439
72303 (Cyp2c65)	800,422,846,439
74519 (Cyp2j9)	800,422,846,439
100066 (Cyp2j11)	697,422,743,439
107141 (Cyp2c50)	697,422,743,439
13088 (Cyp2b10)	697,422,743,439
13089 (Cyp2b13)	697,422,743,439
13090 (Cyp2b19)	697,422,743,439
13094 (Cyp2b9)	697,422,743,439
13095 (Cyp2c29)	697,422,743,439
13096 (Cyp2c37)	697,422,743,439
13097 (Cyp2c38)	697,422,743,439
13098 (Cyp2c39)	697,422,743,439
13099 (Cyp2c40)	697,422,743,439
13109 (Cyp2j5)	697,422,743,439
13110 (Cyp2j6)	697,422,743,439
226105 (Cyp2c70)	697,422,743,439
226143 (Cyp2c23)	697,422,743,439
230459 (Cyp2j13)	697,422,743,439
242546 (Cyp2j12)	697,422,743,439
243881 (Cyp2b23)	697,422,743,439
404195 (Cyp2c54)	697,422,743,439
433247 (Cyp2c68)	697,422,743,439
665095 (Cyp2j8)	697,422,743,439
69888 (Cyp2c66)	697,422,743,439
72082 (Cyp2c55)	697,422,743,439
72303 (Cyp2c65)	697,422,743,439
74519 (Cyp2j9)	697,422,743,439
100066 (Cyp2j11)	644,422,690,439
107141 (Cyp2c50)	644,422,690,439
13088 (Cyp2b10)	644,422,690,439
13089 (Cyp2b13)	644,422,690,439
13090 (Cyp2b19)	644,422,690,439
13094 (Cyp2b9)	644,422,690,439
13095 (Cyp2c29)	644,422,690,439
13096 (Cyp2c37)	644,422,690,439
13097 (Cyp2c38)	644,422,690,439
13098 (Cyp2c39)	644,422,690,439
13099 (Cyp2c40)	644,422,690,439
13109 (Cyp2j5)	644,422,690,439
13110 (Cyp2j6)	644,422,690,439
226105 (Cyp2c70)	644,422,690,439
226143 (Cyp2c23)	644,422,690,439
230459 (Cyp2j13)	644,422,690,439
242546 (Cyp2j12)	644,422,690,439
243881 (Cyp2b23)	644,422,690,439
404195 (Cyp2c54)	644,422,690,439
433247 (Cyp2c68)	644,422,690,439
665095 (Cyp2j8)	644,422,690,439
69888 (Cyp2c66)	644,422,690,439
72082 (Cyp2c55)	644,422,690,439
72303 (Cyp2c65)	644,422,690,439
74519 (Cyp2j9)	644,422,690,439
100066 (Cyp2j11)	530,548,576,565
13109 (Cyp2j5)	530,548,576,565
13110 (Cyp2j6)	530,548,576,565
230459 (Cyp2j13)	530,548,576,565
242546 (Cyp2j12)	530,548,576,565
665095 (Cyp2j8)	530,548,576,565
74519 (Cyp2j9)	530,548,576,565
100066 (Cyp2j11)	462,548,508,565
13109 (Cyp2j5)	462,548,508,565
13110 (Cyp2j6)	462,548,508,565
230459 (Cyp2j13)	462,548,508,565
242546 (Cyp2j12)	462,548,508,565
665095 (Cyp2j8)	462,548,508,565
74519 (Cyp2j9)	462,548,508,565
100066 (Cyp2j11)	528,492,574,509
107141 (Cyp2c50)	528,492,574,509
13095 (Cyp2c29)	528,492,574,509
13096 (Cyp2c37)	528,492,574,509
13097 (Cyp2c38)	528,492,574,509
13098 (Cyp2c39)	528,492,574,509
13099 (Cyp2c40)	528,492,574,509
13109 (Cyp2j5)	528,492,574,509
13110 (Cyp2j6)	528,492,574,509
226105 (Cyp2c70)	528,492,574,509
226143 (Cyp2c23)	528,492,574,509
230459 (Cyp2j13)	528,492,574,509
242546 (Cyp2j12)	528,492,574,509
404195 (Cyp2c54)	528,492,574,509
433247 (Cyp2c68)	528,492,574,509
665095 (Cyp2j8)	528,492,574,509
69888 (Cyp2c66)	528,492,574,509
72082 (Cyp2c55)	528,492,574,509
72303 (Cyp2c65)	528,492,574,509
74519 (Cyp2j9)	528,492,574,509
100066 (Cyp2j11)	461,492,507,509
107141 (Cyp2c50)	461,492,507,509
13095 (Cyp2c29)	461,492,507,509
13096 (Cyp2c37)	461,492,507,509
13097 (Cyp2c38)	461,492,507,509
13098 (Cyp2c39)	461,492,507,509
13099 (Cyp2c40)	461,492,507,509
13109 (Cyp2j5)	461,492,507,509
13110 (Cyp2j6)	461,492,507,509
226105 (Cyp2c70)	461,492,507,509
226143 (Cyp2c23)	461,492,507,509
230459 (Cyp2j13)	461,492,507,509
242546 (Cyp2j12)	461,492,507,509
404195 (Cyp2c54)	461,492,507,509
433247 (Cyp2c68)	461,492,507,509
665095 (Cyp2j8)	461,492,507,509
69888 (Cyp2c66)	461,492,507,509
72082 (Cyp2c55)	461,492,507,509
72303 (Cyp2c65)	461,492,507,509
74519 (Cyp2j9)	461,492,507,509
107141 (Cyp2c50)	587,382,633,399
13095 (Cyp2c29)	587,382,633,399
13096 (Cyp2c37)	587,382,633,399
13097 (Cyp2c38)	587,382,633,399
13098 (Cyp2c39)	587,382,633,399
13099 (Cyp2c40)	587,382,633,399
226105 (Cyp2c70)	587,382,633,399
226143 (Cyp2c23)	587,382,633,399
404195 (Cyp2c54)	587,382,633,399
433247 (Cyp2c68)	587,382,633,399
69888 (Cyp2c66)	587,382,633,399
72082 (Cyp2c55)	587,382,633,399
72303 (Cyp2c65)	587,382,633,399
11688 (Alox8)	873,309,919,326
11686 (Alox12b)	1048,309,1094,326
71519 (Cyp2u1)	728,173,774,190
14775 (Gpx1)	451,462,497,479
14776 (Gpx2)	451,462,497,479
14778 (Gpx3)	451,462,497,479
14780 (Gpx5)	451,462,497,479
67305 (Gpx7)	451,462,497,479
69590 (Gpx8)	451,462,497,479
75512 (Gpx6)	451,462,497,479
71519 (Cyp2u1)	643,245,689,262
170716 (Cyp4f13)	751,154,797,171
64385 (Cyp4f14)	751,154,797,171
72054 (Cyp4f18)	751,154,797,171
100040843 (Cyp4a32)	701,154,747,171
13117 (Cyp4a10)	701,154,747,171
13118 (Cyp4a12b)	701,154,747,171
13119 (Cyp4a14)	701,154,747,171
230639 (Cyp4a29)	701,154,747,171
277753 (Cyp4a12a)	701,154,747,171
435802 (Cyp4a30b)	701,154,747,171
666168 (Cyp4a31)	701,154,747,171
14775 (Gpx1)	578,248,624,265
14776 (Gpx2)	578,248,624,265
14778 (Gpx3)	578,248,624,265
14780 (Gpx5)	578,248,624,265
67305 (Gpx7)	578,248,624,265
69590 (Gpx8)	578,248,624,265
75512 (Gpx6)	578,248,624,265
11684 (Alox12)	1103,309,1149,326
11685 (Alox12e)	1103,309,1149,326
11687 (Alox15)	533,382,579,399
11688 (Alox8)	533,382,579,399
19224 (Ptgs1)	352,338,398,355
19225 (Ptgs2)	352,338,398,355
18778 (Pla2g1b)	785,192,831,209
18780 (Pla2g2a)	785,192,831,209
18781 (Pla2g2c)	785,192,831,209
18782 (Pla2g2d)	785,192,831,209
18783 (Pla2g4a)	785,192,831,209
18784 (Pla2g5)	785,192,831,209
211429 (Pla2g4b)	785,192,831,209
225845 (Plaat3)	785,192,831,209
232889 (Pla2g4c)	785,192,831,209
237625 (Pla2g3)	785,192,831,209
26565 (Pla2g10)	785,192,831,209
26970 (Pla2g2e)	785,192,831,209
26971 (Pla2g2f)	785,192,831,209
271844 (Pla2g4f)	785,192,831,209
329502 (Pla2g4e)	785,192,831,209
53357 (Pla2g6)	785,192,831,209
66350 (Pla2g12a)	785,192,831,209
665270 (Plb1)	785,192,831,209
69836 (Pla2g12b)	785,192,831,209
78390 (Pla2g4d)	785,192,831,209
11689 (Alox5)	544,275,590,292
11689 (Alox5)	670,275,716,292
16993 (Lta4h)	451,270,497,287
170716 (Cyp4f13)	400,248,446,265
64385 (Cyp4f14)	400,248,446,265
72054 (Cyp4f18)	400,248,446,265
17001 (Ltc4s)	495,248,541,265
14598 (Ggt1)	495,195,541,212
23887 (Ggt5)	495,195,541,212
19224 (Ptgs1)	499,337,545,354
19225 (Ptgs2)	499,337,545,354
19223 (Ptgis)	277,422,323,439
56351 (Ptges3)	229,338,275,355
64292 (Ptges)	229,338,275,355
96979 (Ptges2)	229,338,275,355
21391 (Tbxas1)	296,309,342,326
19215 (Ptgds)	228,394,274,411
54486 (Hpgds)	228,394,274,411
109857 (Cbr3)	151,309,197,326
12408 (Cbr1)	151,309,197,326
12409 (Cbr2)	151,309,197,326
12408 (Cbr1)	201,309,247,326
100066 (Cyp2j11)	691,224,737,241
13109 (Cyp2j5)	691,224,737,241
13110 (Cyp2j6)	691,224,737,241
230459 (Cyp2j13)	691,224,737,241
242546 (Cyp2j12)	691,224,737,241
665095 (Cyp2j8)	691,224,737,241
74519 (Cyp2j9)	691,224,737,241
66469 (Prxl2b)	229,265,275,282
100040843 (Cyp4a32)	691,245,737,262
13117 (Cyp4a10)	691,245,737,262
13118 (Cyp4a12b)	691,245,737,262
13119 (Cyp4a14)	691,245,737,262
230639 (Cyp4a29)	691,245,737,262
277753 (Cyp4a12a)	691,245,737,262
435802 (Cyp4a30b)	691,245,737,262
666168 (Cyp4a31)	691,245,737,262
100040843 (Cyp4a32)	747,422,793,439
13117 (Cyp4a10)	747,422,793,439
13118 (Cyp4a12b)	747,422,793,439
13119 (Cyp4a14)	747,422,793,439
230639 (Cyp4a29)	747,422,793,439
277753 (Cyp4a12a)	747,422,793,439
435802 (Cyp4a30b)	747,422,793,439
666168 (Cyp4a31)	747,422,793,439
13106 (Cyp2e1)	643,224,689,241
map07034: Eicosanoids	590,305,663,330
mmu00591: Linoleic acid metabolism	812,370,947,395
mmu00590: Arachidonic acid metabolism	40,45,297,70
