C00704 (O2.-)	264,577,4
C00027 (Hydrogen peroxide)	264,577,4
C00533 (Nitric oxide)	264,577,4
15893 (Ica1)	143,277,189,294
12487 (Cd28)	545,228,591,245
16159 (Il12a)	491,269,537,286
16160 (Il12b)	491,269,537,286
12876 (Cpe)	143,237,189,254
12519 (Cd80)	437,228,483,245
12524 (Cd86)	437,228,483,245
19275 (Ptprn)	143,217,189,234
19276 (Ptprn2)	143,217,189,234
14415 (Gad1)	143,196,189,213
14417 (Gad2)	143,196,189,213
15510 (Hspd1)	143,257,189,274
16183 (Il2)	519,348,565,365
16333 (Ins1)	143,176,189,193
16334 (Ins2)	143,176,189,193
14103 (Fasl)	294,416,340,433
14939 (Gzmb)	240,468,286,485
100504404 (H2-Ea-ps)	437,205,483,222
14960 (H2-Aa)	437,205,483,222
14961 (H2-Ab1)	437,205,483,222
14969 (H2-Eb1)	437,205,483,222
14998 (H2-DMa)	437,205,483,222
14999 (H2-DMb1)	437,205,483,222
15000 (H2-DMb2)	437,205,483,222
15001 (H2-Oa)	437,205,483,222
15002 (H2-Ob)	437,205,483,222
100529082 (Gm11127)	186,393,232,410
110557 (H2-Q6)	186,393,232,410
110558 (H2-Q9)	186,393,232,410
110696 (H2-M10.3)	186,393,232,410
14963 (H2-Bl)	186,393,232,410
14964 (H2-D1)	186,393,232,410
14972 (H2-K1)	186,393,232,410
14980 (H2-L)	186,393,232,410
14985 (H2-M10.1)	186,393,232,410
14990 (H2-M2)	186,393,232,410
14991 (H2-M3)	186,393,232,410
14997 (H2-M9)	186,393,232,410
15006 (H2-Q1)	186,393,232,410
15007 (H2-Q10)	186,393,232,410
15013 (H2-Q2)	186,393,232,410
15015 (H2-Q4)	186,393,232,410
15018 (H2-Q7)	186,393,232,410
15019 (H2-Q8)	186,393,232,410
15024 (H2-T10)	186,393,232,410
15033 (H2-T18)	186,393,232,410
15039 (H2-T22)	186,393,232,410
15040 (H2-T23)	186,393,232,410
15042 (H2-T24)	186,393,232,410
15043 (H2-T3)	186,393,232,410
15051 (H2-T9)	186,393,232,410
224753 (H2-M10.4)	186,393,232,410
224754 (H2-M11)	186,393,232,410
224756 (H2-M1)	186,393,232,410
224761 (H2-M10.5)	186,393,232,410
240095 (H2-M5)	186,393,232,410
333715 (H2-M10.2)	186,393,232,410
399549 (H2-M10.6)	186,393,232,410
547349	186,393,232,410
630294 (Gm7030)	186,393,232,410
667803 (H2-T-ps)	186,393,232,410
667977 (Gm8909)	186,393,232,410
69717 (Gm10499)	186,393,232,410
14102 (Fas)	186,416,232,433
15978 (Ifng)	240,490,286,507
15978 (Ifng)	576,348,622,365
18646 (Prf1)	240,449,286,466
16175 (Il1a)	240,550,286,567
16176 (Il1b)	240,550,286,567
21926 (Tnf)	240,531,286,548
16992 (Lta)	240,509,286,526
mmu04210: Apoptosis	103,493,174,518
mmu04660: T cell receptor signaling pathway	595,208,694,242
mmu04940: Type I diabetes mellitus	40,45,258,70
