C00031 (D-Glucose)	90,269,4
C05981 (Phosphatidylinositol-3,4,5-trisphosphate)	395,391,4
C00008 (ADP)	406,144,4
C00020 (AMP)	433,144,4
C00025 (L-Glutamate)	90,488,4
12675 (Chuk)	514,338,560,355
16150 (Ikbkb)	514,338,560,355
26414 (Mapk10)	463,249,509,266
26419 (Mapk8)	463,249,509,266
26420 (Mapk9)	463,249,509,266
26413 (Mapk1)	582,622,628,639
26417 (Mapk3)	582,622,628,639
105787 (Prkaa1)	463,216,509,233
108079 (Prkaa2)	463,216,509,233
108097 (Prkab2)	463,216,509,233
108099 (Prkag2)	463,216,509,233
19079 (Prkab1)	463,216,509,233
19082 (Prkag1)	463,216,509,233
241113 (Prkag3)	463,216,509,233
16333 (Ins1)	70,383,116,400
16334 (Ins2)	70,383,116,400
329934 (Foxo6)	670,371,716,388
54601 (Foxo4)	670,371,716,388
56458 (Foxo1)	670,371,716,388
56484 (Foxo3)	670,371,716,388
20662 (Sos1)	294,622,340,639
20663 (Sos2)	294,622,340,639
15461 (Hras)	366,622,412,639
16653 (Kras)	366,622,412,639
18176 (Nras)	366,622,412,639
26395 (Map2k1)	510,622,556,639
26396 (Map2k2)	510,622,556,639
16337 (Insr)	141,383,187,400
109880 (Braf)	438,622,484,639
110157 (Raf1)	438,622,484,639
11836 (Araf)	438,622,484,639
18534 (Pck1)	1047,508,1093,525
74551 (Pck2)	1047,508,1093,525
14377 (G6pc)	1119,508,1165,525
14378 (G6pc2)	1119,508,1165,525
68401 (G6pc3)	1119,508,1165,525
11651 (Akt1)	514,383,560,400
11652 (Akt2)	514,383,560,400
23797 (Akt3)	514,383,560,400
18706 (Pik3ca)	307,383,353,400
18707 (Pik3cd)	307,383,353,400
18708 (Pik3r1)	307,383,353,400
18709 (Pik3r2)	307,383,353,400
18710 (Pik3r3)	307,383,353,400
74769 (Pik3cb)	307,383,353,400
18607 (Pdpk1)	433,383,479,400
16367 (Irs1)	227,383,273,400
16369 (Irs3)	227,383,273,400
16370 (Irs4)	227,383,273,400
384783 (Irs2)	227,383,273,400
13649 (Egfr)	141,622,187,639
14784 (Grb2)	221,622,267,639
58231 (Stk4)	463,273,509,290
13645 (Egf)	70,622,116,639
19211 (Pten)	433,338,479,355
27401 (Skp2)	638,259,684,276
17246 (Mdm2)	638,282,684,299
12914 (Crebbp)	779,348,825,365
328572 (Ep300)	779,348,825,365
93759 (Sirt1)	845,348,891,365
16000 (Igf1)	70,345,116,362
16001 (Igf1r)	141,345,187,362
329934 (Foxo6)	814,399,860,416
54601 (Foxo4)	814,399,860,416
56458 (Foxo1)	814,399,860,416
56484 (Foxo3)	814,399,860,416
12566 (Cdk2)	670,536,716,553
12442 (Ccnb2)	1047,69,1093,86
209091 (Ccnb3)	1047,69,1093,86
268697 (Ccnb1)	1047,69,1093,86
12443 (Ccnd1)	1118,69,1164,86
12444 (Ccnd2)	1118,69,1164,86
12579 (Cdkn2b)	1047,121,1093,138
12581 (Cdkn2d)	1118,121,1164,138
12575 (Cdkn1a)	1047,146,1093,163
12576 (Cdkn1b)	1118,146,1164,163
19651 (Rbl2)	1047,182,1093,199
12795 (Plk3)	1047,208,1093,225
18817 (Plk1)	1047,208,1093,225
20620 (Plk2)	1047,208,1093,225
20873 (Plk4)	1047,208,1093,225
13197 (Gadd45a)	1118,208,1164,225
17873 (Gadd45b)	1118,208,1164,225
23882 (Gadd45g)	1118,208,1164,225
14103 (Fasl)	1047,261,1093,278
12125 (Bcl2l11)	1118,261,1164,278
22035 (Tnfsf10)	1047,285,1093,302
12053 (Bcl6)	1118,285,1164,302
12359 (Cat)	1047,412,1093,429
20656 (Sod2)	1118,412,1164,429
13197 (Gadd45a)	1047,439,1093,456
17873 (Gadd45b)	1047,439,1093,456
23882 (Gadd45g)	1047,439,1093,456
11920 (Atm)	1118,439,1164,456
12053 (Bcl6)	1047,568,1093,585
16197 (Il7r)	1119,568,1165,585
16598 (Klf2)	1047,594,1093,611
13609 (S1pr1)	1119,594,1165,611
13611 (S1pr4)	1119,594,1165,611
19373 (Rag1)	1047,621,1093,638
19374 (Rag2)	1047,621,1093,638
14816 (Grm1)	141,481,187,498
26556 (Homer1)	202,435,248,452
26557 (Homer2)	202,435,248,452
26558 (Homer3)	202,435,248,452
216439 (Agap2)	202,456,248,473
27373 (Csnk1e)	514,481,560,498
12176 (Bnip3)	1047,318,1093,335
56486 (Gabarap)	1047,342,1093,359
57436 (Gabarapl1)	1047,342,1093,359
93739 (Gabarapl2)	1047,342,1093,359
67526 (Atg12)	1118,318,1164,335
170755 (Sgk3)	514,418,560,435
20393 (Sgk1)	514,418,560,435
27219 (Sgk2)	514,418,560,435
21812 (Tgfbr1)	141,113,187,130
21813 (Tgfbr2)	141,113,187,130
17127 (Smad3)	641,112,687,129
17128 (Smad4)	556,69,602,86
17127 (Smad3)	803,120,849,137
17128 (Smad4)	803,103,849,120
15228 (Foxg1)	835,688,881,705
20848 (Stat3)	514,544,560,561
16193 (Il6)	70,536,116,553
16153 (Il10)	70,558,116,575
18099 (Nlk)	577,258,623,275
19094 (Mapk11)	628,572,674,589
26415 (Mapk13)	628,572,674,589
26416 (Mapk14)	628,572,674,589
29857 (Mapk12)	628,572,674,589
73251 (Setd7)	709,306,755,323
15469 (Prmt1)	712,472,758,489
252870 (Usp7)	796,467,842,484
66822 (Fbxo25)	1047,663,1093,680
67731 (Fbxo32)	1047,663,1093,680
20528 (Slc2a4)	141,262,187,279
20869 (Stk11)	434,173,480,190
12452 (Ccng2)	1047,95,1093,112
329934 (Foxo6)	814,306,860,323
54601 (Foxo4)	814,306,860,323
56458 (Foxo1)	814,306,860,323
56484 (Foxo3)	814,306,860,323
21803 (Tgfb1)	70,113,116,130
21808 (Tgfb2)	70,113,116,130
21809 (Tgfb3)	70,113,116,130
mmu00010: Glycolysis / Gluconeogenesis	1224,528,1319,562
mmu04210: Apoptosis	1220,294,1312,319
mmu04010: MAPK signaling pathway	375,646,487,680
mmu04151: PI3K-Akt signaling pathway	376,422,488,456
mmu04120: Ubiquitin mediated proteolysis	613,180,725,214
mmu04110: Cell cycle	1218,171,1310,196
mmu04140: Autophagy - animal	1222,354,1317,388
mmu04350: TGF-beta signaling pathway	372,78,484,112
mmu04910: Insulin signaling pathway	234,338,346,372
mmu04630: JAK-STAT signaling pathway	376,557,488,591
mmu00010: Glycolysis / Gluconeogenesis	234,197,346,231
mmu00020: Citrate cycle (TCA cycle)	234,235,346,269
mmu00190: Oxidative phosphorylation	234,273,346,307
