C01245 (D-myo-Inositol 1,4,5-trisphosphate)	417,298,4
C00165 (Diacylglycerol)	416,352,4
C00076 (Calcium cation)	516,130,4
C00219 (Arachidonate)	384,264,4
C14748 (20-HETE)	384,204,4
C00238 (Potassium cation)	140,180,4
C00533 (Nitric oxide)	116,713,4
C00575 (3',5'-Cyclic AMP)	397,483,4
C00942 (3',5'-Cyclic GMP)	347,661,4
C00076 (Calcium cation)	511,580,4
C00238 (Potassium cation)	144,602,4
C00076 (Calcium cation)	264,546,4
C00212 (Adenosine)	116,445,4
C01312 (Prostaglandin I2)	116,476,4
C00547 (L-Noradrenaline)	116,260,4
C14771 (14,15-EET)	116,568,4
C14770 (11,12-EET)	116,568,4
C14769 (8,9-EET)	116,568,4
C14768 (5,6-EET)	116,568,4
107589 (Mylk)	685,123,731,140
213435 (Mylk3)	685,123,731,140
228785 (Mylk2)	685,123,731,140
238564 (Mylk4)	685,123,731,140
17904 (Myl6)	778,229,824,246
216459 (Myl6b)	778,229,824,246
98932 (Myl9)	778,229,824,246
17931 (Ppp1r12a)	685,350,731,367
19045 (Ppp1ca)	685,350,731,367
19046 (Ppp1cb)	685,350,731,367
19047 (Ppp1cc)	685,350,731,367
232807 (Ppp1r12c)	685,350,731,367
329251 (Ppp1r12b)	685,350,731,367
434233 (Ppp1ccb)	685,350,731,367
19877 (Rock1)	518,412,564,429
19878 (Rock2)	518,412,564,429
18750 (Prkca)	451,345,497,362
18751 (Prkcb)	451,345,497,362
18752 (Prkcg)	451,345,497,362
18753 (Prkcd)	451,345,497,362
18754 (Prkce)	451,345,497,362
18755 (Prkch)	451,345,497,362
18761 (Prkcq)	451,345,497,362
11848 (Rhoa)	427,412,473,429
67653 (4930544G11Rik)	427,412,473,429
16801 (Arhgef1)	339,412,385,429
213498 (Arhgef11)	339,412,385,429
69632 (Arhgef12)	339,412,385,429
11468 (Actg2)	777,299,823,316
11475 (Acta2)	777,299,823,316
11548 (Adra1b)	168,273,214,290
11549 (Adra1a)	168,273,214,290
11550 (Adra1d)	168,273,214,290
14672 (Gna11)	251,311,297,328
14682 (Gnaq)	251,311,297,328
14673 (Gna12)	261,390,307,407
14674 (Gna13)	261,390,307,407
18795 (Plcb1)	336,310,382,327
18796 (Plcb2)	336,310,382,327
18797 (Plcb3)	336,310,382,327
18798 (Plcb4)	336,310,382,327
16438 (Itpr1)	541,219,587,236
16439 (Itpr2)	541,219,587,236
16440 (Itpr3)	541,219,587,236
12313 (Calm1)	581,123,627,140
12314 (Calm2)	581,123,627,140
12315 (Calm3)	581,123,627,140
494124 (Calm5)	581,123,627,140
70405 (Calml3)	581,123,627,140
75600 (Calml4)	581,123,627,140
80796 (Calm4)	581,123,627,140
12288 (Cacna1c)	169,115,215,132
12289 (Cacna1d)	169,115,215,132
12292 (Cacna1s)	169,115,215,132
54652 (Cacna1f)	169,115,215,132
68458 (Ppp1r14a)	562,345,608,362
17931 (Ppp1r12a)	685,651,731,668
19045 (Ppp1ca)	685,651,731,668
19046 (Ppp1cb)	685,651,731,668
19047 (Ppp1cc)	685,651,731,668
232807 (Ppp1r12c)	685,651,731,668
329251 (Ppp1r12b)	685,651,731,668
434233 (Ppp1ccb)	685,651,731,668
17904 (Myl6)	775,571,821,588
216459 (Myl6b)	775,571,821,588
98932 (Myl9)	775,571,821,588
11468 (Actg2)	774,636,820,653
11475 (Acta2)	774,636,820,653
100502876 (Kcnmb3)	169,171,215,188
16531 (Kcnma1)	169,171,215,188
16532 (Kcnu1)	169,171,215,188
16533 (Kcnmb1)	169,171,215,188
58802 (Kcnmb4)	169,171,215,188
72413 (Kcnmb2)	169,171,215,188
100040843 (Cyp4a32)	388,233,434,250
13117 (Cyp4a10)	388,233,434,250
13118 (Cyp4a12b)	388,233,434,250
13119 (Cyp4a14)	388,233,434,250
230639 (Cyp4a29)	388,233,434,250
277753 (Cyp4a12a)	388,233,434,250
435802 (Cyp4a30b)	388,233,434,250
666168 (Cyp4a31)	388,233,434,250
18778 (Pla2g1b)	296,257,342,274
18780 (Pla2g2a)	296,257,342,274
18781 (Pla2g2c)	296,257,342,274
18782 (Pla2g2d)	296,257,342,274
18783 (Pla2g4a)	296,257,342,274
18784 (Pla2g5)	296,257,342,274
211429 (Pla2g4b)	296,257,342,274
232889 (Pla2g4c)	296,257,342,274
237625 (Pla2g3)	296,257,342,274
26565 (Pla2g10)	296,257,342,274
26970 (Pla2g2e)	296,257,342,274
26971 (Pla2g2f)	296,257,342,274
271844 (Pla2g4f)	296,257,342,274
329502 (Pla2g4e)	296,257,342,274
53357 (Pla2g6)	296,257,342,274
66350 (Pla2g12a)	296,257,342,274
69836 (Pla2g12b)	296,257,342,274
78390 (Pla2g4d)	296,257,342,274
109624 (Cald1)	679,299,725,316
109880 (Braf)	461,299,507,316
110157 (Raf1)	461,299,507,316
11836 (Araf)	461,299,507,316
26395 (Map2k1)	534,299,580,316
26396 (Map2k2)	534,299,580,316
26413 (Mapk1)	607,299,653,316
26417 (Mapk3)	607,299,653,316
11540 (Adora2a)	168,450,214,467
11541 (Adora2b)	168,450,214,467
18160 (Npr1)	168,640,214,657
104110 (Adcy4)	319,475,365,492
104111 (Adcy3)	319,475,365,492
11512 (Adcy6)	319,475,365,492
11513 (Adcy7)	319,475,365,492
11514 (Adcy8)	319,475,365,492
11515 (Adcy9)	319,475,365,492
210044 (Adcy2)	319,475,365,492
224129 (Adcy5)	319,475,365,492
432530 (Adcy1)	319,475,365,492
18747 (Prkaca)	423,475,469,492
18749 (Prkacb)	423,475,469,492
19091 (Prkg1)	418,651,464,668
234889 (Gucy1a2)	255,705,301,722
239134 (Gucy1b2)	255,705,301,722
54195 (Gucy1b1)	255,705,301,722
60596 (Gucy1a1)	255,705,301,722
107589 (Mylk)	685,477,731,494
213435 (Mylk3)	685,477,731,494
228785 (Mylk2)	685,477,731,494
238564 (Mylk4)	685,477,731,494
16438 (Itpr1)	541,573,587,590
16439 (Itpr2)	541,573,587,590
16440 (Itpr3)	541,573,587,590
100502876 (Kcnmb3)	169,595,215,612
16531 (Kcnma1)	169,595,215,612
16532 (Kcnu1)	169,595,215,612
16533 (Kcnmb1)	169,595,215,612
58802 (Kcnmb4)	169,595,215,612
72413 (Kcnmb2)	169,595,215,612
12288 (Cacna1c)	169,538,215,555
12289 (Cacna1d)	169,538,215,555
12292 (Cacna1s)	169,538,215,555
54652 (Cacna1f)	169,538,215,555
14683 (Gnas)	243,475,289,492
230103 (Npr2)	168,663,214,680
11607 (Agtr1a)	168,296,214,313
11608 (Agtr1b)	168,296,214,313
13617 (Ednra)	169,321,215,338
26361 (Avpr1b)	169,345,215,362
54140 (Avpr1a)	169,345,215,362
19222 (Ptgir)	168,475,214,492
51801 (Ramp1)	168,500,214,517
54409 (Ramp2)	168,500,214,517
54598 (Calcrl)	168,500,214,517
56089 (Ramp3)	168,500,214,517
17880 (Myh11)	778,246,824,263
17880 (Myh11)	775,588,821,605
17540 (Mrvi1)	483,613,529,630
11606 (Agt)	70,288,116,305
11998 (Avp)	70,359,116,376
230899 (Nppa)	70,616,116,633
18158 (Nppb)	70,643,116,660
18159 (Nppc)	70,672,116,689
13614 (Edn1)	70,325,116,342
13615 (Edn2)	70,325,116,342
13616 (Edn3)	70,325,116,342
116903 (Calcb)	70,492,116,509
12310 (Calca)	70,492,116,509
11535 (Adm)	70,519,116,536
mmu04020: Calcium signaling pathway	491,158,602,192
mmu04270: Vascular smooth muscle contraction	40,45,386,70
mmu00590: Arachidonic acid metabolism	231,215,342,249
