14030 (Ewsr1)	1257,273,1303,290
14247 (Fli1)	1312,273,1358,290
14030 (Ewsr1)	1257,313,1303,330
13876 (Erg)	1312,313,1358,330
14030 (Ewsr1)	1257,360,1303,377
14009 (Etv1)	1312,360,1358,377
14030 (Ewsr1)	1257,401,1303,418
18612 (Etv4)	1312,401,1358,418
14030 (Ewsr1)	1257,445,1303,462
260298 (Fev)	1312,445,1358,462
14030 (Ewsr1)	1257,512,1303,529
11908 (Atf1)	1312,512,1358,529
14030 (Ewsr1)	1257,585,1303,602
22431 (Wt1)	1312,585,1358,602
14030 (Ewsr1)	1257,670,1303,687
18124 (Nr4a3)	1312,670,1358,687
233908 (Fus)	1257,756,1303,773
13198 (Ddit3)	1312,756,1358,773
14030 (Ewsr1)	1257,802,1303,819
13198 (Ddit3)	1312,802,1358,819
18505 (Pax3)	1257,862,1303,879
56458 (Foxo1)	1312,862,1358,879
18509 (Pax7)	1257,909,1303,926
56458 (Foxo1)	1312,909,1358,926
268996 (Ss18)	1257,961,1303,978
68938 (Aspscr1)	1257,1016,1303,1033
209446 (Tfe3)	1312,1016,1358,1033
17869 (Myc)	1480,288,1526,305
15902 (Id2)	1480,311,1526,328
11864 (Arnt2)	1480,488,1526,505
11920 (Atm)	1480,512,1526,529
18590 (Pdgfa)	1480,571,1526,588
16185 (Il2rb)	1533,571,1579,588
545192 (Baiap3)	1480,594,1526,611
21912 (Tspan7)	1480,617,1526,634
17349 (Mlf1)	1480,640,1526,657
19016 (Pparg)	1480,670,1526,687
17295 (Met)	1483,1016,1529,1033
14254 (Flt1)	1480,862,1526,879
56312 (Nupr1)	1483,961,1529,978
12575 (Cdkn1a)	1480,358,1526,375
16009 (Igfbp3)	1480,404,1526,421
21813 (Tgfbr2)	1480,381,1526,398
16000 (Igf1)	1480,265,1526,282
12608 (Cebpb)	1386,756,1432,773
16193 (Il6)	1496,757,1542,774
80859 (Nfkbiz)	1387,786,1433,803
16000 (Igf1)	1480,440,1526,457
18510 (Pax8)	708,730,754,747
19016 (Pparg)	763,730,809,747
94315 (Prcc)	708,808,754,825
209446 (Tfe3)	763,808,809,825
50528 (Tmprss2)	708,870,754,887
13876 (Erg)	763,870,809,887
50528 (Tmprss2)	708,911,754,928
14009 (Etv1)	763,911,809,928
50528 (Tmprss2)	708,957,754,974
18612 (Etv4)	763,957,809,974
50528 (Tmprss2)	708,1003,754,1020
104156 (Etv5)	763,1003,809,1020
212980 (Slc45a3)	708,1046,754,1063
13714 (Elk4)	763,1046,809,1063
13207 (Ddx5)	708,1083,754,1100
18612 (Etv4)	763,1083,809,1100
18792 (Plau)	905,858,951,875
17392 (Mmp3)	905,880,951,897
17395 (Mmp9)	905,880,951,897
21417 (Zeb1)	956,880,1002,897
16178 (Il1r2)	905,902,951,919
20732 (Spint1)	905,933,951,950
18792 (Plau)	905,995,951,1012
17395 (Mmp9)	905,1017,951,1034
20181 (Rxra)	831,708,877,725
20182 (Rxrb)	831,708,877,725
20183 (Rxrg)	831,708,877,725
19016 (Pparg)	831,748,877,765
12575 (Cdkn1a)	905,808,951,825
12394 (Runx1)	148,338,194,355
12395 (Runx1t1)	203,338,249,355
18854 (Pml)	148,435,194,452
19401 (Rara)	203,435,249,452
235320 (Zbtb16)	148,526,194,543
19401 (Rara)	203,526,249,543
17869 (Myc)	380,526,426,543
12427 (Ccna1)	380,438,426,455
12428 (Ccna2)	380,438,426,455
16480 (Jup)	380,406,426,423
110794 (Cebpe)	380,470,426,487
12044 (Bcl2a1a)	380,491,426,508
12045 (Bcl2a1b)	380,491,426,508
12046 (Bcl2a1c)	380,491,426,508
12047 (Bcl2a1d)	380,491,426,508
12606 (Cebpa)	293,263,339,280
18627 (Per2)	401,263,447,280
20375 (Spi1)	293,352,339,369
12475 (Cd14)	402,331,448,348
16409 (Itgam)	402,353,448,370
14129 (Fcgr1)	402,375,448,392
19696 (Rel)	708,378,754,395
12044 (Bcl2a1a)	890,367,936,384
12045 (Bcl2a1b)	890,367,936,384
12046 (Bcl2a1c)	890,367,936,384
12047 (Bcl2a1d)	890,367,936,384
11796 (Birc3)	943,367,989,384
22029 (Traf1)	890,389,936,406
12048 (Bcl2l1)	943,389,989,406
12524 (Cd86)	890,411,936,428
21939 (Cd40)	943,411,989,428
21423 (Tcf3)	148,656,194,673
18514 (Pbx1)	203,656,249,673
14011 (Etv6)	148,730,194,747
12394 (Runx1)	203,730,249,747
93735 (Wnt16)	380,656,426,673
20185 (Ncor1)	238,777,284,794
20466 (Sin3a)	238,760,284,777
214162 (Kmt2a)	148,932,194,949
17355 (Aff1)	203,932,249,949
16909 (Lmo2)	349,816,395,833
12393 (Runx2)	349,838,395,855
15405 (Hoxa9)	349,882,395,899
15395 (Hoxa10)	402,882,448,899
18516 (Pbx3)	402,816,448,833
17125 (Smad1)	402,838,448,855
17260 (Mef2c)	402,860,448,877
16599 (Klf3)	349,860,395,877
108829 (Jmjd1c)	349,922,395,939
22289 (Kdm6a)	349,944,395,961
22290 (Uty)	349,944,395,961
15364 (Hmga2)	402,922,448,939
109115 (Supt3)	402,944,448,961
19126 (Prom1)	349,990,395,1007
140780 (Bmp2k)	349,1012,395,1029
14255 (Flt3)	402,990,448,1007
16001 (Igf1r)	402,1012,448,1029
12576 (Cdkn1b)	349,1054,395,1071
18647 (Cdk14)	349,1076,395,1093
17132 (Maf)	763,514,809,531
12444 (Ccnd2)	905,498,951,515
16421 (Itgb7)	905,528,951,545
18507 (Pax5)	708,632,754,649
18109 (Mycn)	1257,92,1303,109
17187 (Max)	1312,92,1358,109
20683 (Sp1)	1313,124,1359,141
22642 (Zbtb17)	1313,141,1359,158
17246 (Mdm2)	1457,42,1503,59
22059 (Trp53)	1457,84,1503,101
12151 (Bmi1)	1457,105,1503,122
14083 (Ptk2)	1457,63,1503,80
18211 (Ntrk1)	1457,136,1503,153
18053 (Ngfr)	1457,157,1503,174
17283 (Men1)	1257,188,1303,205
12576 (Cdkn1b)	1457,189,1503,206
214162 (Kmt2a)	1257,205,1303,222
107951 (Cdk9)	151,968,197,985
12455 (Ccnt1)	151,968,197,985
72949 (Ccnt2)	151,968,197,985
64144 (Mllt1)	173,995,219,1012
70122 (Mllt3)	173,995,219,1012
208266 (Dot1l)	206,1026,252,1043
16187 (Il3)	402,700,448,717
12981 (Csf2)	349,722,395,739
17523 (Mpo)	402,722,448,739
13237 (Defa3)	402,744,448,761
50701 (Elane)	349,766,395,783
14939 (Gzmb)	402,766,448,783
20466 (Sin3a)	201,284,247,301
20185 (Ncor1)	201,301,247,318
67603 (Dusp6)	380,558,426,575
12394 (Runx1)	233,180,279,197
12978 (Csf1r)	349,171,395,188
17523 (Mpo)	402,171,448,188
12981 (Csf2)	349,193,395,210
16187 (Il3)	402,193,448,210
20375 (Spi1)	293,305,339,322
12978 (Csf1r)	402,305,448,322
12606 (Cebpa)	293,225,339,242
214162 (Kmt2a)	708,106,754,123
64144 (Mllt1)	763,106,809,123
70122 (Mllt3)	763,106,809,123
17268 (Meis1)	890,88,936,105
15405 (Hoxa9)	943,88,989,105
15395 (Hoxa10)	890,110,936,127
15396 (Hoxa11)	943,110,989,127
20471 (Six1)	996,110,1042,127
20474 (Six4)	890,132,936,149
14048 (Eya1)	943,132,989,149
12580 (Cdkn2c)	996,132,1042,149
15446 (Hpgd)	890,154,936,171
53623 (Gria3)	943,154,989,171
53618 (Fut8)	996,154,1042,171
21908 (Tlx1)	708,200,754,217
27140 (Tlx3)	708,148,754,165
58208 (Bcl11b)	890,200,936,217
12053 (Bcl6)	708,446,754,463
107823 (Nsd2)	763,555,809,572
15077 (H3c14)	840,556,886,573
15078 (H3f3a)	840,556,886,573
15081 (H3f3b)	840,556,886,573
260423 (H3c7)	840,556,886,573
319148 (H3c3)	840,556,886,573
319149 (H3c4)	840,556,886,573
319150 (H3c2)	840,556,886,573
319151 (H3c6)	840,556,886,573
319152 (H3c10)	840,556,886,573
319153 (H3c11)	840,556,886,573
319154 (H3c13)	840,556,886,573
360198 (H3c1)	840,556,886,573
382523 (H3f4)	840,556,886,573
625328 (H3f3c)	840,556,886,573
667250 (Gm12657)	840,556,886,573
97114 (H3c15)	840,556,886,573
97908 (H3c8)	840,556,886,573
12444 (Ccnd2)	905,594,951,611
70439 (Taf15)	1257,706,1303,723
18124 (Nr4a3)	1312,706,1358,723
18791 (Plat)	956,858,1002,875
15182 (Hdac2)	155,293,201,310
433759 (Hdac1)	155,293,201,310
15182 (Hdac2)	238,702,284,719
433759 (Hdac1)	238,702,284,719
18033 (Nfkb1)	1387,803,1433,820
19697 (Rela)	1387,803,1433,820
16909 (Lmo2)	708,268,754,285
16825 (Ldb1)	708,285,754,302
17095 (Lyl1)	784,281,830,298
21423 (Tcf3)	784,298,830,315
15242 (Hhex)	914,274,960,291
19208 (Ptcra)	914,302,960,319
22059 (Trp53)	1257,1083,1303,1100
12575 (Cdkn1a)	1483,1061,1529,1078
13197 (Gadd45a)	1535,1061,1581,1078
17873 (Gadd45b)	1535,1061,1581,1078
23882 (Gadd45g)	1535,1061,1581,1078
12028 (Bax)	1483,1083,1529,1100
12018 (Bak1)	1535,1083,1581,1100
107986 (Ddb2)	1483,1105,1529,1122
27015 (Polk)	1535,1105,1581,1122
12444 (Ccnd2)	890,344,936,361
17342 (Mitf)	1480,536,1526,553
mmu05202: Transcriptional misregulation in cancer	40,45,403,70
mmu05216: Thyroid cancer	951,702,1048,727
mmu05221: Acute myeloid leukemia	93,206,230,231
mmu04115: p53 signaling pathway	1324,1107,1458,1132
mmu05215: Prostate cancer	953,1054,1050,1079
mmu05211: Renal cell carcinoma	951,779,1075,804
