C00025 (L-Glutamate)	709,155,4
C00064 (L-Glutamine)	347,170,4
C00064 (L-Glutamine)	195,347,4
C00025 (L-Glutamate)	193,616,4
C00025 (L-Glutamate)	407,536,4
C00076 (Calcium cation)	728,533,4
C01330 (Sodium cation)	728,533,4
C00064 (L-Glutamine)	1002,711,4
C01245 (D-myo-Inositol 1,4,5-trisphosphate)	1051,627,4
C00165 (Diacylglycerol)	1046,668,4
C00076 (Calcium cation)	1102,615,4
C00076 (Calcium cation)	726,600,4
C01330 (Sodium cation)	730,404,4
C00076 (Calcium cation)	730,404,4
C01330 (Sodium cation)	727,479,4
C00025 (L-Glutamate)	858,277,4
C00076 (Calcium cation)	921,277,4
C00575 (3',5'-Cyclic AMP)	457,490,4
C00025 (L-Glutamate)	680,767,4
C00076 (Calcium cation)	667,511,4
C00025 (L-Glutamate)	638,630,4
C00076 (Calcium cation)	666,454,4
C00064 (L-Glutamine)	193,501,4
C00025 (L-Glutamate)	194,555,4
C00238 (Potassium cation)	578,410,4
108073 (Grm7)	751,800,797,817
14823 (Grm8)	751,800,797,817
110637 (Grik4)	751,395,797,412
14805 (Grik1)	751,395,797,412
14806 (Grik2)	751,395,797,412
14807 (Grik3)	751,395,797,412
14809 (Grik5)	751,395,797,412
14799 (Gria1)	751,471,797,488
14800 (Gria2)	751,471,797,488
14802 (Gria4)	751,471,797,488
53623 (Gria3)	751,471,797,488
14810 (Grin1)	751,525,797,542
14811 (Grin2a)	751,525,797,542
14812 (Grin2b)	751,525,797,542
14813 (Grin2c)	751,525,797,542
14814 (Grin2d)	751,525,797,542
170483 (Grin3b)	751,525,797,542
242443 (Grin3a)	751,525,797,542
108071 (Grm5)	751,703,797,720
14816 (Grm1)	751,703,797,720
108068 (Grm2)	751,735,797,752
108069 (Grm3)	751,735,797,752
108072 (Grm6)	751,769,797,786
268934 (Grm4)	751,769,797,786
20510 (Slc1a1)	835,312,881,329
20513 (Slc1a6)	835,312,881,329
12288 (Cacna1c)	899,312,945,329
12289 (Cacna1d)	899,312,945,329
20511 (Slc1a2)	687,210,733,227
20512 (Slc1a3)	687,210,733,227
110637 (Grik4)	600,445,646,462
14805 (Grik1)	600,445,646,462
14806 (Grik2)	600,445,646,462
14807 (Grik3)	600,445,646,462
14809 (Grik5)	600,445,646,462
108071 (Grm5)	580,210,626,227
108068 (Grm2)	436,312,482,329
108069 (Grm3)	436,312,482,329
104110 (Adcy4)	399,432,445,449
104111 (Adcy3)	399,432,445,449
11512 (Adcy6)	399,432,445,449
11513 (Adcy7)	399,432,445,449
11514 (Adcy8)	399,432,445,449
11515 (Adcy9)	399,432,445,449
210044 (Adcy2)	399,432,445,449
224129 (Adcy5)	399,432,445,449
432530 (Adcy1)	399,432,445,449
76257 (Slc38a3)	322,210,368,227
105727 (Slc38a1)	170,391,216,408
67760 (Slc38a2)	170,391,216,408
140919 (Slc17a6)	218,609,264,626
216227 (Slc17a8)	218,609,264,626
72961 (Slc17a7)	218,609,264,626
14683 (Gnas)	844,703,890,720
104110 (Adcy4)	922,703,968,720
104111 (Adcy3)	922,703,968,720
11512 (Adcy6)	922,703,968,720
11513 (Adcy7)	922,703,968,720
11514 (Adcy8)	922,703,968,720
11515 (Adcy9)	922,703,968,720
210044 (Adcy2)	922,703,968,720
224129 (Adcy5)	922,703,968,720
432530 (Adcy1)	922,703,968,720
18747 (Prkaca)	1035,703,1081,720
18749 (Prkacb)	1035,703,1081,720
14682 (Gnaq)	895,659,941,676
18795 (Plcb1)	969,659,1015,676
18796 (Plcb2)	969,659,1015,676
18797 (Plcb3)	969,659,1015,676
18798 (Plcb4)	969,659,1015,676
16438 (Itpr1)	1079,571,1125,588
16439 (Itpr2)	1079,571,1125,588
16440 (Itpr3)	1079,571,1125,588
18750 (Prkca)	1079,659,1125,676
18751 (Prkcb)	1079,659,1125,676
18752 (Prkcg)	1079,659,1125,676
22063 (Trpc1)	751,592,797,609
100503710 (Gm5741)	469,365,515,382
14677 (Gnai1)	469,365,515,382
14678 (Gnai2)	469,365,515,382
14679 (Gnai3)	469,365,515,382
14681 (Gnao1)	469,365,515,382
14688 (Gnb1)	469,365,515,382
14693 (Gnb2)	469,365,515,382
14695 (Gnb3)	469,365,515,382
14696 (Gnb4)	469,365,515,382
14697 (Gnb5)	469,365,515,382
14699 (Gngt1)	469,365,515,382
14700 (Gng10)	469,365,515,382
14701 (Gng12)	469,365,515,382
14702 (Gng2)	469,365,515,382
14704 (Gng3)	469,365,515,382
14706 (Gng4)	469,365,515,382
14707 (Gng5)	469,365,515,382
14708 (Gng7)	469,365,515,382
14709 (Gng8)	469,365,515,382
14710 (Gngt2)	469,365,515,382
64337 (Gng13)	469,365,515,382
66066 (Gng11)	469,365,515,382
18747 (Prkaca)	472,521,518,538
18749 (Prkacb)	472,521,518,538
19055 (Ppp3ca)	985,530,1031,547
19056 (Ppp3cb)	985,530,1031,547
19057 (Ppp3cc)	985,530,1031,547
19058 (Ppp3r1)	985,530,1031,547
19059 (Ppp3r2)	985,530,1031,547
14660 (Gls)	141,516,187,533
216456 (Gls2)	141,516,187,533
14645 (Glul)	546,76,592,93
20511 (Slc1a2)	600,758,646,775
242607 (Slc1a7)	600,758,646,775
110355 (Grk2)	369,385,415,402
320129 (Grk3)	369,385,415,402
12286 (Cacna1a)	600,503,646,520
14677 (Gnai1)	864,756,910,773
14678 (Gnai2)	864,756,910,773
14679 (Gnai3)	864,756,910,773
14681 (Gnao1)	864,756,910,773
16519 (Kcnj3)	600,401,646,418
108073 (Grm7)	600,353,646,370
14823 (Grm8)	507,312,553,329
268934 (Grm4)	507,312,553,329
108069 (Grm3)	518,210,564,227
18783 (Pla2g4a)	1154,624,1200,641
211429 (Pla2g4b)	1154,624,1200,641
232889 (Pla2g4c)	1154,624,1200,641
271844 (Pla2g4f)	1154,624,1200,641
329502 (Pla2g4e)	1154,624,1200,641
78390 (Pla2g4d)	1154,624,1200,641
18805 (Pld1)	1154,659,1200,676
18806 (Pld2)	1154,659,1200,676
26413 (Mapk1)	1154,693,1200,710
26417 (Mapk3)	1154,693,1200,710
26556 (Homer1)	955,615,1001,632
26557 (Homer2)	955,615,1001,632
26558 (Homer3)	955,615,1001,632
26556 (Homer1)	980,598,1026,615
26557 (Homer2)	980,598,1026,615
26558 (Homer3)	980,598,1026,615
13385 (Dlg4)	819,545,865,562
224997 (Dlgap1)	843,562,889,579
210274 (Shank2)	856,579,902,596
243961 (Shank1)	856,579,902,596
58234 (Shank3)	856,579,902,596
26556 (Homer1)	827,626,873,643
26557 (Homer2)	827,626,873,643
26558 (Homer3)	827,626,873,643
26556 (Homer1)	845,609,891,626
26557 (Homer2)	845,609,891,626
26558 (Homer3)	845,609,891,626
mmu04724: Glutamatergic synapse	40,45,262,70
mmu04720: Long-term potentiation	909,406,1001,440
mmu00020: Citrate cycle (TCA cycle)	817,85,909,119
mmu04730: Long-term depression	1009,406,1101,440
mmu04721: Synaptic vesicle cycle	390,610,490,644
mmu04020: Calcium signaling pathway	1168,532,1272,566
