C05981 (Phosphatidylinositol-3,4,5-trisphosphate)	520,297,4
C00533 (Nitric oxide)	706,357,4
C00575 (3',5'-Cyclic AMP)	319,129,4
C00575 (3',5'-Cyclic AMP)	315,645,4
C00575 (3',5'-Cyclic AMP)	319,802,4
C00575 (3',5'-Cyclic AMP)	319,1038,4
C01245 (D-myo-Inositol 1,4,5-trisphosphate)	551,1101,4
C00165 (Diacylglycerol)	551,1131,4
C00076 (Calcium cation)	620,1101,4
11651 (Akt1)	578,289,624,306
11652 (Akt2)	578,289,624,306
23797 (Akt3)	578,289,624,306
381489 (Rxfp1)	206,288,252,305
18035 (Nfkbia)	720,145,766,162
18033 (Nfkb1)	720,185,766,202
19697 (Rela)	720,185,766,202
18127 (Nos3)	682,289,728,306
26413 (Mapk1)	720,230,766,247
26417 (Mapk3)	720,230,766,247
18706 (Pik3ca)	412,289,458,306
18707 (Pik3cd)	412,289,458,306
18708 (Pik3r1)	412,289,458,306
18709 (Pik3r2)	412,289,458,306
18710 (Pik3r3)	412,289,458,306
74769 (Pik3cb)	412,289,458,306
100503710 (Gm5741)	298,286,344,303
14688 (Gnb1)	298,286,344,303
14693 (Gnb2)	298,286,344,303
14695 (Gnb3)	298,286,344,303
14696 (Gnb4)	298,286,344,303
14697 (Gnb5)	298,286,344,303
14699 (Gngt1)	298,286,344,303
14700 (Gng10)	298,286,344,303
14701 (Gng12)	298,286,344,303
14702 (Gng2)	298,286,344,303
14704 (Gng3)	298,286,344,303
14706 (Gng4)	298,286,344,303
14707 (Gng5)	298,286,344,303
14708 (Gng7)	298,286,344,303
14709 (Gng8)	298,286,344,303
14710 (Gngt2)	298,286,344,303
64337 (Gng13)	298,286,344,303
66066 (Gng11)	298,286,344,303
11909 (Atf2)	720,101,766,118
11911 (Atf4)	720,101,766,118
12912 (Creb1)	720,101,766,118
12913 (Creb3)	720,101,766,118
12915 (Atf6b)	720,101,766,118
208647 (Creb3l2)	720,101,766,118
208677 (Creb3l3)	720,101,766,118
231991 (Creb5)	720,101,766,118
26427 (Creb3l1)	720,101,766,118
78284 (Creb3l4)	720,101,766,118
18762 (Prkcz)	409,225,455,242
224129 (Adcy5)	206,120,252,137
18747 (Prkaca)	382,120,428,137
18749 (Prkacb)	382,120,428,137
19773 (Rln1)	114,288,160,305
13614 (Edn1)	114,347,160,364
13618 (Ednrb)	206,347,252,364
14683 (Gnas)	298,263,344,280
14681 (Gnao1)	252,336,298,353
14677 (Gnai1)	252,359,298,376
14678 (Gnai2)	252,359,298,376
14679 (Gnai3)	252,359,298,376
100503710 (Gm5741)	298,348,344,365
14688 (Gnb1)	298,348,344,365
14693 (Gnb2)	298,348,344,365
14695 (Gnb3)	298,348,344,365
14696 (Gnb4)	298,348,344,365
14697 (Gnb5)	298,348,344,365
14699 (Gngt1)	298,348,344,365
14700 (Gng10)	298,348,344,365
14701 (Gng12)	298,348,344,365
14702 (Gng2)	298,348,344,365
14704 (Gng3)	298,348,344,365
14706 (Gng4)	298,348,344,365
14707 (Gng5)	298,348,344,365
14708 (Gng7)	298,348,344,365
14709 (Gng8)	298,348,344,365
14710 (Gngt2)	298,348,344,365
64337 (Gng13)	298,348,344,365
66066 (Gng11)	298,348,344,365
14677 (Gnai1)	252,298,298,315
14678 (Gnai2)	252,298,298,315
14679 (Gnai3)	252,298,298,315
14681 (Gnao1)	252,274,298,291
14205 (Vegfd)	1031,101,1077,118
22339 (Vegfa)	1031,101,1077,118
22340 (Vegfb)	1031,101,1077,118
22341 (Vegfc)	1031,101,1077,118
18126 (Nos2)	751,349,797,366
18126 (Nos2)	1070,184,1116,201
17390 (Mmp2)	381,413,427,430
17395 (Mmp9)	381,433,427,450
18125 (Nos1)	986,271,1032,288
17390 (Mmp2)	1027,230,1073,247
17395 (Mmp9)	1027,230,1073,247
21803 (Tgfb1)	114,531,160,548
17126 (Smad2)	313,531,359,548
11475 (Acta2)	591,523,637,540
12825 (Col3a1)	591,545,637,562
12826 (Col4a1)	591,545,637,562
12827 (Col4a2)	591,545,637,562
12828 (Col4a3)	591,545,637,562
12829 (Col4a4)	591,545,637,562
12830 (Col4a5)	591,545,637,562
12842 (Col1a1)	591,545,637,562
12843 (Col1a2)	591,545,637,562
94216 (Col4a6)	591,545,637,562
83995 (Mmp1a)	686,463,732,480
83996 (Mmp1b)	686,463,732,480
17390 (Mmp2)	686,484,732,501
17395 (Mmp9)	737,463,783,480
17386 (Mmp13)	737,484,783,501
140498 (Rxfp2)	206,713,252,730
100503710 (Gm5741)	298,712,344,729
14688 (Gnb1)	298,712,344,729
14693 (Gnb2)	298,712,344,729
14695 (Gnb3)	298,712,344,729
14696 (Gnb4)	298,712,344,729
14697 (Gnb5)	298,712,344,729
14699 (Gngt1)	298,712,344,729
14700 (Gng10)	298,712,344,729
14701 (Gng12)	298,712,344,729
14702 (Gng2)	298,712,344,729
14704 (Gng3)	298,712,344,729
14706 (Gng4)	298,712,344,729
14707 (Gng5)	298,712,344,729
14708 (Gng7)	298,712,344,729
14709 (Gng8)	298,712,344,729
14710 (Gngt2)	298,712,344,729
64337 (Gng13)	298,712,344,729
66066 (Gng11)	298,712,344,729
16336 (Insl3)	114,724,160,741
14683 (Gnas)	298,689,344,706
14681 (Gnao1)	252,700,298,717
104110 (Adcy4)	206,636,252,653
104111 (Adcy3)	206,636,252,653
11512 (Adcy6)	206,636,252,653
11513 (Adcy7)	206,636,252,653
11514 (Adcy8)	206,636,252,653
11515 (Adcy9)	206,636,252,653
210044 (Adcy2)	206,636,252,653
224129 (Adcy5)	206,636,252,653
432530 (Adcy1)	206,636,252,653
18747 (Prkaca)	385,636,431,653
18749 (Prkacb)	385,636,431,653
19773 (Rln1)	114,702,160,719
239336 (Rxfp3)	206,869,252,886
100503710 (Gm5741)	298,868,344,885
14688 (Gnb1)	298,868,344,885
14693 (Gnb2)	298,868,344,885
14695 (Gnb3)	298,868,344,885
14696 (Gnb4)	298,868,344,885
14697 (Gnb5)	298,868,344,885
14699 (Gngt1)	298,868,344,885
14700 (Gng10)	298,868,344,885
14701 (Gng12)	298,868,344,885
14702 (Gng2)	298,868,344,885
14704 (Gng3)	298,868,344,885
14706 (Gng4)	298,868,344,885
14707 (Gng5)	298,868,344,885
14708 (Gng7)	298,868,344,885
14709 (Gng8)	298,868,344,885
14710 (Gngt2)	298,868,344,885
64337 (Gng13)	298,868,344,885
66066 (Gng11)	298,868,344,885
14677 (Gnai1)	298,845,344,862
14678 (Gnai2)	298,845,344,862
14679 (Gnai3)	298,845,344,862
14681 (Gnao1)	252,856,298,873
104110 (Adcy4)	206,791,252,808
104111 (Adcy3)	206,791,252,808
11512 (Adcy6)	206,791,252,808
11513 (Adcy7)	206,791,252,808
11514 (Adcy8)	206,791,252,808
11515 (Adcy9)	206,791,252,808
210044 (Adcy2)	206,791,252,808
224129 (Adcy5)	206,791,252,808
432530 (Adcy1)	206,791,252,808
212108 (Rln3)	114,869,160,886
18706 (Pik3ca)	336,899,382,916
18707 (Pik3cd)	336,899,382,916
18708 (Pik3r1)	336,899,382,916
18709 (Pik3r2)	336,899,382,916
18710 (Pik3r3)	336,899,382,916
74769 (Pik3cb)	336,899,382,916
20779 (Src)	406,899,452,916
18035 (Nfkbia)	602,770,648,787
15461 (Hras)	536,860,582,877
16653 (Kras)	536,860,582,877
18176 (Nras)	536,860,582,877
110157 (Raf1)	606,860,652,877
26395 (Map2k1)	676,860,722,877
26396 (Map2k2)	676,860,722,877
26413 (Mapk1)	753,860,799,877
26417 (Mapk3)	753,860,799,877
18795 (Plcb1)	385,810,431,827
18796 (Plcb2)	385,810,431,827
18797 (Plcb3)	385,810,431,827
18798 (Plcb4)	385,810,431,827
18750 (Prkca)	458,810,504,827
20416 (Shc1)	476,899,522,916
20418 (Shc3)	476,899,522,916
216148 (Shc2)	476,899,522,916
271849 (Shc4)	476,899,522,916
20662 (Sos1)	546,899,592,916
20663 (Sos2)	546,899,592,916
14281 (Fos)	825,831,871,848
16476 (Jun)	825,831,871,848
18033 (Nfkb1)	697,770,743,787
19697 (Rela)	697,770,743,787
242093 (Rxfp4)	206,1104,252,1121
14676 (Gna15)	298,1104,344,1121
14677 (Gnai1)	298,1081,344,1098
14678 (Gnai2)	298,1081,344,1098
14679 (Gnai3)	298,1081,344,1098
14681 (Gnao1)	252,1092,298,1109
104110 (Adcy4)	206,1027,252,1044
104111 (Adcy3)	206,1027,252,1044
11512 (Adcy6)	206,1027,252,1044
11513 (Adcy7)	206,1027,252,1044
11514 (Adcy8)	206,1027,252,1044
11515 (Adcy9)	206,1027,252,1044
210044 (Adcy2)	206,1027,252,1044
224129 (Adcy5)	206,1027,252,1044
432530 (Adcy1)	206,1027,252,1044
23919 (Insl5)	114,1104,160,1121
18795 (Plcb1)	428,1104,474,1121
18796 (Plcb2)	428,1104,474,1121
18797 (Plcb3)	428,1104,474,1121
18798 (Plcb4)	428,1104,474,1121
18125 (Nos1)	751,308,797,325
21812 (Tgfbr1)	206,523,252,540
21813 (Tgfbr2)	206,539,252,556
110157 (Raf1)	578,230,624,247
26395 (Map2k1)	648,230,694,247
26396 (Map2k2)	648,230,694,247
26398 (Map2k4)	676,810,722,827
26400 (Map2k7)	676,810,722,827
19094 (Mapk11)	753,800,799,817
26415 (Mapk13)	753,800,799,817
26416 (Mapk14)	753,800,799,817
29857 (Mapk12)	753,800,799,817
26414 (Mapk10)	753,830,799,847
26419 (Mapk8)	753,830,799,847
26420 (Mapk9)	753,830,799,847
13649 (Egfr)	206,945,252,962
14784 (Grb2)	408,945,454,962
109689 (Arrb1)	268,921,314,938
216869 (Arrb2)	268,921,314,938
mmu04926: Relaxin signaling pathway	40,45,297,70
mmu04064: NF-kappa B signaling pathway	599,160,709,194
mmu04370: VEGF signaling pathway	1002,123,1112,157
mmu04151: PI3K-Akt signaling pathway	472,322,595,356
mmu04024: cAMP signaling pathway	287,82,397,116
mmu04270: Vascular smooth muscle contraction	74,488,199,522
mmu04010: MAPK signaling pathway	660,885,770,919
mmu04020: Calcium signaling pathway	641,1094,751,1128
mmu04350: TGF-beta signaling pathway	74,553,197,587
