16150 (Ikbkb)	762,370,808,387
26409 (Map3k7)	655,370,701,387
12675 (Chuk)	762,353,808,370
22034 (Traf6)	569,439,615,456
16193 (Il6)	1086,417,1132,434
66724 (Tab3)	655,353,701,370
68652 (Tab2)	655,336,701,353
18035 (Nfkbia)	872,370,918,387
16151 (Ikbkg)	762,336,808,353
18033 (Nfkb1)	872,341,918,358
19697 (Rela)	872,341,918,358
14281 (Fos)	873,439,919,456
14282 (Fosb)	873,439,919,456
14283 (Fosl1)	873,439,919,456
16476 (Jun)	873,439,919,456
16478 (Jund)	873,439,919,456
140806 (Il25)	243,169,289,186
16172 (Il17ra)	352,160,398,177
50905 (Il17rb)	352,177,398,194
16171 (Il17a)	243,424,289,441
257630 (Il17f)	243,452,289,469
234836 (Il17c)	243,724,289,741
16172 (Il17ra)	352,715,398,732
57890 (Il17re)	352,732,398,749
56069 (Il17b)	243,838,289,855
50905 (Il17rb)	352,829,398,846
22034 (Traf6)	496,201,542,218
103213 (Traf3ip2)	450,201,496,218
103213 (Traf3ip2)	443,439,489,456
22031 (Traf3)	407,336,453,353
16172 (Il17ra)	352,431,398,448
171095 (Il17rc)	352,448,398,465
15516 (Hsp90ab1)	429,422,475,439
15519 (Hsp90aa1)	429,422,475,439
22027 (Hsp90b1)	429,422,475,439
22033 (Traf5)	581,486,627,503
22030 (Traf2)	581,503,627,520
15568 (Elavl1)	675,538,721,555
110809 (Srsf1)	675,508,721,525
56489 (Ikbke)	484,504,530,521
19094 (Mapk11)	749,439,795,456
225724 (Mapk4)	749,439,795,456
23939 (Mapk7)	749,439,795,456
26413 (Mapk1)	749,439,795,456
26414 (Mapk10)	749,439,795,456
26415 (Mapk13)	749,439,795,456
26416 (Mapk14)	749,439,795,456
26417 (Mapk3)	749,439,795,456
26419 (Mapk8)	749,439,795,456
26420 (Mapk9)	749,439,795,456
29857 (Mapk12)	749,439,795,456
332110 (Mapk15)	749,439,795,456
50772 (Mapk6)	749,439,795,456
12608 (Cebpb)	874,495,920,512
71609 (Tradd)	450,154,496,171
14082 (Fadd)	558,154,604,171
12367 (Casp3)	666,154,712,171
12370 (Casp8)	666,154,712,171
18033 (Nfkb1)	666,188,712,205
19697 (Rela)	666,188,712,205
14281 (Fos)	666,212,712,229
14282 (Fosb)	666,212,712,229
14283 (Fosl1)	666,212,712,229
16476 (Jun)	666,212,712,229
16478 (Jund)	666,212,712,229
22034 (Traf6)	496,724,542,741
103213 (Traf3ip2)	450,724,496,741
18033 (Nfkb1)	669,714,715,731
19697 (Rela)	669,714,715,731
14281 (Fos)	669,738,715,755
14282 (Fosb)	669,738,715,755
14283 (Fosl1)	669,738,715,755
16476 (Jun)	669,738,715,755
16478 (Jund)	669,738,715,755
56637 (Gsk3b)	753,616,799,633
26413 (Mapk1)	753,592,799,609
26417 (Mapk3)	753,592,799,609
239114 (Il17d)	243,957,289,974
14825 (Cxcl1)	1086,358,1132,375
20310 (Cxcl2)	1086,358,1132,375
330122 (Cxcl3)	1086,358,1132,375
20293 (Ccl12)	1140,381,1186,398
20296 (Ccl2)	1140,381,1186,398
20306 (Ccl7)	1194,381,1240,398
20297 (Ccl20)	1248,381,1294,398
56519 (Defb4)	1086,476,1132,493
17833 (Muc5ac)	1140,476,1186,493
17395 (Mmp9)	1194,535,1240,552
17386 (Mmp13)	1248,535,1294,552
16189 (Il4)	1086,187,1132,204
16191 (Il5)	1140,187,1186,204
16163 (Il13)	1194,187,1240,204
20295 (Ccl17)	1086,234,1132,251
56480 (Tbk1)	513,397,559,414
21929 (Tnfaip3)	458,368,504,385
59008 (Anapc5)	474,351,520,368
30940 (Usp25)	510,570,556,587
12981 (Csf2)	1140,440,1186,457
20292 (Ccl11)	1140,234,1186,251
83995 (Mmp1a)	1086,535,1132,552
83996 (Mmp1b)	1086,535,1132,552
17392 (Mmp3)	1140,535,1186,552
16819 (Lcn2)	1248,499,1294,516
19225 (Ptgs2)	1194,417,1240,434
21926 (Tnf)	1140,417,1186,434
14825 (Cxcl1)	1140,358,1186,375
20310 (Cxcl2)	1140,358,1186,375
330122 (Cxcl3)	1140,358,1186,375
20311 (Cxcl5)	1194,358,1240,375
15945 (Cxcl10)	1086,381,1132,398
12985 (Csf3)	1086,440,1132,457
74180 (Muc5b)	1194,476,1240,493
20201 (S100a8)	1140,499,1186,516
20202 (S100a9)	1194,499,1240,516
22032 (Traf4)	437,527,483,544
21926 (Tnf)	1140,708,1186,725
16176 (Il1b)	1086,708,1132,725
21926 (Tnf)	1140,838,1186,855
16176 (Il1b)	1086,838,1132,855
16193 (Il6)	1194,708,1240,725
15978 (Ifng)	1248,708,1294,725
50905 (Il17rb)	352,846,398,863
22034 (Traf6)	496,838,542,855
103213 (Traf3ip2)	450,838,496,855
18033 (Nfkb1)	669,828,715,845
19697 (Rela)	669,828,715,845
14281 (Fos)	669,852,715,869
14282 (Fosb)	669,852,715,869
14283 (Fosl1)	669,852,715,869
16476 (Jun)	669,852,715,869
16478 (Jund)	669,852,715,869
mmu04657: IL-17 signaling pathway	40,45,274,70
mmu04010: MAPK signaling pathway	777,394,885,428
mmu04064: NF-kappa B signaling pathway	835,297,943,331
mmu04659: Th17 cell differentiation	94,464,220,498
mmu04210: Apoptosis	841,150,933,175
mmu04060: Cytokine-cytokine receptor interaction	224,515,350,549
