C01245 (D-myo-Inositol 1,4,5-trisphosphate)	732,310,4
C00165 (Diacylglycerol)	732,259,4
C00076 (Calcium cation)	846,305,4
C00076 (Calcium cation)	658,61,4
C00238 (Potassium cation)	789,154,4
C04637 (1-Phosphatidyl-D-myo-inositol 4,5-bisphosphate)	622,286,4
C00951 (Estradiol-17beta)	90,303,4
C00076 (Calcium cation)	715,61,4
C01330 (Sodium cation)	715,61,4
C00238 (Potassium cation)	506,187,4
C01330 (Sodium cation)	404,195,4
C00951 (Estradiol-17beta)	373,569,4
C00238 (Potassium cation)	986,155,4
C00535 (Testosterone)	149,424,4
C00076 (Calcium cation)	1148,61,4
C00334 (4-Aminobutanoate)	849,58,4
14672 (Gna11)	536,261,582,278
14682 (Gnaq)	536,261,582,278
18795 (Plcb1)	639,261,685,278
18796 (Plcb2)	639,261,685,278
18797 (Plcb3)	639,261,685,278
18798 (Plcb4)	639,261,685,278
16438 (Itpr1)	824,332,870,349
16439 (Itpr2)	824,332,870,349
16440 (Itpr3)	824,332,870,349
18750 (Prkca)	824,252,870,269
18751 (Prkcb)	824,252,870,269
18752 (Prkcg)	824,252,870,269
18706 (Pik3ca)	645,493,691,510
18707 (Pik3cd)	645,493,691,510
18708 (Pik3r1)	645,493,691,510
18709 (Pik3r2)	645,493,691,510
18710 (Pik3r3)	645,493,691,510
74769 (Pik3cb)	645,493,691,510
11651 (Akt1)	716,493,762,510
11652 (Akt2)	716,493,762,510
23797 (Akt3)	716,493,762,510
12291 (Cacna1g)	636,95,682,112
239556 (Cacna1i)	636,95,682,112
58226 (Cacna1h)	636,95,682,112
15461 (Hras)	572,450,618,467
16653 (Kras)	572,450,618,467
18176 (Nras)	572,450,618,467
26395 (Map2k1)	716,450,762,467
26396 (Map2k2)	716,450,762,467
26413 (Mapk1)	789,450,835,467
26417 (Mapk3)	789,450,835,467
16514 (Kcnj11)	767,95,813,112
16519 (Kcnj3)	767,95,813,112
16521 (Kcnj5)	767,95,813,112
16522 (Kcnj6)	767,95,813,112
16524 (Kcnj9)	767,95,813,112
114229 (Kiss1r)	432,261,478,278
109689 (Arrb1)	593,318,639,335
216869 (Arrb2)	593,318,639,335
109689 (Arrb1)	593,343,639,360
216869 (Arrb2)	593,343,639,360
280287 (Kiss1)	354,261,400,278
22063 (Trpc1)	691,95,737,112
22066 (Trpc4)	691,95,737,112
22067 (Trpc5)	691,95,737,112
14714 (Gnrh1)	1068,468,1114,485
14714 (Gnrh1)	1361,468,1407,485
14714 (Gnrh1)	949,468,995,485
280287 (Kiss1)	218,206,264,223
280287 (Kiss1)	218,405,264,422
242425 (Gabbr2)	827,95,873,112
54393 (Gabbr1)	827,95,873,112
15165 (Hcn1)	432,182,478,199
15166 (Hcn2)	432,182,478,199
15168 (Hcn3)	432,182,478,199
12640 (Cga)	737,740,783,757
20750 (Spp1)	737,740,783,757
12640 (Cga)	737,718,783,735
16866 (Lhb)	737,718,783,735
76854 (Gper1)	434,606,480,623
13983 (Esr2)	648,559,694,576
12291 (Cacna1g)	949,561,995,578
58226 (Cacna1h)	949,583,995,600
239556 (Cacna1i)	949,605,995,622
140492 (Kcnn2)	962,95,1008,112
140493 (Kcnn3)	962,95,1008,112
16534 (Kcnn4)	962,95,1008,112
84036 (Kcnn1)	962,95,1008,112
12288 (Cacna1c)	1126,95,1172,112
12289 (Cacna1d)	1126,95,1172,112
12292 (Cacna1s)	1126,95,1172,112
54652 (Cacna1f)	1126,95,1172,112
110157 (Raf1)	645,450,691,467
mmu04929: GnRH secretion	40,45,199,70
mmu04020: Calcium signaling pathway	541,212,664,246
mmu04010: MAPK signaling pathway	531,391,641,425
mmu04912: GnRH signaling pathway	1374,749,1484,783
mmu04913: Ovarian steroidogenesis	30,757,171,782
mmu04151: PI3K-Akt signaling pathway	528,516,649,550
mmu04915: Estrogen signaling pathway	706,615,816,649
