C00025 (L-Glutamate)	256,517,4
C00533 (Nitric oxide)	256,782,4
C00076 (Calcium cation)	393,549,4
C00533 (Nitric oxide)	248,211,4
C00062 (L-Arginine)	557,724,4
C00533 (Nitric oxide)	629,724,4
C16845 (Peroxynitrite)	717,725,4
C00704 (O2.-)	628,801,4
C00027 (Hydrogen peroxide)	720,802,4
C16844 (Hydroxyl radical)	819,803,4
C00070 (Copper)	617,877,4
C00001 (H2O)	817,878,4
C00076 (Calcium cation)	740,357,4
C00076 (Calcium cation)	785,558,4
C00704 (O2.-)	379,240,4
C00027 (Hydrogen peroxide)	379,240,4
C16845 (Peroxynitrite)	379,240,4
C16844 (Hydroxyl radical)	379,240,4
20655 (Sod1)	767,748,813,765
20511 (Slc1a2)	165,297,211,314
14799 (Gria1)	307,540,353,557
14800 (Gria2)	307,540,353,557
14810 (Grin1)	307,540,353,557
14811 (Grin2a)	307,540,353,557
14812 (Grin2b)	307,540,353,557
14813 (Grin2c)	307,540,353,557
14814 (Grin2d)	307,540,353,557
53333 (Tomm40)	661,320,707,337
641376 (Tomm40l)	661,320,707,337
20655 (Sod1)	533,267,579,284
13063 (Cycs)	851,88,897,105
13067 (Cyct)	851,88,897,105
21926 (Tnf)	228,717,274,734
12362 (Casp1)	479,230,525,247
12367 (Casp3)	1045,68,1091,85
12028 (Bax)	907,189,953,206
12015 (Bad)	959,189,1005,206
12043 (Bcl2)	737,190,783,207
12048 (Bcl2l1)	789,190,835,207
11783 (Apaf1)	852,46,898,63
12371 (Casp9)	959,67,1005,84
12122 (Bid)	596,229,642,246
21937 (Tnfrsf1a)	308,717,354,734
21938 (Tnfrsf1b)	308,717,354,734
13163 (Daxx)	531,621,577,638
26408 (Map3k5)	621,621,667,638
26397 (Map2k3)	714,609,760,626
26399 (Map2k6)	714,633,760,650
19094 (Mapk11)	807,621,853,638
26415 (Mapk13)	807,621,853,638
26416 (Mapk14)	807,621,853,638
29857 (Mapk12)	807,621,853,638
18039 (Nefl)	879,767,925,784
18040 (Nefm)	879,793,925,810
380684 (Nefh)	879,818,925,835
19132 (Prph)	837,841,883,858
20655 (Sod1)	646,808,692,825
20655 (Sod1)	741,808,787,825
14775 (Gpx1)	736,840,782,857
12359 (Cat)	736,863,782,880
18125 (Nos1)	568,699,614,716
12460 (Ccs)	619,846,665,863
74018 (Als2)	973,831,1019,848
67819 (Derl1)	589,520,635,537
19353 (Rac1)	997,865,1043,882
271457 (Rab5a)	1057,830,1103,847
19055 (Ppp3ca)	619,174,665,191
19056 (Ppp3cb)	619,174,665,191
19057 (Ppp3cc)	619,174,665,191
19058 (Ppp3r1)	619,174,665,191
19059 (Ppp3r2)	619,174,665,191
22059 (Trp53)	654,128,700,145
12364 (Casp12)	918,507,964,524
26408 (Map3k5)	918,542,964,559
mmu05014: Amyotrophic lateral sclerosis (ALS)	40,45,367,70
mmu04210: Apoptosis	965,96,1074,121
mmu03050: Proteasome	637,454,746,479
mmu04010: MAPK signaling pathway	884,588,993,622
mmu04115: p53 signaling pathway	629,85,738,119
mmu04210: Apoptosis	981,483,1090,508
mmu04724: Glutamatergic synapse	212,590,304,624
