C02166 (Leukotriene C4)	756,957,4
C05951 (Leukotriene D4)	756,957,4
C05952 (Leukotriene E4)	756,957,4
C04598 (2-Acetyl-1-alkyl-sn-glycero-3-phosphocholine)	756,243,4
C02465 (Triiodothyronine)	1167,874,4
C01829 (Thyroxine)	1167,874,4
C00735 (Cortisol)	1167,772,4
C05113 (Porphyrin)	1167,721,4
C16512 (Palmitoylethanolamide)	1167,678,4
C11695 (Anandamide)	1167,647,4
C12272 (N-Oleoyl dopamine)	1167,616,4
C12271 (N-Arachidonyl dopamine)	1167,586,4
C00245 (Taurine)	1167,545,4
C00099 (beta-Alanine)	1167,517,4
C00037 (Glycine)	1167,487,4
C16511 (L-Homocysteic acid)	1167,448,4
C00506 (L-Cysteate)	1167,418,4
C00049 (L-Aspartate)	1167,391,4
C00025 (L-Glutamate)	1167,361,4
C00002 (ATP)	1167,326,4
C00075 (UTP)	1167,326,4
C00008 (ADP)	1167,326,4
C00015 (UDP)	1167,326,4
C00334 (4-Aminobutanoate)	1167,195,4
C12270 (N-Acetylaspartylglutamate)	1167,152,4
C00334 (4-Aminobutanoate)	963,932,4
C00025 (L-Glutamate)	963,881,4
C00049 (L-Aspartate)	963,881,4
C00506 (L-Cysteate)	963,881,4
C02165 (Leukotriene B4)	756,709,4
C06124 (Sphingosine 1-phosphate)	756,630,4
C01120 (Sphinganine 1-phosphate)	756,630,4
C00681 (1-Acyl-sn-glycerol 3-phosphate)	756,579,4
C01598 (Melatonin)	756,492,4
C11695 (Anandamide)	756,167,4
C13856 (2-Arachidonoylglycerol)	756,167,4
C00002 (ATP)	547,974,4
C00075 (UTP)	547,974,4
C00008 (ADP)	547,974,4
C00015 (UDP)	547,974,4
C00212 (Adenosine)	547,931,4
C02198 (Thromboxane A2)	547,849,4
C01312 (Prostaglandin I2)	547,789,4
C00639 (Prostaglandin F2alpha)	547,742,4
C00584 (Prostaglandin E2)	547,698,4
C00696 (Prostaglandin D2)	547,653,4
C06314 (Lipoxin A4)	139,823,4
C00483 (Tyramine)	139,443,4
C00398 (Tryptamine)	139,443,4
C04227 (Octopamine)	139,443,4
C00388 (Histamine)	139,341,4
C03758 (Dopamine)	139,290,4
C00788 (L-Adrenaline)	139,239,4
C00547 (L-Noradrenaline)	139,239,4
C01996 (Acetylcholine)	139,188,4
C01996 (Acetylcholine)	1167,229,4
C00780 (Serotonin)	136,391,4
C15890 (Endomorphin-1)	340,656,4
C15891 (Endomorphin-2)	340,656,4
C15995 (Bombesin)	139,618,4
C01516 (Morphine)	340,637,4
C06865 (Calcitonin)	961,159,4
100040233 (Gm10334)	505,264,551,281
103964 (Try5)	505,264,551,281
13035 (Ctsg)	505,264,551,281
14061 (F2)	505,264,551,281
14938 (Gzma)	505,264,551,281
18815 (Plg)	505,264,551,281
22072 (Prss2)	505,264,551,281
22074 (Try4)	505,264,551,281
436522 (Try10)	505,264,551,281
67373 (2210010C04Rik)	505,264,551,281
73626 (1810009J06Rik)	505,264,551,281
17171 (Mas1)	797,783,843,800
207911 (Mchr1)	589,402,635,419
12640 (Cga)	505,554,551,571
22094 (Tshb)	505,554,551,571
12640 (Cga)	505,502,551,519
16866 (Lhb)	505,502,551,519
12640 (Cga)	505,452,551,469
14308 (Fshb)	505,452,551,469
21338 (Tacr3)	382,966,428,983
21337 (Tacr2)	382,924,428,941
114229 (Kiss1r)	382,212,428,229
19109 (Prl)	1125,967,1171,984
19116 (Prlr)	1209,967,1255,984
16847 (Lepr)	1209,916,1255,933
21833 (Thra)	1209,865,1255,882
21834 (Thrb)	1209,865,1255,882
16846 (Lep)	1125,916,1171,933
14599 (Gh)	1125,814,1171,831
14600 (Ghr)	1209,814,1255,831
14815 (Nr3c1)	1209,763,1255,780
12257 (Tspo)	1209,712,1255,729
193034 (Trpv1)	1210,622,1256,639
110304 (Glra3)	1210,508,1256,525
14654 (Glra1)	1210,508,1256,525
14658 (Glrb)	1210,508,1256,525
237213 (Glra2)	1210,508,1256,525
110637 (Grik4)	1209,395,1255,412
14799 (Gria1)	1209,395,1255,412
14800 (Gria2)	1209,395,1255,412
14802 (Gria4)	1209,395,1255,412
14803 (Grid1)	1209,395,1255,412
14804 (Grid2)	1209,395,1255,412
14805 (Grik1)	1209,395,1255,412
14806 (Grik2)	1209,395,1255,412
14807 (Grik3)	1209,395,1255,412
14809 (Grik5)	1209,395,1255,412
14810 (Grin1)	1209,395,1255,412
14811 (Grin2a)	1209,395,1255,412
14812 (Grin2b)	1209,395,1255,412
14813 (Grin2c)	1209,395,1255,412
14814 (Grin2d)	1209,395,1255,412
170483 (Grin3b)	1209,395,1255,412
242443 (Grin3a)	1209,395,1255,412
53623 (Gria3)	1209,395,1255,412
18436 (P2rx1)	1209,317,1255,334
18438 (P2rx4)	1209,317,1255,334
18439 (P2rx7)	1209,317,1255,334
18440 (P2rx6)	1209,317,1255,334
228139 (P2rx3)	1209,317,1255,334
231602 (P2rx2)	1209,317,1255,334
94045 (P2rx5)	1209,317,1255,334
110886 (Gabra5)	1209,187,1255,204
14394 (Gabra1)	1209,187,1255,204
14395 (Gabra2)	1209,187,1255,204
14396 (Gabra3)	1209,187,1255,204
14397 (Gabra4)	1209,187,1255,204
14399 (Gabra6)	1209,187,1255,204
14400 (Gabrb1)	1209,187,1255,204
14401 (Gabrb2)	1209,187,1255,204
14402 (Gabrb3)	1209,187,1255,204
14403 (Gabrd)	1209,187,1255,204
14404 (Gabre)	1209,187,1255,204
14405 (Gabrg1)	1209,187,1255,204
14406 (Gabrg2)	1209,187,1255,204
14407 (Gabrg3)	1209,187,1255,204
14408 (Gabrr1)	1209,187,1255,204
14409 (Gabrr2)	1209,187,1255,204
216643 (Gabrp)	1209,187,1255,204
328699 (Gabrr3)	1209,187,1255,204
57249 (Gabrq)	1209,187,1255,204
14810 (Grin1)	1209,142,1255,159
14811 (Grin2a)	1209,142,1255,159
14812 (Grin2b)	1209,142,1255,159
14813 (Grin2c)	1209,142,1255,159
14814 (Grin2d)	1209,142,1255,159
170483 (Grin3b)	1209,142,1255,159
242443 (Grin3a)	1209,142,1255,159
226278 (Prlhr)	589,322,635,339
226304 (Npbwr1)	382,539,428,556
239845 (Gpr156)	1004,923,1050,940
242425 (Gabbr2)	1004,923,1050,940
54393 (Gabbr1)	1004,923,1050,940
108068 (Grm2)	1004,872,1050,889
108069 (Grm3)	1004,872,1050,889
108071 (Grm5)	1004,872,1050,889
108072 (Grm6)	1004,872,1050,889
108073 (Grm7)	1004,872,1050,889
14816 (Grm1)	1004,872,1050,889
14823 (Grm8)	1004,872,1050,889
268934 (Grm4)	1004,872,1050,889
22354 (Vipr1)	1004,703,1050,720
22355 (Vipr2)	1004,703,1050,720
319229 (Sctr)	1004,644,1050,661
11517 (Adcyap1r1)	1004,585,1050,602
19228 (Pth1r)	1004,527,1050,544
213527 (Pth2r)	1004,527,1050,544
14602 (Ghrhr)	1004,469,1050,486
14652 (Glp1r)	1004,410,1050,427
93896 (Glp2r)	1004,410,1050,427
14527 (Gcgr)	1004,352,1050,369
381853 (Gipr)	1004,294,1050,311
12921 (Crhr1)	1004,235,1050,252
12922 (Crhr2)	1004,235,1050,252
12311 (Calcr)	1004,163,1050,180
54598 (Calcrl)	1004,163,1050,180
58861 (Cysltr1)	797,949,843,966
70086 (Cysltr2)	797,949,843,966
140498 (Rxfp2)	797,866,843,883
239336 (Rxfp3)	797,866,843,883
242093 (Rxfp4)	797,866,843,883
381489 (Rxfp1)	797,866,843,883
16995 (Ltb4r1)	797,700,843,717
57260 (Ltb4r2)	797,700,843,717
13609 (S1pr1)	797,621,843,638
13610 (S1pr3)	797,621,843,638
13611 (S1pr4)	797,621,843,638
14739 (S1pr2)	797,621,843,638
94226 (S1pr5)	797,621,843,638
14745 (Lpar1)	797,570,843,587
53978 (Lpar2)	797,570,843,587
65086 (Lpar3)	797,570,843,587
78134 (Lpar4)	797,570,843,587
14765 (Gpr50)	797,483,843,500
17773 (Mtnr1a)	797,483,843,500
244701 (Mtnr1b)	797,483,843,500
170732 (Trhr2)	797,400,843,417
22045 (Trhr)	797,400,843,417
14715 (Gnrhr)	797,317,843,334
19204 (Ptafr)	798,234,844,251
12801 (Cnr1)	797,158,843,175
12802 (Cnr2)	797,158,843,175
140795 (P2ry14)	589,965,635,982
18441 (P2ry1)	589,965,635,982
18442 (P2ry2)	589,965,635,982
213438 (P2ry10b)	589,965,635,982
233571 (P2ry6)	589,965,635,982
57385 (P2ry4)	589,965,635,982
64095 (Gpr35)	589,965,635,982
67168 (Lpar6)	589,965,635,982
74191 (P2ry13)	589,965,635,982
78134 (Lpar4)	589,965,635,982
78826 (P2ry10)	589,965,635,982
11539 (Adora1)	589,922,635,939
11540 (Adora2a)	589,922,635,939
11541 (Adora2b)	589,922,635,939
11542 (Adora3)	589,922,635,939
21390 (Tbxa2r)	589,840,635,857
19222 (Ptgir)	589,780,635,797
19220 (Ptgfr)	589,733,635,750
19216 (Ptger1)	589,689,635,706
19217 (Ptger2)	589,689,635,706
19218 (Ptger3)	589,689,635,706
19219 (Ptger4)	589,689,635,706
19214 (Ptgdr)	589,644,635,661
22095 (Tshr)	589,554,635,571
16867 (Lhcgr)	589,502,635,519
14309 (Fshr)	589,452,635,469
14767 (Nmur1)	382,376,428,393
216749 (Nmur2)	382,376,428,393
217369 (Uts2r)	589,158,635,175
104443 (Npffr2)	382,430,428,447
237362 (Npffr1)	382,430,428,447
230777 (Hcrtr1)	382,713,428,730
387285 (Hcrtr2)	382,713,428,730
14062 (F2r)	589,264,635,281
14063 (F2rl1)	589,264,635,281
14064 (F2rl2)	589,264,635,281
14065 (F2rl3)	589,264,635,281
93742 (Pard3)	589,264,635,281
14427 (Galr1)	180,967,226,984
14428 (Galr2)	180,967,226,984
14429 (Galr3)	180,967,226,984
18430 (Oxtr)	382,768,428,785
12000 (Avpr2)	589,211,635,228
26361 (Avpr1b)	589,211,635,228
54140 (Avpr1a)	589,211,635,228
21336 (Tacr1)	382,879,428,896
20605 (Sstr1)	382,826,428,843
20606 (Sstr2)	382,826,428,843
20607 (Sstr3)	382,826,428,843
20608 (Sstr4)	382,826,428,843
20609 (Sstr5)	382,826,428,843
18386 (Oprd1)	382,648,428,665
18387 (Oprk1)	382,648,428,665
18389 (Oprl1)	382,648,428,665
18390 (Oprm1)	382,648,428,665
18216 (Ntsr1)	382,593,428,610
18217 (Ntsr2)	382,593,428,610
14608 (Gpr83)	382,484,428,501
18166 (Npy1r)	382,484,428,501
18167 (Npy2r)	382,484,428,501
18168 (Npy5r)	382,484,428,501
18169 (Npy6r)	382,484,428,501
19065 (Npy4r)	382,484,428,501
245526 (Pgr15l)	382,484,428,501
17199 (Mc1r)	382,267,428,284
17200 (Mc2r)	382,267,428,284
17201 (Mc3r)	382,267,428,284
17202 (Mc4r)	382,267,428,284
17203 (Mc5r)	382,267,428,284
208188 (Ghsr)	382,158,428,175
13617 (Ednra)	180,916,226,933
13618 (Ednrb)	180,916,226,933
12425 (Cckar)	180,865,226,882
12426 (Cckbr)	180,865,226,882
23796 (Aplnr)	180,577,226,594
14289 (Fpr2)	180,814,226,831
14290 (Fpr-rs3)	180,814,226,831
14291 (Fpr-rs4)	180,814,226,831
14293 (Fpr1)	180,814,226,831
14294 (Fpr3)	180,814,226,831
321020 (Fpr-rs6)	180,814,226,831
12273 (C5ar1)	180,763,226,780
12267 (C3ar1)	180,734,226,751
12061 (Bdkrb1)	180,683,226,700
12062 (Bdkrb2)	180,683,226,700
12209 (Brs3)	180,624,226,641
14829 (Grpr)	180,624,226,641
18101 (Nmbr)	180,624,226,641
11607 (Agtr1a)	180,526,226,543
11608 (Agtr1b)	180,526,226,543
11609 (Agtr2)	180,526,226,543
111174 (Taar1)	180,434,226,451
209512 (Taar2)	180,434,226,451
209513 (Taar4)	180,434,226,451
209517 (Taar7b)	180,434,226,451
215854 (Taar5)	180,434,226,451
215855 (Taar6)	180,434,226,451
215856 (Taar7a)	180,434,226,451
215859 (Taar8a)	180,434,226,451
276742 (Taar7e)	180,434,226,451
382348 (Taar8b)	180,434,226,451
435206 (Taar7d)	180,434,226,451
435207 (Taar7f)	180,434,226,451
493809 (Taar3)	180,434,226,451
494546 (Taar8c)	180,434,226,451
503558 (Taar9)	180,434,226,451
15550 (Htr1a)	180,383,226,400
15551 (Htr1b)	180,383,226,400
15552 (Htr1d)	180,383,226,400
15557 (Htr1f)	180,383,226,400
15558 (Htr2a)	180,383,226,400
15559 (Htr2b)	180,383,226,400
15560 (Htr2c)	180,383,226,400
15562 (Htr4)	180,383,226,400
15563 (Htr5a)	180,383,226,400
15564 (Htr5b)	180,383,226,400
15565 (Htr6)	180,383,226,400
15566 (Htr7)	180,383,226,400
15465 (Hrh1)	180,332,226,349
15466 (Hrh2)	180,332,226,349
225192 (Hrh4)	180,332,226,349
99296 (Hrh3)	180,332,226,349
13488 (Drd1)	180,281,226,298
13489 (Drd2)	180,281,226,298
13490 (Drd3)	180,281,226,298
13491 (Drd4)	180,281,226,298
13492 (Drd5)	180,281,226,298
11548 (Adra1b)	180,230,226,247
11549 (Adra1a)	180,230,226,247
11550 (Adra1d)	180,230,226,247
11551 (Adra2a)	180,230,226,247
11552 (Adra2b)	180,230,226,247
11553 (Adra2c)	180,230,226,247
11554 (Adrb1)	180,230,226,247
11555 (Adrb2)	180,230,226,247
11556 (Adrb3)	180,230,226,247
12669 (Chrm1)	180,179,226,196
12671 (Chrm3)	180,179,226,196
12672 (Chrm4)	180,179,226,196
213788 (Chrm5)	180,179,226,196
243764 (Chrm2)	180,179,226,196
108015 (Chrnb4)	1209,242,1255,259
108043 (Chrnb3)	1209,242,1255,259
110834 (Chrna3)	1209,242,1255,259
110835 (Chrna5)	1209,242,1255,259
110902 (Chrna2)	1209,242,1255,259
11435 (Chrna1)	1209,242,1255,259
11438 (Chrna4)	1209,242,1255,259
11440 (Chrna6)	1209,242,1255,259
11441 (Chrna7)	1209,242,1255,259
11443 (Chrnb1)	1209,242,1255,259
11444 (Chrnb2)	1209,242,1255,259
11447 (Chrnd)	1209,242,1255,259
11448 (Chrne)	1209,242,1255,259
11449 (Chrng)	1209,242,1255,259
231252 (Chrna9)	1209,242,1255,259
504186 (Chrna10)	1209,242,1255,259
11606 (Agt)	96,527,142,544
30878 (Apln)	96,578,142,595
225642 (Grp)	96,633,142,650
68039 (Nmb)	96,633,142,650
16644 (Kng1)	96,684,142,701
385643 (Kng2)	96,684,142,701
12266 (C3)	96,734,142,751
15139 (Hc)	96,764,142,781
12424 (Cck)	96,865,142,882
13614 (Edn1)	96,918,142,933
13615 (Edn2)	96,918,142,933
13616 (Edn3)	96,918,142,933
14419 (Gal)	96,967,142,984
58991 (Ghrl)	298,158,344,175
280287 (Kiss1)	299,212,345,229
18976 (Pomc)	299,267,345,284
56183 (Nmu)	299,377,345,394
54615 (Npff)	299,431,345,448
109648 (Npy)	299,485,345,502
19064 (Ppy)	299,485,345,502
217212 (Pyy)	299,485,345,502
208990 (Npb)	299,540,345,557
381073 (Npw)	299,540,345,557
67405 (Nts)	299,594,345,611
15171 (Hcrt)	299,714,345,731
18429 (Oxt)	298,769,344,786
12854 (Cort)	298,827,344,844
20604 (Sst)	298,827,344,844
21333 (Tac1)	299,880,345,897
93670 (Tac4)	299,880,345,897
21333 (Tac1)	299,924,345,941
21334 (Tac2)	299,966,345,983
24111 (Uts2)	505,158,551,175
11998 (Avp)	505,211,551,228
623503 (Prlh)	505,322,551,339
110312 (Pmch)	505,402,551,419
14714 (Gnrh1)	714,318,760,335
11606 (Agt)	712,784,758,801
16336 (Insl3)	713,867,759,884
19773 (Rln1)	713,867,759,884
212108 (Rln3)	713,867,759,884
23919 (Insl5)	713,867,759,884
22044 (Trh)	714,400,760,417
11535 (Adm)	921,175,967,192
116903 (Calcb)	921,175,967,192
12310 (Calca)	921,175,967,192
15874 (Iapp)	921,175,967,192
12918 (Crh)	921,236,967,253
171530 (Ucn2)	921,236,967,253
22226 (Ucn)	921,236,967,253
83428 (Ucn3)	921,236,967,253
14607 (Gip)	921,294,967,311
14526 (Gcg)	921,352,967,369
14526 (Gcg)	921,410,967,427
14601 (Ghrh)	921,469,967,486
114640 (Pth2)	921,528,967,545
19226 (Pth)	921,528,967,545
11516 (Adcyap1)	921,585,967,602
20287 (Sct)	921,644,967,661
22353 (Vip)	921,703,967,720
18610 (Pdyn)	299,667,345,684
18619 (Penk)	299,667,345,684
18976 (Pomc)	299,667,345,684
57277 (Slurp1)	1125,271,1171,288
69462 (Slurp2)	1125,271,1171,288
mmu04080: Neuroactive ligand-receptor interaction	40,45,404,70
