18010 (Neu1)	96,147,126,147,126,151,96,151
23956 (Neu2)	96,147,126,147,126,151,96,151
241159 (Neu4)	96,147,126,147,126,151,96,151
50877 (Neu3)	96,147,126,147,126,151,96,151
12091 (Glb1)	168,147,198,147,198,151,168,151
17159 (Man2b1)	333,152,363,182,367,182,337,152
17160 (Man2b2)	333,152,363,182,367,182,337,152
73744 (Man2c1)	333,152,363,182,367,182,337,152
17159 (Man2b1)	332,238,362,208,366,208,336,238
73744 (Man2c1)	332,238,362,208,366,208,336,238
66848 (Fuca2)	498,153,528,183,532,183,502,153
71665 (Fuca1)	498,153,528,183,532,183,502,153
11593 (Aga)	591,194,621,194,621,198,591,198
15211 (Hexa)	259,147,289,147,289,151,259,151
15212 (Hexb)	259,147,289,147,289,151,259,151
18010 (Neu1)	96,238,126,238,126,242,96,242
23956 (Neu2)	96,238,126,238,126,242,96,242
241159 (Neu4)	96,238,126,238,126,242,96,242
50877 (Neu3)	96,238,126,238,126,242,96,242
12091 (Glb1)	168,238,198,238,198,242,168,242
15211 (Hexa)	259,238,289,238,289,242,259,242
15212 (Hexb)	259,238,289,238,289,242,259,242
238023 (Hexdc)	259,238,289,238,289,242,259,242
15211 (Hexa)	333,194,363,194,363,198,333,198
15212 (Hexb)	333,194,363,194,363,198,333,198
110173 (Manba)	410,194,440,194,440,198,410,198
217364 (Engase)	500,194,530,194,530,198,500,198
18010 (Neu1)	260,344,290,374,294,374,264,344
23956 (Neu2)	260,344,290,374,294,374,264,344
241159 (Neu4)	260,344,290,374,294,374,264,344
50877 (Neu3)	260,344,290,374,294,374,264,344
18010 (Neu1)	97,418,127,418,127,422,97,422
23956 (Neu2)	97,418,127,418,127,422,97,422
241159 (Neu4)	97,418,127,418,127,422,97,422
50877 (Neu3)	97,418,127,418,127,422,97,422
18010 (Neu1)	192,418,222,418,222,422,192,422
23956 (Neu2)	192,418,222,418,222,422,192,422
241159 (Neu4)	192,418,222,418,222,422,192,422
50877 (Neu3)	192,418,222,418,222,422,192,422
12091 (Glb1)	259,419,289,389,293,389,263,419
15211 (Hexa)	349,385,379,415,383,415,353,385
15212 (Hexb)	349,385,379,415,383,415,353,385
18010 (Neu1)	347,464,377,434,381,434,351,464
23956 (Neu2)	347,464,377,434,381,434,351,464
241159 (Neu4)	347,464,377,434,381,434,351,464
50877 (Neu3)	347,464,377,434,381,434,351,464
18010 (Neu1)	254,464,284,464,284,468,254,468
23956 (Neu2)	254,464,284,464,284,468,254,468
241159 (Neu4)	254,464,284,464,284,468,254,468
50877 (Neu3)	254,464,284,464,284,468,254,468
18010 (Neu1)	160,464,190,464,190,468,160,468
23956 (Neu2)	160,464,190,464,190,468,160,468
241159 (Neu4)	160,464,190,464,190,468,160,468
50877 (Neu3)	160,464,190,464,190,468,160,468
18010 (Neu1)	167,341,197,341,197,345,167,345
23956 (Neu2)	167,341,197,341,197,345,167,345
241159 (Neu4)	167,341,197,341,197,345,167,345
50877 (Neu3)	167,341,197,341,197,345,167,345
12091 (Glb1)	422,424,452,424,452,428,422,428
14466 (Gba)	492,424,522,424,522,428,492,428
230101 (Gba2)	492,424,522,424,522,428,492,428
mmu00511: Other glycan degradation	40,45,276,70
mmu00510: N-Glycan biosynthesis	600,118,723,143
mmu00604: Glycosphingolipid biosynthesis - ganglio series	600,321,764,355
