C00334 (4-Aminobutanoate)	445,607,4
C01330 (Sodium cation)	484,512,4
C00076 (Calcium cation)	484,512,4
C00076 (Calcium cation)	484,548,4
C01330 (Sodium cation)	481,688,4
C00076 (Calcium cation)	481,688,4
C00076 (Calcium cation)	482,657,4
C00076 (Calcium cation)	480,873,4
C00076 (Calcium cation)	1119,867,4
C00025 (L-Glutamate)	439,971,4
C00025 (L-Glutamate)	1075,971,4
C01996 (Acetylcholine)	489,481,4
C01996 (Acetylcholine)	492,719,4
C01996 (Acetylcholine)	488,841,4
C01996 (Acetylcholine)	1135,842,4
C00745 (Nicotine)	1115,471,4
C00745 (Nicotine)	1119,717,4
C00745 (Nicotine)	1144,773,4
C00745 (Nicotine)	1126,814,4
C00698 (Cl-)	597,567,4
C01330 (Sodium cation)	597,931,4
C00076 (Calcium cation)	597,931,4
C01330 (Sodium cation)	597,1008,4
C01330 (Sodium cation)	1240,924,4
C00076 (Calcium cation)	1240,924,4
C01330 (Sodium cation)	1235,1000,4
C00076 (Calcium cation)	596,806,4
C01996 (Acetylcholine)	496,778,4
C01996 (Acetylcholine)	1117,524,4
C01996 (Acetylcholine)	1126,667,4
C01996 (Acetylcholine)	1148,1033,4
C01996 (Acetylcholine)	498,1038,4
C00076 (Calcium cation)	596,1066,4
C00076 (Calcium cation)	1236,1067,4
C00745 (Nicotine)	1115,1042,4
C01330 (Sodium cation)	1138,482,4
C01330 (Sodium cation)	1142,701,4
C00334 (4-Aminobutanoate)	198,599,4
C00025 (L-Glutamate)	171,974,4
C00334 (4-Aminobutanoate)	845,601,4
C00025 (L-Glutamate)	810,974,4
C00076 (Calcium cation)	480,914,4
C00076 (Calcium cation)	1120,909,4
11440 (Chrna6)	418,502,464,519
12286 (Cacna1a)	418,540,464,557
12287 (Cacna1b)	418,540,464,557
12286 (Cacna1a)	418,647,464,664
12287 (Cacna1b)	418,647,464,664
11440 (Chrna6)	1056,490,1102,507
12286 (Cacna1a)	1056,539,1102,556
12287 (Cacna1b)	1056,539,1102,556
12286 (Cacna1a)	1056,644,1102,661
12287 (Cacna1b)	1056,644,1102,661
11438 (Chrna4)	1056,685,1102,702
11444 (Chrnb2)	1056,685,1102,702
11441 (Chrna7)	418,864,464,881
11441 (Chrna7)	1056,859,1102,876
11438 (Chrna4)	418,678,464,695
11444 (Chrnb2)	418,678,464,695
110886 (Gabra5)	526,558,572,575
14394 (Gabra1)	526,558,572,575
14395 (Gabra2)	526,558,572,575
14396 (Gabra3)	526,558,572,575
14397 (Gabra4)	526,558,572,575
14399 (Gabra6)	526,558,572,575
14400 (Gabrb1)	526,558,572,575
14401 (Gabrb2)	526,558,572,575
14402 (Gabrb3)	526,558,572,575
14403 (Gabrd)	526,558,572,575
14404 (Gabre)	526,558,572,575
14405 (Gabrg1)	526,558,572,575
14406 (Gabrg2)	526,558,572,575
14407 (Gabrg3)	526,558,572,575
14408 (Gabrr1)	526,558,572,575
14409 (Gabrr2)	526,558,572,575
216643 (Gabrp)	526,558,572,575
328699 (Gabrr3)	526,558,572,575
57249 (Gabrq)	526,558,572,575
110886 (Gabra5)	1165,562,1211,579
14394 (Gabra1)	1165,562,1211,579
14395 (Gabra2)	1165,562,1211,579
14396 (Gabra3)	1165,562,1211,579
14397 (Gabra4)	1165,562,1211,579
14399 (Gabra6)	1165,562,1211,579
14400 (Gabrb1)	1165,562,1211,579
14401 (Gabrb2)	1165,562,1211,579
14402 (Gabrb3)	1165,562,1211,579
14403 (Gabrd)	1165,562,1211,579
14404 (Gabre)	1165,562,1211,579
14405 (Gabrg1)	1165,562,1211,579
14406 (Gabrg2)	1165,562,1211,579
14407 (Gabrg3)	1165,562,1211,579
14408 (Gabrr1)	1165,562,1211,579
14409 (Gabrr2)	1165,562,1211,579
216643 (Gabrp)	1165,562,1211,579
328699 (Gabrr3)	1165,562,1211,579
57249 (Gabrq)	1165,562,1211,579
14810 (Grin1)	526,924,572,941
14811 (Grin2a)	526,924,572,941
14812 (Grin2b)	526,924,572,941
14813 (Grin2c)	526,924,572,941
14814 (Grin2d)	526,924,572,941
170483 (Grin3b)	526,924,572,941
242443 (Grin3a)	526,924,572,941
14799 (Gria1)	525,1000,571,1017
14800 (Gria2)	525,1000,571,1017
14802 (Gria4)	525,1000,571,1017
53623 (Gria3)	525,1000,571,1017
14799 (Gria1)	1165,993,1211,1010
14800 (Gria2)	1165,993,1211,1010
14802 (Gria4)	1165,993,1211,1010
53623 (Gria3)	1165,993,1211,1010
14810 (Grin1)	1165,914,1211,931
14811 (Grin2a)	1165,914,1211,931
14812 (Grin2b)	1165,914,1211,931
14813 (Grin2c)	1165,914,1211,931
14814 (Grin2d)	1165,914,1211,931
170483 (Grin3b)	1165,914,1211,931
242443 (Grin3a)	1165,914,1211,931
11438 (Chrna4)	526,798,572,815
11444 (Chrnb2)	526,798,572,815
11438 (Chrna4)	1165,746,1211,763
11444 (Chrnb2)	1165,746,1211,763
11441 (Chrna7)	525,1057,571,1074
11441 (Chrna7)	1165,1057,1211,1074
22348 (Slc32a1)	218,592,264,609
22348 (Slc32a1)	864,594,910,611
140919 (Slc17a6)	192,965,238,982
216227 (Slc17a8)	192,965,238,982
72961 (Slc17a7)	192,965,238,982
140919 (Slc17a6)	832,965,878,982
216227 (Slc17a8)	832,965,878,982
72961 (Slc17a7)	832,965,878,982
12286 (Cacna1a)	418,906,464,923
12287 (Cacna1b)	418,906,464,923
12286 (Cacna1a)	1056,900,1102,917
12287 (Cacna1b)	1056,900,1102,917
mmu05033: Nicotine addiction	40,45,222,70
mmu04727: GABAergic synapse	111,554,220,588
mmu04724: Glutamatergic synapse	110,914,219,948
mmu04727: GABAergic synapse	746,558,855,592
mmu04724: Glutamatergic synapse	747,917,856,951
mmu04728: Dopaminergic synapse	1368,749,1477,783
