C05981 (Phosphatidylinositol-3,4,5-trisphosphate)	319,866,4
C00165 (Diacylglycerol)	327,788,4
C00076 (Calcium cation)	452,575,4
C01245 (D-myo-Inositol 1,4,5-trisphosphate)	375,575,4
12567 (Cdk4)	1117,724,1163,741
21926 (Tnf)	1117,690,1163,707
12981 (Csf2)	1117,669,1163,686
15978 (Ifng)	1117,648,1163,665
16153 (Il10)	1117,627,1163,644
16191 (Il5)	1117,606,1163,623
16189 (Il4)	1117,585,1163,602
16183 (Il2)	1117,564,1162,581
18035 (Nfkbia)	805,806,851,823
18036 (Nfkbib)	805,806,851,823
18037 (Nfkbie)	805,806,851,823
18033 (Nfkb1)	805,775,851,792
19697 (Rela)	805,775,851,792
16150 (Ikbkb)	628,806,674,823
16151 (Ikbkg)	628,823,674,840
12675 (Chuk)	628,840,674,857
53859 (Map3k14)	559,858,605,875
26410 (Map3k8)	484,858,530,875
11651 (Akt1)	409,858,455,875
11652 (Akt2)	409,858,455,875
23797 (Akt3)	409,858,455,875
240354 (Malt1)	501,813,547,830
12042 (Bcl10)	501,796,547,813
108723 (Card11)	501,779,547,796
18761 (Prkcq)	389,779,435,796
18607 (Pdpk1)	356,895,402,912
14784 (Grb2)	232,908,278,925
18706 (Pik3ca)	232,858,278,875
18707 (Pik3cd)	232,858,278,875
18708 (Pik3r1)	232,858,278,875
18709 (Pik3r2)	232,858,278,875
18710 (Pik3r3)	232,858,278,875
74769 (Pik3cb)	232,858,278,875
12487 (Cd28)	139,872,185,889
54167 (Icos)	139,845,185,862
21947 (Cd40lg)	139,787,185,804
20662 (Sos1)	206,630,252,647
20663 (Sos2)	206,630,252,647
19419 (Rasgrp1)	388,630,434,647
15461 (Hras)	460,630,506,647
16653 (Kras)	460,630,506,647
18176 (Nras)	460,630,506,647
14281 (Fos)	902,630,948,647
16476 (Jun)	902,630,948,647
18018 (Nfatc1)	804,566,850,583
18019 (Nfatc2)	804,566,850,583
18021 (Nfatc3)	804,566,850,583
19055 (Ppp3ca)	533,566,579,583
19056 (Ppp3cb)	533,566,579,583
19057 (Ppp3cc)	533,566,579,583
19058 (Ppp3r1)	533,566,579,583
19059 (Ppp3r2)	533,566,579,583
16428 (Itk)	350,535,396,552
21682 (Tec)	350,535,396,552
18803 (Plcg1)	260,566,306,583
14784 (Grb2)	185,550,231,567
16797 (Lat)	198,434,244,451
17444 (Grap2)	259,414,305,431
22324 (Vav1)	388,457,434,474
22325 (Vav2)	388,457,434,474
57257 (Vav3)	388,457,434,474
11848 (Rhoa)	475,457,521,474
12540 (Cdc42)	475,457,521,474
67653 (4930544G11Rik)	475,457,521,474
18479 (Pak1)	475,388,521,405
18481 (Pak3)	475,388,521,405
214230 (Pak6)	475,388,521,405
224105 (Pak2)	475,388,521,405
241656 (Pak7)	475,388,521,405
70584 (Pak4)	475,388,521,405
17973 (Nck1)	373,388,419,405
17974 (Nck2)	373,388,419,405
16822 (Lcp2)	311,388,357,405
22637 (Zap70)	271,344,317,361
12501 (Cd3e)	139,390,185,407
12500 (Cd3d)	139,373,185,390
12503 (Cd247)	187,352,233,369
12503 (Cd247)	187,335,233,352
14360 (Fyn)	220,299,266,316
12502 (Cd3g)	139,314,185,331
12501 (Cd3e)	139,297,185,314
12504 (Cd4)	139,245,185,262
12525 (Cd8a)	139,245,185,262
12526 (Cd8b1)	139,245,185,262
208650 (Cblb)	350,248,396,265
16818 (Lck)	220,245,266,262
19264 (Ptprc)	139,194,185,211
15170 (Ptpn6)	251,143,297,160
12477 (Ctla4)	139,143,185,160
18566 (Pdcd1)	139,116,185,133
26395 (Map2k1)	602,630,648,647
26396 (Map2k2)	602,630,648,647
110157 (Raf1)	531,630,577,647
26413 (Mapk1)	672,630,718,647
26417 (Mapk3)	672,630,718,647
26409 (Map3k7)	540,737,586,754
26400 (Map2k7)	606,737,652,754
26414 (Mapk10)	672,737,718,754
26419 (Mapk8)	672,737,718,754
26420 (Mapk9)	672,737,718,754
13383 (Dlg1)	638,306,684,323
19094 (Mapk11)	672,344,718,361
26415 (Mapk13)	672,344,718,361
26416 (Mapk14)	672,344,718,361
29857 (Mapk12)	672,344,718,361
56637 (Gsk3b)	484,913,530,930
mmu04514: Cell adhesion molecules (CAMs)	8,379,110,413
mmu04120: Ubiquitin mediated proteolysis	456,239,561,273
mmu04120: Ubiquitin mediated proteolysis	770,909,876,943
mmu04810: Regulation of actin cytoskeleton	587,379,689,413
mmu04660: T cell receptor signaling pathway	40,45,346,70
mmu04010: MAPK signaling pathway	497,653,599,687
mmu04020: Calcium signaling pathway	442,526,544,560
mmu04064: NF-kappa B signaling pathway	772,732,874,766
mmu04151: PI3K-Akt signaling pathway	314,819,416,853
