C00643 (5-Hydroxy-L-tryptophan)	121,536,4
C00780 (Serotonin)	194,539,4
C00780 (Serotonin)	446,475,4
C00575 (3',5'-Cyclic AMP)	980,651,4
C01245 (D-myo-Inositol 1,4,5-trisphosphate)	979,455,4
C00165 (Diacylglycerol)	977,486,4
C00076 (Calcium cation)	1038,450,4
C00780 (Serotonin)	629,584,4
C00780 (Serotonin)	682,772,4
C00076 (Calcium cation)	668,465,4
C00078 (L-Tryptophan)	121,656,4
C00780 (Serotonin)	560,774,4
C05635 (5-Hydroxyindoleacetate)	433,771,4
C00219 (Arachidonate)	980,549,4
C01330 (Sodium cation)	709,572,4
C01245 (D-myo-Inositol 1,4,5-trisphosphate)	616,163,4
C00076 (Calcium cation)	548,170,4
C00076 (Calcium cation)	487,262,4
C00780 (Serotonin)	703,267,4
C00780 (Serotonin)	767,266,4
C14771 (14,15-EET)	1121,536,4
C14770 (11,12-EET)	1121,536,4
C14769 (8,9-EET)	1121,536,4
C14768 (5,6-EET)	1121,536,4
C14775 (14,15-DHET)	1159,536,4
C14774 (11,12-DHET)	1159,536,4
C14773 (8,9-DHET)	1159,536,4
C14772 (5,6-DHET)	1159,536,4
C05356 (5(S)-HPETE)	1121,563,4
C04822 (8(R)-HPETE)	1121,563,4
C14823 (8(S)-HPETE)	1121,563,4
C14821 (9(S)-HPETE)	1121,563,4
C14820 (11(R)-HPETE)	1121,563,4
C14812 (12(R)-HPETE)	1121,563,4
C05965 (12(S)-HPETE)	1121,563,4
C05966 (15(S)-HPETE)	1121,563,4
C00909 (Leukotriene A4)	1160,563,4
C02165 (Leukotriene B4)	1160,563,4
C02166 (Leukotriene C4)	1160,563,4
C05956 (Prostaglandin G2)	1121,593,4
C00427 (Prostaglandin H2)	1121,593,4
C00584 (Prostaglandin E2)	1121,593,4
C05953 (Prostaglandin A2)	1121,593,4
C05955 (Prostaglandin C2)	1121,593,4
C05954 (Prostaglandin B2)	1121,593,4
C00639 (Prostaglandin F2alpha)	1121,593,4
C00696 (Prostaglandin D2)	1121,593,4
C05957 (Prostaglandin J2)	1121,593,4
C02198 (Thromboxane A2)	1160,593,4
C05963 (Thromboxane B2)	1160,593,4
C05964 (11-Dehydro-thromboxane B2)	1160,593,4
C00165 (Diacylglycerol)	986,699,4
C01245 (D-myo-Inositol 1,4,5-trisphosphate)	968,733,4
C00076 (Calcium cation)	1041,732,4
C00238 (Potassium cation)	805,797,4
C00076 (Calcium cation)	718,389,4
C00076 (Calcium cation)	714,741,4
15562 (Htr4)	732,609,778,626
15565 (Htr6)	732,609,778,626
15566 (Htr7)	732,609,778,626
15558 (Htr2a)	662,210,708,227
15559 (Htr2b)	662,210,708,227
15560 (Htr2c)	662,210,708,227
110877 (Slc18a1)	219,532,265,549
214084 (Slc18a2)	219,532,265,549
14683 (Gnas)	815,610,861,627
224129 (Adcy5)	898,641,944,658
18747 (Prkaca)	1019,616,1065,633
18749 (Prkacb)	1019,616,1065,633
14682 (Gnaq)	819,476,865,493
18795 (Plcb1)	897,476,943,493
18796 (Plcb2)	897,476,943,493
18797 (Plcb3)	897,476,943,493
18798 (Plcb4)	897,476,943,493
16438 (Itpr1)	1016,407,1062,424
16439 (Itpr2)	1016,407,1062,424
16440 (Itpr3)	1016,407,1062,424
18750 (Prkca)	1019,476,1065,493
18751 (Prkcb)	1019,476,1065,493
18752 (Prkcg)	1019,476,1065,493
13195 (Ddc)	130,548,176,565
15567 (Slc6a4)	601,764,647,781
12286 (Cacna1a)	601,457,647,474
12287 (Cacna1b)	601,457,647,474
15550 (Htr1a)	732,656,778,673
15551 (Htr1b)	732,656,778,673
15552 (Htr1d)	732,656,778,673
15557 (Htr1f)	732,656,778,673
100503710 (Gm5741)	818,691,864,708
14677 (Gnai1)	818,691,864,708
14678 (Gnai2)	818,691,864,708
14679 (Gnai3)	818,691,864,708
14681 (Gnao1)	818,691,864,708
14688 (Gnb1)	818,691,864,708
14693 (Gnb2)	818,691,864,708
14695 (Gnb3)	818,691,864,708
14696 (Gnb4)	818,691,864,708
14697 (Gnb5)	818,691,864,708
14699 (Gngt1)	818,691,864,708
14700 (Gng10)	818,691,864,708
14701 (Gng12)	818,691,864,708
14702 (Gng2)	818,691,864,708
14704 (Gng3)	818,691,864,708
14706 (Gng4)	818,691,864,708
14707 (Gng5)	818,691,864,708
14708 (Gng7)	818,691,864,708
14709 (Gng8)	818,691,864,708
14710 (Gngt2)	818,691,864,708
64337 (Gng13)	818,691,864,708
66066 (Gng11)	818,691,864,708
223864 (Rapgef3)	1019,656,1065,673
216343 (Tph2)	126,610,172,627
21990 (Tph1)	126,610,172,627
15563 (Htr5a)	732,691,778,708
15564 (Htr5b)	732,691,778,708
109731 (Maob)	473,780,519,797
17161 (Maoa)	473,780,519,797
15567 (Slc6a4)	743,211,789,228
15551 (Htr1b)	541,312,587,329
15558 (Htr2a)	732,472,778,489
15559 (Htr2b)	732,472,778,489
15560 (Htr2c)	732,472,778,489
18783 (Pla2g4a)	896,540,942,557
211429 (Pla2g4b)	896,540,942,557
232889 (Pla2g4c)	896,540,942,557
271844 (Pla2g4f)	896,540,942,557
329502 (Pla2g4e)	896,540,942,557
78390 (Pla2g4d)	896,540,942,557
12288 (Cacna1c)	732,380,778,397
12289 (Cacna1d)	732,380,778,397
12292 (Cacna1s)	732,380,778,397
54652 (Cacna1f)	732,380,778,397
15561 (Htr3a)	732,563,778,580
57014 (Htr3b)	732,563,778,580
14682 (Gnaq)	662,156,708,173
18795 (Plcb1)	663,103,709,120
18796 (Plcb2)	663,103,709,120
18797 (Plcb3)	663,103,709,120
18798 (Plcb4)	663,103,709,120
22063 (Trpc1)	462,210,508,227
16438 (Itpr1)	524,129,570,146
16439 (Itpr2)	524,129,570,146
16440 (Itpr3)	524,129,570,146
100066 (Cyp2j11)	1019,514,1065,531
107141 (Cyp2c50)	1019,514,1065,531
13095 (Cyp2c29)	1019,514,1065,531
13096 (Cyp2c37)	1019,514,1065,531
13097 (Cyp2c38)	1019,514,1065,531
13098 (Cyp2c39)	1019,514,1065,531
13099 (Cyp2c40)	1019,514,1065,531
13101 (Cyp2d10)	1019,514,1065,531
13105 (Cyp2d9)	1019,514,1065,531
13109 (Cyp2j5)	1019,514,1065,531
13110 (Cyp2j6)	1019,514,1065,531
223706 (Cyp2d34)	1019,514,1065,531
226105 (Cyp2c70)	1019,514,1065,531
226143 (Cyp2c23)	1019,514,1065,531
230459 (Cyp2j13)	1019,514,1065,531
242546 (Cyp2j12)	1019,514,1065,531
380997 (Cyp2d12)	1019,514,1065,531
404195 (Cyp2c54)	1019,514,1065,531
433247 (Cyp2c68)	1019,514,1065,531
545123 (Cyp2d11)	1019,514,1065,531
56448 (Cyp2d22)	1019,514,1065,531
665095 (Cyp2j8)	1019,514,1065,531
69888 (Cyp2c66)	1019,514,1065,531
71754 (Cyp2d40)	1019,514,1065,531
72082 (Cyp2c55)	1019,514,1065,531
72303 (Cyp2c65)	1019,514,1065,531
74519 (Cyp2j9)	1019,514,1065,531
76279 (Cyp2d26)	1019,514,1065,531
81906 (Cyp4x1)	1019,514,1065,531
11684 (Alox12)	1019,540,1065,557
11685 (Alox12e)	1019,540,1065,557
11686 (Alox12b)	1019,540,1065,557
11687 (Alox15)	1019,540,1065,557
11688 (Alox8)	1019,540,1065,557
11689 (Alox5)	1019,540,1065,557
19224 (Ptgs1)	1019,569,1065,586
19225 (Ptgs2)	1019,569,1065,586
18795 (Plcb1)	899,691,945,708
18796 (Plcb2)	899,691,945,708
18797 (Plcb3)	899,691,945,708
18798 (Plcb4)	899,691,945,708
16438 (Itpr1)	975,759,1021,776
16439 (Itpr2)	975,759,1021,776
16440 (Itpr3)	975,759,1021,776
12367 (Casp3)	1188,690,1234,707
26413 (Mapk1)	1188,724,1234,741
26417 (Mapk3)	1188,724,1234,741
18750 (Prkca)	1099,690,1145,707
18751 (Prkcb)	1099,690,1145,707
18752 (Prkcg)	1099,690,1145,707
19252 (Dusp1)	1099,724,1145,741
12286 (Cacna1a)	732,734,778,751
12287 (Cacna1b)	732,734,778,751
16519 (Kcnj3)	732,790,778,807
16521 (Kcnj5)	732,790,778,807
16522 (Kcnj6)	732,790,778,807
16524 (Kcnj9)	732,790,778,807
15461 (Hras)	1064,810,1110,827
16653 (Kras)	1064,810,1110,827
18176 (Nras)	1064,810,1110,827
109880 (Braf)	1124,783,1170,800
110157 (Raf1)	1124,783,1170,800
11836 (Araf)	1124,783,1170,800
26395 (Map2k1)	1159,755,1205,772
11820 (App)	1120,658,1166,675
140492 (Kcnn2)	1120,611,1166,628
16508 (Kcnd2)	1120,611,1166,628
14400 (Gabrb1)	1120,634,1166,651
14401 (Gabrb2)	1120,634,1166,651
14402 (Gabrb3)	1120,634,1166,651
26413 (Mapk1)	1127,477,1173,494
26417 (Mapk3)	1127,477,1173,494
mmu04976: Bile secretion	40,45,252,70
mmu00380: Tryptophan metabolism	99,679,191,713
mmu04721: Synaptic vesicle cycle	382,544,488,578
mmu04020: Calcium signaling pathway	843,406,949,440
mmu00590: Arachidonic acid metabolism	1214,495,1318,529
