C00076 (Calcium cation)	602,175,4
C00076 (Calcium cation)	605,1159,4
C00076 (Calcium cation)	603,995,4
C00076 (Calcium cation)	604,1246,4
56513 (Pard6a)	755,1214,801,1231
58220 (Pard6b)	755,1214,801,1231
93737 (Pard6g)	755,1214,801,1231
93742 (Pard3)	755,1180,801,1197
14677 (Gnai1)	210,566,256,583
14678 (Gnai2)	210,566,256,583
14679 (Gnai3)	210,566,256,583
14677 (Gnai1)	580,566,626,583
14678 (Gnai2)	580,566,626,583
14679 (Gnai3)	580,566,626,583
12767 (Cxcr4)	486,566,532,583
26413 (Mapk1)	667,953,713,970
26417 (Mapk3)	667,953,713,970
170758 (Rac3)	580,830,626,847
19353 (Rac1)	580,830,626,847
19354 (Rac2)	580,830,626,847
170758 (Rac3)	667,489,713,506
19353 (Rac1)	667,489,713,506
19354 (Rac2)	667,489,713,506
170758 (Rac3)	754,227,800,244
19353 (Rac1)	754,227,800,244
19354 (Rac2)	754,227,800,244
13176 (Dcc)	486,246,532,263
18019 (Nfatc2)	754,167,800,184
18021 (Nfatc3)	754,167,800,184
73181 (Nfatc4)	754,167,800,184
19055 (Ppp3ca)	667,167,713,184
19056 (Ppp3cb)	667,167,713,184
19057 (Ppp3cc)	667,167,713,184
19058 (Ppp3r1)	667,167,713,184
19059 (Ppp3r2)	667,167,713,184
80883 (Ntng1)	388,120,434,137
57764 (Ntn4)	388,334,434,351
20564 (Slit3)	388,678,434,695
20563 (Slit2)	388,643,434,660
20562 (Slit1)	388,622,434,639
14083 (Ptk2)	132,482,178,499
12540 (Cdc42)	667,632,713,649
19877 (Rock1)	755,532,801,549
19878 (Rock2)	755,532,801,549
18479 (Pak1)	667,830,713,847
18481 (Pak3)	667,830,713,847
214230 (Pak6)	667,830,713,847
224105 (Pak2)	667,830,713,847
241656 (Pak7)	667,830,713,847
70584 (Pak4)	667,830,713,847
11848 (Rhoa)	667,875,713,892
67653 (4930544G11Rik)	667,875,713,892
11848 (Rhoa)	667,532,713,549
67653 (4930544G11Rik)	667,532,713,549
16412 (Itgb1)	486,953,532,970
218397 (Rasa1)	210,430,256,447
13176 (Dcc)	486,229,532,246
12540 (Cdc42)	667,509,713,526
17973 (Nck1)	580,269,626,286
19649 (Robo3)	486,680,532,697
19877 (Rock1)	754,196,800,213
19878 (Rock2)	754,196,800,213
19876 (Robo1)	486,643,532,660
53972 (Ngef)	580,499,626,516
218397 (Rasa1)	580,463,626,480
11350 (Abl1)	580,435,626,452
107448 (Unc5a)	487,327,533,344
107449 (Unc5b)	487,327,533,344
210801 (Unc5d)	487,327,533,344
22253 (Unc5c)	487,327,533,344
12767 (Cxcr4)	293,566,339,583
13835 (Epha1)	486,450,532,467
13836 (Epha2)	486,450,532,467
13837 (Epha3)	486,450,532,467
13838 (Epha4)	486,450,532,467
13839 (Epha5)	486,450,532,467
13840 (Epha6)	486,450,532,467
13841 (Epha7)	486,450,532,467
13842 (Epha8)	486,450,532,467
241568 (Lrrc4c)	486,120,532,137
268902 (Robo2)	486,622,532,639
18209 (Ntn3)	388,310,434,327
14083 (Ptk2)	580,953,626,970
13641 (Efnb1)	293,482,339,499
13642 (Efnb2)	293,482,339,499
13643 (Efnb3)	293,482,339,499
13844 (Ephb2)	486,475,532,492
13845 (Ephb3)	486,475,532,492
13846 (Ephb4)	486,475,532,492
13848 (Ephb6)	486,475,532,492
270190 (Ephb1)	486,475,532,492
20361 (Sema7a)	388,939,434,956
13636 (Efna1)	293,440,339,457
13637 (Efna2)	293,440,339,457
13638 (Efna3)	293,440,339,457
13639 (Efna4)	293,440,339,457
13640 (Efna5)	293,440,339,457
14360 (Fyn)	210,451,256,468
11848 (Rhoa)	667,196,713,213
67653 (4930544G11Rik)	667,196,713,213
18208 (Ntn1)	388,275,434,292
50780 (Rgs3)	210,515,256,532
69632 (Arhgef12)	580,895,626,912
17295 (Met)	486,879,532,896
54712 (Plxnc1)	486,926,532,943
26413 (Mapk1)	755,463,801,480
26417 (Mapk3)	755,463,801,480
140570 (Plxnb2)	486,862,532,879
140571 (Plxnb3)	486,862,532,879
235611 (Plxnb1)	486,862,532,879
18844 (Plxna1)	486,753,532,770
18845 (Plxna2)	486,753,532,770
18846 (Plxna3)	486,753,532,770
243743 (Plxna4)	486,753,532,770
108151 (Sema3d)	388,770,434,787
20346 (Sema3a)	388,770,434,787
20347 (Sema3b)	388,770,434,787
20348 (Sema3c)	388,770,434,787
20349 (Sema3e)	388,770,434,787
20350 (Sema3f)	388,770,434,787
218877 (Sema3g)	388,770,434,787
20358 (Sema6a)	388,911,434,928
20359 (Sema6b)	388,911,434,928
20360 (Sema6c)	388,911,434,928
214968 (Sema6d)	388,911,434,928
20351 (Sema4a)	388,862,434,879
20352 (Sema4b)	388,862,434,879
20353 (Sema4c)	388,862,434,879
20354 (Sema4d)	388,862,434,879
20355 (Sema4f)	388,862,434,879
26456 (Sema4g)	388,862,434,879
20356 (Sema5a)	388,890,434,907
20357 (Sema5b)	388,890,434,907
117600 (Srgap1)	580,632,626,649
14270 (Srgap2)	580,632,626,649
259302 (Srgap3)	580,632,626,649
18186 (Nrp1)	486,770,532,787
16728 (L1cam)	486,808,532,825
18479 (Pak1)	755,499,801,516
18481 (Pak3)	755,499,801,516
214230 (Pak6)	755,499,801,516
224105 (Pak2)	755,499,801,516
241656 (Pak7)	755,499,801,516
70584 (Pak4)	755,499,801,516
20315 (Cxcl12)	388,566,434,583
17974 (Nck2)	210,482,256,499
192198 (Lrrc4)	486,139,532,156
171171 (Ntng2)	388,139,434,156
20779 (Src)	580,344,626,361
15461 (Hras)	667,463,713,480
16653 (Kras)	667,463,713,480
18176 (Nras)	667,463,713,480
19206 (Ptch1)	486,982,532,999
319757 (Smo)	486,1016,532,1033
18750 (Prkca)	580,1016,626,1033
20423 (Shh)	388,1016,434,1033
14360 (Fyn)	580,1082,626,1099
20779 (Src)	580,1082,626,1099
16202 (Ilk)	667,1016,713,1033
12162 (Bmp7)	388,1283,434,1300
12167 (Bmpr1b)	486,1300,532,1317
12168 (Bmpr2)	486,1283,532,1300
238057 (Gdf7)	388,1300,434,1317
16885 (Limk1)	580,1292,626,1309
14365 (Fzd3)	486,1197,532,1214
108058 (Camk2d)	667,1151,713,1168
12322 (Camk2a)	667,1151,713,1168
12323 (Camk2b)	667,1151,713,1168
12325 (Camk2g)	667,1151,713,1168
22417 (Wnt4)	388,1197,434,1214
20187 (Ryk)	486,1131,532,1148
22063 (Trpc1)	486,1152,532,1169
22065 (Trpc3)	486,1152,532,1169
22066 (Trpc4)	486,1152,532,1169
22067 (Trpc5)	486,1152,532,1169
22068 (Trpc6)	486,1152,532,1169
22418 (Wnt5a)	388,1122,434,1139
22419 (Wnt5b)	388,1122,434,1139
18706 (Pik3ca)	580,1197,626,1214
18707 (Pik3cd)	580,1197,626,1214
18708 (Pik3r1)	580,1197,626,1214
18709 (Pik3r2)	580,1197,626,1214
18710 (Pik3r3)	580,1197,626,1214
74769 (Pik3cb)	580,1197,626,1214
56637 (Gsk3b)	844,1197,890,1214
228026 (Pdk1)	667,1197,713,1214
170758 (Rac3)	580,710,626,727
19353 (Rac1)	580,710,626,727
19354 (Rac2)	580,710,626,727
14360 (Fyn)	580,793,626,810
18479 (Pak1)	667,710,713,727
18481 (Pak3)	667,710,713,727
214230 (Pak6)	667,710,713,727
224105 (Pak2)	667,710,713,727
241656 (Pak7)	667,710,713,727
70584 (Pak4)	667,710,713,727
12934 (Dpysl2)	755,779,801,796
11854 (Rhod)	580,734,626,751
65254 (Dpysl5)	755,762,801,779
223881 (Rnd1)	667,734,713,751
16885 (Limk1)	755,710,801,727
16886 (Limk2)	755,710,801,727
12568 (Cdk5)	667,794,713,811
14159 (Fes)	580,770,626,787
12631 (Cfl1)	842,710,888,727
12632 (Cfl2)	842,710,888,727
56637 (Gsk3b)	755,822,801,839
11848 (Rhoa)	755,734,801,751
67653 (4930544G11Rik)	755,734,801,751
223881 (Rnd1)	580,873,626,890
20130 (Rras)	580,852,626,869
110157 (Raf1)	755,875,801,892
18762 (Prkcz)	755,1197,801,1214
12631 (Cfl1)	668,1292,714,1309
12632 (Cfl2)	668,1292,714,1309
19055 (Ppp3ca)	667,1238,713,1255
19056 (Ppp3cb)	667,1238,713,1255
19057 (Ppp3cc)	667,1238,713,1255
19058 (Ppp3r1)	667,1238,713,1255
19059 (Ppp3r2)	667,1238,713,1255
22063 (Trpc1)	486,1238,532,1255
22065 (Trpc3)	486,1238,532,1255
22066 (Trpc4)	486,1238,532,1255
22067 (Trpc5)	486,1238,532,1255
22068 (Trpc6)	486,1238,532,1255
231637 (Ssh1)	755,1238,801,1255
237860 (Ssh2)	755,1238,801,1255
245857 (Ssh3)	755,1238,801,1255
12631 (Cfl1)	844,1238,890,1255
12632 (Cfl2)	844,1238,890,1255
13800 (Enah)	667,435,713,452
11350 (Abl1)	580,608,626,625
13800 (Enah)	667,608,713,625
14365 (Fzd3)	486,1112,532,1129
22063 (Trpc1)	486,167,532,184
22065 (Trpc3)	486,167,532,184
22066 (Trpc4)	486,167,532,184
22067 (Trpc5)	486,167,532,184
22068 (Trpc6)	486,167,532,184
18803 (Plcg1)	580,210,626,227
234779 (Plcg2)	580,210,626,227
17974 (Nck2)	580,674,626,691
18479 (Pak1)	580,657,626,674
18481 (Pak3)	580,657,626,674
214230 (Pak6)	580,657,626,674
224105 (Pak2)	580,657,626,674
241656 (Pak7)	580,657,626,674
70584 (Pak4)	580,657,626,674
170758 (Rac3)	667,666,713,683
19353 (Rac1)	667,666,713,683
19354 (Rac2)	667,666,713,683
117606 (Boc)	486,1048,532,1065
319757 (Smo)	486,1082,532,1099
18479 (Pak1)	667,269,713,286
18481 (Pak3)	667,269,713,286
214230 (Pak6)	667,269,713,286
224105 (Pak2)	667,269,713,286
241656 (Pak7)	667,269,713,286
70584 (Pak4)	667,269,713,286
14083 (Ptk2)	580,238,626,255
20779 (Src)	667,247,713,264
14360 (Fyn)	667,227,713,244
12540 (Cdc42)	754,247,800,264
13176 (Dcc)	487,310,533,327
14083 (Ptk2)	580,293,626,310
19247 (Ptpn11)	580,368,626,385
226251 (Ablim1)	841,238,887,255
231148 (Ablim2)	841,238,887,255
319713 (Ablim3)	841,238,887,255
18007 (Neo1)	486,393,532,410
244058 (Rgma)	388,393,434,410
11848 (Rhoa)	667,393,713,410
67653 (4930544G11Rik)	667,393,713,410
19877 (Rock1)	754,393,800,410
19878 (Rock2)	754,393,800,410
14083 (Ptk2)	580,393,626,410
69632 (Arhgef12)	580,414,626,431
67268 (Myl12a)	841,393,887,410
67938 (Myl12b)	841,393,887,410
98932 (Myl9)	841,393,887,410
mmu04810: Regulation of actin cytoskeleton	852,187,960,221
mmu04810: Regulation of actin cytoskeleton	843,632,951,666
mmu04060: Cytokine-cytokine receptor interaction	358,511,466,547
mmu04010: MAPK signaling pathway	808,451,908,485
mmu04360: Axon guidance	50,55,196,80
mmu04010: MAPK signaling pathway	697,906,801,940
mmu04810: Regulation of actin cytoskeleton	723,558,831,592
mmu04810: Regulation of actin cytoskeleton	806,945,910,979
mmu04310: Wnt signaling pathway	275,1144,379,1180
mmu04810: Regulation of actin cytoskeleton	810,1283,914,1317
