C04549 (1-Phosphatidyl-1D-myo-inositol 3-phosphate)	634,783,4
C04549 (1-Phosphatidyl-1D-myo-inositol 3-phosphate)	428,783,4
C05981 (Phosphatidylinositol-3,4,5-trisphosphate)	1089,351,4
C04549 (1-Phosphatidyl-1D-myo-inositol 3-phosphate)	612,595,4
C05981 (Phosphatidylinositol-3,4,5-trisphosphate)	1088,195,4
C11556 (1-Phosphatidyl-1D-myo-inositol 3,5-bisphosphate)	851,783,4
C04637 (1-Phosphatidyl-D-myo-inositol 4,5-bisphosphate)	989,205,4
C04637 (1-Phosphatidyl-D-myo-inositol 4,5-bisphosphate)	1088,329,4
C04637 (1-Phosphatidyl-D-myo-inositol 4,5-bisphosphate)	449,194,4
C00035 (GDP)	134,508,4
C00044 (GTP)	134,627,4
20844 (Stam)	438,744,484,761
56324 (Stam2)	438,744,484,761
15239 (Hgs)	438,761,484,778
70527 (Stambp)	983,819,1029,836
84092 (Usp8)	983,797,1029,814
103967 (Dnm3)	247,172,293,189
13429 (Dnm1)	247,172,293,189
13430 (Dnm2)	247,172,293,189
107568 (Wwp1)	356,262,402,279
12402 (Cbl)	356,262,402,279
16396 (Itch)	356,262,402,279
17246 (Mdm2)	356,262,402,279
17999 (Nedd4)	356,262,402,279
208650 (Cblb)	356,262,402,279
22034 (Traf6)	356,262,402,279
66313 (Smurf2)	356,262,402,279
67588 (Rnf41)	356,262,402,279
75788 (Smurf1)	356,262,402,279
80794 (Cblc)	356,262,402,279
83814 (Nedd4l)	356,262,402,279
16835 (Ldlr)	510,172,556,189
12757 (Clta)	269,260,315,277
67300 (Cltc)	269,260,315,277
74325 (Cltb)	269,260,315,277
11771 (Ap2a1)	269,277,315,294
11772 (Ap2a2)	269,277,315,294
11773 (Ap2m1)	269,277,315,294
232910 (Ap2s1)	269,277,315,294
71770 (Ap2b1)	269,277,315,294
72543 (Mvb12b)	524,744,570,761
73711 (Mvb12a)	524,744,570,761
107305 (Vps37c)	570,761,616,778
194309 (Vps37d)	570,761,616,778
330192 (Vps37b)	570,761,616,778
52348 (Vps37a)	570,761,616,778
66914 (Vps28)	570,744,616,761
15481 (Hspa8)	362,458,408,475
15482 (Hspa1l)	362,458,408,475
15511 (Hspa1b)	362,458,408,475
15512 (Hspa2)	362,458,408,475
193740 (Hspa1a)	362,458,408,475
72685 (Dnajc6)	362,475,408,492
70160 (Vps36)	642,744,688,761
22088 (Tsg101)	524,761,570,778
28084 (Vps25)	688,751,734,768
27681 (Snf8)	642,761,688,778
208092 (Chmp6)	734,762,780,779
66700 (Chmp3)	826,762,872,779
66371 (Chmp4c)	780,762,826,779
75608 (Chmp4b)	780,762,826,779
234852 (Chmp1a)	825,713,871,730
67028 (2610002M06Rik)	825,713,871,730
67064 (Chmp1b)	825,713,871,730
68942 (Chmp2b)	826,745,872,762
68953 (Chmp2a)	826,745,872,762
18571 (Pdcd6ip)	607,721,653,738
116733 (Vps4a)	893,706,939,723
20479 (Vps4b)	893,706,939,723
66201 (Vta1)	893,722,939,739
76959 (Chmp5)	770,700,816,717
12540 (Cdc42)	864,343,910,360
18759 (Prkci)	864,326,910,343
18762 (Prkcz)	864,326,910,343
56513 (Pard6a)	819,343,865,360
58220 (Pard6b)	819,343,865,360
93737 (Pard6g)	819,343,865,360
93742 (Pard3)	819,326,865,343
11845 (Arf6)	857,92,903,109
15461 (Hras)	910,114,956,131
20779 (Src)	910,92,956,109
19326 (Rab11b)	735,390,781,407
53869 (Rab11a)	735,390,781,407
22042 (Tfrc)	120,172,166,189
13854 (Epn1)	212,237,258,254
13855 (Epn2)	212,237,258,254
71889 (Epn3)	212,237,258,254
13858 (Eps15)	212,254,258,271
13859 (Eps15l1)	212,254,258,271
84092 (Usp8)	312,703,358,720
19344 (Rab5b)	628,558,674,575
19345 (Rab5c)	628,558,674,575
271457 (Rab5a)	628,558,674,575
11845 (Arf6)	908,584,954,601
70527 (Stambp)	312,725,358,742
100017 (Ldlrap1)	509,238,555,255
13132 (Dab2)	509,255,555,272
12765 (Cxcr2)	560,172,606,189
12767 (Cxcr4)	560,172,606,189
12774 (Ccr5)	560,172,606,189
227288 (Cxcr1)	560,172,606,189
13649 (Egfr)	192,172,238,189
14183 (Fgfr2)	192,172,238,189
14184 (Fgfr3)	192,172,238,189
14186 (Fgfr4)	192,172,238,189
16001 (Igf1r)	192,172,238,189
18595 (Pdgfra)	192,172,238,189
58194 (Sh3kbp1)	161,254,207,271
20404 (Sh3gl2)	161,271,207,288
20405 (Sh3gl1)	161,271,207,288
20408 (Sh3gl3)	161,271,207,288
227700 (Sh3glb2)	161,271,207,288
54673 (Sh3glb1)	161,271,207,288
110355 (Grk2)	560,238,606,255
14772 (Grk4)	560,238,606,255
14773 (Grk5)	560,238,606,255
24013 (Grk1)	560,238,606,255
26385 (Grk6)	560,238,606,255
320129 (Grk3)	560,238,606,255
109689 (Arrb1)	560,255,606,272
216869 (Arrb2)	560,255,606,272
11845 (Arf6)	421,92,467,109
52055 (Rab11fip5)	781,390,827,407
74998 (Rab11fip2)	781,390,827,407
75767 (Rab11fip1)	781,390,827,407
18805 (Pld1)	864,370,910,387
18806 (Pld2)	864,370,910,387
18805 (Pld1)	422,135,468,152
18806 (Pld2)	422,135,468,152
18717 (Pip5k1c)	857,114,903,131
18719 (Pip5k1b)	857,114,903,131
18720 (Pip5k1a)	857,114,903,131
227733 (Pip5kl1)	857,114,903,131
18717 (Pip5k1c)	422,114,468,131
18719 (Pip5k1b)	422,114,468,131
18720 (Pip5k1a)	422,114,468,131
227733 (Pip5kl1)	422,114,468,131
216238 (Eea1)	560,580,606,597
54189 (Rabep1)	627,536,673,553
107338 (Gbf1)	147,545,193,562
19157 (Cyth1)	147,545,193,562
19158 (Cyth2)	147,545,193,562
19159 (Cyth3)	147,545,193,562
211673 (Arfgef1)	147,545,193,562
215632 (Psd4)	147,545,193,562
232227 (Iqsec1)	147,545,193,562
234353 (Psd3)	147,545,193,562
243621 (Iqsec3)	147,545,193,562
245666 (Iqsec2)	147,545,193,562
72318 (Cyth4)	147,545,193,562
73728 (Psd)	147,545,193,562
74002 (Psd2)	147,545,193,562
99371 (Arfgef2)	147,545,193,562
106952 (Arap3)	43,545,89,562
13196 (Asap1)	43,545,89,562
140500 (Acap3)	43,545,89,562
211914 (Asap2)	43,545,89,562
212285 (Arap2)	43,545,89,562
213990 (Agap3)	43,545,89,562
216439 (Agap2)	43,545,89,562
216859 (Acap1)	43,545,89,562
216963 (Git1)	43,545,89,562
228998 (Arfgap1)	43,545,89,562
230837 (Asap3)	43,545,89,562
26431 (Git2)	43,545,89,562
347722 (Agap1)	43,545,89,562
66251 (Arfgap3)	43,545,89,562
69710 (Arap1)	43,545,89,562
69780 (Smap2)	43,545,89,562
77038 (Arfgap2)	43,545,89,562
78618 (Acap2)	43,545,89,562
98366 (Smap1)	43,545,89,562
57440 (Ehd3)	742,580,788,597
13660 (Ehd1)	973,503,1019,520
19341 (Rab4a)	685,536,731,553
98878 (Ehd4)	628,580,674,597
259300 (Ehd2)	270,306,316,323
78287 (Rbsn)	744,536,790,553
13660 (Ehd1)	725,489,771,506
216724 (Rufy1)	685,580,731,597
22365 (Vps45)	801,536,847,553
100529082 (Gm11127)	908,173,954,190
110557 (H2-Q6)	908,173,954,190
110558 (H2-Q9)	908,173,954,190
110696 (H2-M10.3)	908,173,954,190
14963 (H2-Bl)	908,173,954,190
14964 (H2-D1)	908,173,954,190
14972 (H2-K1)	908,173,954,190
14980 (H2-L)	908,173,954,190
14985 (H2-M10.1)	908,173,954,190
14990 (H2-M2)	908,173,954,190
14991 (H2-M3)	908,173,954,190
14997 (H2-M9)	908,173,954,190
15006 (H2-Q1)	908,173,954,190
15007 (H2-Q10)	908,173,954,190
15013 (H2-Q2)	908,173,954,190
15015 (H2-Q4)	908,173,954,190
15018 (H2-Q7)	908,173,954,190
15019 (H2-Q8)	908,173,954,190
15024 (H2-T10)	908,173,954,190
15033 (H2-T18)	908,173,954,190
15039 (H2-T22)	908,173,954,190
15040 (H2-T23)	908,173,954,190
15042 (H2-T24)	908,173,954,190
15043 (H2-T3)	908,173,954,190
15051 (H2-T9)	908,173,954,190
224753 (H2-M10.4)	908,173,954,190
224754 (H2-M11)	908,173,954,190
224756 (H2-M1)	908,173,954,190
224761 (H2-M10.5)	908,173,954,190
240095 (H2-M5)	908,173,954,190
333715 (H2-M10.2)	908,173,954,190
399549 (H2-M10.6)	908,173,954,190
547349 (H2-K1)	908,173,954,190
630294 (Gm7030)	908,173,954,190
667803 (H2-T-ps)	908,173,954,190
667977 (Gm8909)	908,173,954,190
69717 (Gm10499)	908,173,954,190
19349 (Rab7)	437,719,483,736
19341 (Rab4a)	474,390,520,407
19349 (Rab7)	700,915,746,932
21812 (Tgfbr1)	70,172,116,189
21813 (Tgfbr2)	70,172,116,189
218441 (Zfyve16)	71,237,117,254
230597 (Zfyve9)	71,237,117,254
17126 (Smad2)	20,253,66,270
17127 (Smad3)	20,253,66,270
18854 (Pml)	71,254,117,271
12389 (Cav1)	1265,237,1311,254
12390 (Cav2)	1265,237,1311,254
12391 (Cav3)	1265,237,1311,254
16184 (Il2ra)	855,172,901,189
16185 (Il2rb)	855,172,901,189
16186 (Il2rg)	855,172,901,189
11848 (Rhoa)	859,235,905,252
67653 (4930544G11Rik)	859,235,905,252
12402 (Cbl)	161,237,207,254
208650 (Cblb)	161,237,207,254
80794 (Cblc)	161,237,207,254
18805 (Pld1)	858,135,904,152
18806 (Pld2)	858,135,904,152
19344 (Rab5b)	1163,598,1209,615
19345 (Rab5c)	1163,598,1209,615
271457 (Rab5a)	1163,598,1209,615
20779 (Src)	1267,279,1313,296
14275 (Folr1)	1096,173,1142,190
14276 (Folr2)	1096,173,1142,190
64931 (Izumo1r)	1096,173,1142,190
105513 (Chmp7)	771,730,817,747
11840 (Arf1)	81,500,127,517
11842 (Arf3)	81,500,127,517
11844 (Arf5)	81,500,127,517
11845 (Arf6)	81,500,127,517
11840 (Arf1)	81,618,127,635
11842 (Arf3)	81,618,127,635
11844 (Arf5)	81,618,127,635
11845 (Arf6)	81,618,127,635
319740 (Zfyve27)	735,450,781,467
16572 (Kif5a)	781,450,827,467
16573 (Kif5b)	781,450,827,467
16574 (Kif5c)	781,450,827,467
68767 (Washc1)	340,639,386,656
28006 (Washc2)	386,638,432,655
67282 (Washc3)	364,655,410,672
319277 (Washc4)	386,605,432,622
223593 (Washc5)	386,622,432,639
12340 (Capza1)	316,613,362,630
12343 (Capza2)	316,613,362,630
12344 (Capza3)	316,613,362,630
229285 (Spg20)	212,271,258,288
12345 (Capzb)	316,596,362,613
77407 (Rab35)	528,390,574,407
19325 (Rab10)	801,513,847,530
69150 (Snx4)	801,558,847,575
30930 (Vps26a)	545,683,591,700
69091 (Vps26b)	545,683,591,700
106572 (Rab31)	801,491,847,508
19334 (Rab22a)	801,491,847,508
56433 (Vps29)	499,683,545,700
65114 (Vps35)	591,683,637,700
17274 (Rab8a)	854,536,900,553
215445 (Rab11fip3)	936,610,982,627
268451 (Rab11fip4)	936,610,982,627
19326 (Rab11b)	959,584,1005,601
53869 (Rab11a)	959,584,1005,601
77407 (Rab35)	854,558,900,575
218038 (Amph)	161,318,207,335
30948 (Bin1)	161,318,207,335
27965 (Spg21)	342,858,388,875
11867 (Arpc1b)	281,639,327,656
56378 (Arpc3)	281,639,327,656
56443 (Arpc1a)	281,639,327,656
67771 (Arpc5)	281,639,327,656
68089 (Arpc4)	281,639,327,656
74192 (Arpc5l)	281,639,327,656
76709 (Arpc2)	281,639,327,656
54198 (Snx3)	500,707,545,724
55988 (Snx12)	500,707,545,724
56440 (Snx1)	400,903,446,920
67804 (Snx2)	400,903,446,920
225861 (Snx32)	446,903,492,920
69178 (Snx5)	446,903,492,920
72183 (Snx6)	446,903,492,920
16004 (Igf2r)	379,880,425,897
73178 (Wasl)	390,320,436,337
215280 (Wipf1)	390,349,436,366
330319 (Wipf3)	390,349,436,366
68524 (Wipf2)	390,349,436,366
11867 (Arpc1b)	449,320,495,337
56378 (Arpc3)	449,320,495,337
56443 (Arpc1a)	449,320,495,337
67771 (Arpc5)	449,320,495,337
68089 (Arpc4)	449,320,495,337
74192 (Arpc5l)	449,320,495,337
76709 (Arpc2)	449,320,495,337
71955 (Ist1)	824,689,870,706
22187 (Ubb)	242,398,288,415
mmu04144: Endocytosis	40,45,160,70
mmu04142: Lysosome	625,937,729,963
mmu04060: Cytokine-cytokine receptor interaction	553,98,705,136
mmu04070: Phosphatidylinositol signaling system	926,270,1039,308
mmu04350: TGF-beta signaling pathway	14,300,115,338
mmu04130: SNARE interactions in vesicular transport	228,831,338,869
