C02189 ([Protein]-L-serine)	75,187,4
G10617 (Dolichyl phosphate D-mannose)	97,123,4
G13082	218,494,4
G13027	218,187,4
G13026	218,341,4
G13085	147,494,4
G13088	218,570,4
G13100	289,494,4
G13028	476,341,4
G13086 (O-Mannose core M2)	476,418,4
G13083	476,494,4
G13089	476,570,4
G13090	422,493,4
G13087	338,187,4
G13092 (Phospho-core M3)	577,187,4
G13093	577,264,4
G13099	1180,341,4
G13096	817,341,4
G13091 (O-mannose core M3)	458,187,4
C01068 (D-Ribitol 5-phosphate)	637,123,4
C00063 (CTP)	594,136,4
C00789 (CDP-ribitol)	637,199,4
G13094	577,341,4
G13095	697,341,4
G13097	937,341,4
G13098	1057,341,4
G13084 (O-Mannose core M1)	218,418,4
14595 (B4galt1)	195,364,241,381
53418 (B4galt2)	195,364,241,381
57370 (B4galt3)	195,364,241,381
217734 (Pomt2)	130,178,176,195
99011 (Pomt1)	130,178,176,195
68273 (Pomgnt1)	195,250,241,267
20441 (St3gal3)	124,444,170,461
280645 (B3gat2)	195,444,241,461
76898 (B3gat1)	195,444,241,461
98388 (Chst10)	195,518,241,535
14345 (Fut4)	266,444,312,461
14348 (Fut9)	266,444,312,461
20441 (St3gal3)	130,643,160,643,160,647,130,647
14595 (B4galt1)	200,643,230,643,230,647,200,647
53418 (B4galt2)	200,643,230,643,230,647,200,647
57370 (B4galt3)	200,643,230,643,230,647,200,647
68273 (Pomgnt1)	290,643,320,643,320,647,290,647
217734 (Pomt2)	365,643,395,643,395,647,365,647
99011 (Pomt1)	365,643,395,643,395,647,365,647
98388 (Chst10)	85,690,115,690,115,694,85,694
280645 (B3gat2)	161,690,191,690,191,694,161,694
76898 (B3gat1)	161,690,191,690,191,694,161,694
14595 (B4galt1)	230,690,260,690,260,694,230,694
53418 (B4galt2)	230,690,260,690,260,694,230,694
57370 (B4galt3)	230,690,260,690,260,694,230,694
217734 (Pomt2)	391,690,421,690,421,694,391,694
99011 (Pomt1)	391,690,421,690,421,694,391,694
68273 (Pomgnt1)	317,690,347,690,347,694,317,694
14595 (B4galt1)	127,745,108,726,112,726,131,745
53418 (B4galt2)	127,745,108,726,112,726,131,745
57370 (B4galt3)	127,745,108,726,112,726,131,745
14345 (Fut4)	108,779,127,760,131,760,112,779
14348 (Fut9)	108,779,127,760,131,760,112,779
68273 (Pomgnt1)	188,752,218,752,218,756,188,756
217734 (Pomt2)	262,752,292,752,292,756,262,756
99011 (Pomt1)	262,752,292,752,292,756,262,756
268510 (Mgat5b)	323,333,369,350
14595 (B4galt1)	451,364,497,381
53418 (B4galt2)	451,364,497,381
57370 (B4galt3)	451,364,497,381
20441 (St3gal3)	399,444,445,461
215494 (Pomgnt2)	251,178,297,195
97884 (B3galnt2)	373,178,419,195
74653 (Pomk)	489,178,535,195
16795 (Large1)	852,332,898,349
228366 (Large2)	852,332,898,349
20441 (St3gal3)	130,860,160,860,160,864,130,864
14595 (B4galt1)	200,859,230,859,230,863,200,863
53418 (B4galt2)	200,859,230,859,230,863,200,863
57370 (B4galt3)	200,859,230,859,230,863,200,863
268510 (Mgat5b)	304,882,286,864,290,864,308,882
68273 (Pomgnt1)	287,912,304,895,308,895,291,912
217734 (Pomt2)	352,887,382,887,382,891,352,891
99011 (Pomt1)	352,887,382,887,382,891,352,891
20441 (St3gal3)	130,912,160,912,160,916,130,916
14595 (B4galt1)	200,911,230,911,230,915,200,915
53418 (B4galt2)	200,911,230,911,230,915,200,915
57370 (B4galt3)	200,911,230,911,230,915,200,915
14595 (B4galt1)	632,860,662,860,662,864,632,864
53418 (B4galt2)	632,860,662,860,662,864,632,864
57370 (B4galt3)	632,860,662,860,662,864,632,864
268510 (Mgat5b)	735,882,717,864,721,864,739,882
68273 (Pomgnt1)	718,913,735,896,739,896,722,913
217734 (Pomt2)	783,888,813,888,813,892,783,892
99011 (Pomt1)	783,888,813,888,813,892,783,892
14595 (B4galt1)	632,911,662,911,662,915,632,915
53418 (B4galt2)	632,911,662,911,662,915,632,915
57370 (B4galt3)	632,911,662,911,662,915,632,915
217734 (Pomt2)	1021,1041,1051,1041,1051,1045,1021,1045
99011 (Pomt1)	1021,1041,1051,1041,1051,1045,1021,1045
215494 (Pomgnt2)	944,1040,974,1040,974,1044,944,1044
97884 (B3galnt2)	855,1040,885,1040,885,1044,855,1044
280645 (B3gat2)	453,444,499,461
76898 (B3gat1)	453,444,499,461
98388 (Chst10)	453,518,499,535
108902 (B4gat1)	729,332,775,349
75847 (Ispd)	614,153,660,170
246179 (Fktn)	554,213,600,230
243853 (Fkrp)	554,291,600,308
216395 (Rxylt1)	609,333,655,350
16795 (Large1)	972,332,1018,349
228366 (Large2)	972,332,1018,349
280645 (B3gat2)	564,860,594,860,594,864,564,864
76898 (B3gat1)	564,860,594,860,594,864,564,864
98388 (Chst10)	492,860,522,860,522,864,492,864
74653 (Pomk)	956,1012,974,1030,978,1030,960,1012
246179 (Fktn)	767,1040,797,1040,797,1044,767,1044
243853 (Fkrp)	696,1040,726,1040,726,1044,696,1044
216395 (Rxylt1)	625,1040,655,1040,655,1044,625,1044
108902 (B4gat1)	560,1040,590,1040,590,1044,560,1044
16795 (Large1)	486,1040,516,1040,516,1044,486,1044
228366 (Large2)	486,1040,516,1040,516,1044,486,1044
16795 (Large1)	417,1040,447,1040,447,1044,417,1044
228366 (Large2)	417,1040,447,1040,447,1044,417,1044
16795 (Large1)	342,1040,372,1040,372,1044,342,1044
228366 (Large2)	342,1040,372,1040,372,1044,342,1044
16795 (Large1)	275,1040,305,1040,305,1044,275,1044
228366 (Large2)	275,1040,305,1040,305,1044,275,1044
16795 (Large1)	201,1040,231,1040,231,1044,201,1044
228366 (Large2)	201,1040,231,1040,231,1044,201,1044
mmu00515: Mannose type O-glycan biosynthesis	40,45,353,70
mmu00510: N-Glycan biosynthesis	186,105,262,139
