G10505 (Hyaluronic acid)	763,792,4
G10505 (Hyaluronic acid)	764,159,4
16772 (Lama1)	691,617,737,634
16773 (Lama2)	691,617,737,634
16774 (Lama3)	691,617,737,634
16775 (Lama4)	691,617,737,634
16776 (Lama5)	691,617,737,634
16777 (Lamb1)	691,617,737,634
16779 (Lamb2)	691,617,737,634
16780 (Lamb3)	691,617,737,634
16782 (Lamc2)	691,617,737,634
226519 (Lamc1)	691,617,737,634
23928 (Lamc3)	691,617,737,634
16772 (Lama1)	734,363,780,380
16773 (Lama2)	734,363,780,380
16774 (Lama3)	734,363,780,380
16775 (Lama4)	734,363,780,380
16776 (Lama5)	734,363,780,380
16777 (Lamb1)	734,363,780,380
16779 (Lamb2)	734,363,780,380
16780 (Lamb3)	734,363,780,380
16782 (Lamc2)	734,363,780,380
226519 (Lamc1)	734,363,780,380
23928 (Lamc3)	734,363,780,380
16772 (Lama1)	734,229,780,246
16773 (Lama2)	734,229,780,246
16774 (Lama3)	734,229,780,246
16775 (Lama4)	734,229,780,246
16776 (Lama5)	734,229,780,246
16777 (Lamb1)	734,229,780,246
16779 (Lamb2)	734,229,780,246
16780 (Lamb3)	734,229,780,246
16782 (Lamc2)	734,229,780,246
226519 (Lamc1)	734,229,780,246
23928 (Lamc3)	734,229,780,246
16772 (Lama1)	461,784,507,801
16773 (Lama2)	461,784,507,801
16774 (Lama3)	461,784,507,801
16775 (Lama4)	461,784,507,801
16776 (Lama5)	461,784,507,801
16777 (Lamb1)	461,784,507,801
16779 (Lamb2)	461,784,507,801
16780 (Lamb3)	461,784,507,801
16782 (Lamc2)	461,784,507,801
226519 (Lamc1)	461,784,507,801
23928 (Lamc3)	461,784,507,801
16772 (Lama1)	461,718,507,735
16773 (Lama2)	461,718,507,735
16774 (Lama3)	461,718,507,735
16775 (Lama4)	461,718,507,735
16776 (Lama5)	461,718,507,735
16777 (Lamb1)	461,718,507,735
16779 (Lamb2)	461,718,507,735
16780 (Lamb3)	461,718,507,735
16782 (Lamc2)	461,718,507,735
226519 (Lamc1)	461,718,507,735
23928 (Lamc3)	461,718,507,735
16772 (Lama1)	271,392,317,409
16773 (Lama2)	271,392,317,409
16774 (Lama3)	271,392,317,409
16775 (Lama4)	271,392,317,409
16776 (Lama5)	271,392,317,409
16777 (Lamb1)	271,392,317,409
16779 (Lamb2)	271,392,317,409
16780 (Lamb3)	271,392,317,409
16782 (Lamc2)	271,392,317,409
226519 (Lamc1)	271,392,317,409
23928 (Lamc3)	271,392,317,409
16772 (Lama1)	78,775,124,792
16773 (Lama2)	78,775,124,792
16774 (Lama3)	78,775,124,792
16775 (Lama4)	78,775,124,792
16776 (Lama5)	78,775,124,792
16777 (Lamb1)	78,775,124,792
16779 (Lamb2)	78,775,124,792
16780 (Lamb3)	78,775,124,792
16782 (Lamc2)	78,775,124,792
226519 (Lamc1)	78,775,124,792
23928 (Lamc3)	78,775,124,792
16772 (Lama1)	78,702,124,719
16773 (Lama2)	78,702,124,719
16774 (Lama3)	78,702,124,719
16775 (Lama4)	78,702,124,719
16776 (Lama5)	78,702,124,719
16777 (Lamb1)	78,702,124,719
16779 (Lamb2)	78,702,124,719
16780 (Lamb3)	78,702,124,719
16782 (Lamc2)	78,702,124,719
226519 (Lamc1)	78,702,124,719
23928 (Lamc3)	78,702,124,719
16772 (Lama1)	78,360,124,377
16773 (Lama2)	78,360,124,377
16774 (Lama3)	78,360,124,377
16775 (Lama4)	78,360,124,377
16776 (Lama5)	78,360,124,377
16777 (Lamb1)	78,360,124,377
16779 (Lamb2)	78,360,124,377
16780 (Lamb3)	78,360,124,377
16782 (Lamc2)	78,360,124,377
226519 (Lamc1)	78,360,124,377
23928 (Lamc3)	78,360,124,377
16772 (Lama1)	78,273,124,290
16773 (Lama2)	78,273,124,290
16774 (Lama3)	78,273,124,290
16775 (Lama4)	78,273,124,290
16776 (Lama5)	78,273,124,290
16777 (Lamb1)	78,273,124,290
16779 (Lamb2)	78,273,124,290
16780 (Lamb3)	78,273,124,290
16782 (Lamc2)	78,273,124,290
226519 (Lamc1)	78,273,124,290
23928 (Lamc3)	78,273,124,290
12824 (Col2a1)	734,559,780,576
12826 (Col4a1)	734,559,780,576
12827 (Col4a2)	734,559,780,576
12828 (Col4a3)	734,559,780,576
12829 (Col4a4)	734,559,780,576
12830 (Col4a5)	734,559,780,576
12833 (Col6a1)	734,559,780,576
12834 (Col6a2)	734,559,780,576
12835 (Col6a3)	734,559,780,576
12839 (Col9a1)	734,559,780,576
12840 (Col9a2)	734,559,780,576
12841 (Col9a3)	734,559,780,576
12842 (Col1a1)	734,559,780,576
12843 (Col1a2)	734,559,780,576
245026 (Col6a6)	734,559,780,576
665033 (Col6a5)	734,559,780,576
68553 (Col6a4)	734,559,780,576
94216 (Col4a6)	734,559,780,576
12824 (Col2a1)	734,260,780,277
12826 (Col4a1)	734,260,780,277
12827 (Col4a2)	734,260,780,277
12828 (Col4a3)	734,260,780,277
12829 (Col4a4)	734,260,780,277
12830 (Col4a5)	734,260,780,277
12833 (Col6a1)	734,260,780,277
12834 (Col6a2)	734,260,780,277
12835 (Col6a3)	734,260,780,277
12839 (Col9a1)	734,260,780,277
12840 (Col9a2)	734,260,780,277
12841 (Col9a3)	734,260,780,277
12842 (Col1a1)	734,260,780,277
12843 (Col1a2)	734,260,780,277
245026 (Col6a6)	734,260,780,277
665033 (Col6a5)	734,260,780,277
68553 (Col6a4)	734,260,780,277
94216 (Col4a6)	734,260,780,277
12824 (Col2a1)	734,179,780,196
12826 (Col4a1)	734,179,780,196
12827 (Col4a2)	734,179,780,196
12828 (Col4a3)	734,179,780,196
12829 (Col4a4)	734,179,780,196
12830 (Col4a5)	734,179,780,196
12833 (Col6a1)	734,179,780,196
12834 (Col6a2)	734,179,780,196
12835 (Col6a3)	734,179,780,196
12839 (Col9a1)	734,179,780,196
12840 (Col9a2)	734,179,780,196
12841 (Col9a3)	734,179,780,196
12842 (Col1a1)	734,179,780,196
12843 (Col1a2)	734,179,780,196
245026 (Col6a6)	734,179,780,196
665033 (Col6a5)	734,179,780,196
68553 (Col6a4)	734,179,780,196
94216 (Col4a6)	734,179,780,196
12824 (Col2a1)	461,670,507,687
12826 (Col4a1)	461,670,507,687
12827 (Col4a2)	461,670,507,687
12828 (Col4a3)	461,670,507,687
12829 (Col4a4)	461,670,507,687
12830 (Col4a5)	461,670,507,687
12833 (Col6a1)	461,670,507,687
12834 (Col6a2)	461,670,507,687
12835 (Col6a3)	461,670,507,687
12839 (Col9a1)	461,670,507,687
12840 (Col9a2)	461,670,507,687
12841 (Col9a3)	461,670,507,687
12842 (Col1a1)	461,670,507,687
12843 (Col1a2)	461,670,507,687
245026 (Col6a6)	461,670,507,687
665033 (Col6a5)	461,670,507,687
68553 (Col6a4)	461,670,507,687
94216 (Col4a6)	461,670,507,687
12824 (Col2a1)	271,515,317,532
12826 (Col4a1)	271,515,317,532
12827 (Col4a2)	271,515,317,532
12828 (Col4a3)	271,515,317,532
12829 (Col4a4)	271,515,317,532
12830 (Col4a5)	271,515,317,532
12833 (Col6a1)	271,515,317,532
12834 (Col6a2)	271,515,317,532
12835 (Col6a3)	271,515,317,532
12839 (Col9a1)	271,515,317,532
12840 (Col9a2)	271,515,317,532
12841 (Col9a3)	271,515,317,532
12842 (Col1a1)	271,515,317,532
12843 (Col1a2)	271,515,317,532
245026 (Col6a6)	271,515,317,532
665033 (Col6a5)	271,515,317,532
68553 (Col6a4)	271,515,317,532
94216 (Col4a6)	271,515,317,532
12824 (Col2a1)	271,449,317,466
12826 (Col4a1)	271,449,317,466
12827 (Col4a2)	271,449,317,466
12828 (Col4a3)	271,449,317,466
12829 (Col4a4)	271,449,317,466
12830 (Col4a5)	271,449,317,466
12833 (Col6a1)	271,449,317,466
12834 (Col6a2)	271,449,317,466
12835 (Col6a3)	271,449,317,466
12839 (Col9a1)	271,449,317,466
12840 (Col9a2)	271,449,317,466
12841 (Col9a3)	271,449,317,466
12842 (Col1a1)	271,449,317,466
12843 (Col1a2)	271,449,317,466
245026 (Col6a6)	271,449,317,466
665033 (Col6a5)	271,449,317,466
68553 (Col6a4)	271,449,317,466
94216 (Col4a6)	271,449,317,466
12824 (Col2a1)	78,432,124,449
12826 (Col4a1)	78,432,124,449
12827 (Col4a2)	78,432,124,449
12828 (Col4a3)	78,432,124,449
12829 (Col4a4)	78,432,124,449
12830 (Col4a5)	78,432,124,449
12833 (Col6a1)	78,432,124,449
12834 (Col6a2)	78,432,124,449
12835 (Col6a3)	78,432,124,449
12839 (Col9a1)	78,432,124,449
12840 (Col9a2)	78,432,124,449
12841 (Col9a3)	78,432,124,449
12842 (Col1a1)	78,432,124,449
12843 (Col1a2)	78,432,124,449
245026 (Col6a6)	78,432,124,449
665033 (Col6a5)	78,432,124,449
68553 (Col6a4)	78,432,124,449
94216 (Col4a6)	78,432,124,449
12824 (Col2a1)	78,249,124,266
12826 (Col4a1)	78,249,124,266
12827 (Col4a2)	78,249,124,266
12828 (Col4a3)	78,249,124,266
12829 (Col4a4)	78,249,124,266
12830 (Col4a5)	78,249,124,266
12833 (Col6a1)	78,249,124,266
12834 (Col6a2)	78,249,124,266
12835 (Col6a3)	78,249,124,266
12839 (Col9a1)	78,249,124,266
12840 (Col9a2)	78,249,124,266
12841 (Col9a3)	78,249,124,266
12842 (Col1a1)	78,249,124,266
12843 (Col1a2)	78,249,124,266
245026 (Col6a6)	78,249,124,266
665033 (Col6a5)	78,249,124,266
68553 (Col6a4)	78,249,124,266
94216 (Col4a6)	78,249,124,266
13138 (Dag1)	818,642,864,659
21923 (Tnc)	734,333,780,350
21960 (Tnr)	734,333,780,350
329278 (Tnn)	734,333,780,350
81877 (Tnxb)	734,333,780,350
243816 (Gp6)	817,559,863,576
54368 (Gp9)	817,527,863,544
14724 (Gp1bb)	817,510,863,527
14723 (Gp1ba)	817,493,863,510
14729 (Gp5)	817,476,863,493
22371 (Vwf)	734,502,780,519
15891 (Ibsp)	461,524,507,541
22371 (Vwf)	461,410,507,427
21923 (Tnc)	461,612,507,629
21960 (Tnr)	461,612,507,629
329278 (Tnn)	461,612,507,629
81877 (Tnxb)	461,612,507,629
21923 (Tnc)	461,248,507,265
21960 (Tnr)	461,248,507,265
329278 (Tnn)	461,248,507,265
81877 (Tnxb)	461,248,507,265
21923 (Tnc)	271,321,317,338
21960 (Tnr)	271,321,317,338
329278 (Tnn)	271,321,317,338
81877 (Tnxb)	271,321,317,338
22370 (Vtn)	461,742,507,759
22370 (Vtn)	461,500,507,517
22370 (Vtn)	461,362,507,379
22370 (Vtn)	461,154,507,171
22370 (Vtn)	271,629,317,646
20750 (Spp1)	461,548,507,565
20750 (Spp1)	461,224,507,241
20750 (Spp1)	271,605,317,622
20750 (Spp1)	271,345,317,362
14268 (Fn1)	734,284,780,301
14268 (Fn1)	734,204,780,221
14268 (Fn1)	461,694,507,711
14268 (Fn1)	461,587,507,604
14268 (Fn1)	461,386,507,403
14268 (Fn1)	461,177,507,194
14268 (Fn1)	271,771,317,788
14268 (Fn1)	271,581,317,598
14268 (Fn1)	271,154,317,171
14268 (Fn1)	78,624,124,641
14268 (Fn1)	78,522,124,539
12845 (Comp)	78,407,124,424
21825 (Thbs1)	78,407,124,424
21826 (Thbs2)	78,407,124,424
21827 (Thbs3)	78,407,124,424
21828 (Thbs4)	78,407,124,424
12845 (Comp)	461,434,507,451
21825 (Thbs1)	461,434,507,451
21826 (Thbs2)	461,434,507,451
21827 (Thbs3)	461,434,507,451
21828 (Thbs4)	461,434,507,451
12845 (Comp)	461,295,507,312
21825 (Thbs1)	461,295,507,312
21826 (Thbs2)	461,295,507,312
21827 (Thbs3)	461,295,507,312
21828 (Thbs4)	461,295,507,312
12845 (Comp)	734,732,780,749
21825 (Thbs1)	734,732,780,749
21826 (Thbs2)	734,732,780,749
21827 (Thbs3)	734,732,780,749
21828 (Thbs4)	734,732,780,749
12845 (Comp)	734,443,780,460
21825 (Thbs1)	734,443,780,460
21826 (Thbs2)	734,443,780,460
21827 (Thbs3)	734,443,780,460
21828 (Thbs4)	734,443,780,460
12845 (Comp)	734,308,780,325
21825 (Thbs1)	734,308,780,325
21826 (Thbs2)	734,308,780,325
21827 (Thbs3)	734,308,780,325
21828 (Thbs4)	734,308,780,325
12824 (Col2a1)	271,369,317,386
12826 (Col4a1)	271,369,317,386
12827 (Col4a2)	271,369,317,386
12828 (Col4a3)	271,369,317,386
12829 (Col4a4)	271,369,317,386
12830 (Col4a5)	271,369,317,386
12833 (Col6a1)	271,369,317,386
12834 (Col6a2)	271,369,317,386
12835 (Col6a3)	271,369,317,386
12839 (Col9a1)	271,369,317,386
12840 (Col9a2)	271,369,317,386
12841 (Col9a3)	271,369,317,386
12842 (Col1a1)	271,369,317,386
12843 (Col1a2)	271,369,317,386
245026 (Col6a6)	271,369,317,386
665033 (Col6a5)	271,369,317,386
68553 (Col6a4)	271,369,317,386
94216 (Col4a6)	271,369,317,386
16416 (Itgb3)	543,406,589,423
16412 (Itgb1)	353,626,399,643
16412 (Itgb1)	353,524,399,541
16412 (Itgb1)	353,457,399,474
16412 (Itgb1)	353,365,399,382
16412 (Itgb1)	353,204,399,221
16412 (Itgb1)	161,783,207,800
16412 (Itgb1)	161,711,207,728
16412 (Itgb1)	161,632,207,649
16412 (Itgb1)	161,544,207,561
16412 (Itgb1)	161,416,207,433
16412 (Itgb1)	161,282,207,299
16403 (Itga6)	544,775,590,792
16410 (Itgav)	544,698,590,715
16410 (Itgav)	544,604,590,621
16410 (Itgav)	544,515,590,532
16410 (Itgav)	543,227,589,244
16401 (Itga4)	353,762,399,779
15366 (Hmmr)	817,784,863,801
16423 (Cd47)	817,732,863,749
13138 (Dag1)	773,642,819,659
12491 (Cd36)	817,443,863,460
64051 (Sv2a)	817,363,863,380
64176 (Sv2b)	817,363,863,380
75209 (Sv2c)	817,363,863,380
20969 (Sdc1)	817,296,863,313
20971 (Sdc4)	817,296,863,313
15530 (Hspg2)	691,667,737,684
192897 (Itgb4)	544,792,590,809
320910 (Itgb8)	544,715,590,732
16420 (Itgb6)	544,621,590,638
16419 (Itgb5)	544,532,590,549
16399 (Itga2b)	543,389,589,406
16416 (Itgb3)	543,244,589,261
16421 (Itgb7)	353,779,399,796
16410 (Itgav)	353,609,399,626
319480 (Itga11)	353,507,399,524
213119 (Itga10)	353,440,399,457
104099 (Itga9)	353,348,399,365
241226 (Itga8)	353,187,399,204
16404 (Itga7)	161,766,207,783
16403 (Itga6)	161,694,207,711
16402 (Itga5)	161,615,207,632
16401 (Itga4)	161,527,207,544
16400 (Itga3)	161,399,207,416
16412 (Itgb1)	161,176,207,193
109700 (Itga1)	161,159,207,176
21923 (Tnc)	271,202,317,219
21960 (Tnr)	271,202,317,219
329278 (Tnn)	271,202,317,219
81877 (Tnxb)	271,202,317,219
22371 (Vwf)	461,201,507,218
22370 (Vtn)	271,178,317,195
114249 (Npnt)	271,226,317,243
14268 (Fn1)	78,456,124,473
15891 (Ibsp)	461,272,507,289
16772 (Lama1)	78,181,124,198
16773 (Lama2)	78,181,124,198
16774 (Lama3)	78,181,124,198
16775 (Lama4)	78,181,124,198
16776 (Lama5)	78,181,124,198
16777 (Lamb1)	78,181,124,198
16779 (Lamb2)	78,181,124,198
16780 (Lamb3)	78,181,124,198
16782 (Lamc2)	78,181,124,198
226519 (Lamc1)	78,181,124,198
23928 (Lamc3)	78,181,124,198
20750 (Spp1)	78,550,124,567
12643 (Chad)	78,297,124,314
12824 (Col2a1)	78,155,124,172
12826 (Col4a1)	78,155,124,172
12827 (Col4a2)	78,155,124,172
12828 (Col4a3)	78,155,124,172
12829 (Col4a4)	78,155,124,172
12830 (Col4a5)	78,155,124,172
12833 (Col6a1)	78,155,124,172
12834 (Col6a2)	78,155,124,172
12835 (Col6a3)	78,155,124,172
12839 (Col9a1)	78,155,124,172
12840 (Col9a2)	78,155,124,172
12841 (Col9a3)	78,155,124,172
12842 (Col1a1)	78,155,124,172
12843 (Col1a2)	78,155,124,172
245026 (Col6a6)	78,155,124,172
665033 (Col6a5)	78,155,124,172
68553 (Col6a4)	78,155,124,172
94216 (Col4a6)	78,155,124,172
19699 (Reln)	78,383,124,400
12505 (Cd44)	817,189,863,206
16398 (Itga2)	161,265,207,282
11603 (Agrn)	691,642,737,659
242022 (Frem2)	271,260,317,277
329872 (Frem1)	271,260,317,277
231470 (Fras1)	271,243,317,260
666279 (Dspp)	271,654,317,671
666279 (Dspp)	461,636,507,653
13406 (Dmp1)	461,318,507,335
mmu04510: Focal adhesion	610,365,714,390
mmu04512: ECM-receptor interaction	40,45,286,70
