C00575 (3',5'-Cyclic AMP)	516,281,4
C00027 (Hydrogen peroxide)	429,828,4
C02140 (Corticosterone)	464,653,4
19122 (Prnp)	887,370,933,387
19122 (Prnp)	263,207,309,224
19122 (Prnp)	263,444,309,461
19122 (Prnp)	263,461,309,478
19122 (Prnp)	263,536,309,553
19122 (Prnp)	492,457,538,474
19122 (Prnp)	492,519,538,536
19122 (Prnp)	664,473,710,490
19122 (Prnp)	665,506,711,523
19122 (Prnp)	858,111,904,128
19122 (Prnp)	1017,111,1063,128
19122 (Prnp)	857,166,903,183
19122 (Prnp)	1018,166,1064,183
19122 (Prnp)	598,99,644,116
19122 (Prnp)	363,96,409,113
19122 (Prnp)	161,465,207,482
19122 (Prnp)	364,146,410,163
19122 (Prnp)	598,144,644,161
19122 (Prnp)	263,255,309,272
19122 (Prnp)	263,322,309,339
19122 (Prnp)	263,519,309,536
19122 (Prnp)	263,402,309,419
19122 (Prnp)	942,556,988,573
19122 (Prnp)	1001,546,1047,563
19122 (Prnp)	1010,584,1056,601
19122 (Prnp)	971,619,1017,636
19122 (Prnp)	928,589,974,606
19122 (Prnp)	263,355,309,372
19122 (Prnp)	446,457,492,474
19122 (Prnp)	446,519,492,536
19122 (Prnp)	263,667,309,684
19122 (Prnp)	263,690,309,707
19122 (Prnp)	263,713,309,730
19122 (Prnp)	1052,225,1098,242
19122 (Prnp)	890,224,936,241
19122 (Prnp)	138,540,184,557
19122 (Prnp)	263,160,309,177
19122 (Prnp)	263,183,309,200
17967 (Ncam1)	438,207,484,224
17968 (Ncam2)	438,207,484,224
226519 (Lamc1)	489,207,535,224
20867 (Stip1)	438,273,484,290
18747 (Prkaca)	550,273,596,290
18749 (Prkacb)	550,273,596,290
20655 (Sod1)	438,239,484,256
12028 (Bax)	438,308,484,325
12259 (C1qa)	87,646,133,663
12260 (C1qb)	87,646,133,663
12262 (C1qc)	87,646,133,663
14360 (Fyn)	438,341,484,358
26395 (Map2k1)	605,687,651,704
26396 (Map2k2)	605,687,651,704
26413 (Mapk1)	707,687,753,704
26417 (Mapk3)	707,687,753,704
13712 (Elk1)	827,687,873,704
13653 (Egr1)	707,750,753,767
20304 (Ccl5)	707,787,753,804
16175 (Il1a)	167,837,213,854
16176 (Il1b)	167,837,213,854
16193 (Il6)	167,859,213,876
18128 (Notch1)	296,758,342,775
12364 (Casp12)	1103,298,1149,315
193740 (Hspa1a)	508,652,554,669
109828 (C7)	298,620,344,637
110382 (C8b)	298,620,344,637
12274 (C6)	298,620,344,637
12279 (C9)	298,620,344,637
15139 (Hc)	298,620,344,637
230558 (C8a)	298,620,344,637
69379 (C8g)	298,620,344,637
14828 (Hspa5)	1011,199,1057,216
mmu05020: Prion diseases	40,45,181,70
mmu04144: Endocytosis	365,593,481,618
mmu03050: Proteasome	1001,334,1117,359
mmu04142: Lysosome	587,591,703,616
mmu04610: Complement and coagulation cascades	42,710,158,744
mmu04210: Apoptosis	717,305,833,330
mmu04140: Autophagy	1025,655,1141,689
mmu04330: Notch signaling pathway	440,720,556,754
