C20640 (Cyclic GMP-AMP)	511,586,4
C05981 (Phosphatidylinositol-3,4,5-trisphosphate)	439,1160,4
C20935 (2-5A)	556,720,4
16992 (Lta)	157,89,203,106
50930 (Tnfsf14)	157,109,203,126
230979 (Tnfrsf14)	240,122,286,139
58235 (Nectin1)	240,153,286,170
231805 (Pilra)	240,203,286,220
22030 (Traf2)	316,122,362,139
22033 (Traf5)	316,122,362,139
18033 (Nfkb1)	799,158,845,175
19697 (Rela)	799,158,845,175
19247 (Ptpn11)	320,203,366,220
12266 (C3)	40,327,86,344
15139 (Hc)	120,364,166,381
18636 (Cfp)	120,383,166,400
142980 (Tlr3)	337,407,383,424
81897 (Tlr9)	337,351,383,368
24088 (Tlr2)	240,285,286,302
106759 (Ticam1)	432,407,478,424
17874 (Myd88)	432,319,478,336
66513 (Tab1)	625,415,671,432
68652 (Tab2)	625,415,671,432
26409 (Map3k7)	625,398,671,415
54123 (Irf7)	726,494,772,511
54131 (Irf3)	726,494,772,511
18035 (Nfkbia)	799,122,845,139
15962 (Ifna1)	1044,496,1090,513
15964 (Ifna11)	1044,496,1090,513
15965 (Ifna2)	1044,496,1090,513
15967 (Ifna4)	1044,496,1090,513
15968 (Ifna5)	1044,496,1090,513
15969 (Ifna6)	1044,496,1090,513
15970 (Ifna7)	1044,496,1090,513
15972 (Ifna9)	1044,496,1090,513
15974 (Ifnab)	1044,496,1090,513
230396 (Ifna13)	1044,496,1090,513
242517 (Ifna15)	1044,496,1090,513
242519 (Ifna12)	1044,496,1090,513
404549 (Ifna14)	1044,496,1090,513
16159 (Il12a)	1096,460,1142,477
16160 (Il12b)	1096,460,1142,477
21926 (Tnf)	1044,460,1090,477
16176 (Il1b)	1096,416,1142,433
16193 (Il6)	1096,438,1142,455
20293 (Ccl12)	1044,416,1090,433
20296 (Ccl2)	1044,416,1090,433
20304 (Ccl5)	1044,438,1090,455
18986 (Pou2f1)	991,674,1037,691
18987 (Pou2f2)	991,674,1037,691
18988 (Pou2f3)	991,674,1037,691
15161 (Hcfc1)	991,657,1037,674
67933 (Hcfc2)	991,657,1037,674
22034 (Traf6)	525,424,571,441
56489 (Ikbke)	625,486,671,503
56480 (Tbk1)	625,503,671,520
230073 (Ddx58)	358,484,404,501
228607 (Mavs)	437,494,483,511
71586 (Ifih1)	358,505,404,522
18854 (Pml)	1010,874,1056,891
20684 (Sp100)	1033,857,1079,874
13163 (Daxx)	987,857,1033,874
22059 (Trp53)	1128,302,1174,319
13666 (Eif2ak3)	456,664,502,681
15467 (Eif2ak1)	456,664,502,681
19106 (Eif2ak2)	456,664,502,681
27103 (Eif2ak4)	456,664,502,681
13665 (Eif2s1)	541,664,587,681
19045 (Ppp1ca)	470,638,516,655
19046 (Ppp1cb)	470,638,516,655
19047 (Ppp1cc)	470,638,516,655
434233 (Ppp1ccb)	470,638,516,655
23960 (Oas1g)	458,712,504,729
23961 (Oas1b)	458,712,504,729
246727 (Oas3)	458,712,504,729
246728 (Oas2)	458,712,504,729
246730 (Oas1a)	458,712,504,729
24014 (Rnasel)	609,712,655,729
100043292 (Gm4340)	1028,1143,1074,1160
21681 (Alyref)	1028,1143,1074,1160
56009 (Alyref2)	1028,1143,1074,1160
170722 (Nxf7)	1052,1195,1098,1212
245610 (Nxf3)	1052,1195,1098,1212
53319 (Nxf1)	1052,1195,1098,1212
83454 (Nxf2)	1052,1195,1098,1212
15975 (Ifnar1)	240,821,286,838
15976 (Ifnar2)	240,821,286,838
15979 (Ifngr1)	240,843,286,860
15980 (Ifngr2)	240,843,286,860
15962 (Ifna1)	161,821,207,838
15964 (Ifna11)	161,821,207,838
15965 (Ifna2)	161,821,207,838
15967 (Ifna4)	161,821,207,838
15968 (Ifna5)	161,821,207,838
15969 (Ifna6)	161,821,207,838
15970 (Ifna7)	161,821,207,838
15972 (Ifna9)	161,821,207,838
15974 (Ifnab)	161,821,207,838
15977 (Ifnb1)	161,821,207,838
230396 (Ifna13)	161,821,207,838
242517 (Ifna15)	161,821,207,838
242519 (Ifna12)	161,821,207,838
404549 (Ifna14)	161,821,207,838
16451 (Jak1)	319,821,365,838
54721 (Tyk2)	319,821,365,838
20846 (Stat1)	475,821,521,838
20847 (Stat2)	475,821,521,838
16391 (Irf9)	840,787,886,804
20846 (Stat1)	476,843,522,860
16451 (Jak1)	319,843,365,860
16452 (Jak2)	319,843,365,860
15978 (Ifng)	161,843,207,860
20815 (Srpk1)	1142,1029,1188,1046
108014 (Srsf9)	1065,1030,1111,1047
110809 (Srsf1)	1065,1030,1111,1047
20382 (Srsf2)	1065,1030,1111,1047
20383 (Srsf3)	1065,1030,1111,1047
20384 (Srsf5)	1065,1030,1111,1047
225027 (Srsf7)	1065,1030,1111,1047
57317 (Srsf4)	1065,1030,1111,1047
67996 (Srsf6)	1065,1030,1111,1047
12702 (Socs3)	348,775,394,792
16149 (Cd74)	783,1036,829,1053
100504404 (H2-Ea-ps)	783,1073,829,1090
14960 (H2-Aa)	783,1073,829,1090
14961 (H2-Ab1)	783,1073,829,1090
14969 (H2-Eb1)	783,1073,829,1090
14998 (H2-DMa)	783,1073,829,1090
14999 (H2-DMb1)	783,1073,829,1090
15000 (H2-DMb2)	783,1073,829,1090
15001 (H2-Oa)	783,1073,829,1090
15002 (H2-Ob)	783,1073,829,1090
14102 (Fas)	240,1259,286,1276
21937 (Tnfrsf1a)	240,1281,286,1298
14103 (Fasl)	163,1259,209,1276
14082 (Fadd)	388,1269,434,1286
12370 (Casp8)	509,1269,555,1286
21926 (Tnf)	163,1281,209,1298
12675 (Chuk)	726,122,772,139
16150 (Ikbkb)	726,122,772,139
16151 (Ikbkg)	726,122,772,139
11796 (Birc3)	1044,136,1090,153
11797 (Birc2)	1044,136,1090,153
11796 (Birc3)	1096,136,1142,153
11797 (Birc2)	1096,136,1142,153
18033 (Nfkb1)	1044,158,1090,175
19697 (Rela)	1096,158,1142,175
20293 (Ccl12)	1044,180,1090,197
20296 (Ccl2)	1044,180,1090,197
18033 (Nfkb1)	799,438,845,455
19697 (Rela)	799,438,845,455
18035 (Nfkbia)	799,407,845,424
12675 (Chuk)	726,407,772,424
16150 (Ikbkb)	726,407,772,424
16151 (Ikbkg)	726,407,772,424
266632 (Irak4)	525,390,571,407
16179 (Irak1)	525,407,571,424
54123 (Irf7)	726,319,772,336
22031 (Traf3)	525,494,571,511
214763 (Cgas)	417,577,463,594
72512 (Tmem173)	558,577,604,594
56480 (Tbk1)	646,577,692,594
100529082 (Gm11127)	607,1003,653,1020
110557 (H2-Q6)	607,1003,653,1020
110558 (H2-Q9)	607,1003,653,1020
110696 (H2-M10.3)	607,1003,653,1020
14963 (H2-Bl)	607,1003,653,1020
14964 (H2-D1)	607,1003,653,1020
14972 (H2-K1)	607,1003,653,1020
14980 (H2-L)	607,1003,653,1020
14985 (H2-M10.1)	607,1003,653,1020
14990 (H2-M2)	607,1003,653,1020
14991 (H2-M3)	607,1003,653,1020
14997 (H2-M9)	607,1003,653,1020
15006 (H2-Q1)	607,1003,653,1020
15007 (H2-Q10)	607,1003,653,1020
15013 (H2-Q2)	607,1003,653,1020
15015 (H2-Q4)	607,1003,653,1020
15018 (H2-Q7)	607,1003,653,1020
15019 (H2-Q8)	607,1003,653,1020
15024 (H2-T10)	607,1003,653,1020
15033 (H2-T18)	607,1003,653,1020
15039 (H2-T22)	607,1003,653,1020
15040 (H2-T23)	607,1003,653,1020
15042 (H2-T24)	607,1003,653,1020
15043 (H2-T3)	607,1003,653,1020
15051 (H2-T9)	607,1003,653,1020
224753 (H2-M10.4)	607,1003,653,1020
224754 (H2-M11)	607,1003,653,1020
224756 (H2-M1)	607,1003,653,1020
224761 (H2-M10.5)	607,1003,653,1020
240095 (H2-M5)	607,1003,653,1020
333715 (H2-M10.2)	607,1003,653,1020
399549 (H2-M10.6)	607,1003,653,1020
547349 (H2-K1)	607,1003,653,1020
630294 (Gm7030)	607,1003,653,1020
667803 (H2-T-ps)	607,1003,653,1020
667977 (Gm8909)	607,1003,653,1020
69717 (Gm10499)	607,1003,653,1020
21354 (Tap1)	607,918,653,935
21355 (Tap2)	607,918,653,935
21356 (Tapbp)	607,935,653,952
14827 (Pdia3)	573,957,619,974
12317 (Calr)	573,974,619,991
12010 (B2m)	572,1042,618,1059
100529082 (Gm11127)	240,1003,286,1020
110557 (H2-Q6)	240,1003,286,1020
110558 (H2-Q9)	240,1003,286,1020
110696 (H2-M10.3)	240,1003,286,1020
14963 (H2-Bl)	240,1003,286,1020
14964 (H2-D1)	240,1003,286,1020
14972 (H2-K1)	240,1003,286,1020
14980 (H2-L)	240,1003,286,1020
14985 (H2-M10.1)	240,1003,286,1020
14990 (H2-M2)	240,1003,286,1020
14991 (H2-M3)	240,1003,286,1020
14997 (H2-M9)	240,1003,286,1020
15006 (H2-Q1)	240,1003,286,1020
15007 (H2-Q10)	240,1003,286,1020
15013 (H2-Q2)	240,1003,286,1020
15015 (H2-Q4)	240,1003,286,1020
15018 (H2-Q7)	240,1003,286,1020
15019 (H2-Q8)	240,1003,286,1020
15024 (H2-T10)	240,1003,286,1020
15033 (H2-T18)	240,1003,286,1020
15039 (H2-T22)	240,1003,286,1020
15040 (H2-T23)	240,1003,286,1020
15042 (H2-T24)	240,1003,286,1020
15043 (H2-T3)	240,1003,286,1020
15051 (H2-T9)	240,1003,286,1020
224753 (H2-M10.4)	240,1003,286,1020
224754 (H2-M11)	240,1003,286,1020
224756 (H2-M1)	240,1003,286,1020
224761 (H2-M10.5)	240,1003,286,1020
240095 (H2-M5)	240,1003,286,1020
333715 (H2-M10.2)	240,1003,286,1020
399549 (H2-M10.6)	240,1003,286,1020
547349 (H2-K1)	240,1003,286,1020
630294 (Gm7030)	240,1003,286,1020
667803 (H2-T-ps)	240,1003,286,1020
667977 (Gm8909)	240,1003,286,1020
69717 (Gm10499)	240,1003,286,1020
71609 (Tradd)	320,1281,366,1298
11651 (Akt1)	480,1152,526,1169
11652 (Akt2)	480,1152,526,1169
23797 (Akt3)	480,1152,526,1169
64930 (Tsc1)	568,1143,614,1160
22084 (Tsc2)	568,1160,614,1177
19744 (Rheb)	647,1152,693,1169
56717 (Mtor)	731,1152,777,1169
13685 (Eif4ebp1)	813,1152,859,1169
18706 (Pik3ca)	351,1152,397,1169
18707 (Pik3cd)	351,1152,397,1169
18708 (Pik3r1)	351,1152,397,1169
18709 (Pik3r2)	351,1152,397,1169
18710 (Pik3r3)	351,1152,397,1169
74769 (Pik3cb)	351,1152,397,1169
12015 (Bad)	575,1383,621,1400
16402 (Itga5)	240,234,286,251
16416 (Itgb3)	240,251,286,268
20779 (Src)	357,243,403,260
20963 (Syk)	476,243,522,260
332579 (Card9)	597,243,643,260
54131 (Irf3)	726,243,772,260
15977 (Ifnb1)	1044,243,1090,260
100039060 (Gm2026)	1154,818,1200,835
100040944 (Gm3055)	1154,818,1200,835
100041677 (Zfp984)	1154,818,1200,835
100043381 (Gm14308)	1154,818,1200,835
100043772 (Zfp850)	1154,818,1200,835
100043915 (Gm4724)	1154,818,1200,835
100233208 (Gm10778)	1154,818,1200,835
100416706 (Zfp729b)	1154,818,1200,835
100502880 (Gm19428)	1154,818,1200,835
101095 (Zfp282)	1154,818,1200,835
101197 (Zfp956)	1154,818,1200,835
101604 (E430018J23Rik)	1154,818,1200,835
101835 (AI451288)	1154,818,1200,835
104349 (Zfp119a)	1154,818,1200,835
105245545 (Gm10323)	1154,818,1200,835
108167848 (Gm12258)	1154,818,1200,835
112415 (Zfp607b)	1154,818,1200,835
170763 (Zfp87)	1154,818,1200,835
170938 (Zfp617)	1154,818,1200,835
192651 (Zfp286)	1154,818,1200,835
193452 (Zfp184)	1154,818,1200,835
195531 (Zfp982)	1154,818,1200,835
208292 (Zfp871)	1154,818,1200,835
210104 (Zfp658)	1154,818,1200,835
210105 (Zfp719)	1154,818,1200,835
210135 (Zfp180)	1154,818,1200,835
210503 (Zfp677)	1154,818,1200,835
210853 (Zfp947)	1154,818,1200,835
212276 (Zfp748)	1154,818,1200,835
212281 (Zfp729a)	1154,818,1200,835
212569 (Zfp273)	1154,818,1200,835
213011 (Zfp583)	1154,818,1200,835
21408 (Zfp354a)	1154,818,1200,835
214779 (Zfp879)	1154,818,1200,835
216177	1154,818,1200,835
218311 (Zfp455)	1154,818,1200,835
218314 (Zfp595)	1154,818,1200,835
223669 (Zfp7)	1154,818,1200,835
224585 (Zfp160)	1154,818,1200,835
224691 (Zfp472)	1154,818,1200,835
224694 (Zfp81)	1154,818,1200,835
224893 (Zfp959)	1154,818,1200,835
22640 (Zfp1)	1154,818,1200,835
22643 (Zfp101)	1154,818,1200,835
22648 (Zfp11)	1154,818,1200,835
22654 (Zfp13)	1154,818,1200,835
22688 (Zfp26)	1154,818,1200,835
22689 (Zfp27)	1154,818,1200,835
22690 (Zfp28)	1154,818,1200,835
22693 (Zfp30)	1154,818,1200,835
22696 (Zfp37)	1154,818,1200,835
22698 (Zfp39)	1154,818,1200,835
22700 (Zfp40)	1154,818,1200,835
22704 (Zfp46)	1154,818,1200,835
22709 (Zfp51)	1154,818,1200,835
22710 (Zfp52)	1154,818,1200,835
22712 (Zfp54)	1154,818,1200,835
22715 (Zfp57)	1154,818,1200,835
22718 (Zfp60)	1154,818,1200,835
22719 (Zfp61)	1154,818,1200,835
22746 (Zfp85)	1154,818,1200,835
22750 (Zfp9)	1154,818,1200,835
22751 (Zfp90)	1154,818,1200,835
22754 (Zfp92)	1154,818,1200,835
22755 (Zfp93)	1154,818,1200,835
22756 (Zfp94)	1154,818,1200,835
22759 (Zfp97)	1154,818,1200,835
22775 (Zik1)	1154,818,1200,835
22776 (Zim1)	1154,818,1200,835
228876 (Zfp334)	1154,818,1200,835
230162 (Zfp189)	1154,818,1200,835
231866 (Zfp12)	1154,818,1200,835
232784 (Zfp212)	1154,818,1200,835
232853 (Zfp954)	1154,818,1200,835
232854 (Zfp418)	1154,818,1200,835
232855 (Zfp772)	1154,818,1200,835
232966 (Zfp114)	1154,818,1200,835
233056 (Zfp790)	1154,818,1200,835
233057 (Zfp940)	1154,818,1200,835
233058 (Zfp420)	1154,818,1200,835
233060 (Zfp382)	1154,818,1200,835
233147 (Zfp939)	1154,818,1200,835
233168	1154,818,1200,835
233890 (Zfp768)	1154,818,1200,835
233893 (Zfp764)	1154,818,1200,835
233987 (Zfp958)	1154,818,1200,835
234358 (Zfp930)	1154,818,1200,835
234362 (Zfp868)	1154,818,1200,835
234413 (Zfp961)	1154,818,1200,835
234725 (Zfp612)	1154,818,1200,835
235028 (Zfp426)	1154,818,1200,835
235047 (Zfp809)	1154,818,1200,835
235048 (Zfp599)	1154,818,1200,835
235050 (Zfp810)	1154,818,1200,835
235907 (Zfp65)	1154,818,1200,835
235956 (Zfp825)	1154,818,1200,835
236193 (Zfp709)	1154,818,1200,835
237411 (Zfp938)	1154,818,1200,835
237758 (Zfp454)	1154,818,1200,835
237775 (Zfp867)	1154,818,1200,835
238690 (Zfp458)	1154,818,1200,835
238692 (Zfp874a)	1154,818,1200,835
238693 (Zfp58)	1154,818,1200,835
239546 (Zfp647)	1154,818,1200,835
239652 (Zfp641)	1154,818,1200,835
240034 (Zfp760)	1154,818,1200,835
240038 (Zfp994)	1154,818,1200,835
240063 (Zfp811)	1154,818,1200,835
240064 (Zfp799)	1154,818,1200,835
240066 (Zfp870)	1154,818,1200,835
240067 (Zfp952)	1154,818,1200,835
240068 (Zfp563)	1154,818,1200,835
240120 (Zfp119b)	1154,818,1200,835
24132 (Zfp53)	1154,818,1200,835
24135 (Zfp68)	1154,818,1200,835
241944 (Zfp267)	1154,818,1200,835
242747 (Zfp933)	1154,818,1200,835
243308 (A430033K04Rik)	1154,818,1200,835
243833 (Zfp128)	1154,818,1200,835
243834 (Zfp324)	1154,818,1200,835
243905 (Zfp568)	1154,818,1200,835
243906 (Zfp14)	1154,818,1200,835
243963 (Zfp473)	1154,818,1200,835
244556 (Zfp791)	1154,818,1200,835
244713 (Zfp317)	1154,818,1200,835
245174 (Zfp937)	1154,818,1200,835
245368 (Zfp300)	1154,818,1200,835
269997 (Zfp747)	1154,818,1200,835
27081 (Zfp275)	1154,818,1200,835
272347 (Zfp398)	1154,818,1200,835
27274 (Zfp354b)	1154,818,1200,835
30944 (Zfp354c)	1154,818,1200,835
319535 (Zfp182)	1154,818,1200,835
319615 (Zfp944)	1154,818,1200,835
328274 (Zfp459)	1154,818,1200,835
330230 (Zfp853)	1154,818,1200,835
330301 (Zfp786)	1154,818,1200,835
330463 (Zfp78)	1154,818,1200,835
330502 (Zfp82)	1154,818,1200,835
330788 (Zfp866)	1154,818,1200,835
338354 (Zfp780b)	1154,818,1200,835
380850 (Gm5141)	1154,818,1200,835
380855 (Rsl1)	1154,818,1200,835
381066 (Zfp948)	1154,818,1200,835
381067 (Zfp229)	1154,818,1200,835
381405 (Zfp663)	1154,818,1200,835
381549 (Zfp69)	1154,818,1200,835
384763 (Zfp667)	1154,818,1200,835
408065 (Zfp456)	1154,818,1200,835
408067 (Zfp874b)	1154,818,1200,835
414758 (Zfp950)	1154,818,1200,835
431706 (Zfp457)	1154,818,1200,835
432769 (Zfp708)	1154,818,1200,835
433801 (Gm13212)	1154,818,1200,835
433804 (Zfp985)	1154,818,1200,835
434178 (Zfp141)	1154,818,1200,835
434179 (Zfp975)	1154,818,1200,835
434377 (Zfp560)	1154,818,1200,835
449000 (Zfp960)	1154,818,1200,835
54201 (Zfp316)	1154,818,1200,835
545471 (Zfp345)	1154,818,1200,835
545938 (Zfp607a)	1154,818,1200,835
54678 (Zfp108)	1154,818,1200,835
56220 (Zfp386)	1154,818,1200,835
56314 (Zfp113)	1154,818,1200,835
56525 (Zfp235)	1154,818,1200,835
56707 (Zfp111)	1154,818,1200,835
56869 (Zfp109)	1154,818,1200,835
57745 (Zfp112)	1154,818,1200,835
57782 (Rbak)	1154,818,1200,835
619310 (Zfp872)	1154,818,1200,835
619331 (Zfp551)	1154,818,1200,835
620419 (Zfp963)	1154,818,1200,835
626316 (Zfp987)	1154,818,1200,835
626391 (Zfp951)	1154,818,1200,835
626802 (Gm14322)	1154,818,1200,835
626832 (Gm6710)	1154,818,1200,835
627914 (Gm14430)	1154,818,1200,835
628709 (Gm10324)	1154,818,1200,835
629016 (Zfp953)	1154,818,1200,835
630579 (Zfp808)	1154,818,1200,835
636741 (Zfp964)	1154,818,1200,835
664987 (Gm14393)	1154,818,1200,835
665001 (Gm14391)	1154,818,1200,835
665211 (Gm14326)	1154,818,1200,835
666532 (Zfp991)	1154,818,1200,835
666584	1154,818,1200,835
667666 (Zfp600)	1154,818,1200,835
668039 (Gm14434)	1154,818,1200,835
668620 (Zfp936)	1154,818,1200,835
66869 (Zfp869)	1154,818,1200,835
668923 (Zfp442)	1154,818,1200,835
675812 (Zfp605)	1154,818,1200,835
67607 (Zfp788)	1154,818,1200,835
67911 (Zfp169)	1154,818,1200,835
69020 (Zfp707)	1154,818,1200,835
69228 (Zfp746)	1154,818,1200,835
69234 (Zfp688)	1154,818,1200,835
69623 (Zfp33b)	1154,818,1200,835
69930 (Zfp715)	1154,818,1200,835
69944 (2810021J22Rik)	1154,818,1200,835
70227 (Zfp619)	1154,818,1200,835
71063 (Zfp597)	1154,818,1200,835
71131 (Zfp689)	1154,818,1200,835
71163 (Zfp626)	1154,818,1200,835
71508 (Zfp935)	1154,818,1200,835
71591 (Zfp251)	1154,818,1200,835
71640 (Zfp949)	1154,818,1200,835
72128 (2610008E11Rik)	1154,818,1200,835
72154 (Zfp157)	1154,818,1200,835
72180 (Zfp661)	1154,818,1200,835
72230 (Zfp558)	1154,818,1200,835
72306 (Zfp777)	1154,818,1200,835
72556 (Zfp566)	1154,818,1200,835
72720 (Zfp248)	1154,818,1200,835
72723 (Zfp74)	1154,818,1200,835
73451 (Zfp763)	1154,818,1200,835
73729 (Zfp383)	1154,818,1200,835
74149 (Zfp946)	1154,818,1200,835
74352 (Zfp84)	1154,818,1200,835
74400 (Zfp819)	1154,818,1200,835
76373 (Zfp773)	1154,818,1200,835
76390 (Zfp735)	1154,818,1200,835
77519 (Zfp266)	1154,818,1200,835
78251 (Zfp712)	1154,818,1200,835
78834 (Zfp623)	1154,818,1200,835
78921 (9130019O22Rik)	1154,818,1200,835
69550 (Bst2)	1205,818,1251,835
13666 (Eif2ak3)	1154,839,1200,856
15467 (Eif2ak1)	1154,839,1200,856
19106 (Eif2ak2)	1154,839,1200,856
27103 (Eif2ak4)	1154,839,1200,856
23960 (Oas1g)	1205,839,1251,856
23961 (Oas1b)	1205,839,1251,856
246727 (Oas3)	1205,839,1251,856
246728 (Oas2)	1205,839,1251,856
246730 (Oas1a)	1205,839,1251,856
15977 (Ifnb1)	1096,496,1142,513
12028 (Bax)	664,1326,710,1343
12018 (Bak1)	664,1348,710,1365
13063 (Cycs)	780,1337,826,1354
13067 (Cyct)	780,1337,826,1354
12367 (Casp3)	959,1337,1005,1354
12371 (Casp9)	883,1337,929,1354
12122 (Bid)	582,1337,628,1354
12043 (Bcl2)	664,1376,710,1393
12048 (Bcl2l1)	664,1398,710,1415
170722 (Nxf7)	1051,1069,1097,1086
245610 (Nxf3)	1051,1069,1097,1086
53319 (Nxf1)	1051,1069,1097,1086
83454 (Nxf2)	1051,1069,1097,1086
12675 (Chuk)	625,319,671,336
108067 (Eif2b3)	624,664,670,681
13667 (Eif2b4)	624,664,670,681
209354 (Eif2b1)	624,664,670,681
217715 (Eif2b2)	624,664,670,681
224045 (Eif2b5)	624,664,670,681
11783 (Apaf1)	780,1367,826,1384
100504404 (H2-Ea-ps)	240,1073,286,1090
14960 (H2-Aa)	240,1073,286,1090
14961 (H2-Ab1)	240,1073,286,1090
14969 (H2-Eb1)	240,1073,286,1090
14998 (H2-DMa)	240,1073,286,1090
14999 (H2-DMb1)	240,1073,286,1090
15000 (H2-DMb2)	240,1073,286,1090
15001 (H2-Oa)	240,1073,286,1090
15002 (H2-Ob)	240,1073,286,1090
mmu05168: Herpes simplex virus 1 infection	40,45,329,70
mmu04610: Complement and coagulation cascades	60,437,195,471
mmu04622: RIG-I-like receptor signaling pathway	819,511,937,545
mmu04620: Toll-like receptor signaling pathway	489,285,607,319
mmu04630: JAK-STAT signaling pathway	696,787,814,821
mmu03040: Spliceosome	1043,957,1135,982
mmu04612: Antigen processing and presentation	296,961,415,995
mmu04210: Apoptosis	682,1245,767,1270
mmu03050: Proteasome	741,886,850,911
mmu04151: PI3K-Akt signaling pathway	382,1112,500,1146
mmu04115: p53 signaling pathway	1053,329,1171,363
