C00533 (Nitric oxide)	115,769,4
C00942 (3',5'-Cyclic GMP)	393,583,4
C00076 (Calcium cation)	642,416,4
C00238 (Potassium cation)	137,344,4
C01245 (D-myo-Inositol 1,4,5-trisphosphate)	638,340,4
C00076 (Calcium cation)	137,186,4
C00533 (Nitric oxide)	505,826,4
C00144 (GMP)	489,685,4
C00575 (3',5'-Cyclic AMP)	304,728,4
C00020 (AMP)	494,730,4
C00076 (Calcium cation)	137,267,4
C00076 (Calcium cation)	128,392,4
C00076 (Calcium cation)	128,476,4
C00238 (Potassium cation)	787,698,4
C00076 (Calcium cation)	998,441,4
C00212 (Adenosine)	115,852,4
C00027 (Hydrogen peroxide)	786,628,4
17931 (Ppp1r12a)	808,572,854,589
19045 (Ppp1ca)	808,572,854,589
19046 (Ppp1cb)	808,572,854,589
19047 (Ppp1cc)	808,572,854,589
434233 (Ppp1ccb)	808,572,854,589
98932 (Myl9)	898,527,944,544
18160 (Npr1)	168,563,214,580
19091 (Prkg1)	464,573,510,590
19092 (Prkg2)	464,573,510,590
234889 (Gucy1a2)	300,761,346,778
239134 (Gucy1b2)	300,761,346,778
54195 (Gucy1b1)	300,761,346,778
60596 (Gucy1a1)	300,761,346,778
16438 (Itpr1)	672,409,718,426
16439 (Itpr2)	672,409,718,426
16440 (Itpr3)	672,409,718,426
100502876 (Kcnmb3)	168,335,214,352
16531 (Kcnma1)	168,335,214,352
16532 (Kcnu1)	168,335,214,352
16533 (Kcnmb1)	168,335,214,352
58802 (Kcnmb4)	168,335,214,352
72413 (Kcnmb2)	168,335,214,352
230103 (Npr2)	168,586,214,603
17540 (Mrvi1)	600,465,646,482
242202 (Pde5a)	445,616,491,633
12788 (Cnga1)	168,646,214,663
333329 (Cngb1)	168,646,214,663
19735 (Rgs2)	451,258,497,275
11548 (Adra1b)	168,112,214,129
11549 (Adra1a)	168,112,214,129
11550 (Adra1d)	168,112,214,129
11551 (Adra2a)	168,112,214,129
11552 (Adra2b)	168,112,214,129
11553 (Adra2c)	168,112,214,129
11607 (Agtr1a)	168,112,214,129
11608 (Agtr1b)	168,112,214,129
13617 (Ednra)	168,112,214,129
13618 (Ednrb)	168,112,214,129
18795 (Plcb1)	558,332,604,349
18796 (Plcb2)	558,332,604,349
18797 (Plcb3)	558,332,604,349
18798 (Plcb4)	558,332,604,349
12288 (Cacna1c)	168,260,214,277
12289 (Cacna1d)	168,260,214,277
12292 (Cacna1s)	168,260,214,277
54652 (Cacna1f)	168,260,214,277
11848 (Rhoa)	618,540,664,557
67653 (4930544G11Rik)	618,540,664,557
19877 (Rock1)	704,540,750,557
19878 (Rock2)	704,540,750,557
14672 (Gna11)	372,112,418,129
14682 (Gnaq)	372,112,418,129
22068 (Trpc6)	168,177,214,194
19055 (Ppp3ca)	497,177,543,194
19056 (Ppp3cb)	497,177,543,194
19057 (Ppp3cc)	497,177,543,194
19058 (Ppp3r1)	497,177,543,194
19059 (Ppp3r2)	497,177,543,194
18018 (Nfatc1)	688,177,734,194
18019 (Nfatc2)	688,177,734,194
18021 (Nfatc3)	688,177,734,194
73181 (Nfatc4)	688,177,734,194
105980076 (Gm45929)	688,141,734,158
17258 (Mef2a)	688,141,734,158
17259 (Mef2b)	688,141,734,158
17260 (Mef2c)	688,141,734,158
17261 (Mef2d)	688,141,734,158
14463 (Gata4)	688,229,734,246
20807 (Srf)	688,212,734,229
11937 (Atp2a1)	716,452,762,469
11938 (Atp2a2)	716,452,762,469
53313 (Atp2a3)	716,452,762,469
18821 (Pln)	686,469,732,486
16523 (Kcnj8)	766,725,812,742
110157 (Raf1)	565,934,611,951
26395 (Map2k1)	644,934,690,951
26396 (Map2k2)	644,934,690,951
26413 (Mapk1)	723,934,769,951
26417 (Mapk3)	723,934,769,951
12015 (Bad)	684,836,730,853
11909 (Atf2)	684,796,730,813
11911 (Atf4)	684,796,730,813
12912 (Creb1)	684,796,730,813
12913 (Creb3)	684,796,730,813
12915 (Atf6b)	684,796,730,813
208647 (Creb3l2)	684,796,730,813
208677 (Creb3l3)	684,796,730,813
231991 (Creb5)	684,796,730,813
26427 (Creb3l1)	684,796,730,813
78284 (Creb3l4)	684,796,730,813
22323 (Vasp)	684,882,730,899
110891 (Slc8a2)	168,381,214,398
110893 (Slc8a3)	168,381,214,398
20541 (Slc8a1)	168,381,214,398
11928 (Atp1a1)	168,426,214,443
11931 (Atp1b1)	168,426,214,443
11932 (Atp1b2)	168,426,214,443
11933 (Atp1b3)	168,426,214,443
11936 (Fxyd2)	168,426,214,443
232975 (Atp1a3)	168,426,214,443
27222 (Atp1a4)	168,426,214,443
67821 (Atp1b4)	168,426,214,443
98660 (Atp1a2)	168,426,214,443
11941 (Atp2b2)	168,467,214,484
320707 (Atp2b3)	168,467,214,484
381290 (Atp2b4)	168,467,214,484
67972 (Atp2b1)	168,467,214,484
14886 (Gtf2i)	568,264,614,281
57080 (Gtf2ird1)	568,264,614,281
18386 (Oprd1)	168,820,214,837
104709 (Pik3r6)	326,880,372,897
30955 (Pik3cg)	326,880,372,897
320207 (Pik3r5)	326,880,372,897
11651 (Akt1)	403,880,449,897
11652 (Akt2)	403,880,449,897
23797 (Akt3)	403,880,449,897
18127 (Nos3)	482,880,528,897
140781 (Myh7)	846,154,892,171
17888 (Myh6)	846,154,892,171
18158 (Nppb)	846,177,892,194
22068 (Trpc6)	846,200,892,217
104110 (Adcy4)	168,718,214,735
104111 (Adcy3)	168,718,214,735
11512 (Adcy6)	168,718,214,735
11513 (Adcy7)	168,718,214,735
11514 (Adcy8)	168,718,214,735
11515 (Adcy9)	168,718,214,735
210044 (Adcy2)	168,718,214,735
224129 (Adcy5)	168,718,214,735
432530 (Adcy1)	168,718,214,735
207728 (Pde2a)	362,706,408,723
18576 (Pde3b)	417,706,463,723
54611 (Pde3a)	417,706,463,723
18754 (Prkce)	842,699,888,716
105675 (Ppif)	842,658,888,675
11739 (Slc25a4)	842,658,888,675
11740 (Slc25a5)	842,658,888,675
22333 (Vdac1)	842,658,888,675
22334 (Vdac2)	842,658,888,675
22335 (Vdac3)	842,658,888,675
73333 (Slc25a31)	842,658,888,675
18754 (Prkce)	689,685,735,702
107589 (Mylk)	808,481,854,498
213435 (Mylk3)	808,481,854,498
228785 (Mylk2)	808,481,854,498
238564 (Mylk4)	808,481,854,498
12313 (Calm1)	897,454,943,471
12314 (Calm2)	897,454,943,471
12315 (Calm3)	897,454,943,471
494124 (Calm5)	897,454,943,471
70405 (Calml3)	897,454,943,471
75600 (Calml4)	897,454,943,471
80796 (Calm4)	897,454,943,471
16367 (Irs1)	248,880,294,897
16369 (Irs3)	248,880,294,897
16370 (Irs4)	248,880,294,897
384783 (Irs2)	248,880,294,897
16337 (Insr)	168,880,214,897
11554 (Adrb1)	168,925,214,942
11555 (Adrb2)	168,925,214,942
11556 (Adrb3)	168,925,214,942
14677 (Gnai1)	248,925,294,942
14678 (Gnai2)	248,925,294,942
14679 (Gnai3)	248,925,294,942
12062 (Bdkrb2)	168,795,214,812
11539 (Adora1)	168,844,214,861
11542 (Adora3)	168,844,214,861
16333 (Ins1)	90,880,136,897
16334 (Ins2)	90,880,136,897
14677 (Gnai1)	248,838,294,855
14678 (Gnai2)	248,838,294,855
14679 (Gnai3)	248,838,294,855
14673 (Gna12)	329,148,375,165
14674 (Gna13)	329,148,375,165
16644 (Kng1)	90,795,136,812
385643 (Kng2)	90,795,136,812
230899 (Nppa)	90,540,136,557
18158 (Nppb)	90,569,136,586
18159 (Nppc)	90,600,136,617
mmu04022: cGMP-PKG signaling pathway	40,45,311,70
mmu04270: Vascular smooth muscle contraction	926,616,1051,650
mmu04020: Calcium signaling pathway	657,315,782,349
mmu04010: MAPK signaling pathway	426,924,551,958
mmu04210: Apoptosis	940,777,1032,802
mmu04744: Phototransduction	225,672,340,697
mmu04151: PI3K-Akt signaling pathway	349,833,474,867
