C01647 (tRNA(Met))	823,504,4
C00044 (GTP)	829,489,4
C00035 (GDP)	892,497,4
C01647 (tRNA(Met))	1017,539,4
C00044 (GTP)	1018,527,4
73192 (Xpot)	85,296,131,313
19384 (Ran)	85,279,131,296
19428 (Rasl2-9)	85,279,131,296
75471 (1700009N14Rik)	85,279,131,296
19384 (Ran)	332,279,378,296
19428 (Rasl2-9)	332,279,378,296
75471 (1700009N14Rik)	332,279,378,296
103573 (Xpo1)	332,296,378,313
433702 (Ncbp1)	332,330,378,347
68092 (Ncbp2)	332,330,378,347
56698 (Phax)	332,313,378,330
12729 (Clns1a)	444,549,490,566
66603 (Gemin2)	467,723,513,740
20595 (Smn1)	467,706,513,723
53975 (Ddx20)	467,689,513,706
216766 (Gemin5)	421,715,467,732
276919 (Gemin4)	513,689,559,706
69731 (Gemin7)	513,723,559,740
237221 (Gemin8)	513,706,559,723
20901 (Strap)	559,723,605,740
116940 (Tgs1)	433,465,479,482
67242 (Gemin6)	513,740,559,757
16211 (Kpnb1)	537,408,583,425
66069 (Snupn)	537,425,583,442
60365 (Rbm8a)	913,706,959,723
17149 (Magoh)	913,723,959,740
66441 (Magohb)	913,723,959,740
192170 (Eif4a3)	959,723,1005,740
668137 (Eif4a3l1)	959,723,1005,740
192160 (Casc3)	959,706,1005,723
56215 (Acin1)	1060,689,1106,706
19826 (Rnps1)	1060,706,1106,723
100041953 (Sap18b)	1014,706,1060,723
20220 (Sap18)	1014,706,1060,723
51796 (Srrm1)	1064,794,1110,811
170722 (Nxf7)	1011,771,1057,788
245610 (Nxf3)	1011,771,1057,788
53319 (Nxf1)	1011,771,1057,788
83454 (Nxf2)	1011,771,1057,788
18949 (Pnn)	1014,723,1060,740
100043292 (Gm4340)	1060,723,1106,740
21681 (Alyref)	1060,723,1106,740
56009 (Alyref2)	1060,723,1106,740
237082 (Nxt2)	1011,788,1057,805
56488 (Nxt1)	1011,788,1057,805
433702 (Ncbp1)	912,132,958,149
68092 (Ncbp2)	912,132,958,149
71844 (Nupl1)	76,826,122,843
70699 (Nup205)	159,826,205,843
227699 (Nup188)	159,843,205,860
18226 (Nup62)	76,809,122,826
108989 (Tpr)	106,689,152,706
218210 (Nup153)	106,739,152,756
71805 (Nup93)	159,809,205,826
269113 (Nup54)	76,843,122,860
18141 (Nup50)	106,714,152,731
170762 (Nup155)	159,866,205,883
114671 (4930444G20Rik)	152,739,198,756
231201 (Susp4)	152,739,198,756
408191 (Gm5415)	152,739,198,756
408192 (Gm9839)	152,739,198,756
75826 (Senp2)	152,739,198,756
269966 (Nup98)	266,741,312,758
69736 (Nup37)	312,713,358,730
110379 (Sec13)	220,729,266,746
59015 (Nup160)	312,730,358,747
103468 (Nup107)	266,758,312,775
445007 (Nup85)	312,747,358,764
72124 (Seh1l)	220,753,266,770
269966 (Nup98)	220,689,266,706
66679 (Rae1)	220,706,266,723
69912 (Nup43)	312,764,358,781
234865 (Nup133)	266,724,312,741
54563 (Nup210)	231,809,277,826
77595 (Nup210l)	231,809,277,826
107939 (Pom121)	231,867,277,884
195236 (Pom121l2)	231,867,277,884
72787 (Ndc1)	231,838,277,855
227720 (Nup214)	298,809,344,826
19069 (Nup88)	298,826,344,843
19386 (Ranbp2)	311,843,357,860
22196 (Ube2i)	357,843,403,860
19387 (Rangap1)	311,860,357,877
170930 (Sumo2)	357,860,403,877
20610 (Sumo3)	357,860,403,877
22218 (Sumo1)	357,860,403,877
231042 (Nupl2)	357,822,403,839
223921 (Aaas)	357,801,403,818
27374 (Prmt5)	444,571,490,588
19384 (Ran)	253,279,299,296
19428 (Rasl2-9)	253,279,299,296
75471 (1700009N14Rik)	253,279,299,296
72322 (Xpo5)	253,296,299,313
13627 (Eef1a1)	253,312,299,329
13628 (Eef1a2)	253,312,299,329
19384 (Ran)	692,288,738,305
19428 (Rasl2-9)	692,288,738,305
75471 (1700009N14Rik)	692,288,738,305
103573 (Xpo1)	692,305,738,324
97112 (Nmd3)	692,322,738,339
19704 (Upf1)	952,771,998,788
53817 (Ddx39b)	1064,771,1110,788
78428 (Pym1)	950,409,996,426
13664 (Eif1a)	703,707,749,724
20918 (Eif1)	703,707,749,724
66235 (Eif1ax)	703,707,749,724
68969 (Eif1b)	703,707,749,724
100042807 (Eif3j2)	703,690,749,707
13669 (Eif3a)	703,690,749,707
16341 (Eif3e)	703,690,749,707
27979 (Eif3b)	703,690,749,707
53356 (Eif3g)	703,690,749,707
54709 (Eif3i)	703,690,749,707
55944 (Eif3d)	703,690,749,707
56347 (Eif3c)	703,690,749,707
66085 (Eif3f)	703,690,749,707
68135 (Eif3h)	703,690,749,707
78655 (Eif3j1)	703,690,749,707
70047 (Trnt1)	253,193,299,210
102614 (Rpp25)	252,121,298,138
117109 (Pop5)	252,121,298,138
208366 (Rpp40)	252,121,298,138
227522 (Rpp38)	252,121,298,138
54364 (Rpp30)	252,121,298,138
66161 (Pop4)	252,121,298,138
67053 (Rpp14)	252,121,298,138
67676 (Rpp21)	252,121,298,138
67724 (Pop1)	252,121,298,138
69961 (Rpp25l)	252,121,298,138
74097 (Pop7)	252,121,298,138
114615 (Elac1)	253,158,299,175
68626 (Elac2)	253,158,299,175
225160 (Thoc1)	1137,688,1183,705
331401 (Thoc2)	1137,705,1183,722
73666 (Thoc3)	1137,784,1183,801
107829 (Thoc5)	1137,722,1183,739
386612 (Thoc6)	1137,739,1183,756
66231 (Thoc7)	1137,756,1183,773
18458 (Pabpc1)	826,772,872,789
18459 (Pabpc2)	826,772,872,789
230721 (Pabpc4)	826,772,872,789
241989 (Pabpc4l)	826,772,872,789
381404 (Pabpc1l)	826,772,872,789
67543 (Pabpc6)	826,772,872,789
93728 (Pabpc5)	826,772,872,789
13665 (Eif2s1)	749,707,795,724
26905 (Eif2s3x)	749,707,795,724
26908 (Eif2s3y)	749,707,795,724
67204 (Eif2s2)	749,707,795,724
218693 (Paip1)	826,789,872,806
13681 (Eif4a1)	749,789,795,806
13682 (Eif4a2)	749,789,795,806
13684 (Eif4e)	703,789,749,806
218268 (Eif4e1b)	703,789,749,806
26987 (Eif4e2)	703,789,749,806
13690 (Eif4g2)	722,772,768,789
208643 (Eif4g1)	722,772,768,789
230861 (Eif4g3)	722,772,768,789
217869 (Eif5)	749,690,795,707
326622 (Upf2)	952,791,998,808
67031 (Upf3a)	952,808,998,825
68134 (Upf3b)	952,808,998,825
75705 (Eif4b)	749,827,795,844
108112 (Eif4ebp3)	626,772,672,789
13685 (Eif4ebp1)	626,772,672,789
13688 (Eif4ebp2)	626,772,672,789
21335 (Tacc3)	626,794,672,811
226982 (Eif5b)	703,731,749,748
108067 (Eif2b3)	827,707,873,724
13667 (Eif2b4)	827,707,873,724
209354 (Eif2b1)	827,707,873,724
217715 (Eif2b2)	827,707,873,724
224045 (Eif2b5)	827,707,873,724
69482 (Nup35)	159,883,205,900
20430 (Cyfip1)	697,827,743,844
76884 (Cyfip2)	697,827,743,844
14265 (Fmr1)	697,844,743,861
14359 (Fxr1)	697,844,743,861
23879 (Fxr2)	697,844,743,861
mmu03013: RNA transport	40,45,176,70
mmu03040: Spliceosome	1044,129,1136,154
mmu03010: Ribosome	680,448,772,473
mmu03015: mRNA surveillance pathway	1105,381,1205,415
mmu03020: RNA polymerase	66,137,158,162
mmu03008: Ribosome biogenesis in eukaryotes	724,161,834,195
