C05981 (Phosphatidylinositol-3,4,5-trisphosphate)	402,619,4
C00165 (Diacylglycerol)	432,483,4
C00076 (Calcium cation)	589,378,4
C01245 (D-myo-Inositol 1,4,5-trisphosphate)	509,378,4
18035 (Nfkbia)	764,590,810,607
18036 (Nfkbib)	764,590,810,607
18037 (Nfkbie)	764,590,810,607
18033 (Nfkb1)	764,560,810,577
19697 (Rela)	764,560,810,577
16150 (Ikbkb)	627,590,673,607
16151 (Ikbkg)	627,573,673,590
12675 (Chuk)	627,556,673,573
56637 (Gsk3b)	543,652,589,668
240354 (Malt1)	530,562,576,579
12042 (Bcl10)	530,545,576,562
108723 (Card11)	530,528,576,545
11651 (Akt1)	449,611,495,628
11652 (Akt2)	449,611,495,628
23797 (Akt3)	449,611,495,628
18751 (Prkcb)	415,528,461,545
22324 (Vav1)	232,639,278,656
22325 (Vav2)	232,639,278,656
57257 (Vav3)	232,639,278,656
18706 (Pik3ca)	307,610,353,627
18707 (Pik3cd)	307,610,353,627
18708 (Pik3r1)	307,610,353,627
18709 (Pik3r2)	307,610,353,627
18710 (Pik3r3)	307,610,353,627
74769 (Pik3cb)	307,610,353,627
12902 (Cr2)	138,628,184,645
12478 (Cd19)	138,608,184,625
12520 (Cd81)	138,588,184,605
68713 (Ifitm1)	138,568,184,585
16331 (Inpp5d)	254,513,300,530
16332 (Inppl1)	254,513,300,530
14130 (Fcgr2b)	138,513,184,530
14281 (Fos)	879,466,925,483
16476 (Jun)	879,466,925,483
15461 (Hras)	542,466,588,483
16653 (Kras)	542,466,588,483
18176 (Nras)	542,466,588,483
240168 (Rasgrp3)	468,466,514,483
18018 (Nfatc1)	764,369,810,386
18019 (Nfatc2)	764,369,810,386
18021 (Nfatc3)	764,369,810,386
19055 (Ppp3ca)	654,370,700,387
19056 (Ppp3cb)	654,370,700,387
19057 (Ppp3cc)	654,370,700,387
19058 (Ppp3r1)	654,370,700,387
19059 (Ppp3r2)	654,370,700,387
170758 (Rac3)	568,315,614,332
19353 (Rac1)	568,315,614,332
19354 (Rac2)	568,315,614,332
22324 (Vav1)	446,315,492,332
22325 (Vav2)	446,315,492,332
57257 (Vav3)	446,315,492,332
234779 (Plcg2)	399,370,445,387
17060 (Blnk)	320,316,366,333
12229 (Btk)	241,326,287,343
17096 (Lyn)	211,272,257,289
666513 (Gm11787)	211,272,257,289
15985 (Cd79b)	138,287,184,304
12518 (Cd79a)	138,270,184,287
20963 (Syk)	280,207,326,224
15170 (Ptpn6)	232,137,278,154
12517 (Cd72)	139,160,185,177
12483 (Cd22)	139,137,185,154
100038909 (Gm14548)	139,114,185,131
100041146 (Gm15448)	139,114,185,131
14728 (Lilrb4a)	139,114,185,131
18722 (Pira1)	139,114,185,131
18724 (Pira11)	139,114,185,131
18725 (Pira2)	139,114,185,131
18726 (Lilra6)	139,114,185,131
18727 (Pira4)	139,114,185,131
18729 (Pira6)	139,114,185,131
18730 (Pira7)	139,114,185,131
18733 (Pirb)	139,114,185,131
232801 (Lilra5)	139,114,185,131
26395 (Map2k1)	690,466,736,483
26396 (Map2k2)	690,466,736,483
26413 (Mapk1)	764,466,810,483
26417 (Mapk3)	764,466,810,483
110157 (Raf1)	616,466,662,483
20662 (Sos1)	360,442,406,459
20663 (Sos2)	360,442,406,459
14784 (Grb2)	340,401,386,418
83490 (Pik3ap1)	283,430,329,447
26377 (Dapp1)	466,268,512,285
mmu04120: Ubiquitin mediated proteolysis	740,656,839,690
mmu04610: Complement and coagulation cascades	10,669,125,703
mmu04810: Regulation of actin cytoskeleton	681,307,782,341
mmu04662: B cell receptor signaling pathway	40,45,351,70
mmu04020: Calcium signaling pathway	585,402,686,436
mmu04010: MAPK signaling pathway	663,496,764,530
mmu04064: NF-kappa B signaling pathway	622,617,723,651
mmu04151: PI3K-Akt signaling pathway	347,651,448,685
