24052 (Sgcd)	586,216,632,233
24053 (Sgcg)	632,216,678,233
24051 (Sgcb)	723,216,769,233
20391 (Sgca)	677,216,723,233
13138 (Dag1)	767,169,813,186
13138 (Dag1)	768,216,814,233
16772 (Lama1)	768,130,814,147
16773 (Lama2)	768,130,814,147
13405 (Dmd)	751,290,797,307
13690 (Eif4g2)	748,491,794,508
208643 (Eif4g1)	748,491,794,508
230861 (Eif4g3)	748,491,794,508
13052 (Cxadr)	390,216,436,233
13136 (Cd55)	480,216,526,233
13137 (Cd55b)	480,216,526,233
12443 (Ccnd1)	565,547,611,564
21939 (Cd40)	151,244,197,261
100504404 (H2-Ea-ps)	205,244,251,261
14960 (H2-Aa)	205,244,251,261
14961 (H2-Ab1)	205,244,251,261
14969 (H2-Eb1)	205,244,251,261
14998 (H2-DMa)	205,244,251,261
14999 (H2-DMb1)	205,244,251,261
15000 (H2-DMb2)	205,244,251,261
15001 (H2-Oa)	205,244,251,261
15002 (H2-Ob)	205,244,251,261
21947 (Cd40lg)	152,307,198,324
100529082 (Gm11127)	330,538,376,555
110557 (H2-Q6)	330,538,376,555
110558 (H2-Q9)	330,538,376,555
110696 (H2-M10.3)	330,538,376,555
14963 (H2-Bl)	330,538,376,555
14964 (H2-D1)	330,538,376,555
14972 (H2-K1)	330,538,376,555
14980 (H2-L)	330,538,376,555
14985 (H2-M10.1)	330,538,376,555
14990 (H2-M2)	330,538,376,555
14991 (H2-M3)	330,538,376,555
14997 (H2-M9)	330,538,376,555
15006 (H2-Q1)	330,538,376,555
15007 (H2-Q10)	330,538,376,555
15013 (H2-Q2)	330,538,376,555
15015 (H2-Q4)	330,538,376,555
15018 (H2-Q7)	330,538,376,555
15019 (H2-Q8)	330,538,376,555
15024 (H2-T10)	330,538,376,555
15033 (H2-T18)	330,538,376,555
15039 (H2-T22)	330,538,376,555
15040 (H2-T23)	330,538,376,555
15042 (H2-T24)	330,538,376,555
15043 (H2-T3)	330,538,376,555
15051 (H2-T9)	330,538,376,555
224753 (H2-M10.4)	330,538,376,555
224754 (H2-M11)	330,538,376,555
224756 (H2-M1)	330,538,376,555
224761 (H2-M10.5)	330,538,376,555
240095 (H2-M5)	330,538,376,555
333715 (H2-M10.2)	330,538,376,555
399549 (H2-M10.6)	330,538,376,555
547349 (H2-K1)	330,538,376,555
630294 (Gm7030)	330,538,376,555
667803 (H2-T-ps)	330,538,376,555
667977 (Gm8909)	330,538,376,555
69717 (Gm10499)	330,538,376,555
12487 (Cd28)	218,564,264,581
12519 (Cd80)	331,565,377,582
12524 (Cd86)	331,565,377,582
12370 (Casp8)	507,639,553,656
12122 (Bid)	582,639,628,656
13063 (Cycs)	791,638,837,655
13067 (Cyct)	791,638,837,655
12371 (Casp9)	872,638,918,655
12367 (Casp3)	953,638,999,655
18646 (Prf1)	270,598,316,615
16408 (Itgal)	216,628,262,645
16414 (Itgb2)	216,628,262,645
16415 (Itgb2l)	216,628,262,645
15894 (Icam1)	330,629,376,646
11461 (Actb)	740,336,786,353
11465 (Actg1)	740,336,786,353
140781 (Myh7)	1148,272,1194,289
17888 (Myh6)	1148,272,1194,289
14360 (Fyn)	490,274,536,291
11350 (Abl1)	547,274,593,291
11352 (Abl2)	547,274,593,291
12389 (Cav1)	489,314,535,331
170758 (Rac3)	568,315,614,332
19353 (Rac1)	568,315,614,332
19354 (Rac2)	568,315,614,332
mmu04260: Cardiac muscle contraction	993,406,1111,440
mmu04512: ECM-receptor interaction	628,140,746,174
mmu03050: Proteasome	645,579,763,604
mmu04612: Antigen processing and presentation	98,126,216,160
mmu04660: T cell receptor signaling pathway	120,363,238,397
mmu04210: Apoptosis	837,664,955,689
mmu04110: Cell cycle	915,578,1033,603
mmu05414: Dilated cardiomyopathy (DCM)	1196,551,1314,585
