C06113 (L-Aspartyl-tRNA(Asn))	337,518,4
C02992 (L-Threonyl-tRNA(Thr))	337,760,4
C02839 (L-Tyrosyl-tRNA(Tyr))	940,967,4
C00078 (L-Tryptophan)	796,1056,4
C03512 (L-Tryptophanyl-tRNA(Trp))	940,1056,4
C00082 (L-Tyrosine)	796,967,4
C00188 (L-Threonine)	194,760,4
C00123 (L-Leucine)	796,245,4
C02047 (L-Leucyl-tRNA)	940,245,4
C00407 (L-Isoleucine)	796,334,4
C03127 (L-Isoleucyl-tRNA(Ile))	940,334,4
C00047 (L-Lysine)	796,423,4
C01931 (L-Lysyl-tRNA)	940,423,4
C00041 (L-Alanine)	194,369,4
C00886 (L-Alanyl-tRNA)	337,369,4
C00183 (L-Valine)	796,156,4
C02554 (L-Valyl-tRNA(Val))	940,156,4
C00073 (L-Methionine)	194,1164,4
C02430 (L-Methionyl-tRNA)	337,1164,4
C00234 (10-Formyltetrahydrofolate)	366,1132,4
C00101 (Tetrahydrofolate)	456,1198,4
C03294 (N-Formylmethionyl-tRNA)	481,1164,4
C00065 (L-Serine)	194,928,4
C02553 (L-Seryl-tRNA(Ser))	337,849,4
C00049 (L-Aspartate)	194,458,4
C02984 (L-Aspartyl-tRNA(Asp))	337,458,4
C00037 (Glycine)	194,671,4
C02412 (Glycyl-tRNA(Gly))	337,671,4
C00148 (L-Proline)	796,700,4
C02702 (L-Prolyl-tRNA(Pro))	940,700,4
C00097 (L-Cysteine)	194,1075,4
C03125 (L-Cysteinyl-tRNA(Cys))	337,1075,4
C00025 (L-Glutamate)	194,156,4
C02987 (L-Glutamyl-tRNA(Glu))	337,156,4
C00064 (L-Glutamine)	194,280,4
C02282 (Glutaminyl-tRNA)	337,280,4
C00062 (L-Arginine)	796,611,4
C02163 (L-Arginyl-tRNA(Arg))	940,611,4
C00079 (L-Phenylalanine)	796,878,4
C03511 (L-Phenylalanyl-tRNA(Phe))	940,878,4
C00135 (L-Histidine)	796,789,4
C02988 (L-Histidyl-tRNA(His))	940,789,4
C00152 (L-Asparagine)	194,582,4
C03402 (L-Asparaginyl-tRNA(Asn))	337,582,4
C06112 (L-Glutamyl-tRNA(Gln))	337,216,4
C17022 (O-Phosphoseryl-tRNA(Cys))	337,1010,4
C06481 (L-Seryl-tRNA(Sec))	337,929,4
C16638 (O-Phosphoseryl-tRNA(Sec))	437,929,4
C06482 (L-Selenocysteinyl-tRNA(Sec))	534,929,4
C16138 (L-Pyrrolysine)	796,522,4
C17027 (L-Pyrrolysyl-tRNA(Pyl))	940,522,4
C01005 (O-Phospho-L-serine)	192,1010,4
105148 (Iars)	852,326,898,343
381314 (Iars2)	852,326,898,343
244141 (Nars2)	248,574,294,591
70223 (Nars)	248,574,294,591
15115 (Hars)	852,781,898,798
70791 (Hars2)	852,781,898,798
23874 (Farsb)	852,870,898,887
66590 (Farsa)	852,870,898,887
69955 (Fars2)	852,870,898,887
104458 (Rars)	852,602,898,619
109093 (Rars2)	852,602,898,619
97541 (Qars)	248,272,294,289
27267 (Cars)	248,1067,294,1084
71941 (Cars2)	248,1067,294,1084
353172 (Gars)	248,663,294,680
226414 (Dars)	248,439,294,456
226539 (Dars2)	248,439,294,456
20226 (Sars)	248,841,294,858
71984 (Sars2)	248,841,294,858
212679 (Mars2)	248,1156,294,1173
216443 (Mars)	248,1156,294,1173
22321 (Vars)	852,148,898,165
68915 (Vars2)	852,148,898,165
224805 (Aars2)	248,362,294,379
234734 (Aars)	248,362,294,379
85305 (Kars)	852,415,898,432
102436 (Lars2)	852,237,898,254
107045 (Lars)	852,237,898,254
110960 (Tars)	248,752,294,769
272396 (Tarsl2)	248,752,294,769
71807 (Tars2)	248,752,294,769
22375 (Wars)	852,1048,898,1065
70560 (Wars2)	852,1048,898,1065
69606 (Mtfmt)	386,1156,432,1173
107271 (Yars)	852,959,898,976
70120 (Yars2)	852,959,898,976
107508 (Eprs)	852,692,898,709
230577 (Pars2)	852,692,898,709
107508 (Eprs)	248,137,294,154
67417 (Ears2)	248,137,294,154
229487 (Gatb)	315,236,361,253
384281 (Gatc)	315,236,361,253
76563 (Qrsl1)	315,236,361,253
229487 (Gatb)	314,539,360,556
384281 (Gatc)	314,539,360,556
76563 (Qrsl1)	314,539,360,556
20226 (Sars)	248,921,294,938
71984 (Sars2)	248,921,294,938
214580 (Pstk)	360,920,406,937
211006 (Sepsecs)	457,921,503,938
17729 (TrnE)	205,111,251,128
17740 (TrnQ)	205,237,251,254
17726 (TrnA)	205,324,251,341
17728 (TrnD)	205,413,251,430
17742 (TrnS1)	205,805,251,822
17743 (TrnS2)	205,805,251,822
17744 (TrnT)	205,716,251,733
17738 (TrnN)	205,540,251,557
17731 (TrnG)	205,626,251,643
17727 (TrnC)	205,1032,251,1049
17737 (TrnM)	205,1119,251,1136
17745 (TrnV)	810,111,856,128
17735 (TrnL1)	810,201,856,218
17736 (TrnL2)	810,201,856,218
17733 (TrnI)	810,289,856,306
17734 (TrnK)	810,379,856,396
17741 (TrnR)	810,568,856,585
17739 (TrnP)	810,655,856,672
17732 (TrnH)	810,744,856,761
17730 (TrnF)	810,834,856,851
17747 (TrnY)	810,923,856,940
17746 (TrnW)	810,1012,856,1029
mmu00970: Aminoacyl-tRNA biosynthesis	40,45,296,70
mmu00290: Valine	626,229,754,263
leucine and isoleucine biosynthesis	626,229,754,263
mmu00270: Cysteine and methionine metabolism	43,1103,176,1137
mmu00330: Arginine and proline metabolism	632,637,748,671
mmu00380: Tryptophan metabolism	647,1039,721,1073
mmu00250: Alanine	43,306,170,340
aspartate and glutamate metabolism	43,306,170,340
mmu00340: Histidine metabolism	647,772,724,806
mmu00400: Phenylalanine	614,908,768,942
tyrosine and tryptophan biosynthesis	614,908,768,942
mmu00260: Glycine	43,809,169,843
serine and threonine metabolism	43,809,169,843
map00300: Lysine biosynthesis	652,454,729,488
