20890 (Wnt8a)	125,423,171,440
216795 (Wnt9a)	125,423,171,440
22408 (Wnt1)	125,423,171,440
22409 (Wnt10a)	125,423,171,440
22410 (Wnt10b)	125,423,171,440
22411 (Wnt11)	125,423,171,440
22412 (Wnt9b)	125,423,171,440
22413 (Wnt2)	125,423,171,440
22414 (Wnt2b)	125,423,171,440
22415 (Wnt3)	125,423,171,440
22416 (Wnt3a)	125,423,171,440
22417 (Wnt4)	125,423,171,440
22418 (Wnt5a)	125,423,171,440
22419 (Wnt5b)	125,423,171,440
22420 (Wnt6)	125,423,171,440
22421 (Wnt7a)	125,423,171,440
22422 (Wnt7b)	125,423,171,440
22423 (Wnt8b)	125,423,171,440
93735 (Wnt16)	125,423,171,440
11789 (Apc)	495,407,541,424
23805 (Apc2)	495,407,541,424
12005 (Axin1)	449,407,495,424
12006 (Axin2)	449,407,495,424
13542 (Dvl1)	316,424,362,441
13543 (Dvl2)	316,424,362,441
13544 (Dvl3)	316,424,362,441
14362 (Fzd1)	223,423,269,440
14365 (Fzd3)	223,423,269,440
14366 (Fzd4)	223,423,269,440
14367 (Fzd5)	223,423,269,440
14368 (Fzd6)	223,423,269,440
14369 (Fzd7)	223,423,269,440
14370 (Fzd8)	223,423,269,440
14371 (Fzd9)	223,423,269,440
57265 (Fzd2)	223,423,269,440
93897 (Fzd10)	223,423,269,440
12387 (Ctnnb1)	489,424,535,441
56637 (Gsk3b)	406,424,452,441
21414 (Tcf7)	588,424,634,441
16878 (Lif)	125,172,171,189
16195 (Il6st)	221,172,267,189
16880 (Lifr)	221,172,267,189
16451 (Jak1)	314,142,360,159
16452 (Jak2)	314,142,360,159
16453 (Jak3)	314,142,360,159
20848 (Stat3)	410,142,456,159
16600 (Klf4)	771,142,817,159
18706 (Pik3ca)	314,234,360,251
18707 (Pik3cd)	314,234,360,251
18708 (Pik3r1)	314,234,360,251
18709 (Pik3r2)	314,234,360,251
18710 (Pik3r3)	314,234,360,251
74769 (Pik3cb)	314,234,360,251
11651 (Akt1)	410,234,456,251
11652 (Akt2)	410,234,456,251
23797 (Akt3)	410,234,456,251
21386 (Tbx3)	771,233,817,250
14784 (Grb2)	314,197,360,214
16323 (Inhba)	125,248,171,265
16324 (Inhbb)	125,248,171,265
16325 (Inhbc)	125,248,171,265
16326 (Inhbe)	125,248,171,265
11479 (Acvr1b)	221,261,267,278
11480 (Acvr2a)	221,261,267,278
11481 (Acvr2b)	221,261,267,278
269275 (Acvr1c)	221,261,267,278
17126 (Smad2)	316,261,362,278
17127 (Smad3)	316,261,362,278
12159 (Bmp4)	125,349,171,366
11477 (Acvr1)	221,349,267,366
12166 (Bmpr1a)	221,349,267,366
12167 (Bmpr1b)	221,349,267,366
12168 (Bmpr2)	221,349,267,366
26413 (Mapk1)	424,339,470,356
26417 (Mapk3)	424,339,470,356
71950 (Nanog)	989,230,1035,247
18999 (Pou5f1)	939,319,985,336
20674 (Sox2)	899,142,945,159
12159 (Bmp4)	125,745,171,762
11477 (Acvr1)	222,745,268,762
12166 (Bmpr1a)	222,745,268,762
12167 (Bmpr1b)	222,745,268,762
12168 (Bmpr2)	222,745,268,762
15461 (Hras)	315,875,361,892
16653 (Kras)	315,875,361,892
18176 (Nras)	315,875,361,892
110157 (Raf1)	407,875,453,892
26395 (Map2k1)	501,875,547,892
26396 (Map2k2)	501,875,547,892
26413 (Mapk1)	588,875,634,892
26417 (Mapk3)	588,875,634,892
18706 (Pik3ca)	315,921,361,938
18707 (Pik3cd)	315,921,361,938
18708 (Pik3r1)	315,921,361,938
18709 (Pik3r2)	315,921,361,938
18710 (Pik3r3)	315,921,361,938
74769 (Pik3cb)	315,921,361,938
11651 (Akt1)	407,921,453,938
11652 (Akt2)	407,921,453,938
23797 (Akt3)	407,921,453,938
14173 (Fgf2)	125,875,171,892
14182 (Fgfr1)	221,875,267,892
14183 (Fgfr2)	221,875,267,892
14184 (Fgfr3)	221,875,267,892
14186 (Fgfr4)	221,875,267,892
16323 (Inhba)	125,808,171,825
16324 (Inhbb)	125,808,171,825
16325 (Inhbc)	125,808,171,825
16326 (Inhbe)	125,808,171,825
16000 (Igf1)	125,921,171,938
16001 (Igf1r)	222,921,268,938
20890 (Wnt8a)	125,999,171,1016
216795 (Wnt9a)	125,999,171,1016
22408 (Wnt1)	125,999,171,1016
22409 (Wnt10a)	125,999,171,1016
22410 (Wnt10b)	125,999,171,1016
22411 (Wnt11)	125,999,171,1016
22412 (Wnt9b)	125,999,171,1016
22413 (Wnt2)	125,999,171,1016
22414 (Wnt2b)	125,999,171,1016
22415 (Wnt3)	125,999,171,1016
22416 (Wnt3a)	125,999,171,1016
22417 (Wnt4)	125,999,171,1016
22418 (Wnt5a)	125,999,171,1016
22419 (Wnt5b)	125,999,171,1016
22420 (Wnt6)	125,999,171,1016
22421 (Wnt7a)	125,999,171,1016
22422 (Wnt7b)	125,999,171,1016
22423 (Wnt8b)	125,999,171,1016
93735 (Wnt16)	125,999,171,1016
11789 (Apc)	491,983,537,1000
23805 (Apc2)	491,983,537,1000
12005 (Axin1)	446,983,492,1000
12006 (Axin2)	446,983,492,1000
13542 (Dvl1)	315,1000,361,1017
13543 (Dvl2)	315,1000,361,1017
13544 (Dvl3)	315,1000,361,1017
14362 (Fzd1)	222,1000,268,1017
14365 (Fzd3)	222,1000,268,1017
14366 (Fzd4)	222,1000,268,1017
14367 (Fzd5)	222,1000,268,1017
14368 (Fzd6)	222,1000,268,1017
14369 (Fzd7)	222,1000,268,1017
14370 (Fzd8)	222,1000,268,1017
14371 (Fzd9)	222,1000,268,1017
57265 (Fzd2)	222,1000,268,1017
93897 (Fzd10)	222,1000,268,1017
12387 (Ctnnb1)	488,1000,534,1017
56637 (Gsk3b)	405,1000,451,1017
71950 (Nanog)	989,899,1035,916
18999 (Pou5f1)	939,989,985,1006
20674 (Sox2)	899,813,945,830
17125 (Smad1)	338,745,384,762
17129 (Smad5)	338,745,384,762
55994 (Smad9)	338,745,384,762
26395 (Map2k1)	469,197,515,214
26396 (Map2k2)	469,197,515,214
19094 (Mapk11)	424,362,470,379
26415 (Mapk13)	424,362,470,379
26416 (Mapk14)	424,362,470,379
29857 (Mapk12)	424,362,470,379
11479 (Acvr1b)	221,821,267,838
11480 (Acvr2a)	221,821,267,838
11481 (Acvr2b)	221,821,267,838
269275 (Acvr1c)	221,821,267,838
17126 (Smad2)	338,821,384,838
17127 (Smad3)	338,821,384,838
17128 (Smad4)	421,795,467,812
17128 (Smad4)	420,723,466,740
26413 (Mapk1)	567,197,613,214
26417 (Mapk3)	567,197,613,214
17869 (Myc)	771,191,817,208
17869 (Myc)	771,1041,817,1058
17125 (Smad1)	316,317,362,334
17129 (Smad5)	316,317,362,334
55994 (Smad9)	316,317,362,334
15901 (Id1)	771,317,817,334
15902 (Id2)	771,317,817,334
15903 (Id3)	771,317,817,334
15904 (Id4)	771,317,817,334
18999 (Pou5f1)	1196,145,1242,162
20674 (Sox2)	1254,145,1300,162
71950 (Nanog)	1311,145,1357,162
20848 (Stat3)	1196,196,1242,213
15209 (Hesx1)	1254,196,1300,213
22773 (Zic3)	1196,221,1242,238
26380 (Esrrb)	1254,221,1300,238
21423 (Tcf3)	1196,263,1242,280
14173 (Fgf2)	1254,263,1300,280
13590 (Lefty1)	1196,289,1242,306
320202 (Lefty2)	1196,289,1242,306
20482 (Skil)	1254,289,1300,306
13990 (Smarcad1)	1196,334,1242,351
244349 (Kat6a)	1254,334,1300,351
84505 (Setdb1)	1196,360,1242,377
16468 (Jarid2)	1254,360,1300,377
19712 (Rest)	1196,405,1242,422
51869 (Rif1)	1196,449,1242,466
18508 (Pax6)	1196,605,1242,622
17268 (Meis1)	1254,605,1300,622
15407 (Hoxb1)	1311,605,1357,622
16873 (Lhx5)	1196,631,1242,648
18423 (Otx1)	1254,631,1300,648
18014 (Neurog1)	1311,631,1357,648
15110 (Hand1)	1196,689,1242,706
13395 (Dlx5)	1254,689,1300,706
17877 (Myf5)	1196,715,1242,732
15379 (Onecut1)	1254,715,1300,732
16392 (Isl1)	1196,775,1242,792
11906 (Zfhx3)	1254,775,1300,792
13984 (Esx1)	1196,830,1242,847
21423 (Tcf3)	588,378,634,395
26380 (Esrrb)	771,375,817,392
75590 (Dusp9)	771,283,817,300
12151 (Bmi1)	1007,589,1053,606
22658 (Pcgf2)	1007,589,1053,606
69587 (Pcgf3)	1007,589,1053,606
69837 (Pcgf1)	1007,589,1053,606
71041 (Pcgf6)	1007,589,1053,606
76073 (Pcgf5)	1007,589,1053,606
17128 (Smad4)	420,291,466,308
18119 (Nodal)	125,271,171,288
18119 (Nodal)	125,831,171,848
mmu04550: Signaling pathways regulating pluripotency of stem cells	40,45,568,70
mmu04310: Wnt signaling pathway	288,384,390,418
mmu04310: Wnt signaling pathway	282,1023,384,1057
mmu04350: TGF-beta signaling pathway	491,284,593,318
mmu04350: TGF-beta signaling pathway	279,781,381,815
mmu04630: JAK-STAT signaling pathway	333,99,450,133
mmu04010: MAPK signaling pathway	514,836,616,870
mmu04151: PI3K-Akt signaling pathway	328,950,430,984
mmu04010: MAPK signaling pathway	491,159,593,193
