C01382 (Iodine)	212,131,4
D00636 (Amiodarone hydrochloride (JP17/USAN))	260,131,4
C02465 (Triiodothyronine)	1201,572,4
C01829 (Thyroxine)	1201,606,4
100504404 (H2-Ea-ps)	402,625,448,642
14960 (H2-Aa)	402,625,448,642
14961 (H2-Ab1)	402,625,448,642
14969 (H2-Eb1)	402,625,448,642
14998 (H2-DMa)	402,625,448,642
14999 (H2-DMb1)	402,625,448,642
15000 (H2-DMb2)	402,625,448,642
15001 (H2-Oa)	402,625,448,642
15002 (H2-Ob)	402,625,448,642
21947 (Cd40lg)	702,625,748,642
21939 (Cd40)	785,625,831,642
100504404 (H2-Ea-ps)	785,648,831,665
14960 (H2-Aa)	785,648,831,665
14961 (H2-Ab1)	785,648,831,665
14969 (H2-Eb1)	785,648,831,665
14998 (H2-DMa)	785,648,831,665
14999 (H2-DMb1)	785,648,831,665
15000 (H2-DMb2)	785,648,831,665
15001 (H2-Oa)	785,648,831,665
15002 (H2-Ob)	785,648,831,665
22018 (Tpo)	217,402,263,419
21819 (Tg)	217,430,263,447
22095 (Tshr)	217,492,263,509
100504404 (H2-Ea-ps)	402,258,448,275
14960 (H2-Aa)	402,258,448,275
14961 (H2-Ab1)	402,258,448,275
14969 (H2-Eb1)	402,258,448,275
14998 (H2-DMa)	402,258,448,275
14999 (H2-DMb1)	402,258,448,275
15000 (H2-DMb2)	402,258,448,275
15001 (H2-Oa)	402,258,448,275
15002 (H2-Ob)	402,258,448,275
21947 (Cd40lg)	701,332,747,349
21939 (Cd40)	785,332,831,349
100504404 (H2-Ea-ps)	785,357,831,374
14960 (H2-Aa)	785,357,831,374
14961 (H2-Ab1)	785,357,831,374
14969 (H2-Eb1)	785,357,831,374
14998 (H2-DMa)	785,357,831,374
14999 (H2-DMb1)	785,357,831,374
15000 (H2-DMb2)	785,357,831,374
15001 (H2-Oa)	785,357,831,374
15002 (H2-Ob)	785,357,831,374
22095 (Tshr)	1011,584,1057,601
22095 (Tshr)	1008,682,1054,699
14102 (Fas)	1006,196,1052,213
14103 (Fasl)	929,196,975,213
100529082 (Gm11127)	1006,168,1052,185
110557 (H2-Q6)	1006,168,1052,185
110558 (H2-Q9)	1006,168,1052,185
110696 (H2-M10.3)	1006,168,1052,185
14963 (H2-Bl)	1006,168,1052,185
14964 (H2-D1)	1006,168,1052,185
14972 (H2-K1)	1006,168,1052,185
14980 (H2-L)	1006,168,1052,185
14985 (H2-M10.1)	1006,168,1052,185
14990 (H2-M2)	1006,168,1052,185
14991 (H2-M3)	1006,168,1052,185
14997 (H2-M9)	1006,168,1052,185
15006 (H2-Q1)	1006,168,1052,185
15007 (H2-Q10)	1006,168,1052,185
15013 (H2-Q2)	1006,168,1052,185
15015 (H2-Q4)	1006,168,1052,185
15018 (H2-Q7)	1006,168,1052,185
15019 (H2-Q8)	1006,168,1052,185
15024 (H2-T10)	1006,168,1052,185
15033 (H2-T18)	1006,168,1052,185
15039 (H2-T22)	1006,168,1052,185
15040 (H2-T23)	1006,168,1052,185
15042 (H2-T24)	1006,168,1052,185
15043 (H2-T3)	1006,168,1052,185
15051 (H2-T9)	1006,168,1052,185
224753 (H2-M10.4)	1006,168,1052,185
224754 (H2-M11)	1006,168,1052,185
224756 (H2-M1)	1006,168,1052,185
224761 (H2-M10.5)	1006,168,1052,185
240095 (H2-M5)	1006,168,1052,185
333715 (H2-M10.2)	1006,168,1052,185
399549 (H2-M10.6)	1006,168,1052,185
547349 (H2-K1)	1006,168,1052,185
630294 (Gm7030)	1006,168,1052,185
667803 (H2-T-ps)	1006,168,1052,185
667977 (Gm8909)	1006,168,1052,185
69717 (Gm10499)	1006,168,1052,185
14939 (Gzmb)	969,259,1015,276
18646 (Prf1)	969,234,1015,251
12640 (Cga)	939,712,985,729
22094 (Tshb)	939,712,985,729
12477 (Ctla4)	253,179,299,196
16189 (Il4)	747,254,793,271
16191 (Il5)	747,276,793,293
16189 (Il4)	747,693,793,710
16191 (Il5)	747,720,793,737
16183 (Il2)	767,187,813,204
15962 (Ifna1)	306,126,352,143
15964 (Ifna11)	306,126,352,143
15965 (Ifna2)	306,126,352,143
15967 (Ifna4)	306,126,352,143
15968 (Ifna5)	306,126,352,143
15969 (Ifna6)	306,126,352,143
15970 (Ifna7)	306,126,352,143
15972 (Ifna9)	306,126,352,143
15974 (Ifnab)	306,126,352,143
230396 (Ifna13)	306,126,352,143
242517 (Ifna15)	306,126,352,143
242519 (Ifna12)	306,126,352,143
404549 (Ifna14)	306,126,352,143
12519 (Cd80)	402,280,448,297
12524 (Cd86)	402,280,448,297
12487 (Cd28)	482,281,528,298
12524 (Cd86)	402,648,448,665
12487 (Cd28)	483,648,529,665
16153 (Il10)	747,744,793,761
16153 (Il10)	747,299,793,316
mmu04660: T cell receptor signaling pathway	495,369,608,403
mmu04612: Antigen processing and presentation	344,369,456,403
mmu04514: Cell adhesion molecules (CAMs)	414,529,527,563
mmu04662: B cell receptor signaling pathway	789,483,901,517
mmu05320: Autoimmune thyroid disease	40,45,297,70
mmu04210: Apoptosis	1161,259,1267,284
mmu04610: Complement and coagulation cascades	922,403,1034,437
mmu04918: Thyroid hormone synthesis	1025,511,1137,545
