20437 (Siah1a)	751,701,797,718
20438 (Siah1b)	751,701,797,718
16009 (Igfbp3)	646,622,692,639
13197 (Gadd45a)	646,581,692,598
17873 (Gadd45b)	646,581,692,598
23882 (Gadd45g)	646,581,692,598
17248 (Mdm4)	282,473,328,490
12649 (Chek1)	389,219,435,236
245000 (Atr)	310,219,356,236
50883 (Chek2)	433,192,479,209
11920 (Atm)	310,192,356,209
67874 (Rprm)	541,167,587,184
55948 (Sfn)	541,143,587,160
12566 (Cdk2)	670,132,716,149
12447 (Ccne1)	670,115,716,132
12448 (Ccne2)	670,115,716,132
22084 (Tsc2)	594,622,640,639
53892 (Ppm1d)	804,701,850,718
22062 (Trp73)	856,701,902,718
12450 (Ccng1)	698,701,744,718
12452 (Ccng2)	698,701,744,718
26374 (Cop1)	594,701,640,718
20135 (Rrm2)	594,581,640,598
382985 (Rrm2b)	594,581,640,598
107986 (Ddb2)	541,581,587,598
68428 (Steap3)	541,661,587,678
19211 (Pten)	541,622,587,639
20724 (Serpinb5)	804,540,850,557
12521 (Cd82)	646,540,692,557
21825 (Thbs1)	751,540,797,557
16009 (Igfbp3)	541,499,587,516
16000 (Igf1)	651,499,697,516
18787 (Serpine1)	541,540,587,557
107831 (Adgrb1)	594,540,640,557
12578 (Cdkn2a)	214,409,260,426
12575 (Cdkn1a)	541,108,587,125
22401 (Zmat3)	646,431,692,448
12122 (Bid)	754,291,800,308
13663 (Ei24)	541,389,587,406
14102 (Fas)	541,257,587,274
29870 (Gtse1)	541,223,587,240
12028 (Bax)	541,313,587,330
57913 (Pidd1)	541,279,587,296
12370 (Casp8)	678,267,724,284
12534 (Cdk1)	670,200,716,217
11783 (Apaf1)	884,365,930,382
13063 (Cycs)	884,333,930,350
13067 (Cyct)	884,333,930,350
12371 (Casp9)	987,349,1033,366
17246 (Mdm2)	282,409,328,426
22059 (Trp53)	372,409,418,426
17246 (Mdm2)	541,701,587,718
68098 (Rchy1)	646,701,692,718
13197 (Gadd45a)	541,199,587,216
17873 (Gadd45b)	541,199,587,216
23882 (Gadd45g)	541,199,587,216
12567 (Cdk4)	670,87,716,104
12571 (Cdk6)	670,87,716,104
12443 (Ccnd1)	670,70,716,87
12444 (Ccnd2)	670,70,716,87
12445 (Ccnd3)	670,70,716,87
64058 (Perp)	594,431,640,448
66940 (Shisa5)	541,431,587,448
140742 (Sesn1)	698,581,744,598
230784 (Sesn2)	698,581,744,598
75747 (Sesn3)	698,581,744,598
12442 (Ccnb2)	670,183,716,200
268697 (Ccnb1)	670,183,716,200
12367 (Casp3)	1063,348,1109,365
20437 (Siah1a)	698,431,744,448
20438 (Siah1b)	698,431,744,448
170770 (Bbc3)	651,313,697,330
58801 (Pmaip1)	599,313,645,330
98376 (Gorab)	282,372,328,389
30954 (Siva1)	541,355,587,372
12048 (Bcl2l1)	624,346,670,363
12043 (Bcl2)	624,366,670,383
71361 (Aifm2)	541,465,587,482
mmu04110: Cell cycle	253,513,356,547
mmu04210: Apoptosis	1025,277,1128,311
mmu04115: p53 signaling pathway	40,45,238,70
mmu04110: Cell cycle	1023,176,1126,210
mmu04218: Cellular senescence	1138,176,1261,210
