C05981 (Phosphatidylinositol-3,4,5-trisphosphate)	508,628,4
C00575 (3',5'-Cyclic AMP)	409,953,4
C00584 (Prostaglandin E2)	388,893,4
C00584 (Prostaglandin E2)	117,952,4
13685 (Eif4ebp1)	927,448,973,465
58988 (Rps6kb2)	927,475,973,492
72508 (Rps6kb1)	927,475,973,492
56717 (Mtor)	836,461,882,478
19744 (Rheb)	753,461,799,478
22084 (Tsc2)	671,469,717,486
64930 (Tsc1)	671,452,717,469
11651 (Akt1)	580,619,626,636
11652 (Akt2)	580,619,626,636
23797 (Akt3)	580,619,626,636
18706 (Pik3ca)	384,619,430,636
18707 (Pik3cd)	384,619,430,636
18708 (Pik3r1)	384,619,430,636
18709 (Pik3r2)	384,619,430,636
18710 (Pik3r3)	384,619,430,636
74769 (Pik3cb)	384,619,430,636
13649 (Egfr)	182,844,228,861
56637 (Gsk3b)	747,658,793,675
14103 (Fasl)	94,566,140,583
12015 (Bad)	747,575,793,592
17246 (Mdm2)	747,765,793,782
22059 (Trp53)	854,765,900,782
12443 (Ccnd1)	890,658,936,675
12675 (Chuk)	747,734,793,751
16150 (Ikbkb)	747,734,793,751
16151 (Ikbkg)	747,734,793,751
18033 (Nfkb1)	854,734,900,751
19697 (Rela)	854,734,900,751
13645 (Egf)	94,844,140,861
14784 (Grb2)	294,844,340,861
20662 (Sos1)	387,844,433,861
20663 (Sos2)	387,844,433,861
15461 (Hras)	480,844,526,861
16653 (Kras)	480,844,526,861
18176 (Nras)	480,844,526,861
12575 (Cdkn1a)	1192,630,1238,647
12576 (Cdkn1b)	1192,608,1238,625
12566 (Cdk2)	1277,660,1323,677
110157 (Raf1)	573,844,619,861
26395 (Map2k1)	666,844,712,861
26396 (Map2k2)	666,844,712,861
26413 (Mapk1)	759,844,805,861
26417 (Mapk3)	759,844,805,861
104099 (Itga9)	182,446,228,463
109700 (Itga1)	182,446,228,463
16398 (Itga2)	182,446,228,463
16399 (Itga2b)	182,446,228,463
16400 (Itga3)	182,446,228,463
16401 (Itga4)	182,446,228,463
16402 (Itga5)	182,446,228,463
16403 (Itga6)	182,446,228,463
16404 (Itga7)	182,446,228,463
16410 (Itgav)	182,446,228,463
213119 (Itga10)	182,446,228,463
241226 (Itga8)	182,446,228,463
319480 (Itga11)	182,446,228,463
16412 (Itgb1)	182,463,228,480
16416 (Itgb3)	182,463,228,480
16419 (Itgb5)	182,463,228,480
16420 (Itgb6)	182,463,228,480
16421 (Itgb7)	182,463,228,480
192897 (Itgb4)	182,463,228,480
320910 (Itgb8)	182,463,228,480
12643 (Chad)	94,454,140,471
12824 (Col2a1)	94,454,140,471
12826 (Col4a1)	94,454,140,471
12827 (Col4a2)	94,454,140,471
12828 (Col4a3)	94,454,140,471
12829 (Col4a4)	94,454,140,471
12830 (Col4a5)	94,454,140,471
12833 (Col6a1)	94,454,140,471
12834 (Col6a2)	94,454,140,471
12835 (Col6a3)	94,454,140,471
12839 (Col9a1)	94,454,140,471
12840 (Col9a2)	94,454,140,471
12841 (Col9a3)	94,454,140,471
12842 (Col1a1)	94,454,140,471
12843 (Col1a2)	94,454,140,471
12845 (Comp)	94,454,140,471
14268 (Fn1)	94,454,140,471
15891 (Ibsp)	94,454,140,471
16772 (Lama1)	94,454,140,471
16773 (Lama2)	94,454,140,471
16774 (Lama3)	94,454,140,471
16775 (Lama4)	94,454,140,471
16776 (Lama5)	94,454,140,471
16777 (Lamb1)	94,454,140,471
16779 (Lamb2)	94,454,140,471
16780 (Lamb3)	94,454,140,471
16782 (Lamc2)	94,454,140,471
19699 (Reln)	94,454,140,471
20750 (Spp1)	94,454,140,471
21825 (Thbs1)	94,454,140,471
21826 (Thbs2)	94,454,140,471
21827 (Thbs3)	94,454,140,471
21828 (Thbs4)	94,454,140,471
21923 (Tnc)	94,454,140,471
21960 (Tnr)	94,454,140,471
22370 (Vtn)	94,454,140,471
22371 (Vwf)	94,454,140,471
226519 (Lamc1)	94,454,140,471
23928 (Lamc3)	94,454,140,471
245026 (Col6a6)	94,454,140,471
329278 (Tnn)	94,454,140,471
665033 (Col6a5)	94,454,140,471
68553 (Col6a4)	94,454,140,471
81877 (Tnxb)	94,454,140,471
94216 (Col4a6)	94,454,140,471
14083 (Ptk2)	228,454,274,471
12447 (Ccne1)	1277,643,1323,660
12448 (Ccne2)	1277,643,1323,660
21926 (Tnf)	94,514,140,531
21937 (Tnfrsf1a)	182,514,228,531
14082 (Fadd)	294,544,340,561
12370 (Casp8)	370,544,416,561
12367 (Casp3)	445,544,491,561
14102 (Fas)	182,566,228,583
14924 (Magi1)	355,232,401,249
19211 (Pten)	355,249,401,266
93742 (Pard3)	336,282,382,299
56513 (Pard6a)	313,299,359,316
58220 (Pard6b)	313,299,359,316
93737 (Pard6g)	313,299,359,316
18759 (Prkci)	359,299,405,316
18762 (Prkcz)	359,299,405,316
12540 (Cdc42)	313,316,359,333
105782 (Scrib)	456,231,502,248
13383 (Dlg1)	502,231,548,248
23859 (Dlg2)	502,231,548,248
53310 (Dlg3)	502,231,548,248
16897 (Llgl1)	480,248,526,265
217325 (Llgl2)	480,248,526,265
224912 (Crb3)	182,366,228,383
12695 (Patj)	228,357,274,374
56217 (Mpp5)	228,374,274,391
19303 (Pxn)	308,454,354,471
22339 (Vegfa)	804,690,850,707
74164 (Nfx1)	1231,774,1277,791
22215 (Ube3a)	1146,774,1192,791
21752 (Tert)	1360,774,1406,791
19645 (Rb1)	1360,621,1406,638
19650 (Rbl1)	1360,621,1406,638
19651 (Rbl2)	1360,621,1406,638
13555 (E2f1)	1360,661,1406,678
12427 (Ccna1)	1491,650,1537,667
12428 (Ccna2)	1491,650,1537,667
12447 (Ccne1)	1491,672,1537,689
12448 (Ccne2)	1491,672,1537,689
12567 (Cdk4)	1277,599,1323,616
12571 (Cdk6)	1277,599,1323,616
12443 (Ccnd1)	1277,582,1323,599
12444 (Ccnd2)	1277,582,1323,599
12445 (Ccnd3)	1277,582,1323,599
12914 (Crebbp)	1145,356,1191,373
328572 (Ep300)	1145,356,1191,373
22059 (Trp53)	1253,367,1299,384
16449 (Jag1)	94,1093,140,1110
18128 (Notch1)	182,1093,228,1110
18129 (Notch2)	182,1093,228,1110
18131 (Notch3)	182,1093,228,1110
18132 (Notch4)	182,1093,228,1110
18128 (Notch1)	1156,1093,1202,1110
18129 (Notch2)	1156,1093,1202,1110
18131 (Notch3)	1156,1093,1202,1110
18132 (Notch4)	1156,1093,1202,1110
19664 (Rbpj)	1202,1101,1248,1118
19668 (Rbpjl)	1202,1101,1248,1118
103806 (Maml1)	1202,1084,1248,1101
270118 (Maml2)	1202,1084,1248,1101
433586 (Maml3)	1202,1084,1248,1101
15205 (Hes1)	1317,1080,1363,1097
15206 (Hes2)	1317,1080,1363,1097
15207 (Hes3)	1317,1080,1363,1097
15208 (Hes5)	1317,1080,1363,1097
55927 (Hes6)	1317,1080,1363,1097
84653 (Hes7)	1317,1080,1363,1097
15213 (Hey1)	1317,1105,1363,1122
15214 (Hey2)	1317,1105,1363,1122
56198 (Heyl)	1317,1105,1363,1122
142980 (Tlr3)	581,318,627,335
106759 (Ticam1)	672,318,718,335
22031 (Traf3)	771,318,817,335
56489 (Ikbke)	866,311,912,328
56480 (Tbk1)	866,327,912,344
54131 (Irf3)	961,318,1007,335
15977 (Ifnb1)	1241,318,1287,335
22215 (Ube3a)	747,523,793,540
22059 (Trp53)	854,523,900,540
18128 (Notch1)	690,1093,736,1110
18129 (Notch2)	690,1093,736,1110
18131 (Notch3)	690,1093,736,1110
18132 (Notch4)	690,1093,736,1110
74164 (Nfx1)	564,1034,610,1051
19164 (Psen1)	564,1051,610,1068
16848 (Lfng)	488,1065,534,1082
17305 (Mfng)	488,1065,534,1082
19719 (Rfng)	488,1065,534,1082
15962 (Ifna1)	94,990,140,1007
15964 (Ifna11)	94,990,140,1007
15965 (Ifna2)	94,990,140,1007
15967 (Ifna4)	94,990,140,1007
15968 (Ifna5)	94,990,140,1007
15969 (Ifna6)	94,990,140,1007
15970 (Ifna7)	94,990,140,1007
15972 (Ifna9)	94,990,140,1007
15974 (Ifnab)	94,990,140,1007
15977 (Ifnb1)	94,990,140,1007
230396 (Ifna13)	94,990,140,1007
242517 (Ifna15)	94,990,140,1007
242519 (Ifna12)	94,990,140,1007
404549 (Ifna14)	94,990,140,1007
15975 (Ifnar1)	182,982,228,999
15976 (Ifnar2)	182,999,228,1016
54721 (Tyk2)	263,1012,309,1029
16451 (Jak1)	263,972,309,989
20847 (Stat2)	616,990,662,1007
20846 (Stat1)	915,982,961,999
16391 (Irf9)	810,1019,856,1036
20846 (Stat1)	503,1019,549,1036
20847 (Stat2)	915,999,961,1016
19106 (Eif2ak2)	1317,979,1363,996
231655 (Oasl1)	1370,979,1416,996
23962 (Oasl2)	1370,979,1416,996
17858 (Mx2)	1317,1002,1363,1019
100038882 (Isg15)	1370,1002,1416,1019
18596 (Pdgfrb)	182,731,228,748
27061 (Bcap31)	542,701,588,718
100529082 (Gm11127)	542,684,588,701
110557 (H2-Q6)	542,684,588,701
110558 (H2-Q9)	542,684,588,701
110696 (H2-M10.3)	542,684,588,701
14963 (H2-Bl)	542,684,588,701
14964 (H2-D1)	542,684,588,701
14972 (H2-K1)	542,684,588,701
14980 (H2-L)	542,684,588,701
14985 (H2-M10.1)	542,684,588,701
14990 (H2-M2)	542,684,588,701
14991 (H2-M3)	542,684,588,701
14997 (H2-M9)	542,684,588,701
15006 (H2-Q1)	542,684,588,701
15007 (H2-Q10)	542,684,588,701
15013 (H2-Q2)	542,684,588,701
15015 (H2-Q4)	542,684,588,701
15018 (H2-Q7)	542,684,588,701
15019 (H2-Q8)	542,684,588,701
15024 (H2-T10)	542,684,588,701
15033 (H2-T18)	542,684,588,701
15039 (H2-T22)	542,684,588,701
15040 (H2-T23)	542,684,588,701
15042 (H2-T24)	542,684,588,701
15043 (H2-T3)	542,684,588,701
15051 (H2-T9)	542,684,588,701
224753 (H2-M10.4)	542,684,588,701
224754 (H2-M11)	542,684,588,701
224756 (H2-M1)	542,684,588,701
224761 (H2-M10.5)	542,684,588,701
240095 (H2-M5)	542,684,588,701
333715 (H2-M10.2)	542,684,588,701
399549 (H2-M10.6)	542,684,588,701
547349 (H2-K1)	542,684,588,701
630294 (Gm7030)	542,684,588,701
667803 (H2-T-ps)	542,684,588,701
667977 (Gm8909)	542,684,588,701
69717 (Gm10499)	542,684,588,701
108664 (Atp6v1h)	464,777,510,794
110935 (Atp6v1b1)	464,777,510,794
114143 (Atp6v0b)	464,777,510,794
11964 (Atp6v1a)	464,777,510,794
11966 (Atp6v1b2)	464,777,510,794
11972 (Atp6v0d1)	464,777,510,794
11973 (Atp6v1e1)	464,777,510,794
11974 (Atp6v0e)	464,777,510,794
11975 (Atp6v0a1)	464,777,510,794
11984 (Atp6v0c)	464,777,510,794
140494 (Atp6v0a4)	464,777,510,794
21871 (Atp6v0a2)	464,777,510,794
242341 (Atp6v0d2)	464,777,510,794
27060 (Tcirg1)	464,777,510,794
338375 (Atp6v1g3)	464,777,510,794
54411 (Atp6ap1)	464,777,510,794
66144 (Atp6v1f)	464,777,510,794
66237 (Atp6v1g2)	464,777,510,794
66290 (Atp6v1g1)	464,777,510,794
66335 (Atp6v1c1)	464,777,510,794
68775 (Atp6v1c2)	464,777,510,794
73834 (Atp6v1d)	464,777,510,794
74915 (Atp6v1e2)	464,777,510,794
76252 (Atp6v0e2)	464,777,510,794
100529082 (Gm11127)	182,684,228,701
110557 (H2-Q6)	182,684,228,701
110558 (H2-Q9)	182,684,228,701
110696 (H2-M10.3)	182,684,228,701
14963 (H2-Bl)	182,684,228,701
14964 (H2-D1)	182,684,228,701
14972 (H2-K1)	182,684,228,701
14980 (H2-L)	182,684,228,701
14985 (H2-M10.1)	182,684,228,701
14990 (H2-M2)	182,684,228,701
14991 (H2-M3)	182,684,228,701
14997 (H2-M9)	182,684,228,701
15006 (H2-Q1)	182,684,228,701
15007 (H2-Q10)	182,684,228,701
15013 (H2-Q2)	182,684,228,701
15015 (H2-Q4)	182,684,228,701
15018 (H2-Q7)	182,684,228,701
15019 (H2-Q8)	182,684,228,701
15024 (H2-T10)	182,684,228,701
15033 (H2-T18)	182,684,228,701
15039 (H2-T22)	182,684,228,701
15040 (H2-T23)	182,684,228,701
15042 (H2-T24)	182,684,228,701
15043 (H2-T3)	182,684,228,701
15051 (H2-T9)	182,684,228,701
224753 (H2-M10.4)	182,684,228,701
224754 (H2-M11)	182,684,228,701
224756 (H2-M1)	182,684,228,701
224761 (H2-M10.5)	182,684,228,701
240095 (H2-M5)	182,684,228,701
333715 (H2-M10.2)	182,684,228,701
399549 (H2-M10.6)	182,684,228,701
547349 (H2-K1)	182,684,228,701
630294 (Gm7030)	182,684,228,701
667803 (H2-T-ps)	182,684,228,701
667977 (Gm8909)	182,684,228,701
69717 (Gm10499)	182,684,228,701
13649 (Egfr)	393,776,439,793
19225 (Ptgs2)	294,883,340,900
19219 (Ptger4)	182,945,228,962
14683 (Gnas)	301,945,347,962
18747 (Prkaca)	471,945,517,962
18749 (Prkacb)	471,945,517,962
12028 (Bax)	616,918,662,935
12912 (Creb1)	1156,945,1202,962
12913 (Creb3)	1156,945,1202,962
208647 (Creb3l2)	1156,945,1202,962
208677 (Creb3l3)	1156,945,1202,962
231991 (Creb5)	1156,945,1202,962
26427 (Creb3l1)	1156,945,1202,962
78284 (Creb3l4)	1156,945,1202,962
19219 (Ptger4)	1317,945,1363,962
19211 (Pten)	524,567,570,584
100039815 (Gm2436)	589,574,635,591
100039830 (Gm2446)	589,574,635,591
19052 (Ppp2ca)	589,574,635,591
19053 (Ppp2cb)	589,574,635,591
19054 (Ppp2r3d)	589,574,635,591
21770 (Ppp2r5d)	589,574,635,591
225849 (Ppp2r5b)	589,574,635,591
226849 (Ppp2r5a)	589,574,635,591
235542 (Ppp2r3a)	589,574,635,591
26931 (Ppp2r5c)	589,574,635,591
26932 (Ppp2r5e)	589,574,635,591
269643 (Ppp2r2c)	589,574,635,591
51792 (Ppp2r1a)	589,574,635,591
52432 (Ppp2r2d)	589,574,635,591
59032 (Ppp2r3c)	589,574,635,591
71978 (Ppp2r2a)	589,574,635,591
72930 (Ppp2r2b)	589,574,635,591
73699 (Ppp2r1b)	589,574,635,591
56458 (Foxo1)	747,617,793,634
26941 (Slc9a3r1)	478,577,524,594
22215 (Ube3a)	583,469,629,486
14362 (Fzd1)	609,193,655,210
14365 (Fzd3)	609,193,655,210
14366 (Fzd4)	609,193,655,210
14367 (Fzd5)	609,193,655,210
14368 (Fzd6)	609,193,655,210
14369 (Fzd7)	609,193,655,210
14370 (Fzd8)	609,193,655,210
14371 (Fzd9)	609,193,655,210
57265 (Fzd2)	609,193,655,210
93897 (Fzd10)	609,193,655,210
13542 (Dvl1)	609,251,655,268
13543 (Dvl2)	609,251,655,268
13544 (Dvl3)	609,251,655,268
56637 (Gsk3b)	737,251,783,268
12387 (Ctnnb1)	851,251,897,268
12005 (Axin1)	770,268,816,285
12006 (Axin2)	770,268,816,285
11789 (Apc)	816,268,862,285
23805 (Apc2)	816,268,862,285
93687 (Csnk1a1)	873,268,919,285
21752 (Tert)	1192,242,1238,259
21414 (Tcf7)	1192,259,1238,276
21415 (Tcf7l1)	1192,259,1238,276
21416 (Tcf7l2)	1192,259,1238,276
20890 (Wnt8a)	609,158,655,175
216795 (Wnt9a)	609,158,655,175
22408 (Wnt1)	609,158,655,175
22409 (Wnt10a)	609,158,655,175
22410 (Wnt10b)	609,158,655,175
22411 (Wnt11)	609,158,655,175
22412 (Wnt9b)	609,158,655,175
22413 (Wnt2)	609,158,655,175
22414 (Wnt2b)	609,158,655,175
22415 (Wnt3)	609,158,655,175
22416 (Wnt3a)	609,158,655,175
22417 (Wnt4)	609,158,655,175
22418 (Wnt5a)	609,158,655,175
22419 (Wnt5b)	609,158,655,175
22420 (Wnt6)	609,158,655,175
22421 (Wnt7a)	609,158,655,175
22422 (Wnt7b)	609,158,655,175
22423 (Wnt8b)	609,158,655,175
93735 (Wnt16)	609,158,655,175
12387 (Ctnnb1)	1146,251,1192,268
22215 (Ube3a)	1122,303,1168,320
71609 (Tradd)	217,531,263,548
69116 (Ubr4)	868,872,914,889
15182 (Hdac2)	1146,820,1192,837
433759 (Hdac1)	1146,820,1192,837
107932 (Chd4)	1146,837,1192,854
16362 (Irf1)	1277,828,1323,845
15977 (Ifnb1)	1401,828,1447,845
21374 (Tbp)	1277,873,1323,890
227606 (Tbpl2)	1277,873,1323,890
237336 (Tbpl1)	1277,873,1323,890
103733 (Tubg1)	868,899,914,916
103768 (Tubg2)	868,899,914,916
11920 (Atm)	1277,702,1323,719
245000 (Atr)	1277,724,1323,741
12018 (Bak1)	854,550,900,567
18746 (Pkm)	868,927,914,944
101206 (Tada3)	1145,382,1191,399
19179 (Psmc1)	1343,552,1389,569
22215 (Ube3a)	467,437,513,454
mmu04115: p53 signaling pathway	974,785,1084,819
mmu05165: Human papillomavirus infection	40,45,349,70
mmu04064: NF-kappa B signaling pathway	974,696,1084,730
mmu04110: Cell cycle	1421,573,1531,598
mmu04630: JAK-STAT signaling pathway	969,1007,1089,1041
mmu04210: Apoptosis	942,581,1052,606
mmu04151: PI3K-Akt signaling pathway	238,607,362,641
mmu04330: Notch signaling pathway	855,1060,965,1094
mmu04510: Focal adhesion	68,420,178,445
mmu04620: Toll-like receptor signaling pathway	607,349,717,383
mmu04530: Tight junction	287,86,397,111
mmu04520: Adherens junction	448,86,558,111
mmu04612: Antigen processing and presentation	363,695,477,729
mmu04310: Wnt signaling pathway	928,218,1038,252
mmu04150: mTOR signaling pathway	923,500,1076,525
