15461 (Hras)	338,115,384,132
17390 (Mmp2)	773,550,819,567
17395 (Mmp9)	773,550,819,567
83995 (Mmp1a)	773,550,819,567
83996 (Mmp1b)	773,550,819,567
72962 (Tymp)	464,596,510,613
22339 (Vegfa)	773,497,819,514
21825 (Thbs1)	920,451,966,468
13649 (Egfr)	232,497,278,514
12550 (Cdh1)	232,566,278,583
13866 (Erbb2)	232,519,278,536
12578 (Cdkn2a)	652,294,698,311
12575 (Cdkn1a)	890,327,936,344
17869 (Myc)	802,146,848,163
56289 (Rassf1)	368,197,414,214
13143 (Dapk2)	532,196,578,213
13144 (Dapk3)	532,196,578,213
69635 (Dapk1)	532,196,578,213
17246 (Mdm2)	730,294,776,311
22059 (Trp53)	773,327,819,344
13555 (E2f1)	999,417,1045,434
13557 (E2f3)	999,417,1045,434
242705 (E2f2)	999,417,1045,434
19645 (Rb1)	999,380,1045,397
14184 (Fgfr3)	232,147,278,164
12567 (Cdk4)	916,387,962,404
12443 (Ccnd1)	916,370,962,387
73086 (Rps6ka5)	674,147,720,164
12578 (Cdkn2a)	970,327,1016,344
13645 (Egf)	159,507,205,524
26413 (Mapk1)	561,146,607,163
26417 (Mapk3)	561,146,607,163
26395 (Map2k1)	486,146,532,163
26396 (Map2k2)	486,146,532,163
109880 (Braf)	413,146,459,163
110157 (Raf1)	413,146,459,163
11836 (Araf)	413,146,459,163
15461 (Hras)	339,146,385,163
16653 (Kras)	339,146,385,163
18176 (Nras)	339,146,385,163
17390 (Mmp2)	232,452,278,469
17395 (Mmp9)	232,452,278,469
22270 (Upk3a)	232,407,278,424
15200 (Hbegf)	159,475,207,492
20779 (Src)	316,430,364,447
mmu04520: Adherens junction	304,602,406,636
mmu04370: VEGF signaling pathway	743,446,845,480
mmu04012: ErbB signaling pathway	415,489,517,523
mmu04115: p53 signaling pathway	743,361,845,395
mmu04010: MAPK signaling pathway	458,88,560,122
mmu05219: Bladder cancer	40,45,193,70
mmu04110: Cell cycle	1072,361,1174,395
