C00076 (Calcium cation)	260,774,4
C00076 (Calcium cation)	927,970,4
C00238 (Potassium cation)	243,881,4
C01330 (Sodium cation)	389,1022,4
C00080 (H+)	369,948,4
C01330 (Sodium cation)	238,939,4
C00575 (3',5'-Cyclic AMP)	534,340,4
C00076 (Calcium cation)	710,964,4
C00165 (Diacylglycerol)	1016,109,4
C01245 (D-myo-Inositol 1,4,5-trisphosphate)	1016,143,4
C01330 (Sodium cation)	605,1113,4
C00076 (Calcium cation)	377,822,4
C00238 (Potassium cation)	378,1120,4
C00076 (Calcium cation)	347,649,4
C03758 (Dopamine)	84,369,4
C01312 (Prostaglandin I2)	52,213,4
C00780 (Serotonin)	219,335,4
C01996 (Acetylcholine)	194,439,4
C00334 (4-Aminobutanoate)	95,467,4
C00788 (L-Adrenaline)	83,335,4
C00212 (Adenosine)	155,369,4
C00020 (AMP)	531,511,4
C00288 (HCO3-)	358,216,4
C00076 (Calcium cation)	358,247,4
C00416 (Phosphatidate)	1016,81,4
C00186 ((S)-Lactate)	151,467,4
C00547 (L-Noradrenaline)	155,335,4
C00076 (Calcium cation)	719,1112,4
C01330 (Sodium cation)	720,1132,4
C00698 (Cl-)	535,1022,4
C01330 (Sodium cation)	242,582,4
C00238 (Potassium cation)	243,600,4
C20792 (Oleoylethanolamide)	53,282,4
C01089 ((R)-3-Hydroxybutanoate)	195,467,4
C20793 (3-Hydroxyoctanoate)	94,498,4
C00042 (Succinate)	196,501,4
C00584 (Prostaglandin E2)	209,369,4
12288 (Cacna1c)	274,765,320,782
12289 (Cacna1d)	274,765,320,782
12292 (Cacna1s)	274,765,320,782
54652 (Cacna1f)	274,765,320,782
20191 (Ryr2)	740,957,786,974
11937 (Atp2a1)	904,916,950,933
11938 (Atp2a2)	904,916,950,933
53313 (Atp2a3)	904,916,950,933
21954 (Tnni3)	806,811,852,828
11928 (Atp1a1)	360,1063,406,1080
11931 (Atp1b1)	360,1063,406,1080
11932 (Atp1b2)	360,1063,406,1080
11933 (Atp1b3)	360,1063,406,1080
11936 (Fxyd2)	360,1063,406,1080
232975 (Atp1a3)	360,1063,406,1080
27222 (Atp1a4)	360,1063,406,1080
67821 (Atp1b4)	360,1063,406,1080
98660 (Atp1a2)	360,1063,406,1080
20544 (Slc9a1)	274,935,320,952
11539 (Adora1)	274,462,320,479
11555 (Adrb2)	274,462,320,479
12669 (Chrm1)	274,462,320,479
13489 (Drd2)	274,462,320,479
13617 (Ednra)	274,462,320,479
15550 (Htr1a)	274,462,320,479
15551 (Htr1b)	274,462,320,479
15552 (Htr1d)	274,462,320,479
15557 (Htr1f)	274,462,320,479
18166 (Npy1r)	274,462,320,479
18430 (Oxtr)	274,462,320,479
19218 (Ptger3)	274,462,320,479
20605 (Sstr1)	274,462,320,479
20606 (Sstr2)	274,462,320,479
20609 (Sstr5)	274,462,320,479
208188 (Ghsr)	274,462,320,479
233079 (Ffar2)	274,462,320,479
242425 (Gabbr2)	274,462,320,479
243270 (Hcar1)	274,462,320,479
243764 (Chrm2)	274,462,320,479
54393 (Gabbr1)	274,462,320,479
80885 (Hcar2)	274,462,320,479
84112 (Sucnr1)	274,462,320,479
14677 (Gnai1)	354,462,400,479
14678 (Gnai2)	354,462,400,479
14679 (Gnai3)	354,462,400,479
14683 (Gnas)	352,286,398,303
104110 (Adcy4)	274,334,320,351
104111 (Adcy3)	274,334,320,351
11512 (Adcy6)	274,334,320,351
11513 (Adcy7)	274,334,320,351
11514 (Adcy8)	274,334,320,351
11515 (Adcy9)	274,334,320,351
210044 (Adcy2)	274,334,320,351
224129 (Adcy5)	274,334,320,351
432530 (Adcy1)	274,334,320,351
18747 (Prkaca)	614,501,660,518
18749 (Prkacb)	614,501,660,518
18706 (Pik3ca)	916,311,962,328
18707 (Pik3cd)	916,311,962,328
18708 (Pik3r1)	916,311,962,328
18709 (Pik3r2)	916,311,962,328
18710 (Pik3r3)	916,311,962,328
74769 (Pik3cb)	916,311,962,328
11651 (Akt1)	998,311,1044,328
11652 (Akt2)	998,311,1044,328
23797 (Akt3)	998,311,1044,328
26413 (Mapk1)	993,389,1039,406
26417 (Mapk3)	993,389,1039,406
18821 (Pln)	873,899,919,916
12638 (Cftr)	512,1063,558,1080
12313 (Calm1)	400,640,446,657
12314 (Calm2)	400,640,446,657
12315 (Calm3)	400,640,446,657
494124 (Calm5)	400,640,446,657
70405 (Calml3)	400,640,446,657
75600 (Calml4)	400,640,446,657
80796 (Calm4)	400,640,446,657
223864 (Rapgef3)	610,389,656,406
56508 (Rapgef4)	610,389,656,406
11941 (Atp2b2)	274,812,320,829
320707 (Atp2b3)	274,812,320,829
381290 (Atp2b4)	274,812,320,829
67972 (Atp2b1)	274,812,320,829
109905 (Rap1a)	706,389,752,406
215449 (Rap1b)	706,389,752,406
110157 (Raf1)	799,389,845,406
26395 (Map2k1)	891,389,937,406
26396 (Map2k2)	891,389,937,406
106952 (Arap3)	916,228,962,245
109880 (Braf)	798,350,844,367
74055 (Plce1)	920,108,966,125
26414 (Mapk10)	710,298,756,315
26419 (Mapk8)	710,298,756,315
26420 (Mapk9)	710,298,756,315
12912 (Creb1)	993,462,1039,479
12913 (Creb3)	993,462,1039,479
208647 (Creb3l2)	993,462,1039,479
208677 (Creb3l3)	993,462,1039,479
231991 (Creb5)	993,462,1039,479
26427 (Creb3l1)	993,462,1039,479
78284 (Creb3l4)	993,462,1039,479
12788 (Cnga1)	274,638,320,655
12789 (Cnga2)	274,638,320,655
12790 (Cnga3)	274,638,320,655
233649 (Cnga4)	274,638,320,655
30952 (Cngb3)	274,638,320,655
333329 (Cngb1)	274,638,320,655
11848 (Rhoa)	806,773,852,790
67653 (4930544G11Rik)	806,773,852,790
19877 (Rock1)	882,773,928,790
19878 (Rock2)	882,773,928,790
17931 (Ppp1r12a)	958,773,1004,790
108058 (Camk2d)	446,640,492,657
12322 (Camk2a)	446,640,492,657
12323 (Camk2b)	446,640,492,657
12325 (Camk2g)	446,640,492,657
12326 (Camk4)	446,640,492,657
11517 (Adcyap1r1)	274,286,320,303
11540 (Adora2a)	274,286,320,303
11554 (Adrb1)	274,286,320,303
13488 (Drd1)	274,286,320,303
13492 (Drd5)	274,286,320,303
14309 (Fshr)	274,286,320,303
14652 (Glp1r)	274,286,320,303
15562 (Htr4)	274,286,320,303
15565 (Htr6)	274,286,320,303
16867 (Lhcgr)	274,286,320,303
17200 (Mc2r)	274,286,320,303
18160 (Npr1)	274,286,320,303
19217 (Ptger2)	274,286,320,303
22095 (Tshr)	274,286,320,303
22355 (Vipr2)	274,286,320,303
236781 (Gpr119)	274,286,320,303
381853 (Gipr)	274,286,320,303
17356 (Afdn)	916,270,962,287
110385 (Pde4c)	538,444,584,461
18576 (Pde3b)	538,444,584,461
18577 (Pde4a)	538,444,584,461
18578 (Pde4b)	538,444,584,461
238871 (Pde4d)	538,444,584,461
23984 (Pde10a)	538,444,584,461
54611 (Pde3a)	538,444,584,461
12015 (Bad)	806,698,852,715
14634 (Gli3)	990,521,1036,538
18033 (Nfkb1)	990,568,1036,585
19697 (Rela)	990,568,1036,585
19013 (Ppara)	990,627,1036,644
18018 (Nfatc1)	990,668,1036,685
12914 (Crebbp)	970,479,1016,496
328572 (Ep300)	970,479,1016,496
20682 (Sox9)	990,595,1036,612
239273 (Abcc4)	274,159,320,176
271639 (Adcy10)	403,239,449,256
20130 (Rras)	821,73,867,90
66922 (Rras2)	821,73,867,90
18805 (Pld1)	920,73,966,90
18806 (Pld2)	920,73,966,90
11848 (Rhoa)	996,228,1042,245
67653 (4930544G11Rik)	996,228,1042,245
16890 (Lipe)	806,735,852,752
109648 (Npy)	77,527,123,544
58991 (Ghrl)	131,527,177,544
14799 (Gria1)	580,1063,626,1080
14800 (Gria2)	580,1063,626,1080
14802 (Gria4)	580,1063,626,1080
53623 (Gria3)	580,1063,626,1080
14810 (Grin1)	696,1063,742,1080
14811 (Grin2a)	696,1063,742,1080
14812 (Grin2b)	696,1063,742,1080
14813 (Grin2c)	696,1063,742,1080
14814 (Grin2d)	696,1063,742,1080
170483 (Grin3b)	696,1063,742,1080
242443 (Grin3a)	696,1063,742,1080
109305 (Orai1)	274,875,320,892
56188 (Fxyd1)	399,1046,445,1063
15166 (Hcn2)	274,580,320,597
330953 (Hcn4)	274,580,320,597
19049 (Ppp1r1b)	856,428,902,445
19045 (Ppp1ca)	933,429,979,446
19046 (Ppp1cb)	933,429,979,446
19047 (Ppp1cc)	933,429,979,446
434233 (Ppp1ccb)	933,429,979,446
18035 (Nfkbia)	990,551,1036,568
11705 (Amh)	1146,584,1192,601
12064 (Bdnf)	1146,425,1192,442
14281 (Fos)	1146,448,1192,465
16476 (Jun)	1146,470,1192,487
14632 (Gli1)	1146,502,1192,519
19206 (Ptch1)	1146,523,1192,540
15245 (Hhip)	1146,545,1192,562
14062 (F2r)	1146,668,1192,685
11430 (Acox1)	1146,627,1192,644
80911 (Acox3)	1146,627,1192,644
98932 (Myl9)	1034,773,1080,790
21844 (Tiam1)	850,160,896,177
22324 (Vav1)	850,183,896,200
22325 (Vav2)	850,183,896,200
57257 (Vav3)	850,183,896,200
170758 (Rac3)	932,171,978,188
19353 (Rac1)	932,171,978,188
19354 (Rac2)	932,171,978,188
18479 (Pak1)	1012,171,1058,188
12640 (Cga)	131,274,177,291
14308 (Fshb)	131,274,177,291
18429 (Oxt)	184,527,230,544
18976 (Pomc)	131,241,177,258
14607 (Gip)	77,274,123,291
230899 (Nppa)	184,274,230,291
13614 (Edn1)	77,433,123,450
13615 (Edn2)	77,433,123,450
13616 (Edn3)	77,433,123,450
20604 (Sst)	131,433,177,450
14526 (Gcg)	184,241,230,258
11516 (Adcyap1)	77,208,123,225
22353 (Vip)	130,208,176,225
12640 (Cga)	77,241,123,258
22094 (Tshb)	77,241,123,258
12640 (Cga)	184,208,230,225
16866 (Lhb)	184,208,230,225
mmu04024: cAMP signaling pathway	40,45,274,70
mmu04020: Calcium signaling pathway	321,686,438,720
mmu04260: Cardiac muscle contraction	985,944,1102,978
mmu04151: PI3K-Akt signaling pathway	1177,307,1294,341
mmu04015: Rap1 signaling pathway	868,340,985,374
mmu04720: Long-term potentiation	606,989,686,1023
mmu04972: Pancreatic secretion	487,934,567,968
mmu04976: Bile secretion	469,976,549,1010
mmu04740: Olfactory transduction	351,596,431,630
mmu00071: Fatty acid degradation	1336,622,1416,656
mmu04210: Apoptosis	852,668,932,693
mmu04340: Hedgehog signaling pathway	1231,537,1348,571
