C05981 (Phosphatidylinositol-3,4,5-trisphosphate)	435,1476,4
170743 (Tlr7)	450,472,496,489
81897 (Tlr9)	450,472,496,489
17874 (Myd88)	520,472,566,489
16179 (Irak1)	588,472,634,489
266632 (Irak4)	588,472,634,489
54123 (Irf7)	660,472,706,489
15962 (Ifna1)	993,462,1039,479
15964 (Ifna11)	993,462,1039,479
15965 (Ifna2)	993,462,1039,479
15967 (Ifna4)	993,462,1039,479
15968 (Ifna5)	993,462,1039,479
15969 (Ifna6)	993,462,1039,479
15970 (Ifna7)	993,462,1039,479
15972 (Ifna9)	993,462,1039,479
15974 (Ifnab)	993,462,1039,479
230396 (Ifna13)	993,462,1039,479
242517 (Ifna15)	993,462,1039,479
242519 (Ifna12)	993,462,1039,479
404549 (Ifna14)	993,462,1039,479
21898 (Tlr4)	252,555,298,572
24088 (Tlr2)	252,555,298,572
230073 (Ddx58)	438,301,484,318
17874 (Myd88)	432,555,478,572
16179 (Irak1)	507,555,553,572
266632 (Irak4)	507,555,553,572
18035 (Nfkbia)	817,588,863,605
18036 (Nfkbib)	817,588,863,605
18033 (Nfkb1)	817,624,863,641
19697 (Rela)	817,624,863,641
71586 (Ifih1)	438,336,484,353
228607 (Mavs)	514,318,560,335
54131 (Irf3)	738,318,784,335
15977 (Ifnb1)	993,483,1039,500
15975 (Ifnar1)	252,678,298,695
15976 (Ifnar2)	252,678,298,695
16451 (Jak1)	349,678,395,695
54721 (Tyk2)	349,678,395,695
20846 (Stat1)	464,678,510,695
20847 (Stat2)	464,678,510,695
16391 (Irf9)	709,678,755,695
23960 (Oas1g)	993,650,1039,667
23961 (Oas1b)	993,650,1039,667
246727 (Oas3)	993,650,1039,667
246728 (Oas2)	993,650,1039,667
246730 (Oas1a)	993,650,1039,667
15962 (Ifna1)	174,678,220,695
15964 (Ifna11)	174,678,220,695
15965 (Ifna2)	174,678,220,695
15967 (Ifna4)	174,678,220,695
15968 (Ifna5)	174,678,220,695
15969 (Ifna6)	174,678,220,695
15970 (Ifna7)	174,678,220,695
15972 (Ifna9)	174,678,220,695
15974 (Ifnab)	174,678,220,695
15977 (Ifnb1)	174,678,220,695
230396 (Ifna13)	174,678,220,695
242517 (Ifna15)	174,678,220,695
242519 (Ifna12)	174,678,220,695
404549 (Ifna14)	174,678,220,695
17698 (Msn)	298,151,344,168
170776 (Cd209c)	252,223,298,240
170779 (Cd209d)	252,223,298,240
170780 (Cd209e)	252,223,298,240
170786 (Cd209a)	252,223,298,240
69142 (Cd209f)	252,223,298,240
69165 (Cd209b)	252,223,298,240
70192 (Cd209g)	252,223,298,240
17221 (Cd46)	252,160,298,177
27218 (Slamf1)	252,181,298,198
16184 (Il2ra)	252,1485,298,1502
16185 (Il2rb)	252,1485,298,1502
16186 (Il2rg)	252,1485,298,1502
16183 (Il2)	174,1485,220,1502
12500 (Cd3d)	252,1446,298,1463
12501 (Cd3e)	252,1446,298,1463
12502 (Cd3g)	252,1446,298,1463
12487 (Cd28)	252,1465,298,1482
18706 (Pik3ca)	363,1468,409,1485
18707 (Pik3cd)	363,1468,409,1485
18708 (Pik3r1)	363,1468,409,1485
18709 (Pik3r2)	363,1468,409,1485
18710 (Pik3r3)	363,1468,409,1485
74769 (Pik3cb)	363,1468,409,1485
11651 (Akt1)	462,1468,508,1485
11652 (Akt2)	462,1468,508,1485
23797 (Akt3)	462,1468,508,1485
15481 (Hspa8)	709,749,755,766
15482 (Hspa1l)	709,749,755,766
15511 (Hspa1b)	709,749,755,766
15512 (Hspa2)	709,749,755,766
193740 (Hspa1a)	709,749,755,766
68135 (Eif3h)	781,849,827,866
16451 (Jak1)	363,1501,409,1518
16453 (Jak3)	363,1501,409,1518
20848 (Stat3)	462,1501,508,1518
20850 (Stat5a)	462,1501,508,1518
20851 (Stat5b)	462,1501,508,1518
16175 (Il1a)	993,520,1039,537
16176 (Il1b)	993,520,1039,537
16193 (Il6)	993,541,1039,558
16159 (Il12a)	993,562,1039,579
16160 (Il12b)	993,562,1039,579
17858 (Mx2)	993,690,1039,707
14694 (Rack1)	291,661,337,678
208650 (Cblb)	363,1429,409,1446
13666 (Eif2ak3)	611,880,657,897
15467 (Eif2ak1)	611,880,657,897
19106 (Eif2ak2)	611,880,657,897
27103 (Eif2ak4)	611,880,657,897
13665 (Eif2s1)	727,880,773,897
12675 (Chuk)	660,366,706,383
16150 (Ikbkb)	660,366,706,383
16151 (Ikbkg)	660,366,706,383
14102 (Fas)	252,1024,298,1041
14103 (Fasl)	174,1024,220,1041
22034 (Traf6)	581,555,627,572
21929 (Tnfaip3)	581,600,627,617
14130 (Fcgr2b)	252,1646,298,1663
12995 (Csnk2a1)	432,600,478,617
13000 (Csnk2a2)	432,600,478,617
13001 (Csnk2b)	432,600,478,617
68098 (Rchy1)	488,924,534,941
22059 (Trp53)	611,924,657,941
22062 (Trp73)	611,958,657,975
170770 (Bbc3)	993,958,1039,975
319642 (Rab9b)	306,860,352,877
56382 (Rab9)	306,860,352,877
12443 (Ccnd1)	462,1272,508,1289
12444 (Ccnd2)	462,1272,508,1289
12445 (Ccnd3)	462,1272,508,1289
12447 (Ccne1)	462,1272,508,1289
12448 (Ccne2)	462,1272,508,1289
12566 (Cdk2)	462,1289,508,1306
12567 (Cdk4)	462,1289,508,1306
12571 (Cdk6)	462,1289,508,1306
12576 (Cdkn1b)	442,1228,488,1245
56637 (Gsk3b)	553,1468,599,1485
56417 (Adar)	993,670,1039,687
26409 (Map3k7)	654,547,700,564
68652 (Tab2)	654,564,700,581
56489 (Ikbke)	660,310,706,327
56480 (Tbk1)	660,327,706,344
27218 (Slamf1)	252,1585,298,1602
16159 (Il12a)	609,1613,655,1630
16160 (Il12b)	609,1613,655,1630
18035 (Nfkbia)	738,367,784,384
18036 (Nfkbib)	738,367,784,384
18033 (Nfkb1)	737,403,783,420
19697 (Rela)	737,403,783,420
26414 (Mapk10)	745,537,791,554
26419 (Mapk8)	745,537,791,554
26420 (Mapk9)	745,537,791,554
14281 (Fos)	817,537,863,554
16476 (Jun)	817,537,863,554
14082 (Fadd)	367,1024,413,1041
12370 (Casp8)	459,1024,505,1041
71609 (Tradd)	297,1046,343,1063
12015 (Bad)	525,1138,571,1155
12028 (Bax)	614,1081,660,1098
12018 (Bak1)	614,1103,660,1120
13063 (Cycs)	730,1092,776,1109
13067 (Cyct)	730,1092,776,1109
12367 (Casp3)	909,1092,955,1109
12371 (Casp9)	833,1092,879,1109
12122 (Bid)	532,1092,578,1109
12043 (Bcl2)	614,1131,660,1148
12048 (Bcl2l1)	614,1153,660,1170
11783 (Apaf1)	730,1122,776,1139
13666 (Eif2ak3)	993,711,1039,728
15467 (Eif2ak1)	993,711,1039,728
19106 (Eif2ak2)	993,711,1039,728
27103 (Eif2ak4)	993,711,1039,728
22031 (Traf3)	587,318,633,335
12675 (Chuk)	745,588,791,605
16150 (Ikbkb)	745,588,791,605
16151 (Ikbkg)	745,588,791,605
mmu05162: Measles	40,45,132,70
mmu04660: T cell receptor signaling pathway	358,1350,473,1384
mmu04622: RIG-I-like receptor signaling pathway	491,360,606,394
mmu04620: Toll-like receptor signaling pathway	310,520,421,554
mmu04630: JAK-STAT signaling pathway	546,652,656,677
mmu04120: Ubiquitin mediated proteolysis	459,1419,572,1453
mmu04210: Apoptosis	400,1111,508,1136
mmu04110: Cell cycle	526,1251,618,1276
mmu04115: p53 signaling pathway	678,920,807,945
mmu04658: Th1 and Th2 cell differentiation	669,1576,784,1610
