C04637 (1-Phosphatidyl-D-myo-inositol 4,5-bisphosphate)	588,505,4
C00338 (Lipopolysaccharide)	125,240,4
C00533 (Nitric oxide)	597,1312,4
C00062 (L-Arginine)	456,1312,4
327204 (rac1a)	644,444,690,461
562838 (rac1b)	644,444,690,461
792699 (rac1l)	644,444,690,461
336839 (cdc42)	644,470,690,487
556226 (cdc42l2)	644,470,690,487
793158 (cdc42l)	644,470,690,487
415099 (rela)	898,482,944,499
565756 (nfkb1)	898,482,944,499
100149273 (mapk9)	765,496,811,513
562720 (mapk8a)	765,496,811,513
569698 (mapk10)	765,496,811,513
65236 (mapk8b)	765,496,811,513
565459 (tjp1b)	717,150,763,167
100001221 (wasf1)	792,595,838,612
394056 (wasf2)	792,595,838,612
114456 (arpc4)	817,642,863,659
327068 (arpc2)	817,642,863,659
335474 (arpc1b)	817,642,863,659
336504 (arpc5a)	817,642,863,659
393550 (arpc5la)	817,642,863,659
394243 (arpc1a)	817,642,863,659
399482 (arpc5b)	817,642,863,659
415190 (zgc:86896)	817,642,863,659
415204 (arpc3)	817,642,863,659
445305 (arpc4l)	817,642,863,659
556104 (arpc5lb)	817,642,863,659
100009637 (wasla)	842,595,888,612
394034 (waslb)	842,595,888,612
335916 (jun)	898,460,944,477
394198 (fosab)	898,460,944,477
564403 (si:ch211-153j24.3)	898,460,944,477
570238 (fosaa)	898,460,944,477
100002946 (cxcl8a)	1034,427,1077,444
100003859 (cxcl8b.3)	1034,427,1077,444
324681 (rhogc)	644,496,690,513
336933 (rhogb)	644,496,690,513
393653 (rhogd)	644,496,690,513
57934 (actb1)	817,687,863,704
57935 (actb2)	817,687,863,704
403131 (tlr4ba)	221,186,267,203
403132 (tlr4bb)	221,186,267,203
795671 (tlr4al)	221,186,267,203
403138 (tlr5a)	1065,186,1111,203
403139 (tlr5b)	1065,186,1111,203
403145 (myd88)	898,186,944,203
100048921 (flnca)	622,1158,668,1175
100534866 (flnb)	622,1158,668,1175
562529 (flna)	622,1158,668,1175
563023 (flnb)	622,1158,668,1175
570288 (flncb)	622,1158,668,1175
321383 (pfn2l)	622,1136,668,1153
394235 (pfn2)	622,1136,668,1153
556873 (si:ch211-175f11.5)	622,1136,668,1153
57934 (actb1)	714,1147,760,1164
57935 (actb2)	714,1147,760,1164
100332402 (dync2h1)	825,1057,871,1074
335110 (dync1h1)	825,1057,871,1074
556103 (dync1li1)	825,1057,871,1074
561525 (dync1i1)	825,1057,871,1074
561612 (dync1i2b)	825,1057,871,1074
573266 (dync1li2)	825,1057,871,1074
767729 (dync1i2a)	825,1057,871,1074
798868	825,1057,871,1074
564823 (plekhm2)	587,957,633,974
393902 (rab7a)	588,1004,634,1021
431725 (rab7b)	588,1004,634,1021
449549 (zgc:100918)	588,1004,634,1021
100005026 (rilp)	681,1004,727,1021
335499 (klc1b)	681,957,727,974
393928 (klc1a)	681,957,727,974
562365 (klc2)	681,957,727,974
569394 (klc3)	681,957,727,974
57923 (pycard)	623,327,669,344
57933 (caspa)	623,344,669,361
405770 (il1b)	1034,356,1077,373
360144 (mapk1)	765,470,811,487
399480 (mapk3)	765,470,811,487
100002318 (mapk13)	765,444,811,461
266756 (mapk14b)	765,444,811,461
30681 (mapk12a)	765,444,811,461
415185 (mapk11)	765,444,811,461
557810 (mapk12b)	765,444,811,461
562552 (zgc:171775)	765,444,811,461
65237 (mapk14a)	765,444,811,461
100007897 (pkn1b)	966,651,1012,668
560840 (pkn1a)	966,651,1012,668
405790 (ifng1)	42,1289,88,1306
100329124 (ifngr1l)	221,1281,267,1298
404036 (nos2a)	499,1289,545,1306
563654 (nos2b)	499,1289,545,1306
100885851 (il6)	1034,402,1077,419
100329779 (rock1)	656,868,702,885
317747 (rock2a)	656,868,702,885
321070 (rock2b)	656,868,702,885
dre05132: Salmonella infection	40,45,246,70
map03070: Bacterial secretion system	336,1108,474,1142
map03070: Bacterial secretion system	172,424,310,458
dre04620: Toll-like receptor signaling pathway	928,243,1039,277
dre04530: Tight junction	690,119,787,144
dre04010: MAPK signaling pathway	720,404,868,429
map04630: JAK-STAT signaling pathway	293,1304,408,1338
dre04810: Regulation of actin cytoskeleton	702,708,813,742
map05100: Bacterial invasion of epithelial cells	331,424,442,458
