G00129 (GQ1balpha)	83,703,4
G00128 (GT1aalpha)	83,646,4
G00127 (GD1a)	83,504,4
G00132 (GD1beta)	83,394,4
G00131 (GM1alpha)	83,338,4
G00130 (GM2alpha)	83,283,4
G00170 (9-O-Acetylated GT3)	698,116,4
G00122 (GP1c)	698,616,4
G00121 (GQ1c)	698,504,4
G00120 (GT1c)	698,394,4
G00119 (GT2)	698,283,4
G00118 (GT3)	698,172,4
G00169 (9-O-Acetylated GD3)	537,116,4
G00168 (N-Acetylgalactosaminyl GD1a)	461,504,4
G00166 (Fucosyl-GM1)	461,394,4
G00126 (GD1c)	214,616,4
G00167 (N-Acetylgalactosaminyl GM1b)	301,504,4
G00125 (GM1b)	214,504,4
G00115 (GD1b)	537,394,4
G00092 (Lactosylceramide)	214,172,4
G00123 (GA2)	214,283,4
G00124 (GA1)	214,394,4
G00112 (GT1a)	375,616,4
G00111 (GD1a)	375,504,4
G00110 (GM1)	375,394,4
G00109 (GM2)	375,283,4
G00108 (GM3)	375,172,4
G00113 (GD3)	537,172,4
G00114 (GD2)	537,283,4
G00116 (GT1b)	537,504,4
G00117 (GQ1b)	537,616,4
445562 (st3gal2)	513,438,559,455
548343 (glb1)	375,342,421,359
323613 (hexb)	375,236,421,253
550460 (hexa)	375,236,421,253
553210 (st8sia1)	591,153,637,170
553754 (st8sia5)	591,174,637,191
394083 (slc33a1)	675,139,721,156
101886595 (b3galt4)	675,322,721,339
793635 (b4galnt1b)	675,215,721,232
553754 (st8sia5)	513,551,559,568
407715 (st6galnac6)	462,551,508,568
407715 (st6galnac6)	302,551,348,568
553754 (st8sia5)	191,551,237,568
322609 (st6galnac3)	106,485,152,502
553210 (st8sia1)	425,162,471,179
751653 (st6galnac4)	154,485,200,502
553754 (st8sia5)	353,551,399,568
101886595 (b3galt4)	513,322,559,339
394083 (slc33a1)	513,139,559,156
445562 (st3gal2)	353,438,399,455
394230 (st3gal5)	264,162,310,179
793635 (b4galnt1b)	191,215,237,232
101886595 (b3galt4)	191,322,237,339
101886595 (b3galt4)	330,322,376,339
793635 (b4galnt1b)	330,215,376,232
445562 (st3gal2)	191,438,237,455
793635 (b4galnt1b)	513,215,559,232
407715 (st6galnac6)	154,506,200,523
563594 (st6galnac5a)	106,506,152,523
101886595 (b3galt4)	347,805,362,790,366,790,351,805
553754 (st8sia5)	205,785,235,785,235,789,205,789
445562 (st3gal2)	296,787,311,802,315,802,300,787
322609 (st6galnac3)	348,760,363,775,367,775,352,760
407715 (st6galnac6)	348,760,363,775,367,775,352,760
563594 (st6galnac5a)	348,760,363,775,367,775,352,760
751653 (st6galnac4)	348,760,363,775,367,775,352,760
553210 (st8sia1)	239,856,269,856,269,860,239,860
553754 (st8sia5)	239,856,269,856,269,860,239,860
553210 (st8sia1)	332,856,362,856,362,860,332,860
793635 (b4galnt1b)	418,791,438,811,442,811,422,791
394230 (st3gal5)	417,850,437,830,441,830,421,850
dre00600: Sphingolipid metabolism	58,155,134,189
dre00604: Glycosphingolipid biosynthesis - ganglio series	40,45,443,70
