D00346 (Isoniazid (JP17/USP/INN))	839,730,4
C07054 (Isoniazid)	839,730,4
C04646 (6-Thioinosine-5'-monophosphate)	295,272,4
D01223 (Capecitabine (JAN/USAN/INN))	78,545,4
C12650 (Capecitabine)	78,545,4
C07446 (Isonicotinic acid)	985,787,4
C16614 (6-Methylmercaptopurine)	181,187,4
C16615 (6-Methylthiopurine 5'-monophosphate ribonucleotide)	295,187,4
C16620 (6-Methylthioguanosine monophosphate)	502,184,4
C16619 (6-Thioguanosine monophosphate)	502,271,4
D08603 (Tioguanine (INN))	502,348,4
C07648 (Thioguanine)	502,348,4
C16618 (6-Thioxanthine 5'-monophosphate)	408,271,4
D04931 (Mercaptopurine (INN))	181,271,4
C02380 (6-Mercaptopurine)	181,271,4
D00238 (Azathioprine (JP17/USP/INN))	94,271,4
C06837 (Azathioprine)	94,271,4
C16621 (1-Methyl-4-nitroimidazole)	128,331,4
C16613 (6-Thiourate)	181,361,4
C16617 (6-Mercaptopurine ribonucleoside triphosphate)	295,432,4
C16616 (6-Mercaptopurine ribonucleoside 5'-diphosphate)	295,351,4
C16624 (Isoniazid pyruvate)	913,688,4
C16625 (Isoniazid alpha-ketoglutaric acid)	913,655,4
C07585 (N-Acetylisoniazid)	1031,731,4
C07447 (Acetylhydrazine)	1031,847,4
C16623 (Isonicotinylglycine)	1132,791,4
C16622 (N,N'-Diacetylhydrazine)	1132,847,4
C05361 (Hydrazine)	839,847,4
D00584 (Fluorouracil (JP17/USP/INN))	269,662,4
C07649 (5-FU)	269,662,4
D01244 (Tegafur (JP17/USAN/INN))	103,610,4
C12673 (Tegafur)	103,610,4
C16630 (5,6-Dihydro-5-fluorouracil)	370,610,4
C16631 (alpha-Fluoro-beta-ureidopropionic acid)	471,610,4
C16632 (alpha-Fluoro-beta-alanine)	572,610,4
C16634 (5-Fluorouridine monophosphate)	269,735,4
C16633 (5-Fluorouridine)	167,667,4
D04197 (Floxuridine (USP/INN))	391,662,4
C11736 (5-Fluorodeoxyuridine)	391,662,4
C04242 (5-Fluorodeoxyuridine monophosphate)	391,735,4
D01309 (Doxifluridine (JP17/INN))	269,546,4
C12739 (5'-Deoxy-5-fluorouridine)	269,546,4
C16635 (5'-Deoxy-5-fluorocytidine)	173,545,4
D08086 (Irinotecan (INN))	817,189,4
C16641 (Irinotecan)	817,189,4
C16542 (APC)	807,304,4
C16543 (NPC)	825,304,4
C11173 (SN-38)	981,190,4
C11376 (SN38 glucuronide)	981,304,4
D01784 (Carmofur (JP17/INN))	103,658,4
C13252 (Carmofur)	103,658,4
C21750 (5-Fluorodeoxyuridine diphosphate)	391,812,4
C21751 (5-Fluorodeoxyuridine triphosphate)	391,889,4
C21748 (5-Fluorouridine diphosphate)	269,812,4
C21749 (5-Fluorouridine triphosphate)	269,889,4
C21754 (Isonicotinoyl radical)	835,597,4
C00003 (NAD+)	945,627,4
C21759 (Isonicotinoyl-NAD adduct)	1031,597,4
C21758 (Hepatotoxins)	1031,926,4
C06108 (Fluoroacetate)	572,684,4
C00006 (NADP+)	945,523,4
C21760 (Isonicotinoyl-NADP adduct)	1031,554,4
C02320 (R-S-Glutathione)	1132,926,4
436842 (tpmt.1)	159,224,205,241
436842 (tpmt.1)	273,224,319,241
436842 (tpmt.1)	480,223,526,240
406259 (hprt1)	215,179,261,196
406259 (hprt1)	215,262,261,279
406259 (hprt1)	480,304,526,321
393559 (gmps)	429,263,475,280
557834 (itpa)	309,344,355,361
560486 (xdh)	159,313,205,330
445194 (zgc:101040)	913,722,959,739
449801 (zgc:103601)	913,722,959,739
794381 (si:dkey-78a14.4)	913,722,959,739
445194 (zgc:101040)	1057,840,1103,857
449801 (zgc:103601)	1057,840,1103,857
794381 (si:dkey-78a14.4)	1057,840,1103,857
393113 (upp2)	194,662,240,679
503707 (upp1)	194,662,240,679
103910413 (tymp)	308,654,354,671
405829 (dpydb)	296,602,342,619
100144569 (dpys)	391,602,437,619
322660 (upb1)	492,602,538,619
393143 (umps)	247,688,293,705
100005763 (uck2a)	194,728,240,745
327057 (uck2b)	194,728,240,745
447928 (uck1)	194,728,240,745
558466 (uckl1b)	194,728,240,745
563597 (si:ch211-243j20.2)	194,728,240,745
327590 (tk1)	369,688,415,705
437016 (tk2)	369,688,415,705
317745 (impdh2)	331,263,377,280
338306 (impdh1b)	331,263,377,280
431724 (impdh1a)	331,263,377,280
103910413 (tymp)	247,570,293,587
402979 (cdab)	194,537,240,554
559958 (cdaa)	194,537,240,554
561967 (si:ch211-93f2.1)	99,537,145,554
566132 (ces2)	99,537,145,554
100006320 (ugt2a1)	959,229,1005,246
406731 (ugt1ab)	959,229,1005,246
553952 (ugt2a2)	959,229,1005,246
570913 (ugt5g1)	959,229,1005,246
641488 (ugt1a1)	959,229,1005,246
571441 (gusb)	1012,229,1058,246
561967 (si:ch211-93f2.1)	892,229,938,246
566132 (ces2)	892,229,938,246
561967 (si:ch211-93f2.1)	854,180,900,197
566132 (ces2)	854,180,900,197
406383 (cmpk)	247,764,293,781
30083 (nme2b.1)	247,842,293,859
30084 (nme2b.2)	247,842,293,859
30085 (nme3)	247,842,293,859
30086 (nme7)	247,842,293,859
335716 (nme2a)	247,842,293,859
394170 (nme4)	247,842,293,859
58120 (nme6)	247,842,293,859
406383 (cmpk)	369,764,415,781
30083 (nme2b.1)	369,842,415,859
30084 (nme2b.2)	369,842,415,859
30085 (nme3)	369,842,415,859
30086 (nme7)	369,842,415,859
335716 (nme2a)	369,842,415,859
394170 (nme4)	369,842,415,859
58120 (nme6)	369,842,415,859
100330864	308,804,354,821
30733 (rrm2)	308,804,354,821
30740 (rrm1)	308,804,354,821
368909 (rrm2b)	308,804,354,821
449835 (dut)	493,764,539,781
445194 (zgc:101040)	935,830,981,847
449801 (zgc:103601)	935,830,981,847
794381 (si:dkey-78a14.4)	935,830,981,847
100124622 (gsta.2)	1057,918,1103,935
324366 (gstm.1)	1057,918,1103,935
393493 (gstt2)	1057,918,1103,935
393556 (gstt1b)	1057,918,1103,935
406703 (gsta.1)	1057,918,1103,935
406736 (mgst3a)	1057,918,1103,935
431762 (mgst1.2)	1057,918,1103,935
436894 (gsto1)	1057,918,1103,935
449784 (mgst1.1)	1057,918,1103,935
492500 (gsto2)	1057,918,1103,935
553169 (gstp2)	1057,918,1103,935
563972 (gstt1a)	1057,918,1103,935
564619 (gstr)	1057,918,1103,935
567275 (mgst3b)	1057,918,1103,935
568744 (gstm.3)	1057,918,1103,935
571365 (gstm.2)	1057,918,1103,935
723997 (mgst2)	1057,918,1103,935
79381 (gstp1)	1057,918,1103,935
dre00983: Drug metabolism - other enzymes	40,45,329,70
