C00031 (D-Glucose)	90,269,4
C05981 (Phosphatidylinositol-3,4,5-trisphosphate)	395,391,4
C00008 (ADP)	406,144,4
C00020 (AMP)	433,144,4
C00025 (L-Glutamate)	90,488,4
393287 (chuk)	514,338,560,355
563560 (ikbkb)	514,338,560,355
100149273 (mapk9)	463,249,509,266
562720 (mapk8a)	463,249,509,266
569698 (mapk10)	463,249,509,266
65236 (mapk8b)	463,249,509,266
360144 (mapk1)	582,622,628,639
399480 (mapk3)	582,622,628,639
100001198 (prkaa1)	463,216,509,233
100170795 (prkab2)	463,216,509,233
335232 (prkab1b)	463,216,509,233
406440 (prkag1)	463,216,509,233
436905 (prkab1a)	463,216,509,233
553319 (prkag3a)	463,216,509,233
568316 (prkag2b)	463,216,509,233
570761 (prkag2a)	463,216,509,233
572074 (prkaa2)	463,216,509,233
678619 (prkag3b)	463,216,509,233
30262 (ins)	70,383,116,400
566735 (insb)	70,383,116,400
30296 (foxo3b)	670,371,716,388
494532 (foxo3a)	670,371,716,388
563719 (foxo4)	670,371,716,388
567969 (foxo1b)	670,371,716,388
768121 (foxo1a)	670,371,716,388
556286 (sos1)	294,622,340,639
561670 (sos2)	294,622,340,639
30380 (nras)	366,622,412,639
393228 (zgc:55558)	366,622,412,639
445289 (kras)	366,622,412,639
550286 (hrasa)	366,622,412,639
553656 (hrasb)	366,622,412,639
100002225 (map2k2b)	510,622,556,639
406728 (map2k1)	510,622,556,639
563181 (map2k2a)	510,622,556,639
245699 (insra)	141,383,187,400
245700 (insrb)	141,383,187,400
30716 (raf1a)	438,622,484,639
403063 (araf)	438,622,484,639
403065 (braf)	438,622,484,639
557109 (raf1b)	438,622,484,639
378727 (pck1)	1047,508,1093,525
406473 (pck2)	1047,508,1093,525
100000750 (g6pcb)	1119,508,1165,525
445118 (g6pca.1)	1119,508,1165,525
563180 (g6pca.2)	1119,508,1165,525
790919 (g6pc3)	1119,508,1165,525
100149794 (akt3b)	514,383,560,400
101910198 (akt1)	514,383,560,400
378972 (akt2)	514,383,560,400
403146 (akt2l)	514,383,560,400
560549 (akt3a)	514,383,560,400
100000252 (pik3r3b)	307,383,353,400
100002263 (pik3cb)	307,383,353,400
394174 (pik3cd)	307,383,353,400
404211 (pik3r2)	307,383,353,400
557176 (pik3r1)	307,383,353,400
561737 (pik3ca)	307,383,353,400
403000 (pdpk1b)	433,383,479,400
100329897 (irs4a)	227,383,273,400
393285 (irs2a)	227,383,273,400
559281 (irs1)	227,383,273,400
572001 (irs2b)	227,383,273,400
794462	227,383,273,400
378478 (egfra)	141,622,187,639
571431	141,622,187,639
406308 (grb2b)	221,622,267,639
493609 (grb2a)	221,622,267,639
403045 (egf)	70,622,116,639
368415 (ptenb)	433,338,479,355
794088 (ptena)	433,338,479,355
563708 (skp2)	638,259,684,276
30637 (mdm2)	638,282,684,299
559273 (ep300a)	779,348,825,365
565612 (ep300b)	779,348,825,365
566841 (crebbpa)	779,348,825,365
567111 (crebbpb)	779,348,825,365
797132 (sirt1)	845,348,891,365
114433 (igf1)	70,345,116,362
245701 (igf1ra)	141,345,187,362
245702 (igf1rb)	141,345,187,362
30296 (foxo3b)	814,399,860,416
494532 (foxo3a)	814,399,860,416
563719 (foxo4)	814,399,860,416
567969 (foxo1b)	814,399,860,416
768121 (foxo1a)	814,399,860,416
406715 (cdk2)	670,536,716,553
368316 (ccnb2)	1047,69,1093,86
447870 (ccnb1l)	1047,69,1093,86
58025 (ccnb1)	1047,69,1093,86
767751 (ccnb3)	1047,69,1093,86
30222 (ccnd1)	1118,69,1164,86
799608 (ccnd2a)	1118,69,1164,86
100333252 (cdkn2d)	1118,121,1164,138
100151416 (cdkn1a)	1047,146,1093,163
368329 (cdkn1bb)	1118,146,1164,163
402862 (cdkn1ba)	1118,146,1164,163
100331892 (rbl2)	1047,182,1093,199
100148413 (plk2a)	1047,208,1093,225
280649 (plk1)	1047,208,1093,225
334202 (plk3)	1047,208,1093,225
368390 (plk4)	1047,208,1093,225
565576 (plk2b)	1047,208,1093,225
393548 (gadd45aa)	1118,208,1164,225
402991 (gadd45ga)	1118,208,1164,225
406304 (gadd45ba)	1118,208,1164,225
431763 (gadd45ab)	1118,208,1164,225
497646 (gadd45bb)	1118,208,1164,225
735295 (faslg)	1047,261,1093,278
100190951 (bcl2l11)	1118,261,1164,278
436866 (tnfsf10)	1047,285,1093,302
393707 (bcl6aa)	1118,285,1164,302
30068 (cat)	1047,412,1093,429
335799 (sod2)	1118,412,1164,429
393548 (gadd45aa)	1047,439,1093,456
402991 (gadd45ga)	1047,439,1093,456
406304 (gadd45ba)	1047,439,1093,456
431763 (gadd45ab)	1047,439,1093,456
497646 (gadd45bb)	1047,439,1093,456
403064 (atm)	1118,439,1164,456
393707 (bcl6aa)	1047,568,1093,585
100134973 (il7r)	1119,568,1165,585
117508 (klf2a)	1047,594,1093,611
117509 (klf2b)	1047,594,1093,611
402857 (s1pr4)	1119,594,1165,611
64617 (s1pr1)	1119,594,1165,611
30658 (rag2)	1047,621,1093,638
30663 (rag1)	1047,621,1093,638
100150246 (grm1b)	141,481,187,498
555576 (grm1a)	141,481,187,498
394088 (homer3b)	202,435,248,452
436769 (homer1b)	202,435,248,452
553661 (homer2)	202,435,248,452
565109 (agap2)	202,456,248,473
100006858 (csnk1e)	514,481,560,498
336116 (bnip3)	1047,318,1093,335
402792 (zgc:73226)	1047,318,1093,335
568155 (bnip4)	1047,318,1093,335
326974 (gabarapa)	1047,342,1093,359
403036 (gabarapl2)	1047,342,1093,359
793200 (gabarapb)	1047,342,1093,359
570965 (atg12)	1118,318,1164,335
324140 (sgk1)	514,418,560,435
559050 (sgk2b)	514,418,560,435
564523 (sgk3)	514,418,560,435
570956 (sgk2a)	514,418,560,435
30739 (tgfbr2b)	141,113,187,130
560446 (si:dkey-101k6.5)	141,113,187,130
560578 (tgfbr1a)	141,113,187,130
792928 (tgfbr1b)	141,113,187,130
326283 (smad3b)	641,112,687,129
58092 (smad3a)	641,112,687,129
559111 (smad4a)	556,69,602,86
560317 (si:dkey-222b8.1)	556,69,602,86
326283 (smad3b)	803,120,849,137
58092 (smad3a)	803,120,849,137
559111 (smad4a)	803,103,849,120
560317 (si:dkey-222b8.1)	803,103,849,120
30274 (foxg1a)	835,688,881,705
30767 (stat3)	514,544,560,561
100885851 (il6)	70,536,116,553
553957 (il10)	70,558,116,575
405892 (nlk1)	577,258,623,275
563460 (nlk2)	577,258,623,275
100002318 (mapk13)	628,572,674,589
266756 (mapk14b)	628,572,674,589
30681 (mapk12a)	628,572,674,589
415185 (mapk11)	628,572,674,589
557810 (mapk12b)	628,572,674,589
562552 (zgc:171775)	628,572,674,589
65237 (mapk14a)	628,572,674,589
436729 (setd7)	709,306,755,323
321974 (prmt1)	712,472,758,489
553758 (usp7)	796,467,842,484
393891 (fbxo32)	1047,663,1093,680
403037 (fbxo25)	1047,663,1093,680
550537 (stk11)	434,173,480,190
266794 (ccng2)	1047,95,1093,112
30296 (foxo3b)	814,306,860,323
494532 (foxo3a)	814,306,860,323
563719 (foxo4)	814,306,860,323
567969 (foxo1b)	814,306,860,323
768121 (foxo1a)	814,306,860,323
359834 (tgfb1a)	70,113,116,130
369194 (tgfb2)	70,113,116,130
369195 (tgfb3)	70,113,116,130
563884 (tgfb1b)	70,113,116,130
dre00010: Glycolysis / Gluconeogenesis	1224,528,1319,562
dre04210: Apoptosis	1220,294,1312,319
dre04010: MAPK signaling pathway	375,646,487,680
map04151: PI3K-Akt signaling pathway	376,422,488,456
dre04120: Ubiquitin mediated proteolysis	613,180,725,214
dre04110: Cell cycle	1218,171,1310,196
dre04140: Autophagy - animal	1222,354,1317,388
dre04350: TGF-beta signaling pathway	372,78,484,112
dre04910: Insulin signaling pathway	234,338,346,372
map04630: JAK-STAT signaling pathway	376,557,488,591
dre00010: Glycolysis / Gluconeogenesis	234,197,346,231
dre00020: Citrate cycle (TCA cycle)	234,235,346,269
dre00190: Oxidative phosphorylation	234,273,346,307
