C00238 (Potassium cation)	317,598,4
C01245 (D-myo-Inositol 1,4,5-trisphosphate)	406,669,4
C00076 (Calcium cation)	617,667,4
C00002 (ATP)	161,596,4
C00076 (Calcium cation)	161,640,4
C00155 (L-Homocysteine)	161,822,4
C00533 (Nitric oxide)	804,731,4
C00076 (Calcium cation)	161,668,4
57923 (pycard)	824,1102,870,1119
57933 (caspa)	895,1102,942,1119
57923 (pycard)	825,1020,871,1037
57933 (caspa)	896,1020,943,1037
57923 (pycard)	824,1185,870,1202
57933 (caspa)	895,1185,942,1202
57923 (pycard)	825,664,871,681
57933 (caspa)	896,664,943,681
100330810 (nod1)	305,149,351,166
777696 (nod2)	305,319,351,336
373874 (ripk2)	595,319,641,336
393287 (chuk)	824,158,870,175
563560 (ikbkb)	824,158,870,175
553788 (map3k7)	824,303,870,320
403084 (tab1)	824,320,870,337
494163 (tab2)	824,320,870,337
566547 (tab3)	824,320,870,337
101882558 (si:ch211-66k16.28)	753,485,799,502
561595 (si:ch211-196h16.5)	753,663,799,680
57923 (pycard)	824,485,870,502
57933 (caspa)	895,485,942,502
405770 (il1b)	1133,1034,1179,1051
492489 (sugt1)	742,743,788,760
30573 (hsp90ab1)	742,760,788,777
30591 (hsp90aa1.1)	742,760,788,777
565155 (hsp90aa1.2)	742,760,788,777
57933 (caspa)	1036,969,1082,986
100149273 (mapk9)	974,302,1020,319
562720 (mapk8a)	974,302,1020,319
569698 (mapk10)	974,302,1020,319
65236 (mapk8b)	974,302,1020,319
360144 (mapk1)	974,282,1020,299
399480 (mapk3)	974,282,1020,299
100002318 (mapk13)	974,322,1020,339
266756 (mapk14b)	974,322,1020,339
30681 (mapk12a)	974,322,1020,339
415185 (mapk11)	974,322,1020,339
557810 (mapk12b)	974,322,1020,339
562552 (zgc:171775)	974,322,1020,339
65237 (mapk14a)	974,322,1020,339
571331 (pstpip1a)	843,760,889,777
641582 (pstpip1b)	843,760,889,777
405770 (il1b)	1132,909,1178,926
405770 (il1b)	1706,1033,1752,1050
557086 (tp53bp1)	753,1140,799,1157
387298 (p2rx7)	216,603,262,620
280653 (trpm7)	216,632,262,649
799412 (trpm2)	216,632,262,649
393890 (panx1a)	216,574,262,591
567417 (panx1b)	216,574,262,591
415099 (rela)	1453,956,1499,973
565756 (nfkb1)	1453,956,1499,973
405770 (il1b)	1255,909,1301,926
335916 (jun)	1259,303,1305,320
541530 (ikbkg)	824,141,870,158
445119 (traf3)	824,382,870,399
692289 (tbk1)	974,366,1020,383
437024 (ikbke)	974,383,1020,400
393650 (irf7)	1121,383,1167,400
564854 (irf3)	1121,383,1167,400
393132 (irak4)	1453,764,1499,781
100536924	1545,956,1591,973
559196	1545,956,1591,973
323944 (olfcb1)	216,660,262,677
494131 (gprc6a)	216,660,262,677
560607 (casr)	216,660,262,677
100149388 (itpr1b)	451,661,497,678
562585 (itpr2)	451,661,497,678
567611 (itpr1a)	451,661,497,678
794666 (itpr3)	451,661,497,678
100001532 (plcb3)	305,660,351,677
100537538	305,660,351,677
407700 (plcb4)	305,660,351,677
569376 (plcb2)	305,660,351,677
30280 (jak1)	1545,601,1591,618
100536675 (tyk2)	1545,618,1591,635
30768 (stat1a)	1453,610,1499,627
368481 (stat1b)	1453,610,1499,627
403131 (tlr4ba)	1638,740,1684,757
403132 (tlr4bb)	1638,740,1684,757
795671 (tlr4al)	1638,740,1684,757
403145 (myd88)	1545,772,1591,789
619391 (il10rb)	1638,610,1684,627
777653 (crfb2)	1638,610,1684,627
557239 (antxr2a)	216,485,262,502
563907 (antxr1c)	216,485,262,502
793153 (antxr1a)	216,485,262,502
777696 (nod2)	305,387,351,404
100006041 (rhoab)	441,1185,487,1202
406411 (rhoaa)	441,1185,487,1202
406659 (rhoac)	441,1185,487,1202
436718 (rhocb)	441,1185,487,1202
751630 (zgc:153713)	441,1185,487,1202
100126803 (ifnphi3)	1453,383,1499,400
360134 (ifnphi1)	1453,383,1499,400
562867 (mavs)	557,755,603,772
322126 (vdac2)	595,682,641,699
334582 (vdac1)	595,682,641,699
393186 (zgc:56235)	595,682,641,699
406529 (vdac3)	595,682,641,699
768182 (mcu)	595,708,641,725
492489 (sugt1)	361,184,407,201
566811 (erbin)	361,291,407,308
403147 (ticam1)	1545,708,1591,725
445223 (nek7)	742,703,788,720
100149641	1121,508,1167,525
100322630	1121,508,1167,525
100334992 (unm_sa911)	1121,508,1167,525
100535674	1121,508,1167,525
436615 (gbp1)	1121,508,1167,525
559296 (gbp4)	1121,508,1167,525
570622 (gbp2)	1121,508,1167,525
100333845 (brcc3)	742,723,788,740
554561 (traf6)	1453,781,1499,798
323099 (nfkbiab)	1453,918,1499,935
406463 (nfkbiaa)	1453,918,1499,935
393650 (irf7)	1453,708,1499,725
564854 (irf3)	1453,708,1499,725
368359 (txnipa)	595,817,641,834
373107 (birc2)	595,257,641,274
373108 (xiap)	595,278,641,295
336637 (zgc:56493)	595,834,641,851
402938 (txn2)	595,834,641,851
436734 (txn)	595,834,641,851
562867 (mavs)	595,387,641,404
100334178	595,190,641,207
431715 (rbck1)	595,190,641,207
567642 (si:dkey-181m9.8)	595,190,641,207
569903 (shrprbck1r)	595,190,641,207
793673 (sharpin)	595,190,641,207
550552 (atg16l1)	305,217,351,234
326974 (gabarapa)	388,234,434,251
403036 (gabarapl2)	388,234,434,251
793200 (gabarapb)	388,234,434,251
415099 (rela)	974,196,1020,213
565756 (nfkb1)	974,196,1020,213
570965 (atg12)	305,251,351,268
494180 (atg5)	305,234,351,251
767660 (tank)	974,400,1020,417
393386 (cybb)	216,817,262,834
393551 (cyba)	216,834,262,851
100330160 (nampta)	118,834,164,851
324211 (namptb)	118,834,164,851
393287 (chuk)	1453,857,1499,874
563560 (ikbkb)	1453,857,1499,874
541530 (ikbkg)	1453,840,1499,857
57923 (pycard)	824,1234,870,1251
57933 (caspa)	895,1234,942,1251
101243556 (tmem173)	1545,1147,1591,1164
692289 (tbk1)	1545,1103,1591,1120
393650 (irf7)	1453,1093,1499,1110
564854 (irf3)	1453,1093,1499,1110
777696 (nod2)	791,524,837,541
57923 (pycard)	824,871,870,888
57933 (caspa)	895,871,942,888
57923 (pycard)	824,920,870,937
57933 (caspa)	895,920,942,937
57923 (pycard)	824,969,870,986
57933 (caspa)	895,969,942,986
100536924	753,969,799,986
559196	753,969,799,986
564497 (tnfaip3)	693,278,739,295
792697 (trip6)	644,211,690,228
100005446	644,278,690,295
554561 (traf6)	644,278,690,295
557526 (traf2b)	644,278,690,295
563887 (traf5)	644,278,690,295
564295 (traf2a)	644,278,690,295
557335 (nlrx1)	595,350,641,367
796425 (card9)	644,257,690,274
373874 (ripk2)	595,149,641,166
373108 (xiap)	595,211,641,228
323099 (nfkbiab)	974,159,1020,176
406463 (nfkbiaa)	974,159,1020,176
403013 (irf9)	1453,587,1499,604
100150844 (prkcdb)	754,1064,800,1081
334571 (prkcda)	754,1064,800,1081
557302 (casp8l2)	895,703,941,720
58022 (casp8)	895,703,941,720
562317 (fadd)	895,720,941,737
100007048 (bcl2b)	742,524,788,541
570772 (bcl2a)	742,524,788,541
114401 (bcl2l1)	742,544,788,561
393620 (mfn1b)	595,787,641,804
567448 (mfn2)	595,787,641,804
57923 (pycard)	1295,1234,1341,1251
57933 (caspa)	1356,1234,1403,1251
796505 (dhx33)	511,755,557,772
100004555 (ripk3)	305,779,351,796
567460 (ripk1l)	305,779,351,796
393896 (dnm1l)	383,779,429,796
566871 (si:dkey-32e23.4)	383,779,429,796
406645 (ctsba)	595,538,641,555
569298 (ctsbb)	595,538,641,555
561595 (si:ch211-196h16.5)	1256,994,1302,1011
100885851 (il6)	1453,222,1499,239
405785 (tnfa)	1502,222,1548,239
100002946 (cxcl8a)	1454,250,1500,267
100003859 (cxcl8b.3)	1454,250,1500,267
797669 (ccl39.6)	1503,270,1549,287
415099 (rela)	1453,1114,1499,1131
565756 (nfkb1)	1453,1114,1499,1131
405770 (il1b)	1453,202,1499,219
100126803 (ifnphi3)	1722,609,1768,626
360134 (ifnphi1)	1722,609,1768,626
100126803 (ifnphi3)	1256,709,1302,726
360134 (ifnphi1)	1256,709,1302,726
100126803 (ifnphi3)	1133,1103,1179,1120
360134 (ifnphi1)	1133,1103,1179,1120
100007897 (pkn1b)	570,1185,616,1202
560840 (pkn1a)	570,1185,616,1202
567134 (zgc:153916)	570,1185,616,1202
571965 (pkn2)	570,1185,616,1202
322060 (ywhae1)	651,1213,697,1230
336610 (ywhaz)	651,1213,697,1230
503763 (ywhae2)	651,1213,697,1230
map03070: Bacterial secretion system	77,1040,168,1068
dre04621: NOD-like receptor signaling pathway	40,45,356,70
dre04010: MAPK signaling pathway	1052,280,1191,299
map04064: NF-kappa B signaling pathway	1044,211,1205,233
map00550: Peptidoglycan biosynthesis	135,225,215,256
dre04140: Autophagy - animal	471,231,536,253
dre04620: Toll-like receptor signaling pathway	1519,836,1619,872
