C16844 (Hydroxyl radical)	440,469,4
C00027 (Hydrogen peroxide)	440,469,4
C07909 (Sirolimus)	157,685,4
C00076 (Calcium cation)	361,847,4
C16844 (Hydroxyl radical)	975,847,4
C00027 (Hydrogen peroxide)	975,847,4
C00076 (Calcium cation)	594,847,4
C00076 (Calcium cation)	833,847,4
C05981 (Phosphatidylinositol-3,4,5-trisphosphate)	535,238,4
100150414 (si:dkey-85p17.3)	417,380,463,397
100003223 (ppp1cb)	1107,380,1153,397
327301 (ppp1cab)	1107,380,1153,397
334597 (ppp1cbl)	1107,380,1153,397
407980 (ppp1caa)	1107,380,1153,397
571753 (ppp1cc)	1107,380,1153,397
393141 (mycb)	418,319,464,336
557551 (hipk2)	719,356,765,373
564413 (hipk3a)	719,356,765,373
569156 (hipk3b)	719,356,765,373
572042 (hipk1a)	719,356,765,373
572323 (si:ch211-160o17.4)	719,356,765,373
30637 (mdm2)	606,319,652,336
30590 (tp53)	719,319,765,336
100000252 (pik3r3b)	418,229,464,246
100002263 (pik3cb)	418,229,464,246
394174 (pik3cd)	418,229,464,246
404211 (pik3r2)	418,229,464,246
557176 (pik3r1)	418,229,464,246
561737 (pik3ca)	418,229,464,246
100149794 (akt3b)	606,229,652,246
101910198 (akt1)	606,229,652,246
378972 (akt2)	606,229,652,246
403146 (akt2l)	606,229,652,246
560549 (akt3a)	606,229,652,246
100330617 (tsc1b)	719,229,765,246
337167 (tsc1a)	719,229,765,246
567524 (tsc2)	719,229,765,246
393702 (rheb)	832,229,878,246
767781 (rhebl1)	832,229,878,246
324254 (mtor)	832,281,878,298
30296 (foxo3b)	606,281,652,298
494532 (foxo3a)	606,281,652,298
797132 (sirt1)	418,281,464,298
100317924 (mras)	337,412,383,429
100536317 (si:ch73-116o1.2)	337,412,383,429
30380 (nras)	337,412,383,429
393228 (zgc:55558)	337,412,383,429
445289 (kras)	337,412,383,429
449660 (rras)	337,412,383,429
550286 (hrasa)	337,412,383,429
550513 (rras2)	337,412,383,429
553656 (hrasb)	337,412,383,429
100002225 (map2k2b)	512,412,558,429
406728 (map2k1)	512,412,558,429
563181 (map2k2a)	512,412,558,429
280651 (ets1)	719,412,765,429
30716 (raf1a)	418,412,464,429
557109 (raf1b)	418,412,464,429
100034507 (cdk6)	943,412,989,429
569515 (cdk21)	943,412,989,429
777730 (cdk4)	943,412,989,429
30222 (ccnd1)	989,412,1035,429
799608 (ccnd2a)	989,412,1035,429
360144 (mapk1)	606,412,652,429
399480 (mapk3)	606,412,652,429
100151416 (cdkn1a)	832,466,878,483
406715 (cdk2)	943,466,989,483
30188 (ccne1)	989,466,1035,483
415165 (ccne2)	989,466,1035,483
100331892 (rbl2)	1107,466,1153,483
777733 (rb1)	1107,466,1153,483
795522 (rbl1)	1107,466,1153,483
101885420 (e2f1)	1199,466,1245,483
402908 (e2f5)	1199,466,1245,483
406741 (e2f4)	1199,466,1245,483
568846 (si:ch211-160f23.5)	1199,466,1245,483
791146 (e2f3)	1199,466,1245,483
100002318 (mapk13)	606,466,652,483
266756 (mapk14b)	606,466,652,483
30681 (mapk12a)	606,466,652,483
415185 (mapk11)	606,466,652,483
557810 (mapk12b)	606,466,652,483
562552 (zgc:171775)	606,466,652,483
65237 (mapk14a)	606,466,652,483
30590 (tp53)	719,466,765,483
65239 (map2k6)	512,466,558,483
406715 (cdk2)	943,517,989,534
192295 (ccna2)	989,517,1035,534
404206 (ccna1)	989,517,1035,534
445390 (mybl2b)	1107,517,1153,534
394072 (foxm1)	1199,517,1245,534
321726 (rbbp4)	1153,517,1199,534
322129 (rbb4l)	1153,517,1199,534
550587 (lin37)	1153,517,1199,534
560688 (lin54)	1153,517,1199,534
560867 (lin9)	1153,517,1199,534
777755 (lin52)	1153,517,1199,534
797132 (sirt1)	776,505,822,522
403064 (atm)	512,517,558,534
336998 (chek2)	606,517,652,534
406637 (mre11a)	418,500,464,517
553029 (rad50)	418,517,464,534
544655 (nbn)	418,534,464,551
393548 (gadd45aa)	719,545,765,562
402991 (gadd45ga)	719,545,765,562
406304 (gadd45ba)	719,545,765,562
431763 (gadd45ab)	719,545,765,562
497646 (gadd45bb)	719,545,765,562
567770 (atr)	512,583,558,600
393162 (chek1)	606,583,652,600
393176 (rad9a)	418,566,464,583
563903 (rad9b)	418,566,464,583
393872 (rad1)	418,583,464,600
100037341 (zgc:162895)	418,600,464,617
80973 (cdk1)	943,550,989,567
368316 (ccnb2)	989,550,1035,567
447870 (ccnb1l)	989,550,1035,567
58025 (ccnb1)	989,550,1035,567
767751 (ccnb3)	989,550,1035,567
406715 (cdk2)	943,583,989,600
30188 (ccne1)	989,583,1035,600
415165 (ccne2)	989,583,1035,600
100034507 (cdk6)	943,616,989,633
569515 (cdk21)	943,616,989,633
777730 (cdk4)	943,616,989,633
30222 (ccnd1)	989,616,1035,633
799608 (ccnd2a)	989,616,1035,633
415099 (rela)	943,649,989,666
565756 (nfkb1)	943,649,989,666
606616 (traf3ip2a)	832,631,878,648
30483 (gata4)	719,631,765,648
406452 (sqstm1)	606,631,652,648
327321 (mapkapk2a)	832,687,878,704
100334443	943,687,989,704
323671 (zfp36l1b)	943,687,989,704
333941 (zfp36l2)	943,687,989,704
561280 (zfp36l1a)	943,687,989,704
570332 (zgc:114130)	943,687,989,704
324254 (mtor)	418,677,464,694
799566 (eif4ebp1)	512,677,558,694
403310 (cacna1da)	259,811,305,828
393417 (capn1a)	418,714,464,731
406768 (zgc:55262)	418,714,464,731
541374 (capn2a)	418,714,464,731
553353 (si:ch211-202f3.3)	418,714,464,731
563053 (capn2b)	418,714,464,731
565106 (capn1b)	418,714,464,731
565825 (si:dkeyp-50d11.2)	418,714,464,731
192322 (calm2b)	418,747,464,764
321808 (calm3b)	418,747,464,764
327379 (calm3a)	418,747,464,764
336121 (calm2a)	418,747,464,764
368217 (calm1b)	418,747,464,764
406660 (calm1a)	418,747,464,764
560151 (calml4a)	418,747,464,764
447814 (ppp3r1b)	512,747,558,764
550554 (ppp3cb)	512,747,558,764
557926 (ppp3cca)	512,747,558,764
564337 (ppp3r1a)	512,747,558,764
565241 (ppp3ccb)	512,747,558,764
794574 (ppp3ca)	512,747,558,764
100333254 (nfatc2a)	606,747,652,764
561682 (nfatc4)	606,747,652,764
561772 (nfatc3a)	606,747,652,764
566869 (nfatc3b)	606,747,652,764
568315 (nfatc1)	606,747,652,764
571865	606,747,652,764
100149388 (itpr1b)	418,801,464,818
562585 (itpr2)	418,801,464,818
567611 (itpr1a)	418,801,464,818
794666 (itpr3)	418,801,464,818
768182 (mcu)	692,839,738,856
557850 (trpv4)	259,838,305,855
280653 (trpm7)	259,864,305,881
100885851 (il6)	1171,694,1217,711
100002946 (cxcl8a)	1220,694,1266,711
100003859 (cxcl8b.3)	1220,694,1266,711
359834 (tgfb1a)	1122,715,1168,732
369194 (tgfb2)	1122,715,1168,732
369195 (tgfb3)	1122,715,1168,732
563884 (tgfb1b)	1122,715,1168,732
359834 (tgfb1a)	178,134,224,151
369194 (tgfb2)	178,134,224,151
369195 (tgfb3)	178,134,224,151
563884 (tgfb1b)	178,134,224,151
30639 (smad2)	606,134,652,151
326283 (smad3b)	606,134,652,151
58092 (smad3a)	606,134,652,151
30296 (foxo3b)	606,159,652,176
494532 (foxo3a)	606,159,652,176
567969 (foxo1b)	606,159,652,176
768121 (foxo1a)	606,159,652,176
334373 (fbxw11a)	580,356,626,373
406825 (fbxw11b)	580,356,626,373
30739 (tgfbr2b)	259,134,305,151
560446 (si:dkey-101k6.5)	259,134,305,151
560578 (tgfbr1a)	259,134,305,151
792928 (tgfbr1b)	259,134,305,151
403079 (igfbp3)	1171,715,1217,732
100136840 (serpine1)	1220,715,1266,732
393557 (mhc1uxa2)	417,180,463,197
64885 (mhc1uea)	417,180,463,197
100000252 (pik3r3b)	417,159,463,176
100002263 (pik3cb)	417,159,463,176
394174 (pik3cd)	417,159,463,176
404211 (pik3r2)	417,159,463,176
557176 (pik3r1)	417,159,463,176
561737 (pik3ca)	417,159,463,176
368415 (ptenb)	512,261,558,278
794088 (ptena)	512,261,558,278
406715 (cdk2)	943,167,989,184
30188 (ccne1)	989,167,1035,184
415165 (ccne2)	989,167,1035,184
100151416 (cdkn1a)	832,167,878,184
100034507 (cdk6)	943,134,989,151
569515 (cdk21)	943,134,989,151
777730 (cdk4)	943,134,989,151
30222 (ccnd1)	989,134,1035,151
799608 (ccnd2a)	989,134,1035,151
100038774 (si:dkey-251i10.1)	706,794,752,811
192321 (slc25a5)	706,794,752,811
327067 (slc25a4)	706,794,752,811
566370 (slc25a6)	706,794,752,811
322126 (vdac2)	672,811,718,828
334582 (vdac1)	672,811,718,828
393186 (zgc:56235)	672,811,718,828
406529 (vdac3)	672,811,718,828
415155 (ppid)	728,811,774,828
dre04218: Cellular senescence	40,45,220,70
dre04115: p53 signaling pathway	902,310,1028,332
dre04110: Cell cycle	1329,461,1395,483
dre04150: mTOR signaling pathway	895,254,1035,276
dre04020: Calcium signaling pathway	911,792,1056,814
dre04068: FoxO signaling pathway	895,198,1035,220
