30194 (alcama)	60,573,106,590
559154 (ptprc)	145,771,191,788
100151328	61,771,107,788
556718 (si:dkey-24p1.1)	61,771,107,788
100006534 (si:dkey-184p9.9)	250,240,296,257
677754 (cd8a)	250,240,296,257
405864 (itgb1b.2)	910,467,956,484
556734 (itgb1a)	910,467,956,484
570216 (itgb1b)	910,467,956,484
100141346 (itga8)	910,450,956,467
557797 (itgb2)	442,635,488,652
557935 (zmp:0000001082)	442,618,488,635
100270764 (cd40)	526,760,572,777
100270764 (cd40)	442,591,488,608
100270764 (cd40)	334,620,380,637
100270764 (cd40)	335,308,381,325
266983 (neo1a)	1291,793,1337,810
565617 (cdh15)	1291,767,1337,784
565617 (cdh15)	1207,767,1253,784
405864 (itgb1b.2)	1290,502,1336,519
556734 (itgb1a)	1290,502,1336,519
570216 (itgb1b)	1290,502,1336,519
503893 (itga6a)	1290,485,1336,502
541320 (itga6b)	1290,485,1336,502
560816 (si:ch73-22o12.1)	1290,459,1336,476
114424 (cdh1)	1290,407,1336,424
114424 (cdh1)	1206,407,1252,424
114424 (cdh1)	1290,214,1336,231
114424 (cdh1)	1206,214,1252,231
116993 (vcana)	1015,544,1061,561
114424 (cdh1)	1100,425,1146,442
114424 (cdh1)	1015,425,1061,442
474346 (mag)	1099,395,1145,412
474346 (mag)	1015,395,1061,412
114417 (mpz)	1099,365,1145,382
555163 (mpzl1l)	1099,365,1145,382
114417 (mpz)	1015,365,1061,382
555163 (mpzl1l)	1015,365,1061,382
541491 (nectin3b)	1206,459,1252,476
793240 (pvrl3a)	1206,459,1252,476
100141490 (nfasca)	1015,608,1061,625
100141490 (nfasca)	1100,544,1146,561
559157 (cntnap2a)	1100,691,1146,708
566220 (cntnap1)	1100,626,1146,643
559157 (cntnap2a)	1100,264,1146,281
566220 (cntnap1)	1100,195,1146,212
100141490 (nfasca)	1015,178,1061,195
100141490 (nfasca)	1100,139,1146,156
30726 (cntn2)	1100,247,1146,264
30726 (cntn2)	1015,246,1061,263
30726 (cntn2)	1100,674,1146,691
30726 (cntn2)	1015,673,1061,690
30726 (cntn2)	909,721,955,738
30726 (cntn2)	825,721,871,738
353150 (cntn1a)	1100,178,1146,195
353150 (cntn1a)	1100,609,1146,626
353150 (cntn1a)	1100,569,1146,586
353150 (cntn1a)	1015,631,1061,648
353150 (cntn1a)	909,618,955,635
556537 (nrcama)	1100,520,1146,537
556537 (nrcama)	1100,112,1146,129
556537 (nrcama)	825,618,871,635
100002407 (nlgn2b)	910,497,956,514
100002610 (nlgn1)	910,497,956,514
556158 (nlgn2a)	910,497,956,514
561122 (nlgn4xa)	910,497,956,514
562702 (nlgn3a)	910,497,956,514
558326 (nrxn2a)	825,497,871,514
563598 (nrxn3a)	825,497,871,514
565531 (nrxn1a)	825,497,871,514
556752 (itgb8)	910,425,956,442
100151255 (itgav)	910,408,956,425
282667 (sdc2)	1015,125,1061,142
337077 (sdc3)	1015,125,1061,142
568593 (sdc4)	1015,125,1061,142
282667 (sdc2)	910,379,956,396
337077 (sdc3)	910,379,956,396
568593 (sdc4)	910,379,956,396
140819 (ptprfa)	826,353,872,370
799867 (ptprfb)	826,353,872,370
445374 (negr1)	910,269,956,286
445374 (negr1)	826,269,872,286
692273 (cadm3)	909,584,955,601
692273 (cadm3)	825,584,871,601
562183 (cadm1b)	1290,242,1336,259
569931 (cadm1a)	1290,242,1336,259
562183 (cadm1b)	1206,242,1252,259
569931 (cadm1a)	1206,242,1252,259
562183 (cadm1b)	910,238,956,255
569931 (cadm1a)	910,238,956,255
562183 (cadm1b)	826,238,872,255
569931 (cadm1a)	826,238,872,255
30291 (cdh2)	1290,433,1336,450
30291 (cdh2)	1206,433,1252,450
30291 (cdh2)	1291,717,1337,734
30291 (cdh2)	1207,717,1253,734
30291 (cdh2)	909,789,955,806
30291 (cdh2)	825,789,871,806
114441 (ncam2)	909,686,955,703
114442 (ncam1b)	909,686,955,703
30447 (ncam1a)	909,686,955,703
767777 (zgc:152904)	909,686,955,703
114441 (ncam2)	825,686,871,703
114442 (ncam1b)	825,686,871,703
30447 (ncam1a)	825,686,871,703
767777 (zgc:152904)	825,686,871,703
30634 (l1cama)	909,755,955,772
30634 (l1cama)	825,755,871,772
30634 (l1cama)	910,207,956,224
30634 (l1cama)	826,207,872,224
114441 (ncam2)	910,178,956,195
114442 (ncam1b)	910,178,956,195
30447 (ncam1a)	910,178,956,195
767777 (zgc:152904)	910,178,956,195
114441 (ncam2)	826,178,872,195
114442 (ncam1b)	826,178,872,195
30447 (ncam1a)	826,178,872,195
767777 (zgc:152904)	826,178,872,195
30291 (cdh2)	910,148,956,165
30291 (cdh2)	826,148,872,165
557665 (nectin1b)	1290,187,1336,204
557665 (nectin1b)	1206,187,1252,204
541491 (nectin3b)	1207,623,1253,640
793240 (pvrl3a)	1207,623,1253,640
541491 (nectin3b)	1291,596,1337,613
793240 (pvrl3a)	1291,596,1337,613
557665 (nectin1b)	1291,623,1337,640
557665 (nectin1b)	1207,596,1253,613
541491 (nectin3b)	826,118,872,135
793240 (pvrl3a)	826,118,872,135
541491 (nectin3b)	910,93,956,110
793240 (pvrl3a)	910,93,956,110
557665 (nectin1b)	910,118,956,135
557665 (nectin1b)	826,93,872,110
560816 (si:ch73-22o12.1)	718,734,764,751
791164 (cd226)	633,721,679,738
792865 (glg1a)	633,591,679,608
796481 (selp)	717,552,763,569
100332904 (si:ch211-286o17.1)	718,515,764,532
561971 (vcam1b)	718,369,764,386
394012 (itga9)	634,360,680,377
405864 (itgb1b.2)	634,377,680,394
556734 (itgb1a)	634,377,680,394
570216 (itgb1b)	634,377,680,394
405864 (itgb1b.2)	634,329,680,346
556734 (itgb1a)	634,329,680,346
570216 (itgb1b)	634,329,680,346
100331333 (itga4)	634,409,680,426
100331333 (itga4)	634,312,680,329
323266 (cd99l2)	717,669,763,686
559896 (cd99)	717,669,763,686
323266 (cd99l2)	633,669,679,686
559896 (cd99)	633,669,679,686
100333180 (si:dkey-237i9.8)	717,630,763,647
569386 (pecam1)	717,630,763,647
100333180 (si:dkey-237i9.8)	633,630,679,647
569386 (pecam1)	633,630,679,647
100322456 (si:dkey-11f4.20)	633,773,679,790
101884448 (si:ch211-132g1.1)	633,773,679,790
100005261 (jam2a)	718,320,764,337
569217 (jam3b)	718,280,764,297
569217 (jam3b)	634,280,680,297
557797 (itgb2)	634,249,680,266
557797 (itgb2)	634,201,680,218
557935 (zmp:0000001082)	634,184,680,201
323696 (f11r.1)	718,114,764,131
323696 (f11r.1)	634,114,680,131
100333180 (si:dkey-237i9.8)	526,790,572,807
569386 (pecam1)	526,790,572,807
793819 (cd40lg)	442,760,488,777
323696 (f11r.1)	526,730,572,747
323696 (f11r.1)	442,730,488,747
793819 (cd40lg)	526,591,572,608
796481 (selp)	526,563,572,580
569217 (jam3b)	526,528,572,545
557797 (itgb2)	442,536,488,553
323266 (cd99l2)	526,353,572,370
559896 (cd99)	526,353,572,370
100333180 (si:dkey-237i9.8)	526,321,572,338
569386 (pecam1)	526,321,572,338
445471 (cdh5)	526,290,572,307
562934 (esamb)	526,259,572,276
569217 (jam3b)	526,228,572,245
100005261 (jam2a)	526,197,572,214
323696 (f11r.1)	526,165,572,182
557797 (itgb2)	250,759,296,776
557935 (zmp:0000001082)	250,742,296,759
557797 (itgb2)	334,719,380,736
557935 (zmp:0000001082)	334,702,380,719
793819 (cd40lg)	250,620,296,637
100038779 (zgc:158870)	335,557,381,574
30762 (mhc2dab)	335,557,381,574
30763 (mhc2dcb)	335,557,381,574
30783 (mhc2a)	335,557,381,574
368614 (si:busm1-48c11.3)	335,557,381,574
368615 (mhc2b)	335,557,381,574
368816 (si:busm1-194e12.8)	335,557,381,574
368877 (si:busm1-266f07.1)	335,557,381,574
368878 (si:busm1-266f07.2)	335,557,381,574
571282	335,557,381,574
654336 (zgc:123077)	335,557,381,574
103908881	335,489,381,506
100322456 (si:dkey-11f4.20)	250,460,296,477
101884448 (si:ch211-132g1.1)	250,460,296,477
793819 (cd40lg)	250,308,296,325
557797 (itgb2)	250,283,296,300
557935 (zmp:0000001082)	250,266,296,283
393557 (mhc1uxa2)	335,216,381,233
64885 (mhc1uea)	335,216,381,233
103908881	335,161,381,178
100322456 (si:dkey-11f4.20)	250,140,296,157
101884448 (si:ch211-132g1.1)	250,140,296,157
557797 (itgb2)	145,743,191,760
557935 (zmp:0000001082)	145,726,191,743
100333180 (si:dkey-237i9.8)	442,790,488,807
569386 (pecam1)	442,790,488,807
323266 (cd99l2)	442,353,488,370
559896 (cd99)	442,353,488,370
100270764 (cd40)	60,544,106,561
557797 (itgb2)	60,703,106,720
100005261 (jam2a)	442,197,488,214
562934 (esamb)	442,259,488,276
323696 (f11r.1)	442,165,488,182
100001136 (si:ch73-61d6.3)	526,134,572,151
405757 (oclna)	526,134,572,151
494075 (oclnb)	526,134,572,151
563016 (zgc:154006)	526,134,572,151
100001136 (si:ch73-61d6.3)	442,134,488,151
405757 (oclna)	442,134,488,151
494075 (oclnb)	442,134,488,151
563016 (zgc:154006)	442,134,488,151
100147871	526,103,572,120
100330246	526,103,572,120
100333863	526,103,572,120
101886267 (cldn20)	526,103,572,120
110438642	526,103,572,120
368619 (cldn10a)	526,103,572,120
406559 (cldn5a)	526,103,572,120
436612 (cldn7a)	526,103,572,120
436719 (cldn15lb)	526,103,572,120
436897 (cldn11a)	526,103,572,120
445070 (cldnk)	526,103,572,120
445278 (cldn8)	526,103,572,120
450023 (cldn5b)	526,103,572,120
550431 (cldn19)	526,103,572,120
557209 (cldn18)	526,103,572,120
562525 (cldn2)	526,103,572,120
567620 (si:ch211-95j8.5)	526,103,572,120
573644 (cldn15a)	526,103,572,120
60635 (cldn7b)	526,103,572,120
793143	526,103,572,120
81580 (cldna)	526,103,572,120
81581 (cldnb)	526,103,572,120
81582 (cldnc)	526,103,572,120
81583 (cldnd)	526,103,572,120
81584 (cldne)	526,103,572,120
81585 (cldnf)	526,103,572,120
81586 (cldng)	526,103,572,120
81587 (cldnh)	526,103,572,120
81589 (cldnj)	526,103,572,120
81590 (cldn1)	526,103,572,120
81591 (cldn15la)	526,103,572,120
81592 (cldn11b)	526,103,572,120
100147871	442,103,488,120
100330246	442,103,488,120
100333863	442,103,488,120
101886267 (cldn20)	442,103,488,120
110438642	442,103,488,120
368619 (cldn10a)	442,103,488,120
406559 (cldn5a)	442,103,488,120
436612 (cldn7a)	442,103,488,120
436719 (cldn15lb)	442,103,488,120
436897 (cldn11a)	442,103,488,120
445070 (cldnk)	442,103,488,120
445278 (cldn8)	442,103,488,120
450023 (cldn5b)	442,103,488,120
550431 (cldn19)	442,103,488,120
557209 (cldn18)	442,103,488,120
562525 (cldn2)	442,103,488,120
567620 (si:ch211-95j8.5)	442,103,488,120
573644 (cldn15a)	442,103,488,120
60635 (cldn7b)	442,103,488,120
793143	442,103,488,120
81580 (cldna)	442,103,488,120
81581 (cldnb)	442,103,488,120
81582 (cldnc)	442,103,488,120
81583 (cldnd)	442,103,488,120
81584 (cldne)	442,103,488,120
81585 (cldnf)	442,103,488,120
81586 (cldng)	442,103,488,120
81587 (cldnh)	442,103,488,120
81589 (cldnj)	442,103,488,120
81590 (cldn1)	442,103,488,120
81591 (cldn15la)	442,103,488,120
81592 (cldn11b)	442,103,488,120
100001136 (si:ch73-61d6.3)	1290,132,1336,149
405757 (oclna)	1290,132,1336,149
494075 (oclnb)	1290,132,1336,149
563016 (zgc:154006)	1290,132,1336,149
323696 (f11r.1)	1290,160,1336,177
100147871	1290,105,1336,122
100330246	1290,105,1336,122
100333863	1290,105,1336,122
101886267 (cldn20)	1290,105,1336,122
110438642	1290,105,1336,122
368619 (cldn10a)	1290,105,1336,122
406559 (cldn5a)	1290,105,1336,122
436612 (cldn7a)	1290,105,1336,122
436719 (cldn15lb)	1290,105,1336,122
436897 (cldn11a)	1290,105,1336,122
445070 (cldnk)	1290,105,1336,122
445278 (cldn8)	1290,105,1336,122
450023 (cldn5b)	1290,105,1336,122
550431 (cldn19)	1290,105,1336,122
557209 (cldn18)	1290,105,1336,122
562525 (cldn2)	1290,105,1336,122
567620 (si:ch211-95j8.5)	1290,105,1336,122
573644 (cldn15a)	1290,105,1336,122
60635 (cldn7b)	1290,105,1336,122
793143	1290,105,1336,122
81580 (cldna)	1290,105,1336,122
81581 (cldnb)	1290,105,1336,122
81582 (cldnc)	1290,105,1336,122
81583 (cldnd)	1290,105,1336,122
81584 (cldne)	1290,105,1336,122
81585 (cldnf)	1290,105,1336,122
81586 (cldng)	1290,105,1336,122
81587 (cldnh)	1290,105,1336,122
81589 (cldnj)	1290,105,1336,122
81590 (cldn1)	1290,105,1336,122
81591 (cldn15la)	1290,105,1336,122
81592 (cldn11b)	1290,105,1336,122
791140 (cd276)	60,488,106,505
793819 (cd40lg)	144,544,190,561
100333180 (si:dkey-237i9.8)	442,321,488,338
569386 (pecam1)	442,321,488,338
559154 (ptprc)	250,790,296,807
445471 (cdh5)	442,290,488,307
393557 (mhc1uxa2)	60,378,106,395
64885 (mhc1uea)	60,378,106,395
100038779 (zgc:158870)	60,315,106,332
30762 (mhc2dab)	60,315,106,332
30763 (mhc2dcb)	60,315,106,332
30783 (mhc2a)	60,315,106,332
368614 (si:busm1-48c11.3)	60,315,106,332
368615 (mhc2b)	60,315,106,332
368816 (si:busm1-194e12.8)	60,315,106,332
368877 (si:busm1-266f07.1)	60,315,106,332
368878 (si:busm1-266f07.2)	60,315,106,332
571282	60,315,106,332
654336 (zgc:123077)	60,315,106,332
791164 (cd226)	145,669,191,686
323696 (f11r.1)	1206,160,1252,177
103908881	60,223,106,240
569217 (jam3b)	442,228,488,245
557935 (zmp:0000001082)	60,686,106,703
100006534 (si:dkey-184p9.9)	144,407,190,424
677754 (cd8a)	144,407,190,424
100151328	335,790,381,807
556718 (si:dkey-24p1.1)	335,790,381,807
100147871	1206,105,1252,122
100330246	1206,105,1252,122
100333863	1206,105,1252,122
101886267 (cldn20)	1206,105,1252,122
110438642	1206,105,1252,122
368619 (cldn10a)	1206,105,1252,122
406559 (cldn5a)	1206,105,1252,122
436612 (cldn7a)	1206,105,1252,122
436719 (cldn15lb)	1206,105,1252,122
436897 (cldn11a)	1206,105,1252,122
445070 (cldnk)	1206,105,1252,122
445278 (cldn8)	1206,105,1252,122
450023 (cldn5b)	1206,105,1252,122
550431 (cldn19)	1206,105,1252,122
557209 (cldn18)	1206,105,1252,122
562525 (cldn2)	1206,105,1252,122
567620 (si:ch211-95j8.5)	1206,105,1252,122
573644 (cldn15a)	1206,105,1252,122
60635 (cldn7b)	1206,105,1252,122
793143	1206,105,1252,122
81580 (cldna)	1206,105,1252,122
81581 (cldnb)	1206,105,1252,122
81582 (cldnc)	1206,105,1252,122
81583 (cldnd)	1206,105,1252,122
81584 (cldne)	1206,105,1252,122
81585 (cldnf)	1206,105,1252,122
81586 (cldng)	1206,105,1252,122
81587 (cldnh)	1206,105,1252,122
81589 (cldnj)	1206,105,1252,122
81590 (cldn1)	1206,105,1252,122
81591 (cldn15la)	1206,105,1252,122
81592 (cldn11b)	1206,105,1252,122
100004384 (si:ch211-67e16.2)	144,250,190,267
101886406 (cd28)	144,250,190,267
100001136 (si:ch73-61d6.3)	1206,132,1252,149
405757 (oclna)	1206,132,1252,149
494075 (oclnb)	1206,132,1252,149
563016 (zgc:154006)	1206,132,1252,149
100322456 (si:dkey-11f4.20)	144,140,190,157
101884448 (si:ch211-132g1.1)	144,140,190,157
100537676 (vtcn1)	60,516,106,533
791164 (cd226)	144,605,190,622
560816 (si:ch73-22o12.1)	60,631,106,648
791164 (cd226)	250,334,296,351
560816 (si:ch73-22o12.1)	335,356,381,373
541491 (nectin3b)	335,377,381,394
793240 (pvrl3a)	335,377,381,394
282667 (sdc2)	826,379,872,396
337077 (sdc3)	826,379,872,396
568593 (sdc4)	826,379,872,396
559501	826,301,872,318
569075 (ntng1a)	826,301,872,318
560014 (ntng2a)	826,327,872,344
553785 (lrrc4ca)	910,301,956,318
565021 (lrrc4.1)	910,327,956,344
566572 (lrrc4.2)	910,327,956,344
100535350 (lrrc4bb)	910,353,956,370
556747 (lrrc4ba)	910,353,956,370
570830 (vsir)	60,168,106,185
100004469 (igsf11)	144,168,190,185
map04670: Leukocyte transendothelial migration	649,830,752,875
map04670: Leukocyte transendothelial migration	455,431,558,476
map04660: T cell receptor signaling pathway	74,842,177,876
dre04530: Tight junction	455,392,558,417
map04610: Complement and coagulation cascades	455,836,558,870
dre04530: Tight junction	1220,281,1323,315
dre04520: Adherens junction	1220,329,1323,363
dre04514: Cell adhesion molecules (CAMs)	40,45,273,70
