405790 (ifng1-2)	319,644,365,661
393544 (psmd3)	670,97,716,114
321898 (psmd12)	716,97,762,114
322265 (psmd11b)	761,97,807,114
503934 (psmd11a)	761,97,807,114
393261 (psmd6)	807,97,853,114
327330 (psmd7)	670,114,716,131
393922 (psmd13)	716,114,762,131
799058 (psmd14)	762,114,808,131
415221 (psmd8)	807,114,853,131
322269 (shfm1)	853,114,899,131
415202 (psmd4a)	670,144,716,161
550287 (psmd4b)	670,144,716,161
393518 (psmd2)	670,195,716,212
554967 (psmd1)	716,195,762,212
796450 (adrm1)	762,195,808,212
393941 (psmc2)	670,212,716,229
336786 (psmc1a)	716,212,762,229
415181 (psmc1b)	716,212,762,229
326884 (psmc4)	899,212,945,229
321585 (psmc6)	807,212,853,229
321947 (psmc3)	853,212,899,229
445285 (psmc5)	762,212,808,229
30648 (psme1)	948,113,994,130
30647 (psme2)	994,113,1040,130
30649 (psme3)	1063,115,1109,132
553346 (psme4b)	970,211,1016,228
793897 (psme4a)	970,211,1016,228
171585 (psma6a)	676,394,722,411
436862 (psma6b)	676,394,722,411
83917 (psma6l)	676,394,722,411
403015 (Psma2)	722,394,768,411
554153 (psma2)	722,394,768,411
326687 (psma4)	768,394,814,411
406445 (psma8)	814,394,860,411
403011 (psma5)	860,394,906,411
445033 (psma1)	906,394,952,411
564370 (psma3)	952,394,998,411
30388 (psmb6)	676,411,722,428
64279 (psmb12)	676,411,722,428
436816	722,411,768,428
64278 (psmb7)	722,411,768,428
64280 (psmb10)	722,411,768,428
573095 (psmb3)	768,411,814,428
436882 (psmb2)	814,411,860,428
30387 (psmb5)	860,411,906,428
445413 (psmb1)	906,411,952,428
550499 (psmb4)	952,411,998,428
30665 (psmb9a)	676,478,722,495
64281 (psmb9b)	676,478,722,495
30666 (psmb8a)	792,478,838,495
550488 (psmb8f)	792,478,838,495
100331481 (psmb11b)	906,478,952,495
446135 (Psmb11a)	906,478,952,495
436820 (psmf1)	370,836,416,853
445030 (pomp)	320,804,366,821
30665 (psmb9a)	270,684,316,701
64281 (psmb9b)	270,684,316,701
30666 (psmb8a)	370,684,416,701
550488 (psmb8f)	370,684,416,701
30648 (psme1)	320,747,366,764
30647 (psme2)	320,764,366,781
dre04120: Ubiquitin mediated proteolysis	62,431,190,465
dre03050: Proteasome	40,45,164,70
