C00061 (FMN)	188,372,7
C00390 (Ubiquinol)	568,277,19
C00399 (Ubiquinone)	532,248,15
C00524 (Cytochrome c)	768,198,18
C00080 (H+)	283,314,4
C00080 (H+)	307,314,4
C00080 (H+)	307,155,4
C00004 (NADH)	135,446,4
C00003 (NAD+)	252,460,4
C00080 (H+)	267,460,4
C00122 (Fumarate)	472,400,4
C00080 (H+)	654,155,4
C00080 (H+)	654,376,4
C00080 (H+)	868,155,4
C00007 (Oxygen)	827,355,4
C00001 (H2O)	908,355,4
C00080 (H+)	868,355,4
C00080 (H+)	1067,161,4
C00008 (ADP)	1018,454,4
C00009 (Orthophosphate)	1004,454,4
C00080 (H+)	1067,464,4
C00013 (Diphosphate)	914,454,4
C00536 (Triphosphate)	815,454,4
C00002 (ATP)	1116,464,4
C00001 (H2O)	1129,464,4
C00042 (Succinate)	393,400,4
326975 (cox4i1)	297,746,343,763
393776 (cox4i2)	297,746,343,763
402880 (cox4i1l)	297,746,343,763
541390 (ndufc2)	619,605,665,622
100000992 (si:ch211-235e9.6)	573,605,619,622
393703 (ndufb10)	481,605,527,622
573021 (ndufb9)	435,605,481,622
393829 (ndufb8)	389,605,435,622
393821 (ndufb7)	343,605,389,622
393781 (ndufb6)	297,605,343,622
797063 (ndufb5)	251,605,297,622
406306 (ndufb4)	205,605,251,622
100332034 (ndufb3)	159,605,205,622
393764 (ndufb2)	113,605,159,622
393497 (ndufa11)	573,581,619,598
325712 (ndufab1b)	527,581,573,598
573619 (ndufab1a)	527,581,573,598
321951 (ndufa10)	481,581,527,598
541331 (ndufa9a)	435,581,481,598
393700 (ndufa8)	389,581,435,598
445042 (ndufa7)	343,581,389,598
393943 (ndufa6)	297,581,343,598
541328 (ndufa5)	251,581,297,598
100003066 (ndufa4l2a)	205,581,251,598
406298 (ndufa4)	205,581,251,598
406726 (ndufa4l)	205,581,251,598
445122 (ndufa3)	159,581,205,598
554125 (ndufa2)	113,581,159,598
415243 (ndufa1)	67,581,113,598
100537318 (ndufv3)	527,509,573,526
393720 (ndufv2)	481,509,527,526
445291 (ndufv1)	435,509,481,526
641566	435,509,481,526
406413 (ndufs8a)	389,509,435,526
554100 (ndufs8b)	389,509,435,526
796997 (ndufs7)	343,509,389,526
447913 (ndufs6)	297,509,343,526
553660 (ndufs5)	251,509,297,526
573689 (ndufs4)	205,509,251,526
550451 (ndufs3)	159,509,205,526
553672 (ndufs2)	113,509,159,526
641476 (zgc:123301)	113,509,159,526
493605 (ndufs1)	67,509,113,526
140536 (ND6)	343,486,389,503
140535 (ND5)	297,486,343,503
140538 (ND4L)	251,486,297,503
140534 (ND4)	205,486,251,503
140533 (ND3)	159,486,205,503
140532 (ND2)	113,486,159,503
140531 (ND1)	67,486,113,503
447914 (cox17)	849,746,895,763
394181 (cox15)	803,755,849,772
100005158 (cox11)	757,755,803,772
100000992 (si:ch211-235e9.6)	150,424,196,441
100003066 (ndufa4l2a)	150,424,196,441
100332034 (ndufb3)	150,424,196,441
100537318 (ndufv3)	150,424,196,441
321951 (ndufa10)	150,424,196,441
325712 (ndufab1b)	150,424,196,441
393687 (ndufa13)	150,424,196,441
393700 (ndufa8)	150,424,196,441
393703 (ndufb10)	150,424,196,441
393720 (ndufv2)	150,424,196,441
393764 (ndufb2)	150,424,196,441
393781 (ndufb6)	150,424,196,441
393821 (ndufb7)	150,424,196,441
393829 (ndufb8)	150,424,196,441
393943 (ndufa6)	150,424,196,441
406298 (ndufa4)	150,424,196,441
406306 (ndufb4)	150,424,196,441
406413 (ndufs8a)	150,424,196,441
406726 (ndufa4l)	150,424,196,441
415243 (ndufa1)	150,424,196,441
445042 (ndufa7)	150,424,196,441
445122 (ndufa3)	150,424,196,441
445291 (ndufv1)	150,424,196,441
447913 (ndufs6)	150,424,196,441
493605 (ndufs1)	150,424,196,441
541328 (ndufa5)	150,424,196,441
541331 (ndufa9a)	150,424,196,441
541390 (ndufc2)	150,424,196,441
550451 (ndufs3)	150,424,196,441
553660 (ndufs5)	150,424,196,441
553672 (ndufs2)	150,424,196,441
554100 (ndufs8b)	150,424,196,441
554125 (ndufa2)	150,424,196,441
556538 (ndufa12)	150,424,196,441
562219 (ndufb11)	150,424,196,441
573021 (ndufb9)	150,424,196,441
573619 (ndufab1a)	150,424,196,441
573689 (ndufs4)	150,424,196,441
641476 (zgc:123301)	150,424,196,441
641566	150,424,196,441
796997 (ndufs7)	150,424,196,441
797063 (ndufb5)	150,424,196,441
557348 (cox8a)	711,746,757,763
569770 (cox8b)	711,746,757,763
336118 (cox7c)	665,746,711,763
563476 (cox7b)	619,746,665,763
335751 (cox7a2l)	573,746,619,763
554103 (cox7a2a)	573,746,619,763
494577 (cox6c)	527,746,573,763
100000992 (si:ch211-235e9.6)	174,403,220,420
100003066 (ndufa4l2a)	174,403,220,420
100332034 (ndufb3)	174,403,220,420
100537318 (ndufv3)	174,403,220,420
140531 (ND1)	174,403,220,420
140532 (ND2)	174,403,220,420
140533 (ND3)	174,403,220,420
140534 (ND4)	174,403,220,420
140535 (ND5)	174,403,220,420
140536 (ND6)	174,403,220,420
140538 (ND4L)	174,403,220,420
321951 (ndufa10)	174,403,220,420
325712 (ndufab1b)	174,403,220,420
393497 (ndufa11)	174,403,220,420
393687 (ndufa13)	174,403,220,420
393700 (ndufa8)	174,403,220,420
393703 (ndufb10)	174,403,220,420
393720 (ndufv2)	174,403,220,420
393764 (ndufb2)	174,403,220,420
393781 (ndufb6)	174,403,220,420
393821 (ndufb7)	174,403,220,420
393829 (ndufb8)	174,403,220,420
393943 (ndufa6)	174,403,220,420
406298 (ndufa4)	174,403,220,420
406306 (ndufb4)	174,403,220,420
406413 (ndufs8a)	174,403,220,420
406726 (ndufa4l)	174,403,220,420
415243 (ndufa1)	174,403,220,420
445042 (ndufa7)	174,403,220,420
445122 (ndufa3)	174,403,220,420
445291 (ndufv1)	174,403,220,420
447913 (ndufs6)	174,403,220,420
493605 (ndufs1)	174,403,220,420
541328 (ndufa5)	174,403,220,420
541331 (ndufa9a)	174,403,220,420
541390 (ndufc2)	174,403,220,420
550451 (ndufs3)	174,403,220,420
553660 (ndufs5)	174,403,220,420
553672 (ndufs2)	174,403,220,420
554100 (ndufs8b)	174,403,220,420
554125 (ndufa2)	174,403,220,420
556538 (ndufa12)	174,403,220,420
562219 (ndufb11)	174,403,220,420
573021 (ndufb9)	174,403,220,420
573619 (ndufab1a)	174,403,220,420
573689 (ndufs4)	174,403,220,420
641476 (zgc:123301)	174,403,220,420
641566	174,403,220,420
796997 (ndufs7)	174,403,220,420
797063 (ndufb5)	174,403,220,420
100333064 (uqcr10)	631,339,677,356
100333135 (si:ch1073-325m22.2)	631,339,677,356
140512 (CYTB)	631,339,677,356
322549 (uqcrc2b)	631,339,677,356
393793 (uqcrc1)	631,339,677,356
406359 (uqcrfs1)	631,339,677,356
436768 (uqcrq)	631,339,677,356
436930 (uqcrc2a)	631,339,677,356
554154 (uqcrb)	631,339,677,356
564379 (cyc1)	631,339,677,356
566723 (uqcrh)	631,339,677,356
100002384 (cox5b1)	845,307,891,324
140539 (COX1)	845,307,891,324
140540 (COX2)	845,307,891,324
140541 (COX3)	845,307,891,324
326962 (cox5ab)	845,307,891,324
326975 (cox4i1)	845,307,891,324
335751 (cox7a2l)	845,307,891,324
335774 (cox6a1)	845,307,891,324
336118 (cox7c)	845,307,891,324
393478 (cox6b2)	845,307,891,324
393776 (cox4i2)	845,307,891,324
402880 (cox4i1l)	845,307,891,324
415253 (zgc:86599)	845,307,891,324
436968 (cox6b1)	845,307,891,324
447942 (cox6a2)	845,307,891,324
494577 (cox6c)	845,307,891,324
554101 (cox5aa)	845,307,891,324
554103 (cox7a2a)	845,307,891,324
557348 (cox8a)	845,307,891,324
563476 (cox7b)	845,307,891,324
569770 (cox8b)	845,307,891,324
751638 (cox5b2)	845,307,891,324
100003139 (tcirg1a)	1021,400,1067,417
100004566 (atp6ap1a)	1021,400,1067,417
100038785 (zgc:163069)	1021,400,1067,417
140519 (ATP6)	1021,400,1067,417
140520 (ATP8)	1021,400,1067,417
192335 (atp6v1e1b)	1021,400,1067,417
192336 (atp6v0ca)	1021,400,1067,417
195824 (atp6ap1b)	1021,400,1067,417
286779 (atp6v1h)	1021,400,1067,417
321724 (atp6v0b)	1021,400,1067,417
322811 (atp6v0d1)	1021,400,1067,417
324307 (atp6v0a1a)	1021,400,1067,417
325402 (atp6v0cb)	1021,400,1067,417
326977 (atp5l)	1021,400,1067,417
335025 (atp6v1g1)	1021,400,1067,417
335191 (atp5po)	1021,400,1067,417
335709 (atp5f1d)	1021,400,1067,417
336957 (atp5f1c)	1021,400,1067,417
337583 (atp6v1ab)	1021,400,1067,417
359839 (atp6v1ba)	1021,400,1067,417
359840 (atp6v1b2)	1021,400,1067,417
368907 (atp6v1c1a)	1021,400,1067,417
393675 (atp5pd)	1021,400,1067,417
393935 (atp6v1d)	1021,400,1067,417
394110 (atp6v1aa)	1021,400,1067,417
394151 (atp5mc3a)	1021,400,1067,417
402883 (atp5mf)	1021,400,1067,417
406301 (atp5mc1)	1021,400,1067,417
406342 (tcirg1b)	1021,400,1067,417
406599 (atp5pf)	1021,400,1067,417
436799 (atp6v1f)	1021,400,1067,417
449655 (atp6v1c1b)	1021,400,1067,417
449787 (atp5pb)	1021,400,1067,417
450017 (atp6v0e1)	1021,400,1067,417
553691 (atp6v0a1b)	1021,400,1067,417
553755 (atp5fa1)	1021,400,1067,417
553767 (atpv0e2)	1021,400,1067,417
554135 (atp5f1b)	1021,400,1067,417
559659 (atp5mea)	1021,400,1067,417
561117 (atp6v0a2b)	1021,400,1067,417
561469 (atp6v0a2a)	1021,400,1067,417
767750 (atp5meb)	1021,400,1067,417
798291 (atp5f1e)	1021,400,1067,417
81541 (atp5mc3b)	1021,400,1067,417
100073345 (lhpp)	931,446,977,463
393706 (ppa1a)	931,446,977,463
402961 (ppa2)	931,446,977,463
550531 (ppa1b)	931,446,977,463
445129 (sdhc)	68,661,114,678
436762 (sdhda)	113,661,159,678
445500 (sdhdb)	113,661,159,678
393884 (sdha)	159,661,205,678
562149 (sdhb)	205,661,251,678
100333135 (si:ch1073-325m22.2)	803,679,849,696
100333064 (uqcr10)	757,679,803,696
436768 (uqcrq)	711,679,757,696
554154 (uqcrb)	665,679,711,696
566723 (uqcrh)	619,679,665,696
322549 (uqcrc2b)	573,679,619,696
436930 (uqcrc2a)	573,679,619,696
393793 (uqcrc1)	527,679,573,696
564379 (cyc1)	481,662,527,679
140512 (CYTB)	435,662,481,679
406359 (uqcrfs1)	389,662,435,679
393478 (cox6b2)	481,746,527,763
436968 (cox6b1)	481,746,527,763
335774 (cox6a1)	435,746,481,763
447942 (cox6a2)	435,746,481,763
100002384 (cox5b1)	389,746,435,763
415253 (zgc:86599)	389,746,435,763
751638 (cox5b2)	389,746,435,763
326962 (cox5ab)	343,746,389,763
554101 (cox5aa)	343,746,389,763
140540 (COX2)	251,746,297,763
553384 (cox10)	68,769,114,786
140539 (COX1)	205,746,251,763
140541 (COX3)	159,746,205,763
553384 (cox10)	68,746,114,763
100038785 (zgc:163069)	931,596,977,613
554135 (atp5f1b)	931,596,977,613
553755 (atp5fa1)	885,596,931,613
336957 (atp5f1c)	977,596,1023,613
335191 (atp5po)	885,613,931,630
335709 (atp5f1d)	1023,596,1069,613
798291 (atp5f1e)	1069,596,1115,613
394151 (atp5mc3a)	1023,613,1069,630
406301 (atp5mc1)	1023,613,1069,630
81541 (atp5mc3b)	1023,613,1069,630
140519 (ATP6)	931,613,977,630
449787 (atp5pb)	977,613,1023,630
559659 (atp5mea)	1115,613,1161,630
767750 (atp5meb)	1115,613,1161,630
406599 (atp5pf)	977,630,1023,647
402883 (atp5mf)	885,630,931,647
140520 (ATP8)	1115,630,1161,647
393675 (atp5pd)	1069,613,1115,630
326977 (atp5l)	931,630,977,647
337583 (atp6v1ab)	885,788,931,805
394110 (atp6v1aa)	885,788,931,805
359839 (atp6v1ba)	931,788,977,805
359840 (atp6v1b2)	931,788,977,805
368907 (atp6v1c1a)	977,788,1023,805
449655 (atp6v1c1b)	977,788,1023,805
393935 (atp6v1d)	1023,788,1069,805
192335 (atp6v1e1b)	1069,788,1115,805
436799 (atp6v1f)	1115,788,1161,805
335025 (atp6v1g1)	1161,788,1207,805
286779 (atp6v1h)	1207,788,1253,805
100003139 (tcirg1a)	885,805,931,822
324307 (atp6v0a1a)	885,805,931,822
406342 (tcirg1b)	885,805,931,822
553691 (atp6v0a1b)	885,805,931,822
561117 (atp6v0a2b)	885,805,931,822
561469 (atp6v0a2a)	885,805,931,822
322811 (atp6v0d1)	977,805,1023,822
450017 (atp6v0e1)	1023,805,1069,822
553767 (atpv0e2)	1023,805,1069,822
100004566 (atp6ap1a)	1069,805,1115,822
195824 (atp6ap1b)	1069,805,1115,822
192336 (atp6v0ca)	931,805,977,822
321724 (atp6v0b)	931,805,977,822
325402 (atp6v0cb)	931,805,977,822
562219 (ndufb11)	527,605,573,622
556538 (ndufa12)	619,581,665,598
393687 (ndufa13)	665,581,711,598
393884 (sdha)	411,349,457,366
436762 (sdhda)	411,349,457,366
445129 (sdhc)	411,349,457,366
445500 (sdhdb)	411,349,457,366
562149 (sdhb)	411,349,457,366
dre00190: Oxidative phosphorylation	40,45,283,70
