559933 (pex14)	594,212,640,229
556228 (pex2)	363,212,409,229
793906 (pex1)	198,184,244,201
792998 (pex6)	244,184,290,201
334644 (pex26)	244,212,290,229
393618 (pex13)	548,212,594,229
449821 (pex10)	408,212,454,229
393174 (pex12)	453,212,499,229
394131 (pex5)	596,141,642,158
557009 (pex5la)	596,141,642,158
541405 (pex7)	527,141,573,158
324778 (pex19)	152,293,198,310
563203 (pex11g)	603,427,649,444
565760 (pex11a)	603,427,649,444
566742 (pex11b)	603,427,649,444
573990 (pex16)	128,213,174,230
393197 (pex3)	128,230,174,247
406803 (abcd3a)	209,293,255,310
394131 (pex5)	244,161,290,178
557009 (pex5la)	244,161,290,178
572335 (gnpat)	350,600,396,617
386801 (agps)	349,640,395,657
550521 (phyh)	110,600,156,617
431754 (acaa1)	110,760,156,777
406421 (acox3)	50,665,96,682
449662 (acox1)	50,665,96,682
393105 (hsd17b4)	50,685,96,702
30068 (cat)	610,600,656,617
393839 (scp2a)	50,705,96,722
558601 (pipox)	400,905,446,922
436603 (agxta)	350,885,396,902
79378 (agxtb)	350,885,396,902
553653 (amacr)	50,645,96,662
492477 (mvk)	350,762,396,779
450048 (ech1)	50,840,96,857
562105 (si:dkey-275b16.2)	350,905,396,922
100003383 (pmvk)	350,782,396,799
553204 (crot)	150,905,196,922
394190 (hmgcl)	450,905,496,922
571388 (hmgcll1)	450,905,496,922
447855 (cratb)	100,905,146,922
449545 (crata)	100,905,146,922
402994 (dao.3)	400,885,446,902
405800 (dao.2)	400,885,446,902
619259 (dao.1)	400,885,446,902
565385 (zgc:172341)	450,885,496,902
393539 (dhrs4)	610,883,656,900
100037349 (mlycd)	200,905,246,922
406358 (hacl1)	50,600,96,617
100000859 (ehhadh)	50,760,96,777
550422 (pecr)	50,885,96,902
436918 (eci2)	100,885,146,902
550370 (nudt12)	200,885,246,902
450052 (acot8)	50,905,96,922
794545 (nudt19)	250,885,296,902
406623 (decr2)	50,820,96,837
100537809	110,820,156,837
406803 (abcd3a)	110,820,156,837
566367 (abcd1)	110,820,156,837
767748 (abcd4)	110,820,156,837
334561 (acsl4b)	110,840,156,857
393622 (acsl4a)	110,840,156,857
445175 (acsl1b)	110,840,156,857
447860 (acsl5)	110,840,156,857
555308 (acsl1a)	110,840,156,857
559656 (acsl3b)	110,840,156,857
566863 (acsl6)	110,840,156,857
567157 (acsl3a)	110,840,156,857
494096 (zgc:101540)	160,820,206,837
100006589 (idh1)	500,885,546,902
386951 (idh2)	500,885,546,902
393455 (hao2)	500,905,546,922
402827 (hao1)	500,905,546,922
560486 (xdh)	610,813,656,829
100034578 (si:dkey-97m3.1)	350,685,396,702
554105 (prdx5)	610,620,656,637
30553 (sod1)	661,600,707,617
335799 (sod2)	661,600,707,617
436833 (gstk1)	610,755,656,772
494099 (ephx2)	610,685,656,702
404036 (nos2a)	711,600,757,617
563654 (nos2b)	711,600,757,617
541344 (prdx1)	661,620,707,637
447868 (pxmp2)	270,426,316,443
394140 (mpv17)	343,426,389,443
436840 (mpv17l2)	343,426,389,443
563178 (si:dkeyp-72e1.7)	343,426,389,443
563199 (si:ch211-120k19.1)	343,426,389,443
566065 (wu:fe02h09)	415,426,461,443
100093708 (slc25a17)	678,303,724,320
100329471 (nudt7)	150,885,196,902
dre04146: Peroxisome	40,45,160,70
dre00900: Terpenoid backbone biosynthesis	415,757,520,791
dre00120: Primary bile acid biosynthesis	154,668,274,702
dre00565: Ether lipid metabolism	415,625,525,659
dre00071: Fatty acid degradation	177,580,272,614
dre00564: Glycerophospholipid metabolism	415,580,525,614
dre03320: PPAR signaling pathway	179,625,274,659
dre00230: Purine metabolism	675,808,785,842
dre00830: Retinol metabolism	675,882,785,916
