559111 (smad4a)	643,853,689,870
560317 (si:dkey-222b8.1)	643,853,689,870
114424 (cdh1)	1001,792,1047,809
30741 (ctnna1)	487,639,533,656
567500 (ctnna2)	487,639,533,656
556726 (ctnnd1)	302,652,348,669
556726 (ctnnd1)	310,256,356,273
114424 (cdh1)	257,638,303,655
114424 (cdh1)	257,336,303,353
114424 (cdh1)	84,336,130,353
30510 (tcf7l2)	790,469,836,486
30523 (tcf7l1a)	790,469,836,486
30701 (lef1)	790,469,836,486
497649 (tcf7)	790,469,836,486
405892 (nlk1)	718,911,764,928
563460 (nlk2)	718,911,764,928
553788 (map3k7)	643,911,689,928
559273 (ep300a)	643,880,689,897
565612 (ep300b)	643,880,689,897
566841 (crebbpa)	643,880,689,897
567111 (crebbpb)	643,880,689,897
326283 (smad3b)	643,836,689,853
58092 (smad3a)	643,836,689,853
407620 (yes1)	444,733,490,750
373872 (fyna)	382,715,428,732
574422 (fynb)	382,715,428,732
565199 (fer)	382,694,428,711
494038 (snai2)	867,778,913,795
360144 (mapk1)	643,778,689,795
399480 (mapk3)	643,778,689,795
30739 (tgfbr2b)	257,836,303,853
560446 (si:dkey-101k6.5)	257,836,303,853
560578 (tgfbr1a)	257,836,303,853
792928 (tgfbr1b)	257,836,303,853
30705 (fgfr1a)	257,803,303,820
378478 (egfra)	257,777,303,794
386966 (erbb2)	257,777,303,794
571431	257,777,303,794
100150664 (met)	257,752,303,769
245699 (insra)	257,728,303,745
245700 (insrb)	257,728,303,745
245701 (igf1ra)	257,704,303,721
245702 (igf1rb)	257,704,303,721
100535532 (csnk2a4)	414,397,460,414
30428 (csnk2b)	414,397,460,414
30488 (csnk2a2a)	414,397,460,414
30502 (csnk2a1)	414,397,460,414
415254 (zgc:86598)	414,397,460,414
556379 (csnk2a2b)	414,397,460,414
558077 (ptprjb.2)	313,488,359,505
559679 (ptprja)	313,488,359,505
335573 (ptpn6)	313,467,359,484
30081 (ptpn1)	313,446,359,463
140819 (ptprfa)	257,464,303,481
799867 (ptprfb)	257,464,303,481
100149130 (ptprb)	257,442,303,459
541489 (acp1)	257,398,303,415
100006041 (rhoab)	650,609,696,626
406411 (rhoaa)	650,609,696,626
406659 (rhoac)	650,609,696,626
436718 (rhocb)	650,609,696,626
751630 (zgc:153713)	650,609,696,626
100006041 (rhoab)	617,376,663,393
406411 (rhoaa)	617,376,663,393
406659 (rhoac)	617,376,663,393
436718 (rhocb)	617,376,663,393
751630 (zgc:153713)	617,376,663,393
100001221 (wasf1)	887,285,933,302
394056 (wasf2)	887,285,933,302
553542 (zgc:109889)	887,285,933,302
555437 (si:ch73-362m14.4)	887,285,933,302
562750 (wasf3a)	887,285,933,302
563632 (wasf3b)	887,285,933,302
100537012 (baiap2b)	887,268,933,285
678518 (baiap2a)	887,268,933,285
335158 (wasb)	775,268,821,285
571256 (wasa)	775,268,821,285
100009637 (wasla)	721,268,767,285
394034 (waslb)	721,268,767,285
327204 (rac1a)	712,700,758,717
415151 (rac2)	712,700,758,717
437027 (rac3a)	712,700,758,717
562838 (rac1b)	712,700,758,717
792699 (rac1l)	712,700,758,717
795167 (rac3b)	712,700,758,717
327204 (rac1a)	887,223,933,240
415151 (rac2)	887,223,933,240
437027 (rac3a)	887,223,933,240
562838 (rac1b)	887,223,933,240
792699 (rac1l)	887,223,933,240
795167 (rac3b)	887,223,933,240
336839 (cdc42)	775,223,821,240
556226 (cdc42l2)	775,223,821,240
793158 (cdc42l)	775,223,821,240
57934 (actb1)	663,638,709,655
57935 (actb2)	663,638,709,655
57934 (actb1)	663,336,709,353
57935 (actb2)	663,336,709,353
30741 (ctnna1)	487,337,533,354
567500 (ctnna2)	487,337,533,354
565459 (tjp1b)	600,659,646,676
565459 (tjp1b)	610,292,656,309
552980 (vcla)	550,681,596,698
552980 (vcla)	557,292,603,309
100002756 (sorbs1)	557,257,603,274
322221 (actn4)	550,659,596,676
560400 (actn1)	550,659,596,676
322221 (actn4)	469,292,515,309
560400 (actn1)	469,292,515,309
393808 (ssx2ipa)	496,257,542,274
553341 (lmo7a)	438,257,484,274
558359 (mllt4a)	600,681,646,698
558359 (mllt4a)	485,218,531,235
30265 (ctnnb1)	684,497,730,514
114424 (cdh1)	84,638,130,655
30265 (ctnnb1)	400,638,446,655
100002928 (iqgap1)	698,671,744,688
100002928 (iqgap1)	412,605,458,622
100002928 (iqgap1)	829,268,875,285
327204 (rac1a)	427,580,473,597
336839 (cdc42)	427,580,473,597
415151 (rac2)	427,580,473,597
437027 (rac3a)	427,580,473,597
556226 (cdc42l2)	427,580,473,597
562838 (rac1b)	427,580,473,597
792699 (rac1l)	427,580,473,597
793158 (cdc42l)	427,580,473,597
795167 (rac3b)	427,580,473,597
556726 (ctnnd1)	302,350,348,367
556726 (ctnnd1)	604,581,650,598
325084 (src)	432,694,478,711
541491 (nectin3b)	84,218,130,235
557665 (nectin1b)	84,218,130,235
560512 (si:ch211-119e14.9)	84,218,130,235
560816 (si:ch73-22o12.1)	84,218,130,235
793240 (pvrl3a)	84,218,130,235
794920 (pvrl4)	84,218,130,235
30265 (ctnnb1)	400,336,446,353
100002928 (iqgap1)	385,308,431,325
327204 (rac1a)	358,277,404,294
336839 (cdc42)	358,277,404,294
415151 (rac2)	358,277,404,294
437027 (rac3a)	358,277,404,294
556226 (cdc42l2)	358,277,404,294
562838 (rac1b)	358,277,404,294
792699 (rac1l)	358,277,404,294
793158 (cdc42l)	358,277,404,294
795167 (rac3b)	358,277,404,294
325084 (src)	419,165,465,182
541491 (nectin3b)	257,218,303,235
557665 (nectin1b)	257,218,303,235
560512 (si:ch211-119e14.9)	257,218,303,235
560816 (si:ch73-22o12.1)	257,218,303,235
793240 (pvrl3a)	257,218,303,235
794920 (pvrl4)	257,218,303,235
403050 (pard3ab)	327,165,373,182
567490 (farp2)	510,165,556,182
dre04520: Adherens junction	40,45,212,70
dre04530: Tight junction	598,105,708,130
dre04810: Regulation of actin cytoskeleton	598,184,709,218
dre04310: Wnt signaling pathway	505,489,614,522
dre04010: MAPK signaling pathway	465,771,571,805
dre04350: TGF-beta signaling pathway	464,829,571,863
dre04060: Cytokine-cytokine receptor interaction	135,772,240,817
