334116 (eno1a)	448,654,494,671
378963 (eno3)	448,654,494,671
393668 (eno1b)	448,654,494,671
402874 (eno2)	448,654,494,671
558487 (eno4)	448,654,494,671
100750260 (pnpt1)	494,654,540,671
393712 (exosc4)	868,696,914,713
550247 (exosc7)	914,696,960,713
558857 (exosc1)	960,713,1006,730
550234 (exosc2)	960,696,1006,713
100332172 (ttc37)	584,288,630,305
393827 (wdr61)	629,288,675,305
558857 (exosc1)	461,100,507,117
393712 (exosc4)	529,117,575,134
100003553 (dis3)	342,219,388,236
559653 (skiv2l)	538,288,584,305
550234 (exosc2)	507,100,553,117
550247 (exosc7)	483,117,529,134
450057 (exosc9)	507,134,553,151
326786 (exosc6)	438,117,484,134
323016 (exosc8)	392,117,438,134
751632 (exosc5)	575,117,621,134
324574 (wu:fc33b09)	575,100,621,117
565000 (exosc3)	575,100,621,117
474329 (c1d)	442,219,488,236
394064 (exosc10)	392,219,438,236
445224 (mphosph6)	491,219,537,236
557829 (papd7)	362,288,408,305
568678 (papd5)	362,288,408,305
317641 (zcchc7)	408,288,454,305
406795 (mtrex)	454,288,500,305
448949 (cnot1)	409,350,455,367
100037372 (cnot2)	455,350,501,367
327627 (cnot3b)	501,350,547,367
449540 (cnot3a)	501,350,547,367
394144 (cnot4b)	547,350,593,367
569055 (cnot4a)	547,350,593,367
324048 (cnot6a)	363,350,409,367
553665 (cnot6l)	363,350,409,367
560386 (cnot6b)	363,350,409,367
406788 (cnot8)	363,367,409,384
768119 (cnot7)	363,367,409,384
406632 (cnot9)	409,367,455,384
449918 (cnot10)	455,367,501,384
402850 (dcps)	73,134,119,151
360153 (dcp1a)	750,215,796,232
568176 (dcp1b)	750,215,796,232
393121 (dcp2)	750,232,796,249
445157 (lsm1)	748,350,794,367
57924 (smx5)	794,350,840,367
100535720 (lsm3)	840,350,886,367
393669 (lsm4)	886,350,932,367
563948 (lsm5)	794,367,840,384
415167 (lsm6)	840,367,886,384
573047 (lsm7)	886,367,932,384
566017 (lsm8)	932,350,978,367
394008 (xrn1)	905,214,951,231
321940 (xrn2)	960,214,1006,231
100007313 (ddx61)	796,215,842,232
564633 (ddx6)	796,215,842,232
504054 (edc3)	796,232,842,249
565659 (edc4)	796,249,842,266
100009659 (patl1)	842,215,888,232
556271 (si:ch211-103b1.2)	842,215,888,232
791461 (parn)	629,350,675,367
373085 (hspa9)	355,852,401,869
282676 (hspd1)	407,852,453,869
100750260 (pnpt1)	541,803,587,820
569072 (dhx36)	629,326,675,343
100007655	363,394,409,411
100538016 (si:dkey-79d12.5)	363,394,409,411
114432 (btg1)	363,394,409,411
30079 (btg2)	363,394,409,411
378946 (btg4)	363,394,409,411
386629 (tob1a)	363,394,409,411
406245 (tob1b)	363,394,409,411
492479 (btg3)	363,394,409,411
492503 (si:dkey-42i9.4)	363,394,409,411
321035 (pabpc4)	435,395,481,412
327625 (pabpc1l)	435,395,481,412
393856 (pabpc1b)	435,395,481,412
606498 (pabpc1a)	435,395,481,412
792831 (pan2)	389,438,435,455
100126012 (pan3)	435,438,481,455
449987 (zgc:103759)	934,238,980,255
560362 (dis3l)	573,219,619,236
447836 (pfkma)	541,820,587,837
550259 (pfklb)	541,820,587,837
560944 (pfkpa)	541,820,587,837
561416 (pfkpb)	541,820,587,837
568001 (pfkmb)	541,820,587,837
570106 (pfkla)	541,820,587,837
334116 (eno1a)	495,803,541,820
378963 (eno3)	495,803,541,820
393668 (eno1b)	495,803,541,820
402874 (eno2)	495,803,541,820
558487 (eno4)	495,803,541,820
dre03018: RNA degradation	40,45,201,70
dre03015: mRNA surveillance pathway	508,411,608,445
