C02166 (Leukotriene C4)	756,957,4
C05951 (Leukotriene D4)	756,957,4
C05952 (Leukotriene E4)	756,957,4
C04598 (2-Acetyl-1-alkyl-sn-glycero-3-phosphocholine)	756,243,4
C02465 (Triiodothyronine)	1167,874,4
C01829 (Thyroxine)	1167,874,4
C00735 (Cortisol)	1167,772,4
C05113 (Porphyrin)	1167,721,4
C16512 (Palmitoylethanolamide)	1167,678,4
C11695 (Anandamide)	1167,647,4
C12272 (N-Oleoyl dopamine)	1167,616,4
C12271 (N-Arachidonyl dopamine)	1167,586,4
C00245 (Taurine)	1167,545,4
C00099 (beta-Alanine)	1167,517,4
C00037 (Glycine)	1167,487,4
C16511 (L-Homocysteic acid)	1167,448,4
C00506 (L-Cysteate)	1167,418,4
C00049 (L-Aspartate)	1167,391,4
C00025 (L-Glutamate)	1167,361,4
C00002 (ATP)	1167,326,4
C00075 (UTP)	1167,326,4
C00008 (ADP)	1167,326,4
C00015 (UDP)	1167,326,4
C00334 (4-Aminobutanoate)	1167,195,4
C12270 (N-Acetylaspartylglutamate)	1167,152,4
C00334 (4-Aminobutanoate)	963,932,4
C00025 (L-Glutamate)	963,881,4
C00049 (L-Aspartate)	963,881,4
C00506 (L-Cysteate)	963,881,4
C02165 (Leukotriene B4)	756,709,4
C06124 (Sphingosine 1-phosphate)	756,630,4
C01120 (Sphinganine 1-phosphate)	756,630,4
C00681 (1-Acyl-sn-glycerol 3-phosphate)	756,579,4
C01598 (Melatonin)	756,492,4
C11695 (Anandamide)	756,167,4
C13856 (2-Arachidonoylglycerol)	756,167,4
C00002 (ATP)	547,974,4
C00075 (UTP)	547,974,4
C00008 (ADP)	547,974,4
C00015 (UDP)	547,974,4
C00212 (Adenosine)	547,931,4
C02198 (Thromboxane A2)	547,849,4
C01312 (Prostaglandin I2)	547,789,4
C00639 (Prostaglandin F2alpha)	547,742,4
C00584 (Prostaglandin E2)	547,698,4
C00696 (Prostaglandin D2)	547,653,4
C06314 (Lipoxin A4)	139,823,4
C00483 (Tyramine)	139,443,4
C00398 (Tryptamine)	139,443,4
C04227 (Octopamine)	139,443,4
C00388 (Histamine)	139,341,4
C03758 (Dopamine)	139,290,4
C00788 (L-Adrenaline)	139,239,4
C00547 (L-Noradrenaline)	139,239,4
C01996 (Acetylcholine)	139,188,4
C01996 (Acetylcholine)	1167,229,4
C00780 (Serotonin)	136,391,4
C15890 (Endomorphin-1)	340,656,4
C15891 (Endomorphin-2)	340,656,4
C15995 (Bombesin)	139,618,4
C01516 (Morphine)	340,637,4
C06865 (Calcitonin)	961,159,4
322691 (plg)	505,264,551,281
325881 (f2)	505,264,551,281
571079 (si:dkeyp-93a5.2)	505,264,551,281
65223 (prss1)	505,264,551,281
100150764 (si:dkey-165n16.5)	589,402,635,419
100535160	589,402,635,419
353180 (mchr1b)	589,402,635,419
353181 (mchr1a)	589,402,635,419
558520	589,402,635,419
353223 (tshba)	505,554,551,571
402987 (cga)	505,554,551,571
402917 (lhb)	505,502,551,519
402987 (cga)	505,502,551,519
402987 (cga)	505,452,551,469
100333270	382,966,428,983
555482 (tacr3a)	382,966,428,983
559201 (tacr3l)	382,966,428,983
100002125 (tacr2)	382,924,428,941
100002715 (kiss1rb)	382,212,428,229
561898 (kiss1ra)	382,212,428,229
799612 (prl2)	1125,967,1171,984
407651 (prlra)	1209,967,1255,984
567241 (lepr)	1209,916,1255,933
30607 (thrb)	1209,865,1255,882
30670 (thraa)	1209,865,1255,882
558427 (thrab)	1209,865,1255,882
100150233 (lepa)	1125,916,1171,933
564348 (lepb)	1125,916,1171,933
407639 (gh1)	1125,814,1171,831
100001424 (ghra)	1209,814,1255,831
553740 (nr3c1)	1209,763,1255,780
450011 (tspo)	1209,712,1255,729
561195 (trpv1)	1210,622,1256,639
192124 (glra3)	1210,508,1256,525
30676 (glra1)	1210,508,1256,525
445193 (glrbb)	1210,508,1256,525
793646 (glra2)	1210,508,1256,525
83412 (glrba)	1210,508,1256,525
100003342 (grin2ca)	1209,395,1255,412
100005675 (grin1b)	1209,395,1255,412
100149482	1209,395,1255,412
100333101 (grin3bb)	1209,395,1255,412
100333648 (grin2cb)	1209,395,1255,412
100334689	1209,395,1255,412
100334883	1209,395,1255,412
170450 (gria2a)	1209,395,1255,412
170451 (gria2b)	1209,395,1255,412
170452 (gria3a)	1209,395,1255,412
336069 (gria4b)	1209,395,1255,412
368416 (gria3b)	1209,395,1255,412
403044 (gria1b)	1209,395,1255,412
407735 (gria4a)	1209,395,1255,412
448841 (grid2)	1209,395,1255,412
449864 (grin2da)	1209,395,1255,412
556013 (grik2)	1209,395,1255,412
556582 (grik4)	1209,395,1255,412
557511 (grid1b)	1209,395,1255,412
559976 (grin2bb)	1209,395,1255,412
561540 (grik1b)	1209,395,1255,412
563297 (grin2aa)	1209,395,1255,412
564832 (grin3a)	1209,395,1255,412
566411 (grin3ba)	1209,395,1255,412
570493 (grin2ab)	1209,395,1255,412
767745 (grin1a)	1209,395,1255,412
793756 (grid1a)	1209,395,1255,412
798001 (grik1a)	1209,395,1255,412
798689 (gria1a)	1209,395,1255,412
798791 (grik5)	1209,395,1255,412
259258 (p2rx4a)	1209,317,1255,334
373879 (p2rx5)	1209,317,1255,334
387296 (p2rx1)	1209,317,1255,334
387297 (p2rx2)	1209,317,1255,334
387298 (p2rx7)	1209,317,1255,334
387299 (p2rx8)	1209,317,1255,334
387300 (p2rx3b)	1209,317,1255,334
387301 (p2rx4b)	1209,317,1255,334
58147 (p2rx3a)	1209,317,1255,334
100150704 (si:dkey-52k1.6)	1209,187,1255,204
100330554	1209,187,1255,204
100331377 (gabrb1)	1209,187,1255,204
336252 (gabrb2a)	1209,187,1255,204
550520 (gabra4)	1209,187,1255,204
553402 (gabrg2)	1209,187,1255,204
556202 (si:dkey-155h10.3)	1209,187,1255,204
559693 (gabra6b)	1209,187,1255,204
562831	1209,187,1255,204
566514 (gabrb4)	1209,187,1255,204
566633 (gabrp)	1209,187,1255,204
566922 (gabrb3)	1209,187,1255,204
567057 (gabrg3)	1209,187,1255,204
569032 (gabrr2b)	1209,187,1255,204
570876 (gabrr3a)	1209,187,1255,204
571422 (gabrd)	1209,187,1255,204
768183 (gabra1)	1209,187,1255,204
799124 (gabra5)	1209,187,1255,204
100003342 (grin2ca)	1209,142,1255,159
100005675 (grin1b)	1209,142,1255,159
100149482	1209,142,1255,159
100333101 (grin3bb)	1209,142,1255,159
100333648 (grin2cb)	1209,142,1255,159
100334883	1209,142,1255,159
449864 (grin2da)	1209,142,1255,159
559976 (grin2bb)	1209,142,1255,159
563297 (grin2aa)	1209,142,1255,159
564832 (grin3a)	1209,142,1255,159
566411 (grin3ba)	1209,142,1255,159
570493 (grin2ab)	1209,142,1255,159
767745 (grin1a)	1209,142,1255,159
654782 (prlhr2a)	589,322,635,339
792590 (prlhr2b)	589,322,635,339
556451	382,539,428,556
571123 (npbwr2b)	382,539,428,556
100536406 (mlnr)	382,322,428,339
101885196 (gpr156)	1004,923,1050,940
373873 (gabbr1a)	1004,923,1050,940
558708 (gabbr1b)	1004,923,1050,940
560267 (gabbr2)	1004,923,1050,940
100150246 (grm1b)	1004,872,1050,889
100331190	1004,872,1050,889
100332913 (grm5b)	1004,872,1050,889
336153 (grm2a)	1004,872,1050,889
555576 (grm1a)	1004,872,1050,889
564461 (grm2b)	1004,872,1050,889
565256 (grm3)	1004,872,1050,889
565450 (grm6b)	1004,872,1050,889
567181 (grm4)	1004,872,1050,889
568406 (grm5a)	1004,872,1050,889
568484 (grm6a)	1004,872,1050,889
569768 (grm8b)	1004,872,1050,889
792371 (grm8a)	1004,872,1050,889
100002189 (ghrhr2)	1004,703,1050,720
100334247 (vipr1a)	1004,703,1050,720
503868 (vipr1b)	1004,703,1050,720
541314 (ghrhra)	1004,703,1050,720
792410 (ghrhrb)	1004,703,1050,720
81886 (vipr2)	1004,703,1050,720
100537567 (sctr)	1004,644,1050,661
541315 (adcyap1r1a)	1004,585,1050,602
555473 (adcyap1r1b)	1004,585,1050,602
30629 (pth1ra)	1004,527,1050,544
30650 (pth2r)	1004,527,1050,544
30651 (pth1rb)	1004,527,1050,544
564876 (si:dkeyp-4h4.1)	1004,527,1050,544
793334 (ghrhrl)	1004,469,1050,486
101885514 (glp2r)	1004,410,1050,427
562973 (gcgra)	1004,352,1050,369
565237 (gcgrb)	1004,352,1050,369
101885360 (gipr)	1004,294,1050,311
100335005	1004,235,1050,252
567940 (crhr1)	1004,235,1050,252
100537117 (calcrl2)	1004,163,1050,180
445508 (calcrla)	1004,163,1050,180
560268 (calcr)	1004,163,1050,180
567131 (calcrlb)	1004,163,1050,180
100004739 (cysltr2a)	797,949,843,966
100334963 (cysltr3)	797,949,843,966
553675 (cysltr1)	797,949,843,966
563111 (cysltr2b)	797,949,843,966
100002494 (rxfp3.3a3)	797,866,843,883
100004589 (rxfp3.2b)	797,866,843,883
100007598 (rxfp3.3a1)	797,866,843,883
100008558 (rxfp3.2a)	797,866,843,883
100149732 (rxfp3.3a2)	797,866,843,883
100498669 (rxfp1)	797,866,843,883
101883306 (rxfp3.3b)	797,866,843,883
566888 (rxfp2b)	797,866,843,883
794924 (rxfp3)	797,866,843,883
100329657 (ltb4r)	797,700,843,717
100535026 (ltb4r2a)	797,700,843,717
100535037	797,700,843,717
100537296 (ltb4r2b)	797,700,843,717
108190685	797,700,843,717
100332187	797,621,843,638
170457 (s1pr2)	797,621,843,638
402857 (s1pr4)	797,621,843,638
492350 (s1pr5a)	797,621,843,638
64617 (s1pr1)	797,621,843,638
780835 (s1pr5b)	797,621,843,638
798390 (s1pr3a)	797,621,843,638
102216338 (lpar3)	797,570,843,587
368461 (lpar1)	797,570,843,587
445184 (lpar2a)	797,570,843,587
567956 (lpar2b)	797,570,843,587
794698 (lpar4)	797,570,843,587
30661 (mtnr1c)	797,483,843,500
30667 (mtnr1aa)	797,483,843,500
30668 (mtnr1bb)	797,483,843,500
565718 (mtnr1ab)	797,483,843,500
556431 (trhr2)	797,400,843,417
558878 (trhra)	797,400,843,417
569382 (trhrb)	797,400,843,417
100001586 (gnrhr4)	797,317,843,334
100270671 (gnrhr2)	797,317,843,334
100270672 (gnrhr1)	797,317,843,334
100002627 (ptafr)	798,234,844,251
404209 (cnr1)	797,158,843,175
795246 (cnr2)	797,158,843,175
100003922 (p2ry1)	589,965,635,982
100007926 (p2ry11)	589,965,635,982
100037375 (p2ry10)	589,965,635,982
100329592 (p2ry13)	589,965,635,982
101884764 (lpar6b)	589,965,635,982
368435 (p2ry4)	589,965,635,982
566099 (p2ry6)	589,965,635,982
566497 (p2ry8)	589,965,635,982
571773 (lpar6a)	589,965,635,982
793750	589,965,635,982
794698 (lpar4)	589,965,635,982
100007535	589,922,635,939
100150997 (adora1b)	589,922,635,939
108179103	589,922,635,939
560100 (adora2b)	589,922,635,939
561701 (adora2aa)	589,922,635,939
562364 (si:ch211-233f11.5)	589,922,635,939
566118 (adora2ab)	589,922,635,939
571410	589,922,635,939
102216340 (tbxa2r)	589,840,635,857
561406 (ptgir)	589,780,635,797
571808 (ptgfr)	589,733,635,750
100000544 (ptger3)	589,689,635,706
100003535 (ptger1c)	589,689,635,706
100005416 (ptger4b)	589,689,635,706
393608 (ptger2a)	589,689,635,706
559315 (ptger1a)	589,689,635,706
560057 (ptger4c)	589,689,635,706
562469 (ptger4a)	589,689,635,706
564945 (ptger1b)	589,689,635,706
570410 (ptger2b)	589,689,635,706
560609 (tshr)	589,554,635,571
402920 (lhcgr)	589,502,635,519
195820 (fshr)	589,452,635,469
557276 (nmur1a)	382,376,428,393
566750 (nmur3)	382,376,428,393
569960 (nmur1b)	382,376,428,393
559133 (uts2r)	589,158,635,175
794519 (si:dkey-33c3.1)	589,158,635,175
560955 (npffr2a)	382,430,428,447
561324 (npffr1l3)	382,430,428,447
570189 (npffr1l2)	382,430,428,447
561260 (hcrtr2)	382,713,428,730
100073342 (f2rl1.2)	589,264,635,281
100149161	589,264,635,281
100333265	589,264,635,281
403050 (pard3ab)	589,264,635,281
558477 (f2r)	589,264,635,281
793315 (si:ch211-132p1.2)	589,264,635,281
794215	589,264,635,281
794278 (si:dkey-163m14.6)	589,264,635,281
794365 (si:dkey-163m14.7)	589,264,635,281
794649 (f2rl1.1)	589,264,635,281
799082 (si:dkey-163m14.2)	589,264,635,281
799156	589,264,635,281
799227	589,264,635,281
110438944	180,967,226,984
561989 (galr1b)	180,967,226,984
567820 (galr1a)	180,967,226,984
798737 (galr2b)	180,967,226,984
100001530 (oxtr)	382,768,428,785
100151502 (avpr2ab)	589,211,635,228
100534787 (si:dkey-178o16.4)	589,211,635,228
555939 (avpr1ab)	589,211,635,228
571591 (avpr1aa)	589,211,635,228
100003539 (tacr1a)	382,879,428,896
564017 (tacr1b)	382,879,428,896
100333578 (sstr2a)	382,826,428,843
100333697	382,826,428,843
100334518 (si:zfos-169g10.2)	382,826,428,843
110439889	382,826,428,843
406588 (sstr5)	382,826,428,843
557645 (sstr1b)	382,826,428,843
560530 (sstr2b)	382,826,428,843
566989 (sstr3)	382,826,428,843
568254 (sstr1a)	382,826,428,843
30509 (oprd1a)	382,648,428,665
336529 (oprd1b)	382,648,428,665
360139 (oprk1)	382,648,428,665
402851 (oprl1)	382,648,428,665
556532	382,648,428,665
65088 (oprm1)	382,648,428,665
569344 (ntsr1)	382,593,428,610
100002786 (si:dkey-27p18.2)	382,484,428,501
100003852 (npy2r)	382,484,428,501
30713 (npy8br)	382,484,428,501
30714 (npy8ar)	382,484,428,501
30717 (npy4r)	382,484,428,501
449010 (npy7r)	382,484,428,501
793668 (npy1r)	382,484,428,501
795311 (npy2rl)	382,484,428,501
286833 (mc4r)	382,267,428,284
286834 (mc5ra)	382,267,428,284
286835 (mc5rb)	382,267,428,284
353151 (mc1r)	382,267,428,284
353152 (mc2r)	382,267,428,284
353153 (mc3r)	382,267,428,284
795753 (ghsra)	382,158,428,175
114550 (ednraa)	180,916,226,933
30442 (ednrba)	180,916,226,933
100137117 (si:dkey-1h24.2)	180,865,226,882
100331465	180,865,226,882
569038 (cckar)	180,865,226,882
561935 (aplnra)	180,577,226,594
565492 (aplnrb)	180,577,226,594
100000959 (c5ar1)	180,763,226,780
794255 (c3ar1)	180,763,226,780
100004938 (si:dkey-63b1.1)	180,683,226,700
100330960 (bdkrb2)	180,683,226,700
368199 (bdkrb1)	180,683,226,700
561834 (nmbr)	180,624,226,641
567289 (grpr)	180,624,226,641
100333455 (agtr1b)	180,526,226,543
503772 (agtr2)	180,526,226,543
794575 (agtr1a)	180,526,226,543
100001562 (taar20b)	180,434,226,451
100001633 (taar20h)	180,434,226,451
100001854 (taar20c)	180,434,226,451
100001919 (taar20c1)	180,434,226,451
100002324 (taar20o)	180,434,226,451
100002481	180,434,226,451
100003319 (taar19o)	180,434,226,451
100003441 (taar19m)	180,434,226,451
100003630 (si:ch211-139n6.11)	180,434,226,451
100034373 (taar14a)	180,434,226,451
100034374 (taar14i)	180,434,226,451
100034376 (taar10)	180,434,226,451
100034377 (taar15)	180,434,226,451
100034378 (taar13c)	180,434,226,451
100034379 (taar13d)	180,434,226,451
100034380 (taar13b)	180,434,226,451
100034381 (taar13e)	180,434,226,451
100034516 (taar14j)	180,434,226,451
100034543 (taar12i)	180,434,226,451
100034599 (taar14h)	180,434,226,451
100034600 (taar12e)	180,434,226,451
100034601 (taar12c)	180,434,226,451
100034639 (taar13a)	180,434,226,451
100034645 (taar14l)	180,434,226,451
100034646 (taar12b)	180,434,226,451
100034659 (taar12a)	180,434,226,451
100147984 (taar19e)	180,434,226,451
100149223	180,434,226,451
100149666 (taar20t)	180,434,226,451
100149675 (taar19d)	180,434,226,451
100150393 (taar20x)	180,434,226,451
100150578 (taar12m)	180,434,226,451
100150617 (taar20r)	180,434,226,451
100150810 (taar20i)	180,434,226,451
100151047 (taar20u)	180,434,226,451
100151309 (taar19k)	180,434,226,451
100329273 (taar20j)	180,434,226,451
100330560 (taar18g)	180,434,226,451
100331742	180,434,226,451
100333348 (taar19b)	180,434,226,451
751748 (zgc:153137)	180,434,226,451
792119 (taar14b)	180,434,226,451
794359 (taar10a)	180,434,226,451
794440 (taar10c)	180,434,226,451
794512 (taar10d)	180,434,226,451
794579 (taar10b)	180,434,226,451
794647 (taar11)	180,434,226,451
794715 (taar1b)	180,434,226,451
794923 (taar12f)	180,434,226,451
794997 (taar12g)	180,434,226,451
795068 (taar12h)	180,434,226,451
795139 (taar12j)	180,434,226,451
795317 (taar14d)	180,434,226,451
795424 (taar14g)	180,434,226,451
795486 (taar14f)	180,434,226,451
795656 (taar14e)	180,434,226,451
100000981 (htr2cl1)	180,383,226,400
100001828 (htr1aa)	180,383,226,400
100005344 (htr1fa)	180,383,226,400
100038775 (htr5aa)	180,383,226,400
100330681 (htr1e)	180,383,226,400
100536080 (htr7)	180,383,226,400
101882850 (htr4)	180,383,226,400
368475 (htr5ab)	180,383,226,400
556429 (htr1d)	180,383,226,400
559806 (htr2ab)	180,383,226,400
560808 (htr2aa)	180,383,226,400
561647 (htr1b)	180,383,226,400
562111 (htr7a)	180,383,226,400
565304 (htr7b)	180,383,226,400
568269 (htr6)	180,383,226,400
572143 (htr7c)	180,383,226,400
751784 (htr2b)	180,383,226,400
797212	180,383,226,400
797538 (htr1ab)	180,383,226,400
100005590 (hrh2b)	180,332,226,349
100331077	180,332,226,349
100334962	180,332,226,349
561773 (hrh3)	180,332,226,349
735302 (hrh1)	180,332,226,349
735303 (hrh2a)	180,332,226,349
100001636 (drd6b)	180,281,226,298
100002285 (drd7)	180,281,226,298
100536970 (drd5a)	180,281,226,298
282554 (drd3)	180,281,226,298
282557 (drd2a)	180,281,226,298
378718 (drd2l)	180,281,226,298
378719 (drd2b)	180,281,226,298
503564 (drd4a)	180,281,226,298
503565 (drd4b)	180,281,226,298
503566 (drd4-rs)	180,281,226,298
563567	180,281,226,298
568126 (drd1b)	180,281,226,298
792634 (drd1a)	180,281,226,298
100037315 (adrb2b)	180,230,226,247
100149100 (adra1ba)	180,230,226,247
100330650	180,230,226,247
266750 (adra2a)	180,230,226,247
266751 (adra2b)	180,230,226,247
266752 (adra2c)	180,230,226,247
266754 (adra2da)	180,230,226,247
266755 (adra2db)	180,230,226,247
492486 (adra1bb)	180,230,226,247
557194 (adrb1)	180,230,226,247
557259 (adra1ab)	180,230,226,247
558248 (adrb3a)	180,230,226,247
565838 (adrb2a)	180,230,226,247
568614 (adra1d)	180,230,226,247
792519 (adrb3b)	180,230,226,247
798498 (adra1aa)	180,230,226,247
100004742 (si:ch73-151m17.5)	180,179,226,196
100149598 (chrm3b)	180,179,226,196
100150701 (chrm4a)	180,179,226,196
352938 (chrm2a)	180,179,226,196
553978 (chrm5a)	180,179,226,196
555516 (chrm2b)	180,179,226,196
561491 (chrm5b)	180,179,226,196
571679 (chrm3a)	180,179,226,196
792708 (chrm1a)	180,179,226,196
794658 (chrm1b)	180,179,226,196
100003503 (chrnb2a)	1209,242,1255,259
100006941 (chrnb1)	1209,242,1255,259
100536659 (chrng)	1209,242,1255,259
100537531 (si:ch73-380n15.2)	1209,242,1255,259
101882637	1209,242,1255,259
30725 (chrna1)	1209,242,1255,259
317643 (chrnb3b)	1209,242,1255,259
394199 (chrna7)	1209,242,1255,259
404273 (chrnd)	1209,242,1255,259
445315 (chrne)	1209,242,1255,259
550584 (chrna5)	1209,242,1255,259
555747 (chrna6)	1209,242,1255,259
556507 (chrna10a)	1209,242,1255,259
556619 (chrna4b)	1209,242,1255,259
561906 (chrnb2b)	1209,242,1255,259
566141 (si:ch211-39a7.1)	1209,242,1255,259
568467 (chrna3)	1209,242,1255,259
568566 (chrnb4)	1209,242,1255,259
568807 (chrna9)	1209,242,1255,259
568849 (chrna2b)	1209,242,1255,259
678575 (chrna2a)	1209,242,1255,259
794401 (chrnb3a)	1209,242,1255,259
798522	1209,242,1255,259
322485 (agt)	96,527,142,544
798375 (apln)	96,578,142,595
559978 (grp)	96,633,142,650
569893 (nmbb)	96,633,142,650
798102 (nmba)	96,633,142,650
449808 (kng1)	96,684,142,701
30491 (c3a.2)	96,734,142,751
321046 (c3a.1)	96,734,142,751
494039 (c3a.6)	96,734,142,751
565074 (c3a.3)	96,734,142,751
565774 (c5)	96,764,142,781
100007763 (ccka)	96,865,142,882
100148183 (edn3b)	96,918,142,933
101884385 (edn3)	96,918,142,933
569550 (edn2)	96,918,142,933
58032 (edn1)	96,918,142,933
100006361 (galn)	96,967,142,984
798613 (ghrl)	298,158,344,175
353221 (pomca)	299,267,345,284
407657 (nmu)	299,377,345,394
368264 (npffl)	299,431,345,448
30211 (pyya)	299,485,345,502
30281 (npy)	299,485,345,502
563766 (npb)	299,540,345,557
101884890 (nts)	299,594,345,611
613239 (hcrt)	299,714,345,731
352920 (oxt)	298,769,344,786
326018 (sst1.1)	298,827,344,844
555634 (tac1)	299,880,345,897
555634 (tac1)	299,924,345,941
100320280 (tac3a)	299,966,345,983
402853 (uts2b)	505,158,551,175
405774 (uts2a)	505,158,551,175
352922 (avp)	505,211,551,228
100536871 (prlh)	505,322,551,339
100003610 (pmch)	505,402,551,419
353222 (gnrh2)	714,318,760,335
360141 (gnrh3)	714,318,760,335
322485 (agt)	712,784,758,801
100996239 (rln1)	713,867,759,884
503864 (rln3a)	713,867,759,884
566602 (insl5a)	713,867,759,884
796288 (rln3b)	713,867,759,884
266721 (trh)	714,400,760,417
100334757 (iapp)	921,175,967,192
436744 (calca)	921,175,967,192
556502 (adma)	921,175,967,192
100003848 (ucn3l)	921,236,967,253
492507 (crhb)	921,236,967,253
563732 (uts1)	921,236,967,253
796284 (crh)	921,236,967,253
790901 (gip)	921,294,967,311
436584 (gcgb)	921,352,967,369
436584 (gcgb)	921,410,967,427
791105 (ghrh)	921,469,967,486
402812 (pth2)	921,528,967,545
405885 (pth1b)	921,528,967,545
405886 (pth1a)	921,528,967,545
259257 (adcyap1a)	921,585,967,602
335625 (adcyap1b)	921,585,967,602
795653 (vip)	921,703,967,720
353221 (pomca)	299,667,345,684
368228 (penka)	299,667,345,684
414850 (pdyn)	299,667,345,684
dre04080: Neuroactive ligand-receptor interaction	40,45,404,70
