C11557 (1-Phosphatidyl-1D-myo-inositol 5-phosphate)	558,68,4
C11555 (1D-myo-Inositol 1,4,5,6-tetrakisphosphate)	53,414,4
C01272 (1D-myo-Inositol 1,3,4,5-tetrakisphosphate)	115,340,4
C01204 (Phytic acid)	167,550,4
C01245 (D-myo-Inositol 1,4,5-trisphosphate)	229,257,4
C01243 (1D-myo-Inositol 1,3,4-trisphosphate)	229,340,4
C01284 (1D-myo-Inositol 1,3,4,5,6-pentakisphosphate)	229,472,4
C04520 (1D-myo-Inositol 3,4,5,6-tetrakisphosphate)	229,550,4
C04563 (D-myo-Inositol 1,2,4,5,6-pentakisphosphate)	167,615,4
C04477 (1D-myo-Inositol 1,3,4,6-tetrakisphosphate)	229,414,4
C04579 (Inositol 1,2,3,5,6-pentakisphosphate)	109,615,4
C04063 (D-myo-Inositol 3,4-bisphosphate)	343,340,4
C04062 (D-myo-Inositol 1,3-bisphosphate)	716,404,4
C01220 (1D-myo-Inositol 1,4-bisphosphate)	343,257,4
C00092 (D-Glucose 6-phosphate)	343,307,4
C04006 (1D-myo-Inositol 3-phosphate)	443,340,4
C03546 (myo-Inositol 4-phosphate)	443,257,4
C00191 (D-Glucuronate)	458,528,4
C01177 (Inositol 1-phosphate)	716,340,4
C04637 (1-Phosphatidyl-D-myo-inositol 4,5-bisphosphate)	558,169,4
C01277 (1-Phosphatidyl-1D-myo-inositol 4-phosphate)	558,245,4
C05981 (Phosphatidylinositol-3,4,5-trisphosphate)	679,115,4
C01194 (1-Phosphatidyl-D-myo-inositol)	845,341,4
C00641 (1,2-Diacyl-sn-glycerol)	342,201,4
C03659 (D-Bornesitol)	657,420,4
C03660 (L-Bornesitol)	657,380,4
C04287 (3D-3,5/4-Trihydroxycyclohexane-1,2-dione)	779,487,4
C16737 (5-Deoxy-D-glucuronate)	871,487,4
C06892 (2-Deoxy-5-keto-D-gluconic acid)	967,487,4
C06893 (2-Deoxy-5-keto-D-gluconic acid 6-phosphate)	1061,487,4
C00222 (3-Oxopropanoate)	1000,563,4
C00024 (Acetyl-CoA)	904,563,4
C00111 (Glycerone phosphate)	1000,610,4
C00118 (D-Glyceraldehyde 3-phosphate)	904,610,4
C11556 (1-Phosphatidyl-1D-myo-inositol 3,5-bisphosphate)	845,68,4
C11554 (1-Phosphatidyl-1D-myo-inositol 3,4-bisphosphate)	679,175,4
C20251 (1-Keto-D-chiro-inositol)	666,626,4
C00137 (myo-Inositol)	558,340,4
C19891 (1D-chiro-Inositol)	558,626,4
C06153 (scyllo-Inositol)	558,558,4
C19794 (CDP-1L-myo-inositol)	443,414,4
C19799 (Bis(1L-myo-inositol)-3,1'-phosphate 1-phosphate)	443,476,4
C00691 (2,4,6/3,5-Pentahydroxycyclohexanone)	666,487,4
C21643 (3-Dehydro-scyllo-inosose)	779,453,4
C00558 (D-Tagaturonate)	967,453,4
C21644 (5-Dehydro-L-gluconate)	871,453,4
C04549 (1-Phosphatidyl-1D-myo-inositol 3-phosphate)	845,175,4
373124 (pip4k2ca)	535,94,581,111
560360 (pip4k2aa)	535,94,581,111
337236 (synj1)	485,200,531,217
563543 (inpp5b)	485,200,531,217
606579 (inpp5e)	485,200,531,217
777716 (ocrl)	485,200,531,217
100151036 (ipmka)	30,364,76,381
790916 (ipmkb)	30,364,76,381
100151036 (ipmka)	113,461,159,478
790916 (ipmkb)	113,461,159,478
368415 (ptenb)	594,106,640,123
794088 (ptena)	594,106,640,123
394075 (minpp1b)	151,282,197,299
561891 (minpp1a)	151,282,197,299
100037338 (inpp5ka)	151,332,197,349
100317089 (inpp5jb)	151,332,197,349
101884388 (inpp5a)	151,332,197,349
566188 (inpp5kb)	151,332,197,349
569568	151,332,197,349
641571 (inpp5l)	151,332,197,349
322720 (itpkcb)	151,249,197,266
368717 (itpka)	151,249,197,266
562919 (itpkca)	151,249,197,266
563019 (itpkb)	151,249,197,266
100148744 (itpk1b)	151,364,197,381
406290 (itpk1a)	151,364,197,381
100148744 (itpk1b)	206,375,252,392
406290 (itpk1a)	206,375,252,392
100151036 (ipmka)	206,431,252,448
790916 (ipmkb)	206,431,252,448
100148744 (itpk1b)	206,500,252,517
406290 (itpk1a)	206,500,252,517
100037338 (inpp5ka)	261,249,307,266
100317089 (inpp5jb)	261,249,307,266
101884388 (inpp5a)	261,249,307,266
566188 (inpp5kb)	261,249,307,266
569568	261,249,307,266
641571 (inpp5l)	261,249,307,266
555899 (si:ch211-160o17.2)	261,332,307,349
555899 (si:ch211-160o17.2)	366,249,412,266
560006 (inpp4b)	366,332,412,349
792527 (inpp4ab)	366,332,412,349
560881 (mtm1)	693,367,739,384
437018 (impa1)	475,249,521,266
553595 (impa2)	475,249,521,266
641570 (impad1)	475,249,521,266
437018 (impa1)	475,332,521,349
553595 (impa2)	475,332,521,349
641570 (impad1)	475,332,521,349
571850 (miox)	487,520,533,537
406667 (pi4k2a)	688,239,734,256
556956 (pi4kaa)	688,239,734,256
563201 (pi4kb)	688,239,734,256
564750 (pi4k2b)	688,239,734,256
100149843 (pip5kl1)	535,200,581,217
447840 (pip5k1bb)	535,200,581,217
449831 (pip5k1ba)	535,200,581,217
492549 (pip5k1ab)	535,200,581,217
553629 (pip5k1aa)	535,200,581,217
798876 (pip5k1ca)	535,200,581,217
548346 (pik3c3)	822,227,868,244
100333801	872,227,918,244
30644 (mtmr2)	872,227,918,244
323929 (mtmr14)	872,227,918,244
327346 (mtmr6)	872,227,918,244
393365 (mtmr8)	872,227,918,244
393584 (mtmr4)	872,227,918,244
393838 (mtmr3)	872,227,918,244
541517 (mtmr1b)	872,227,918,244
553750 (mtmr1a)	872,227,918,244
559198 (mtmr7b)	872,227,918,244
560881 (mtm1)	872,227,918,244
678558 (mtmr7a)	872,227,918,244
437018 (impa1)	619,332,665,349
553595 (impa2)	619,332,665,349
641570 (impad1)	619,332,665,349
100001532 (plcb3)	374,161,420,178
100334231 (plch2a)	374,161,420,178
100537538	374,161,420,178
337489 (plcd1b)	374,161,420,178
373867 (plcg1)	374,161,420,178
407700 (plcb4)	374,161,420,178
555443 (plcd1a)	374,161,420,178
561747 (plcg2)	374,161,420,178
562569 (plcd3b)	374,161,420,178
565669 (plcd4a)	374,161,420,178
566479 (plch1)	374,161,420,178
568288 (plce1)	374,161,420,178
569040 (plcd3a)	374,161,420,178
569376 (plcb2)	374,161,420,178
100000275	758,342,804,359
100006223 (si:dkey-266f7.9)	758,342,804,359
541511 (ippk)	145,501,191,518
100002263 (pik3cb)	594,161,640,178
394174 (pik3cd)	594,161,640,178
406598 (pik3cg)	594,161,640,178
561737 (pik3ca)	594,161,640,178
564261 (si:rp71-17i16.5)	594,161,640,178
436647 (aldh6a1)	936,555,982,572
192309 (tpi1a)	936,602,982,619
560753 (tpi1b)	936,602,982,619
337690 (pikfyve)	821,113,867,130
404620 (cdipt)	688,292,734,309
560006 (inpp4b)	742,167,788,184
792527 (inpp4ab)	742,167,788,184
100330514 (pik3c2g)	594,227,640,244
567938 (pik3c2b)	594,227,640,244
571356 (pik3c2a)	594,227,640,244
325179 (inppl1a)	656,134,702,151
559103 (inpp5d)	656,134,702,151
100333801	688,60,734,77
30644 (mtmr2)	688,60,734,77
323929 (mtmr14)	688,60,734,77
327346 (mtmr6)	688,60,734,77
393365 (mtmr8)	688,60,734,77
393584 (mtmr4)	688,60,734,77
393838 (mtmr3)	688,60,734,77
541517 (mtmr1b)	688,60,734,77
553750 (mtmr1a)	688,60,734,77
559198 (mtmr7b)	688,60,734,77
560881 (mtm1)	688,60,734,77
678558 (mtmr7a)	688,60,734,77
558940 (sacm1la)	688,266,734,283
570007 (inpp5f)	688,266,734,283
791142 (sacm1lb)	688,266,734,283
100334605 (fig4a)	872,113,918,130
dre00562: Inositol phosphate metabolism	40,45,312,70
dre00040: Pentose and glucuronate interconversions	391,597,527,631
dre00564: Glycerophospholipid metabolism	908,328,1029,362
dre00010: Glycolysis / Gluconeogenesis	762,594,859,628
dre00020: Citrate cycle (TCA cycle)	791,551,859,576
dre00040: Pentose and glucuronate interconversions	1002,435,1137,469
