556995 (lig1)	1135,1222,1181,1239
386707 (fen1)	1058,1222,1104,1239
550274 (zgc:110269)	1058,1222,1104,1239
559535 (dna2)	980,1221,1026,1238
393195 (rnaseh2a)	1044,1165,1090,1182
393241 (rnaseh2b)	1090,1165,1136,1182
406435 (rfc4)	1090,1107,1136,1124
503748 (rfc2)	1090,1107,1136,1124
100005387 (rnaseh2c)	1136,1165,1182,1182
259256 (rfc3)	1136,1107,1182,1124
445385 (rfc5)	1136,1107,1182,1124
30678 (pcna)	980,1107,1026,1124
393196 (rpa3)	1136,1056,1182,1073
286747 (mcm5)	1045,1039,1091,1056
571834 (si:dkey-28b4.7)	1136,909,1182,926
692256 (pold3)	1090,909,1136,926
553610 (pole4)	1136,967,1182,984
393774 (pole3)	1090,967,1136,984
550504 (ssbp1)	1135,300,1181,317
436932 (rnaseh1)	980,357,1026,374
192338 (mcm2)	999,1022,1045,1039
100147915 (mcm3l)	1045,1022,1091,1039
192323 (mcm3)	1045,1022,1091,1039
337598 (mcm4)	999,1039,1045,1056
317740 (pola1)	998,853,1044,870
322059 (pola2)	1044,853,1090,870
30440 (prim1)	1090,853,1136,870
407653 (prim2)	1136,853,1182,870
556456 (pold1)	998,909,1044,926
796456 (pold2)	1044,909,1090,926
553405 (pole)	998,967,1044,984
192320 (pole2)	1044,967,1090,984
564982 (mcm6l)	999,1056,1045,1073
566409 (mcm6)	999,1056,1045,1073
192333 (mcm7)	1045,1056,1091,1073
327491 (rpa1)	1136,1022,1182,1039
65226 (rpa2)	1136,1039,1182,1056
100037336 (rfc1)	1044,1107,1090,1124
327491 (rpa1)	1135,600,1181,617
30678 (pcna)	980,670,1026,687
436932 (rnaseh1)	1135,670,1181,687
556995 (lig1)	1135,744,1181,761
386707 (fen1)	1058,744,1104,762
550274 (zgc:110269)	1058,744,1104,762
559535 (dna2)	980,744,1026,761
436932 (rnaseh1)	980,1165,1026,1182
dre03030: DNA replication	40,45,191,70
