C00076 (Calcium cation)	137,370,4
C00416 (Phosphatidate)	629,381,4
C00219 (Arachidonate)	628,351,4
C00165 (Diacylglycerol)	398,323,4
C01245 (D-myo-Inositol 1,4,5-trisphosphate)	429,246,4
C00076 (Calcium cation)	541,180,4
C00575 (3',5'-Cyclic AMP)	615,116,4
100006675 (prkcba)	421,361,467,378
100150844 (prkcdb)	421,361,467,378
100333967 (si:ch73-374l24.1)	421,361,467,378
334571 (prkcda)	421,361,467,378
393953 (prkcbb)	421,361,467,378
497384 (prkca)	421,361,467,378
100148976 (adcy8)	466,108,512,125
100333702 (adcy9)	466,108,512,125
101884360	466,108,512,125
557026 (adcy1a)	466,108,512,125
557902 (adcy2b)	466,108,512,125
560410 (si:ch211-132f19.7)	466,108,512,125
560719 (si:dkey-206f10.1)	466,108,512,125
560807 (adcy6b)	466,108,512,125
562619 (adcy5)	466,108,512,125
563724 (adcy2a)	466,108,512,125
568726 (adcy7)	466,108,512,125
569499 (adcy1b)	466,108,512,125
570652 (adcy6a)	466,108,512,125
571825 (adcy3a)	466,108,512,125
402987 (cga)	1017,301,1063,318
402917 (lhb)	963,301,1009,318
100001532 (plcb3)	329,274,375,291
100537538	329,274,375,291
407700 (plcb4)	329,274,375,291
569376 (plcb2)	329,274,375,291
336839 (cdc42)	620,414,666,431
556226 (cdc42l2)	620,414,666,431
793158 (cdc42l)	620,414,666,431
406514 (atf4a)	847,108,893,125
556410 (atf4b)	847,108,893,125
436815 (camk2d2)	695,171,741,188
445208 (camk2d1)	695,171,741,188
550436 (camk2a)	695,171,741,188
562064 (camk2b1)	695,171,741,188
791855 (camk2g1)	695,171,741,188
793359 (camk2g2)	695,171,741,188
798222 (camk2b)	695,171,741,188
65239 (map2k6)	622,253,668,270
100002318 (mapk13)	699,253,745,270
266756 (mapk14b)	699,253,745,270
30681 (mapk12a)	699,253,745,270
415185 (mapk11)	699,253,745,270
557810 (mapk12b)	699,253,745,270
562552 (zgc:171775)	699,253,745,270
65237 (mapk14a)	699,253,745,270
100334486 (map3k1)	547,253,593,270
325488 (map3k4)	547,253,593,270
558321 (map3k2)	547,253,593,270
560211 (map3k3)	547,253,593,270
541323 (mapk7)	547,297,593,314
100148818 (si:ch73-55i23.1)	547,341,593,358
30554 (pla2g4aa)	547,341,593,358
559087 (pla2g4ab)	547,341,593,358
565386 (pla2g4f.2)	547,341,593,358
798864 (pla2g4f.1)	547,341,593,358
100149388 (itpr1b)	436,171,482,188
562585 (itpr2)	436,171,482,188
567611 (itpr1a)	436,171,482,188
794666 (itpr3)	436,171,482,188
192322 (calm2b)	600,171,646,188
321808 (calm3b)	600,171,646,188
327379 (calm3a)	600,171,646,188
336121 (calm2a)	600,171,646,188
368217 (calm1b)	600,171,646,188
406660 (calm1a)	600,171,646,188
560151 (calml4a)	600,171,646,188
445232 (gna15.1)	256,255,302,272
445297 (gna14)	256,255,302,272
493613 (gna11b)	256,255,302,272
562625 (gna15.4)	256,255,302,272
563953 (gna11a)	256,255,302,272
570108 (gnaq)	256,255,302,272
373882 (mmp14a)	168,416,214,433
566945 (mmp14b)	168,416,214,433
100001586 (gnrhr4)	168,188,214,205
100270671 (gnrhr2)	168,188,214,205
100270672 (gnrhr1)	168,188,214,205
556641 (pld1a)	547,371,593,388
565743 (pld2)	547,371,593,388
572492 (pld1b)	547,371,593,388
799278 (si:ch211-168k14.2)	547,371,593,388
557353 (gnas)	339,108,385,125
353222 (gnrh2)	86,188,132,205
360141 (gnrh3)	86,188,132,205
325084 (src)	547,414,593,431
337179 (mmp2)	123,416,169,433
393998 (prkacba)	720,108,766,125
445076 (prkacab)	720,108,766,125
563147 (prkacbb)	720,108,766,125
564064 (prkacaa)	720,108,766,125
170581 (cacna1c)	168,360,214,377
403310 (cacna1da)	168,360,214,377
405791 (cacna1sb)	168,360,214,377
559964 (cacna1fb)	168,360,214,377
570683 (cacna1sa)	168,360,214,377
567895 (elk1)	916,540,962,557
360144 (mapk1)	841,551,887,568
399480 (mapk3)	841,551,887,568
100002225 (map2k2b)	644,551,690,568
406728 (map2k1)	644,551,690,568
563181 (map2k2a)	644,551,690,568
30716 (raf1a)	548,551,594,568
557109 (raf1b)	548,551,594,568
30380 (nras)	432,551,478,568
393228 (zgc:55558)	432,551,478,568
445289 (kras)	432,551,478,568
550286 (hrasa)	432,551,478,568
553656 (hrasb)	432,551,478,568
556286 (sos1)	346,551,392,568
561670 (sos2)	346,551,392,568
406308 (grb2b)	260,551,306,568
493609 (grb2a)	260,551,306,568
378478 (egfra)	168,492,214,509
571431	168,492,214,509
797938 (hbegfa)	86,492,132,509
245950 (ptk2bb)	595,511,641,528
403052 (map2k4a)	768,414,814,431
560913 (map2k7)	768,414,814,431
568951 (map2k4b)	768,414,814,431
100149273 (mapk9)	841,414,887,431
562720 (mapk8a)	841,414,887,431
569698 (mapk10)	841,414,887,431
65236 (mapk8b)	841,414,887,431
335916 (jun)	915,414,961,431
100334486 (map3k1)	694,414,740,431
30498 (egr1)	916,562,962,579
dre04912: GnRH signaling pathway	51,28,270,53
dre04020: Calcium signaling pathway	551,203,662,237
dre04010: MAPK signaling pathway	681,455,796,489
dre04060: Cytokine-cytokine receptor interaction	49,524,160,569
dre04080: Neuroactive ligand-receptor interaction	47,225,162,260
map04024: cAMP signaling pathway	557,67,672,101
