C04549 (1-Phosphatidyl-1D-myo-inositol 3-phosphate)	634,783,4
C04549 (1-Phosphatidyl-1D-myo-inositol 3-phosphate)	428,783,4
C05981 (Phosphatidylinositol-3,4,5-trisphosphate)	1089,351,4
C04549 (1-Phosphatidyl-1D-myo-inositol 3-phosphate)	612,595,4
C05981 (Phosphatidylinositol-3,4,5-trisphosphate)	1088,195,4
C11556 (1-Phosphatidyl-1D-myo-inositol 3,5-bisphosphate)	851,783,4
C04637 (1-Phosphatidyl-D-myo-inositol 4,5-bisphosphate)	989,205,4
C04637 (1-Phosphatidyl-D-myo-inositol 4,5-bisphosphate)	1088,329,4
C04637 (1-Phosphatidyl-D-myo-inositol 4,5-bisphosphate)	449,194,4
C00035 (GDP)	134,508,4
C00044 (GTP)	134,627,4
386967 (stam)	438,744,484,761
492497 (stam2)	438,744,484,761
334175 (hgs)	438,761,484,778
641572 (stambpb)	983,819,1029,836
797422 (stambpa)	983,819,1029,836
565434 (usp8)	983,797,1029,814
100307098 (dnm1a)	247,172,293,189
100333543 (dnm1b)	247,172,293,189
406525 (dnm2b)	247,172,293,189
559334 (dnm2a)	247,172,293,189
100330031 (itchb)	356,262,402,279
100331274 (itcha)	356,262,402,279
103909792	356,262,402,279
30637 (mdm2)	356,262,402,279
321695 (smurf1)	356,262,402,279
337495 (rnf41l)	356,262,402,279
406837 (rnf41)	356,262,402,279
492364 (cbl)	356,262,402,279
554561 (traf6)	356,262,402,279
556277 (cblb)	356,262,402,279
559634 (nedd4l)	356,262,402,279
563633 (smurf2)	356,262,402,279
565383 (cblc)	356,262,402,279
387529 (ldlra)	510,172,556,189
100329879 (cltb)	269,260,315,277
323579 (cltca)	269,260,315,277
406318 (clta)	269,260,315,277
503600 (cltcb)	269,260,315,277
100148085 (ap2s1)	269,277,315,294
321051 (ap2m1a)	269,277,315,294
334632 (ap2b1)	269,277,315,294
394001 (ap2m1b)	269,277,315,294
558153 (ap2a1)	269,277,315,294
100004330 (mvb12bb)	524,744,570,761
393456 (mvb12a)	524,744,570,761
767667 (mvb12ba)	524,744,570,761
101884856 (si:ch211-284f22.3)	570,761,616,778
336368 (vps37a)	570,761,616,778
559483 (vps37b)	570,761,616,778
566797 (zgc:114173)	570,761,616,778
777738 (vps37c)	570,761,616,778
393562 (vps28)	570,744,616,761
100126123 (hsp70.1)	362,458,408,475
30671 (hsp70.3)	362,458,408,475
393586 (hsc70)	362,458,408,475
560210 (hsp70l)	362,458,408,475
573376 (hspa8)	362,458,408,475
798846 (si:ch211-199o1.2)	362,458,408,475
796345 (dnajc6)	362,475,408,492
335810 (vps36)	642,744,688,761
415179 (tsg101a)	524,761,570,778
407684 (vps25)	688,751,734,768
492771 (snf8)	642,761,688,778
100147988 (chmp6a)	734,762,780,779
445397 (chmp6b)	734,762,780,779
406621 (chmp3)	826,762,872,779
393164 (chmp4ba)	780,762,826,779
406766 (chmp4bb)	780,762,826,779
550542 (chmp4c)	780,762,826,779
336426 (chmp1b)	825,713,871,730
393535 (chmp1a)	825,713,871,730
405840 (chmp2bb)	826,745,872,762
569532 (chmp2ba)	826,745,872,762
798901 (chmp2a)	826,745,872,762
406669 (pdcd6ip)	607,721,653,738
393880 (vps4b)	893,706,939,723
767670 (vps4a)	893,706,939,723
406414 (vta1)	893,722,939,739
393351 (chmp5b)	770,700,816,717
558613 (chmp5a)	770,700,816,717
336839 (cdc42)	864,343,910,360
556226 (cdc42l2)	864,343,910,360
793158 (cdc42l)	864,343,910,360
117507 (prkci)	864,326,910,343
555737 (prkcz)	864,326,910,343
100124652 (pard6b)	819,343,865,360
100170824 (pard6ga)	819,343,865,360
792828 (pard6a)	819,343,865,360
80959 (pard6gb)	819,343,865,360
403050 (pard3ab)	819,326,865,343
100003206 (arf6b)	857,92,903,109
336063 (arf6a)	857,92,903,109
550286 (hrasa)	910,114,956,131
553656 (hrasb)	910,114,956,131
325084 (src)	910,92,956,109
386994 (rab11al)	735,390,781,407
406798 (rab11ba)	735,390,781,407
436828 (rab11bb)	735,390,781,407
492487 (rab11a)	735,390,781,407
494477 (tfr1a)	120,172,166,189
323870 (clint1a)	212,237,258,254
406671 (epn1)	212,237,258,254
560542 (epn2)	212,237,258,254
571453 (epn3b)	212,237,258,254
792915 (zgc:194578)	212,237,258,254
794862 (epn3a)	212,237,258,254
568170 (eps15l1a)	212,254,258,271
795505 (eps15)	212,254,258,271
565434 (usp8)	312,703,358,720
337737 (rab5aa)	628,558,674,575
386807 (rab5c)	628,558,674,575
393945 (rab5ab)	628,558,674,575
405821 (rab5b)	628,558,674,575
100003206 (arf6b)	908,584,954,601
336063 (arf6a)	908,584,954,601
641572 (stambpb)	312,725,358,742
797422 (stambpa)	312,725,358,742
368278 (ldlrap1a)	509,238,555,255
791153 (ldlrap1b)	509,238,555,255
368323 (si:ch211-204c21.1)	509,255,555,272
404040 (dab2)	509,255,555,272
100004988 (si:ch211-207g17.2)	560,172,606,189
100005081 (si:ch211-207g17.3)	560,172,606,189
114447 (cxcr4b)	560,172,606,189
140747 (cxcr4a)	560,172,606,189
796724 (cxcr2)	560,172,606,189
797181	560,172,606,189
100000160 (fgfr4)	192,172,238,189
245701 (igf1ra)	192,172,238,189
245702 (igf1rb)	192,172,238,189
352940 (fgfr2)	192,172,238,189
378478 (egfra)	192,172,238,189
386856 (pdgfra)	192,172,238,189
571431	192,172,238,189
58129 (fgfr3)	192,172,238,189
793623 (sh3kbp1)	161,254,207,271
100005753 (sh3gl1a)	161,271,207,288
334911 (sh3glb1b)	161,271,207,288
378838 (sh3gl1b)	161,271,207,288
393150 (sh3gl3b)	161,271,207,288
394091 (sh3gl2a)	161,271,207,288
394094 (sh3glb2b)	161,271,207,288
402885 (sh3glb2a)	161,271,207,288
571626 (sh3gl3a)	161,271,207,288
792229 (sh3glb1a)	161,271,207,288
794400 (sh3gl2b)	161,271,207,288
373871 (grk7b)	560,238,606,255
550406 (grk1b)	560,238,606,255
560761 (grk4)	560,238,606,255
560806 (grk5)	560,238,606,255
561288 (grk6)	560,238,606,255
564152 (grk1a)	560,238,606,255
566120 (grk7a)	560,238,606,255
567452 (grk5l)	560,238,606,255
569403 (grk3)	560,238,606,255
321378 (arrb2a)	560,255,606,272
394099 (arrb2b)	560,255,606,272
436678 (arr3a)	560,255,606,272
553266 (arrb1)	560,255,606,272
796867 (arr3b)	560,255,606,272
100003206 (arf6b)	421,92,467,109
336063 (arf6a)	421,92,467,109
100334729 (rab11fip2)	781,390,827,407
402861 (rab11fip1b)	781,390,827,407
553374 (rab11fip1a)	781,390,827,407
562719 (rab11fip5a)	781,390,827,407
570939	781,390,827,407
556641 (pld1a)	864,370,910,387
565743 (pld2)	864,370,910,387
572492 (pld1b)	864,370,910,387
799278 (si:ch211-168k14.2)	864,370,910,387
556641 (pld1a)	422,135,468,152
565743 (pld2)	422,135,468,152
572492 (pld1b)	422,135,468,152
799278 (si:ch211-168k14.2)	422,135,468,152
100149843 (pip5kl1)	857,114,903,131
447840 (pip5k1bb)	857,114,903,131
449831 (pip5k1ba)	857,114,903,131
492549 (pip5k1ab)	857,114,903,131
553629 (pip5k1aa)	857,114,903,131
798876 (pip5k1ca)	857,114,903,131
100149843 (pip5kl1)	422,114,468,131
447840 (pip5k1bb)	422,114,468,131
449831 (pip5k1ba)	422,114,468,131
492549 (pip5k1ab)	422,114,468,131
553629 (pip5k1aa)	422,114,468,131
798876 (pip5k1ca)	422,114,468,131
492695 (eea1)	560,580,606,597
568064 (rabep1)	627,536,673,553
100002190 (cyth3a)	147,545,193,562
100141338 (cyth4b)	147,545,193,562
100148736 (iqsec1b)	147,545,193,562
100151196	147,545,193,562
100329953 (arfgef1)	147,545,193,562
100334572 (arfgef2)	147,545,193,562
100537448 (cyth3b)	147,545,193,562
321938 (cyth1a)	147,545,193,562
325586 (cyth1b)	147,545,193,562
555340 (iqsec3b)	147,545,193,562
557199 (psd2)	147,545,193,562
559329 (psd3l)	147,545,193,562
560461	147,545,193,562
566350 (gbf1)	147,545,193,562
566849 (cyth4a)	147,545,193,562
569358 (si:dkey-283b15.4)	147,545,193,562
570918 (si:ch211-150i13.1)	147,545,193,562
797187 (iqsec2b)	147,545,193,562
797355 (iqsec3a)	147,545,193,562
100004931 (zgc:162872)	43,545,89,562
100005008	43,545,89,562
100009646 (acap3b)	43,545,89,562
100148154 (agap1)	43,545,89,562
100149572 (arfgap1)	43,545,89,562
100170829 (asap1a)	43,545,89,562
100332526	43,545,89,562
322991 (acap3a)	43,545,89,562
324332 (agap3)	43,545,89,562
402889 (arfgap3)	43,545,89,562
556132 (smap2)	43,545,89,562
558931 (arap3)	43,545,89,562
559690 (zmp:0000000660)	43,545,89,562
560581 (asap2b)	43,545,89,562
561771 (acap1)	43,545,89,562
561879 (unm_sa1614)	43,545,89,562
564814 (si:ch211-168b3.1)	43,545,89,562
565109 (agap2)	43,545,89,562
565859 (asap1b)	43,545,89,562
567190 (git2b)	43,545,89,562
568935 (git1)	43,545,89,562
570669 (asap2a)	43,545,89,562
571767 (si:ch211-135f11.1)	43,545,89,562
641490 (arfgap2)	43,545,89,562
777731 (smap1)	43,545,89,562
793882 (git2a)	43,545,89,562
562949 (ehd3)	742,580,788,597
405810 (ehd1a)	973,503,1019,520
447839 (ehd1b)	973,503,1019,520
403031 (rab4a)	685,536,731,553
569546 (ehd4)	628,580,674,597
337401 (ehd2b)	270,306,316,323
567055 (ehd2a)	270,306,316,323
569240 (rbsn)	744,536,790,553
405810 (ehd1a)	725,489,771,506
447839 (ehd1b)	725,489,771,506
100330077 (rufy1)	685,580,731,597
561653 (vps45)	801,536,847,553
393557 (mhc1uxa2)	908,173,954,190
64885 (mhc1uea)	908,173,954,190
393902 (rab7a)	437,719,483,736
431725 (rab7b)	437,719,483,736
449549 (zgc:100918)	437,719,483,736
403031 (rab4a)	474,390,520,407
393902 (rab7a)	700,915,746,932
431725 (rab7b)	700,915,746,932
449549 (zgc:100918)	700,915,746,932
30739 (tgfbr2b)	70,172,116,189
560446 (si:dkey-101k6.5)	70,172,116,189
560578 (tgfbr1a)	70,172,116,189
792928 (tgfbr1b)	70,172,116,189
100005449 (zfyve9a)	71,237,117,254
794689 (zfyve16)	71,237,117,254
30639 (smad2)	20,253,66,270
326283 (smad3b)	20,253,66,270
58092 (smad3a)	20,253,66,270
323695 (cav1)	1265,237,1311,254
415240 (cav2)	1265,237,1311,254
449679 (cav3)	1265,237,1311,254
791212 (zgc:158296)	1265,237,1311,254
100144554 (il2rgb)	855,172,901,189
793920 (il2rb)	855,172,901,189
796604 (il2rga)	855,172,901,189
100006041 (rhoab)	859,235,905,252
406411 (rhoaa)	859,235,905,252
406659 (rhoac)	859,235,905,252
436718 (rhocb)	859,235,905,252
751630 (zgc:153713)	859,235,905,252
492364 (cbl)	161,237,207,254
556277 (cblb)	161,237,207,254
565383 (cblc)	161,237,207,254
556641 (pld1a)	858,135,904,152
565743 (pld2)	858,135,904,152
572492 (pld1b)	858,135,904,152
799278 (si:ch211-168k14.2)	858,135,904,152
337737 (rab5aa)	1163,598,1209,615
386807 (rab5c)	1163,598,1209,615
393945 (rab5ab)	1163,598,1209,615
405821 (rab5b)	1163,598,1209,615
325084 (src)	1267,279,1313,296
100073336 (folr)	1096,173,1142,190
553764 (zgc:109949)	1096,173,1142,190
393754 (chmp7)	771,730,817,747
100003206 (arf6b)	81,500,127,517
327026 (arf2b)	81,500,127,517
336063 (arf6a)	81,500,127,517
368822 (arf3b)	81,500,127,517
399477 (arf2a)	81,500,127,517
445047 (arf3a)	81,500,127,517
100003206 (arf6b)	81,618,127,635
327026 (arf2b)	81,618,127,635
336063 (arf6a)	81,618,127,635
368822 (arf3b)	81,618,127,635
399477 (arf2a)	81,618,127,635
445047 (arf3a)	81,618,127,635
561659 (zfyve27)	735,450,781,467
334108 (kif5bb)	781,450,827,467
563459 (kif5ba)	781,450,827,467
565563 (kif5c)	781,450,827,467
566086 (kif5aa)	781,450,827,467
799274 (kif5ab)	781,450,827,467
555174 (wash1)	340,639,386,656
567272 (fam21c)	386,638,432,655
393142 (washc3)	364,655,410,672
565752 (si:dkey-23p11.2)	386,605,432,622
393152 (washc5)	386,622,432,639
327029 (capza1a)	316,613,362,630
474327 (capza1b)	316,613,362,630
100005765 (sparta)	212,271,258,288
335083 (capzb)	316,596,362,613
445154 (rab35b)	528,390,574,407
436839 (rab10)	801,513,847,530
323203 (snx4)	801,558,847,575
393881 (vps26a)	545,683,591,700
406684 (vps26b)	545,683,591,700
436688 (vps26bl)	545,683,591,700
100001531 (rab22a)	801,491,847,508
568800 (rab31)	801,491,847,508
573437 (vps29)	499,683,545,700
561697 (vps35)	591,683,637,700
571897 (rab8a)	854,536,900,553
100151129 (rab11fip4b)	936,610,982,627
436806 (rab11fip4a)	936,610,982,627
573631 (rab11fip3)	936,610,982,627
386994 (rab11al)	959,584,1005,601
406798 (rab11ba)	959,584,1005,601
436828 (rab11bb)	959,584,1005,601
492487 (rab11a)	959,584,1005,601
445154 (rab35b)	854,558,900,575
393804 (amph)	161,318,207,335
447863 (bin1b)	161,318,207,335
563561	161,318,207,335
406704 (spg21)	342,858,388,875
114456 (arpc4)	281,639,327,656
327068 (arpc2)	281,639,327,656
335474 (arpc1b)	281,639,327,656
336504 (arpc5a)	281,639,327,656
393550 (arpc5la)	281,639,327,656
394243 (arpc1a)	281,639,327,656
399482 (arpc5b)	281,639,327,656
415190 (zgc:86896)	281,639,327,656
415204 (arpc3)	281,639,327,656
445305 (arpc4l)	281,639,327,656
556104 (arpc5lb)	281,639,327,656
394098 (snx12)	500,707,545,724
563511 (snx3)	500,707,545,724
337386 (snx1a)	400,903,446,920
568737 (snx2)	400,903,446,920
619253 (snx1b)	400,903,446,920
406797 (snx5)	446,903,492,920
567182 (snx6)	446,903,492,920
557061 (igf2r)	379,880,425,897
100009637 (wasla)	390,320,436,337
394034 (waslb)	390,320,436,337
100005341 (wipf1a)	390,349,436,366
100151491 (wipf1b)	390,349,436,366
368364 (sb:cb649)	390,349,436,366
415255 (wipf2b)	390,349,436,366
563976 (wipf2a)	390,349,436,366
114456 (arpc4)	449,320,495,337
327068 (arpc2)	449,320,495,337
335474 (arpc1b)	449,320,495,337
336504 (arpc5a)	449,320,495,337
393550 (arpc5la)	449,320,495,337
394243 (arpc1a)	449,320,495,337
399482 (arpc5b)	449,320,495,337
415190 (zgc:86896)	449,320,495,337
415204 (arpc3)	449,320,495,337
445305 (arpc4l)	449,320,495,337
556104 (arpc5lb)	449,320,495,337
321460 (ist1)	824,689,870,706
dre04144: Endocytosis	40,45,160,70
dre04142: Lysosome	625,937,729,963
dre04060: Cytokine-cytokine receptor interaction	553,98,705,136
dre04070: Phosphatidylinositol signaling system	926,270,1039,308
dre04350: TGF-beta signaling pathway	14,300,115,338
dre04130: SNARE interactions in vesicular transport	228,831,338,869
