100003546 (colgalt2)	163,462,193,462,193,466,163,466
556077 (plod3)	163,462,193,462,193,466,163,466
558068 (si:ch211-13f8.2)	163,462,193,462,193,466,163,466
565862 (colgalt1)	163,462,193,462,193,466,163,466
567859 (si:ch211-114l13.7)	163,462,193,462,193,466,163,466
564156 (b3glctb)	281,287,296,272,300,272,285,287
799443 (b3glcta)	281,287,296,272,300,272,285,287
556077 (plod3)	92,462,122,462,122,466,92,466
403116 (st6gal2a)	114,241,144,241,144,245,114,245
407659 (st3gal3b)	114,241,144,241,144,245,114,245
445376 (st6gal1)	114,241,144,241,144,245,114,245
30158 (lfng)	283,243,298,258,302,258,287,243
414848 (rfng)	283,243,298,258,302,258,287,243
493633 (mfng)	283,243,298,258,302,258,287,243
100148828 (b4galt2)	195,241,225,241,225,245,195,245
550425 (b4galt1)	195,241,225,241,225,245,195,245
556544 (si:dkey-199f5.8)	195,241,225,241,225,245,195,245
561756 (b4galt3)	195,241,225,241,225,245,195,245
768123 (b4galt1l)	195,241,225,241,225,245,195,245
403029 (pofut1)	349,264,379,264,379,268,349,268
777668 (pofut2)	349,264,379,264,379,268,349,268
449721 (xxylt1)	88,365,118,365,118,369,88,369
641495 (poglut1)	221,365,251,365,251,369,221,369
100333154 (gxylt1a)	153,365,183,365,183,369,153,369
556315 (gxylt1b)	153,365,183,365,183,369,153,369
567541 (gxylt2)	153,365,183,365,183,369,153,369
337685 (ogt.1)	113,145,143,145,143,149,113,149
652952 (ogt.2)	113,145,143,145,143,149,113,149
798087 (eogt)	113,145,143,145,143,149,113,149
563878 (pomt2)	841,149,871,149,871,153,841,153
569769 (pomt1)	841,149,871,149,871,153,841,153
563878 (pomt2)	841,173,871,173,871,177,841,177
569769 (pomt1)	841,173,871,173,871,177,841,177
563878 (pomt2)	841,198,871,198,871,202,841,202
569769 (pomt1)	841,198,871,198,871,202,841,202
563878 (pomt2)	757,249,787,249,787,253,757,253
569769 (pomt1)	757,249,787,249,787,253,757,253
dre00514: Other types of O-glycan biosynthesis	40,45,373,70
