393710 (faua)	966,704,1012,721
378961 (rpl13)	446,661,492,678
394036 (rpl28)	602,749,648,766
336687 (rps14)	600,369,646,386
100000341 (rps23)	494,453,540,470
192300 (rps18)	554,369,600,386
405889 (rps29)	624,285,670,302
415169 (rps13)	523,547,569,564
406686 (rps11)	394,285,440,302
337148 (rps15)	670,210,716,227
445028 (rps6)	446,704,492,721
100000836 (rps8b)	498,704,544,721
407690 (rps8a)	498,704,544,721
393818 (rps17)	550,704,596,721
541327	550,704,596,721
393723 (rps19)	602,704,648,721
394194 (rps24)	654,704,700,721
393738 (rps27.2)	810,704,856,721
554155 (rps27.1)	810,704,856,721
337810 (rps27a)	862,704,908,721
393725 (rps7)	394,793,440,810
394121 (rps10)	446,793,492,810
337007 (rps12)	498,793,544,810
394166 (rps21)	550,793,596,810
393788 (rps25)	706,704,752,721
336662 (rps26)	758,704,804,721
393715 (rps26l)	758,704,804,721
406307 (rps28)	914,704,960,721
449547 (rps4x)	532,285,578,302
337240 (rps3a)	394,704,440,721
140506 (rnr2)	474,97,520,114
541330 (mrpl10)	774,444,820,461
436829 (mrpl11)	866,444,912,461
322571 (rpl3)	486,210,532,227
415229 (rpl11)	578,285,624,302
336702 (rpl9)	716,285,762,302
58101 (rplp0)	774,461,820,478
327089 (rpl12)	866,461,912,478
560828 (rpl13a)	815,369,861,386
553555 (mrpl13)	815,352,861,369
571648 (mrpl2)	624,193,670,210
336283 (mrpl3)	486,193,532,210
323305 (rpl10a)	820,461,866,478
393686 (rpl8)	624,210,670,227
394122 (mrpl14)	440,268,486,285
336812 (rpl23)	440,285,486,302
336726 (rpl27a)	992,285,1038,302
445041 (mrpl15)	992,268,1038,285
326961 (rpl5a)	854,285,900,302
415196 (rpl5b)	854,285,900,302
768187 (mrpl18)	854,268,900,285
336641 (rpl17)	716,210,762,227
100142645 (mrpl22)	716,193,762,210
335539 (rpl23a)	578,210,624,227
415142 (mrpl23)	578,193,624,210
406387 (rpl26)	486,285,532,302
436674 (mrpl24)	486,268,532,285
192299 (rpl35)	854,210,900,227
553799 (mrpl30)	946,268,992,285
336710 (rpl7)	946,285,992,302
445053 (rpl15)	498,661,544,678
767785	498,661,544,678
445038 (rpl18)	723,369,769,386
406489 (rpl19)	808,285,854,302
336568 (rpl21)	550,661,596,678
192301 (rpl24)	602,661,648,678
406266 (rsl24d1)	602,661,648,678
336713 (rpl30)	540,453,586,470
415168 (rpl39)	862,661,908,678
641289 (uba52)	914,661,960,678
195819 (rpl36a)	1018,661,1064,678
677758 (rpl31)	654,661,700,678
556556 (rpl32)	762,285,808,302
394097 (rpl34)	394,369,440,386
436760 (rpl35a)	706,661,752,678
415159 (rpl37)	758,661,804,678
572109	810,661,856,678
336727 (rpl6)	394,749,440,766
394035 (rpl18a)	446,749,492,766
557397 (rpl22)	498,749,544,766
735250 (rpl22l1)	498,749,544,766
325618 (rpl27)	550,749,596,766
445040 (rpl29)	654,749,700,766
405888 (rpl36)	706,749,752,766
436759 (rpl38)	758,749,804,766
337090 (rpl4)	532,210,578,227
337010 (rpl7a)	591,453,637,470
751694	591,453,637,470
336712 (rpl10)	394,661,440,678
323365 (rpl14)	440,369,486,386
553771 (mrpl4)	532,193,578,210
572170 (mrpl9)	941,530,987,547
550391 (mrpl12)	682,444,728,461
335629 (rplp2)	728,461,774,478
336719 (rplp1)	728,461,774,478
558312 (rplp2l)	728,461,774,478
493604 (mrpl16)	808,193,854,210
447945 (mrpl17)	769,352,815,369
445150 (mrpl19)	718,602,764,619
751640 (mrpl20)	663,530,709,547
768305 (mrpl21)	508,602,554,619
553709 (mrpl27)	554,602,600,619
554098 (mrpl28)	394,602,440,619
751730 (mrpl32)	873,530,919,547
100536515 (mrpl33)	440,602,486,619
552972 (mrpl34)	709,530,755,547
767758 (mrpl35)	617,530,663,547
100093703 (mrpl36)	508,352,554,369
140505 (rnr1)	624,97,670,114
562703 (mrps5)	900,268,946,285
619204 (mrps7)	448,436,494,453
751681 (mrps9)	861,352,907,369
565937 (mrps10)	440,193,486,210
406565 (rps2)	900,285,946,302
192297 (rps5)	448,453,494,470
751723	448,453,494,470
336764 (rps15a)	670,285,716,302
767765 (rps16)	861,369,907,386
406485 (rps20)	440,210,486,227
394027 (rpsa)	394,547,440,564
336550 (rps3)	762,210,808,227
556272 (mrps11)	600,352,646,369
793878	494,436,540,453
751639 (mrps14)	624,268,670,285
436758 (mrps15)	523,530,569,547
553580 (mrps17)	394,268,440,285
751746 (mrps6)	1033,530,1079,547
450009 (mrps16)	672,602,718,619
558080 (mrps18a)	987,530,1033,547
569841 (mrps18c)	987,530,1033,547
100073334 (mrps21)	908,602,954,619
114420 (rps9)	646,369,692,386
791211 (mrps2)	394,530,440,547
553284 (mrpl1)	820,444,866,461
dre03010: Ribosome	40,45,135,70
