C00350 (Phosphatidylethanolamine)	358,716,4
C00350 (Phosphatidylethanolamine)	570,693,4
C04549 (1-Phosphatidyl-1D-myo-inositol 3-phosphate)	520,423,4
C01194 (1-Phosphatidyl-D-myo-inositol)	435,423,4
560455 (rptor)	190,94,236,111
324254 (mtor)	215,120,261,137
792689 (mlst8)	241,146,287,163
100329702 (ulk2)	371,93,417,110
393405 (atg13)	371,155,417,172
567680 (atg101)	429,127,475,144
406843 (igbp1)	215,203,261,220
393885 (Ppp2ca)	215,242,261,259
406582 (ppp2cb)	215,242,261,259
550585 (ppp2ca)	215,242,261,259
393846 (becn1)	392,316,438,333
564088 (pik3r4)	392,347,438,364
548346 (pik3c3)	452,331,498,348
100009663 (atg9a)	591,189,637,206
791223 (atg9b)	591,189,637,206
101883461 (atg2a)	561,221,607,238
100332293	620,221,666,238
393362 (wipi1)	620,221,666,238
437002 (wipi2)	620,221,666,238
336632 (atg3)	282,630,328,647
326974 (gabarapa)	506,684,552,701
403036 (gabarapl2)	506,684,552,701
793200 (gabarapb)	506,684,552,701
415193 (atg4c)	93,733,139,750
448859 (atg4b)	93,733,139,750
554140 (atg4a)	93,733,139,750
795933 (atg4da)	93,733,139,750
550552 (atg16l1)	612,540,658,557
570965 (atg12)	50,540,99,557
641330 (atg10)	225,588,271,605
100333016 (atg7)	164,610,210,627
570965 (atg12)	365,549,411,566
494180 (atg5)	365,532,411,549
570965 (atg12)	521,540,567,557
494180 (atg5)	567,540,613,557
494180 (atg5)	278,577,324,594
550552 (atg16l1)	419,577,465,594
326974 (gabarapa)	50,685,96,702
403036 (gabarapl2)	50,685,96,702
793200 (gabarapb)	50,685,96,702
dre04136: Autophagy - other	40,45,240,70
