C05981 (Phosphatidylinositol-3,4,5-trisphosphate)	604,427,4
C04637 (1-Phosphatidyl-D-myo-inositol 4,5-bisphosphate)	645,210,4
100001836 (itgb3b)	169,248,215,265
100499533 (itgb6)	169,248,215,265
335269 (itgb4)	169,248,215,265
405864 (itgb1b.2)	169,248,215,265
556734 (itgb1a)	169,248,215,265
556752 (itgb8)	169,248,215,265
563556 (itgb5)	169,248,215,265
570216 (itgb1b)	169,248,215,265
100006255 (itga7)	169,231,215,248
100141346 (itga8)	169,231,215,248
100151255 (itgav)	169,231,215,248
100331333 (itga4)	169,231,215,248
100331874 (itga3b)	169,231,215,248
100536533 (itga2.2)	169,231,215,248
386787 (itga5)	169,231,215,248
394012 (itga9)	169,231,215,248
407685 (itga3a)	169,231,215,248
445380 (itga2b)	169,231,215,248
503893 (itga6a)	169,231,215,248
541320 (itga6b)	169,231,215,248
541475 (itga11a)	169,231,215,248
570868 (itga1)	169,231,215,248
572348 (itga10)	169,231,215,248
100048921 (flnca)	423,230,469,247
100534866 (flnb)	423,230,469,247
562529 (flna)	423,230,469,247
563023 (flnb)	423,230,469,247
570288 (flncb)	423,230,469,247
336839 (cdc42)	724,357,770,374
556226 (cdc42l2)	724,357,770,374
793158 (cdc42l)	724,357,770,374
100003770 (mylk5)	794,191,840,208
449707 (mylk4b)	794,191,840,208
492576 (mylkb)	794,191,840,208
558685 (mylk2)	794,191,840,208
561635 (mylk3)	794,191,840,208
566845 (mylk4a)	794,191,840,208
569510 (mylka)	794,191,840,208
100537244 (myl2a)	862,138,908,155
30429 (mylpfa)	862,138,908,155
30592 (myl7)	862,138,908,155
326719 (myl12.1)	862,138,908,155
337084 (myl12.2)	862,138,908,155
406493 (myl9b)	862,138,908,155
447930 (mylpfb)	862,138,908,155
450006 (myl9a)	862,138,908,155
677750 (myl2b)	862,138,908,155
101886015	867,90,913,107
100003223 (ppp1cb)	733,165,779,182
101885790	733,165,779,182
327301 (ppp1cab)	733,165,779,182
334597 (ppp1cbl)	733,165,779,182
407980 (ppp1caa)	733,165,779,182
445393 (ppp1r12a)	733,165,779,182
570218 (ppp1r12c)	733,165,779,182
571753 (ppp1cc)	733,165,779,182
571837 (zmp:0000001167)	733,165,779,182
100329779 (rock1)	676,138,722,155
317747 (rock2a)	676,138,722,155
321070 (rock2b)	676,138,722,155
100149794 (akt3b)	694,319,740,336
101910198 (akt1)	694,319,740,336
378972 (akt2)	694,319,740,336
403146 (akt2l)	694,319,740,336
560549 (akt3a)	694,319,740,336
403000 (pdpk1b)	609,277,655,294
100037387 (parvg)	524,257,570,274
325686 (parvb)	524,257,570,274
442922 (parvaa)	524,257,570,274
393543 (ilk)	524,319,570,336
552980 (vcla)	524,232,570,249
550487 (vaspb)	524,207,570,224
555805 (vaspa)	524,207,570,224
368415 (ptenb)	423,369,469,386
794088 (ptena)	423,369,469,386
100000252 (pik3r3b)	423,418,469,435
100002263 (pik3cb)	423,418,469,435
394174 (pik3cd)	423,418,469,435
404211 (pik3r2)	423,418,469,435
557176 (pik3r1)	423,418,469,435
561737 (pik3ca)	423,418,469,435
494453 (tln1)	423,259,469,276
556842 (tln2a)	423,259,469,276
564246 (zyx)	524,183,570,200
322221 (actn4)	423,204,469,221
560400 (actn1)	423,204,469,221
142986 (ptk2ab)	306,418,352,435
386705 (ptk2aa)	306,418,352,435
541374 (capn2a)	359,319,405,336
563053 (capn2b)	359,319,405,336
399546 (pxna)	423,287,469,304
565130 (pxnb)	423,287,469,304
100004299	304,90,350,107
795752 (arhgap5)	304,90,350,107
100003514 (prkcg)	217,345,263,362
100006675 (prkcba)	217,345,263,362
100333967 (si:ch73-374l24.1)	217,345,263,362
393953 (prkcbb)	217,345,263,362
497384 (prkcaa)	217,345,263,362
325084 (src)	274,295,320,312
373872 (fyna)	223,463,269,480
574422 (fynb)	223,463,269,480
100006041 (rhoab)	549,138,595,155
406411 (rhoaa)	549,138,595,155
406659 (rhoac)	549,138,595,155
436718 (rhocb)	549,138,595,155
751630 (zgc:153713)	549,138,595,155
568885 (si:ch211-234p18.3)	355,138,401,155
100005469 (fn1a)	76,239,122,256
100049705 (lama2)	76,239,122,256
100149028 (zmp:0000000846)	76,239,122,256
100170785 (col9a1a)	76,239,122,256
100318854 (comp)	76,239,122,256
100535241 (thbs2a)	76,239,122,256
100535278	76,239,122,256
101885031	76,239,122,256
252849 (thbs3a)	76,239,122,256
252850 (thbs4b)	76,239,122,256
260303 (reln)	76,239,122,256
286830 (lamb1a)	76,239,122,256
286831 (lamb4)	76,239,122,256
286832 (lamc1)	76,239,122,256
30037 (tnc)	76,239,122,256
30234 (tnn)	76,239,122,256
321212 (col9a2)	76,239,122,256
321243 (lama5)	76,239,122,256
323561 (col4a5)	76,239,122,256
325675 (col1a1b)	76,239,122,256
336471 (col1a2)	76,239,122,256
337158 (col1a1a)	76,239,122,256
337767 (lamb2)	76,239,122,256
369191 (tnr)	76,239,122,256
394038 (chad)	76,239,122,256
403026 (vtnb)	76,239,122,256
406548 (col9a1b)	76,239,122,256
503730 (col2a1b)	76,239,122,256
553355 (col4a2)	76,239,122,256
553699 (vtna)	76,239,122,256
554268 (col4a6)	76,239,122,256
554269 (col4a1)	76,239,122,256
556874 (col6a3)	76,239,122,256
558958 (lamc3)	76,239,122,256
561901 (thbs1b)	76,239,122,256
562496 (col2a1a)	76,239,122,256
563429 (thbs4a)	76,239,122,256
564005 (col6a4a)	76,239,122,256
566796 (lama4)	76,239,122,256
567110 (col9a3)	76,239,122,256
567640 (si:ch211-241e1.3)	76,239,122,256
567771 (col6a2)	76,239,122,256
569755 (col6a1)	76,239,122,256
569971 (lama1)	76,239,122,256
570643 (vwf)	76,239,122,256
323695 (cav1)	169,394,215,411
415240 (cav2)	169,394,215,411
449679 (cav3)	169,394,215,411
791212 (zgc:158296)	169,394,215,411
373107 (birc2)	1120,618,1166,635
373108 (xiap)	1120,618,1166,635
58100 (badb)	869,660,915,677
100007048 (bcl2b)	931,660,977,677
570772 (bcl2a)	931,660,977,677
567895 (elk1)	976,618,1022,635
360144 (mapk1)	901,618,947,635
399480 (mapk3)	901,618,947,635
30222 (ccnd1)	1120,429,1166,446
799608 (ccnd2a)	1120,429,1166,446
406728 (map2k1)	826,618,872,635
403065 (braf)	792,569,838,586
30716 (raf1a)	619,618,665,635
557109 (raf1b)	619,618,665,635
550286 (hrasa)	538,618,584,635
553656 (hrasb)	538,618,584,635
556286 (sos1)	456,618,502,635
561670 (sos2)	456,618,502,635
406308 (grb2b)	375,618,421,635
493609 (grb2a)	375,618,421,635
100150664 (met)	169,618,215,635
245701 (igf1ra)	169,618,215,635
245702 (igf1rb)	169,618,215,635
30121 (flt4)	169,618,215,635
378478 (egfra)	169,618,215,635
386856 (pdgfra)	169,618,215,635
386966 (erbb2)	169,618,215,635
544667 (flt1)	169,618,215,635
554230 (kdr)	169,618,215,635
559529 (pdgfrb)	169,618,215,635
571431	169,618,215,635
796537 (kdrl)	169,618,215,635
100334116	76,618,122,635
100535718 (pdgfd)	76,618,122,635
103909601	76,618,122,635
114433 (igf1)	76,618,122,635
30682 (vegfaa)	76,618,122,635
378480 (pdgfaa)	76,618,122,635
403045 (egf)	76,618,122,635
403049 (vegfc)	76,618,122,635
493781 (hgfa)	76,618,122,635
557468 (pgfb)	76,618,122,635
558154 (vegfab)	76,618,122,635
560564 (pdgfc)	76,618,122,635
678512 (vegfd)	76,618,122,635
767790 (pdgfab)	76,618,122,635
796490 (pdgfbb)	76,618,122,635
798657 (si:ch211-79m20.1)	76,618,122,635
100332111 (shc3)	293,618,339,635
323818 (shc1)	293,618,339,635
562011 (shc2)	293,618,339,635
568309 (bcar1)	423,525,469,542
445234 (crk)	558,525,604,542
556443 (crkl)	558,525,604,542
394101 (rapgef1b)	647,525,693,542
558635 (rapgef1a)	647,525,693,542
321107 (rap1b)	766,525,812,542
406714 (rap1ab)	766,525,812,542
415242 (rap1aa)	766,525,812,542
572187 (dock1)	675,484,721,501
100149273 (mapk9)	888,525,934,542
562720 (mapk8a)	888,525,934,542
569698 (mapk10)	888,525,934,542
65236 (mapk8b)	888,525,934,542
335916 (jun)	976,525,1022,542
100536197	824,418,870,435
266749 (pak2a)	824,418,870,435
325034 (pak2b)	824,418,870,435
373103 (pak1)	824,418,870,435
405898 (pak7)	824,418,870,435
431769 (pak4)	824,418,870,435
567874 (pak6b)	824,418,870,435
327204 (rac1a)	736,418,782,435
415151 (rac2)	736,418,782,435
437027 (rac3a)	736,418,782,435
562838 (rac1b)	736,418,782,435
792699 (rac1l)	736,418,782,435
795167 (rac3b)	736,418,782,435
100333179 (vav3)	658,418,704,435
556413 (vav2)	658,418,704,435
559145 (vav3b)	658,418,704,435
30265 (ctnnb1)	976,319,1022,336
30654 (gsk3ba)	875,318,921,335
560194 (gsk3aa)	875,318,921,335
57934 (actb1)	908,241,954,258
57935 (actb2)	908,241,954,258
dre04512: ECM-receptor interaction	51,290,162,324
dre04060: Cytokine-cytokine receptor interaction	51,547,162,592
dre04010: MAPK signaling pathway	878,563,989,597
dre04510: Focal adhesion	40,45,198,70
dre04810: Regulation of actin cytoskeleton	945,160,1056,194
dre04310: Wnt signaling pathway	927,345,1020,379
dre04110: Cell cycle	1096,466,1189,491
map04151: PI3K-Akt signaling pathway	905,413,1016,447
dre04070: Phosphatidylinositol signaling system	562,448,673,482
