C01245 (D-myo-Inositol 1,4,5-trisphosphate)	401,207,4
C00076 (Calcium cation)	679,207,4
C01330 (Sodium cation)	587,89,4
C00080 (H+)	551,165,4
C00165 (Diacylglycerol)	401,228,4
C01330 (Sodium cation)	642,165,4
C00575 (3',5'-Cyclic AMP)	204,363,4
C00575 (3',5'-Cyclic AMP)	759,481,4
C00533 (Nitric oxide)	960,207,4
C00290 (Fibrin)	660,804,4
C00533 (Nitric oxide)	821,633,4
C06124 (Sphingosine 1-phosphate)	821,665,4
561935 (aplnra)	109,547,155,564
565492 (aplnrb)	109,547,155,564
100001198 (prkaa1)	305,601,351,618
100170795 (prkab2)	305,601,351,618
335232 (prkab1b)	305,601,351,618
406440 (prkag1)	305,601,351,618
436905 (prkab1a)	305,601,351,618
553319 (prkag3a)	305,601,351,618
568316 (prkag2b)	305,601,351,618
570761 (prkag2a)	305,601,351,618
572074 (prkaa2)	305,601,351,618
678619 (prkag3b)	305,601,351,618
100150090 (sphk2)	655,657,701,674
100331840 (sphk1)	655,657,701,674
100136840 (serpine1)	305,795,351,812
100006888 (gnai3)	179,409,225,426
100007047 (gng13a)	179,409,225,426
100331581 (si:dkey-44g17.6)	179,409,225,426
100332205 (gnb4a)	179,409,225,426
101883928 (gng4)	179,409,225,426
114462 (gng3)	179,409,225,426
322104 (gnb1a)	179,409,225,426
323509 (gnaia)	179,409,225,426
327650 (gnai2b)	179,409,225,426
335655 (gngt2a)	179,409,225,426
335656 (gngt1)	179,409,225,426
336421 (gnai2a)	179,409,225,426
337838 (gng5)	179,409,225,426
393719 (gnb5b)	179,409,225,426
393946 (gnai1)	179,409,225,426
406483 (gnb3b)	179,409,225,426
406604 (gng12a)	179,409,225,426
406796 (gnb1b)	179,409,225,426
436670 (gng7)	179,409,225,426
436673 (gng13b)	179,409,225,426
436710 (gnb3a)	179,409,225,426
492811 (gnb4b)	179,409,225,426
541370 (gnb2)	179,409,225,426
550256 (gng2)	179,409,225,426
553609 (gng8)	179,409,225,426
562813 (gnb5a)	179,409,225,426
796780 (gng10)	179,409,225,426
100007492	305,409,351,426
101886666 (pik3r6b)	305,409,351,426
323588 (pik3r5)	305,409,351,426
406598 (pik3cg)	305,409,351,426
564261 (si:rp71-17i16.5)	305,409,351,426
100149794 (akt3b)	482,409,528,426
101910198 (akt1)	482,409,528,426
378972 (akt2)	482,409,528,426
403146 (akt2l)	482,409,528,426
560549 (akt3a)	482,409,528,426
100002225 (map2k2b)	482,298,528,315
406728 (map2k1)	482,298,528,315
563181 (map2k2a)	482,298,528,315
360144 (mapk1)	655,298,701,315
399480 (mapk3)	655,298,701,315
406349 (rps6kb1b)	816,442,862,459
562242 (rps6kb1a)	816,442,862,459
100001532 (plcb3)	305,199,351,216
100537538	305,199,351,216
407700 (plcb4)	305,199,351,216
569376 (plcb2)	305,199,351,216
100149388 (itpr1b)	453,188,499,205
562585 (itpr2)	453,188,499,205
567611 (itpr1a)	453,188,499,205
794666 (itpr3)	453,188,499,205
100126126 (ryr2a)	453,209,499,226
561350 (ryr3)	453,209,499,226
568463 (ryr2b)	453,209,499,226
570245 (ryr1b)	453,209,499,226
798565 (ryr1a)	453,209,499,226
324254 (mtor)	655,336,701,353
100317924 (mras)	305,298,351,315
100536317 (si:ch73-116o1.2)	305,298,351,315
30380 (nras)	305,298,351,315
393228 (zgc:55558)	305,298,351,315
445289 (kras)	305,298,351,315
449660 (rras)	305,298,351,315
550286 (hrasa)	305,298,351,315
550513 (rras2)	305,298,351,315
553656 (hrasb)	305,298,351,315
30716 (raf1a)	393,298,439,315
557109 (raf1b)	393,298,439,315
117508 (klf2a)	482,625,528,642
117509 (klf2b)	482,625,528,642
560578 (tgfbr1a)	109,735,155,752
792928 (tgfbr1b)	109,735,155,752
321449 (ccn2a)	655,767,701,784
553418 (ppargc1a)	482,582,528,599
571106 (tfam)	704,595,750,612
64604 (nrf1)	655,595,701,612
100003770 (mylk5)	655,251,701,268
449707 (mylk4b)	655,251,701,268
492576 (mylkb)	655,251,701,268
558685 (mylk2)	655,251,701,268
561635 (mylk3)	655,251,701,268
566845 (mylk4a)	655,251,701,268
569510 (mylka)	655,251,701,268
100537244 (myl2a)	761,251,807,268
574004 (myl4)	761,251,807,268
677750 (myl2b)	761,251,807,268
100005075 (prkcea)	305,249,351,266
100332055 (prkceb)	305,249,351,266
553489 (slc8a1a)	637,120,683,137
560561 (slc8a3)	637,120,683,137
567212 (slc8a2b)	637,120,683,137
568512 (slc8a4a)	637,120,683,137
797199 (slc8a1b)	637,120,683,137
30222 (ccnd1)	933,410,979,427
100148976 (adcy8)	109,354,155,371
100333702 (adcy9)	109,354,155,371
101884360	109,354,155,371
557026 (adcy1a)	109,354,155,371
557902 (adcy2b)	109,354,155,371
560410 (si:ch211-132f19.7)	109,354,155,371
560719 (si:dkey-206f10.1)	109,354,155,371
560807 (adcy6b)	109,354,155,371
562619 (adcy5)	109,354,155,371
563724 (adcy2a)	109,354,155,371
568726 (adcy7)	109,354,155,371
569499 (adcy1b)	109,354,155,371
570652 (adcy6a)	109,354,155,371
571825 (adcy3a)	109,354,155,371
393998 (prkacba)	181,313,227,330
445076 (prkacab)	181,313,227,330
563147 (prkacbb)	181,313,227,330
564064 (prkacaa)	181,313,227,330
563432 (si:ch211-79e4.4)	655,472,701,489
557893 (lipeb)	181,266,227,283
404036 (nos2a)	864,198,910,215
563654 (nos2b)	864,198,910,215
60658 (nos1)	864,198,910,215
360144 (mapk1)	655,409,701,426
399480 (mapk3)	655,409,701,426
30564 (mef2aa)	655,688,701,705
30575 (mef2ca)	655,688,701,705
30580 (mef2d)	655,688,701,705
558073 (mef2b)	655,688,701,705
798771 (mef2cb)	655,688,701,705
557486 (hdac5)	482,688,528,705
568877 (hdac4)	482,688,528,705
117508 (klf2a)	816,689,862,706
117509 (klf2b)	816,689,862,706
100007047 (gng13a)	179,688,225,705
100331581 (si:dkey-44g17.6)	179,688,225,705
100332205 (gnb4a)	179,688,225,705
101883928 (gng4)	179,688,225,705
114462 (gng3)	179,688,225,705
322104 (gnb1a)	179,688,225,705
326825 (gna13a)	179,688,225,705
335655 (gngt2a)	179,688,225,705
335656 (gngt1)	179,688,225,705
337838 (gng5)	179,688,225,705
393719 (gnb5b)	179,688,225,705
406483 (gnb3b)	179,688,225,705
406604 (gng12a)	179,688,225,705
406796 (gnb1b)	179,688,225,705
436670 (gng7)	179,688,225,705
436673 (gng13b)	179,688,225,705
436710 (gnb3a)	179,688,225,705
492811 (gnb4b)	179,688,225,705
541370 (gnb2)	179,688,225,705
550256 (gng2)	179,688,225,705
553609 (gng8)	179,688,225,705
562813 (gnb5a)	179,688,225,705
796780 (gng10)	179,688,225,705
406349 (rps6kb1b)	816,317,862,334
562242 (rps6kb1a)	816,317,862,334
548346 (pik3c3)	305,510,351,527
564088 (pik3r4)	305,510,351,527
326974 (gabarapa)	655,510,701,527
403036 (gabarapl2)	655,510,701,527
793200 (gabarapb)	655,510,701,527
393846 (becn1)	482,510,528,527
30498 (egr1)	816,377,862,394
58066 (notch3)	816,418,862,435
140421 (jag1a)	816,401,862,418
140423 (jag1b)	816,401,862,418
100320028 (plat)	482,795,528,812
559111 (smad4a)	482,726,528,743
560317 (si:dkey-222b8.1)	482,726,528,743
30639 (smad2)	305,735,351,752
326283 (smad3b)	305,735,351,752
58092 (smad3a)	305,735,351,752
322509 (acta2)	655,719,701,736
114424 (cdh1)	655,740,701,757
445028 (rps6)	933,317,979,334
404036 (nos2a)	655,624,701,641
563654 (nos2b)	655,624,701,641
60658 (nos1)	655,624,701,641
100034463 (plin1)	482,541,528,558
393998 (prkacba)	816,472,862,489
445076 (prkacab)	816,472,862,489
563147 (prkacbb)	816,472,862,489
564064 (prkacaa)	816,472,862,489
557893 (lipeb)	933,472,979,489
101885761 (slc9a1a)	546,120,592,137
795135 (slc9a1b)	546,120,592,137
100007047 (gng13a)	179,547,225,564
100331581 (si:dkey-44g17.6)	179,547,225,564
100332205 (gnb4a)	179,547,225,564
101883928 (gng4)	179,547,225,564
114462 (gng3)	179,547,225,564
322104 (gnb1a)	179,547,225,564
335655 (gngt2a)	179,547,225,564
335656 (gngt1)	179,547,225,564
337838 (gng5)	179,547,225,564
393719 (gnb5b)	179,547,225,564
406483 (gnb3b)	179,547,225,564
406604 (gng12a)	179,547,225,564
406796 (gnb1b)	179,547,225,564
436670 (gng7)	179,547,225,564
436673 (gng13b)	179,547,225,564
436710 (gnb3a)	179,547,225,564
445232 (gna15.1)	179,547,225,564
445297 (gna14)	179,547,225,564
492811 (gnb4b)	179,547,225,564
541370 (gnb2)	179,547,225,564
550256 (gng2)	179,547,225,564
553609 (gng8)	179,547,225,564
562625 (gna15.4)	179,547,225,564
562813 (gnb5a)	179,547,225,564
563953 (gna11a)	179,547,225,564
570108 (gnaq)	179,547,225,564
796780 (gng10)	179,547,225,564
550270 (camk4)	305,688,351,705
192322 (calm2b)	761,199,807,216
321808 (calm3b)	761,199,807,216
327379 (calm3a)	761,199,807,216
336121 (calm2a)	761,199,807,216
368217 (calm1b)	761,199,807,216
406660 (calm1a)	761,199,807,216
560151 (calml4a)	761,199,807,216
798375 (apln)	35,547,81,564
100333455 (agtr1b)	108,786,154,803
794575 (agtr1a)	108,786,154,803
dre04530: Tight junction	40,45,260,70
dre04140: Autophagy - animal	802,507,877,527
dre04020: Calcium signaling pathway	689,162,830,182
dre04150: mTOR signaling pathway	495,330,593,360
map04151: PI3K-Akt signaling pathway	317,436,415,466
map04152: AMPK signaling pathway	310,628,408,657
dre04010: MAPK signaling pathway	317,330,415,360
dre04270: Vascular smooth muscle contraction	893,219,999,249
map04923: Regulation of lipolysis in adipocytes	1129,503,1251,533
