C00076 (Calcium cation)	301,667,4
100124652 (pard6b)	285,186,331,203
100170824 (pard6ga)	285,186,331,203
792828 (pard6a)	285,186,331,203
80959 (pard6gb)	285,186,331,203
368723 (patj)	357,221,403,238
336839 (cdc42)	624,256,670,273
556226 (cdc42l2)	624,256,670,273
793158 (cdc42l)	624,256,670,273
550537 (stk11)	398,908,444,925
100005752 (cgnb)	398,839,444,856
561423	398,839,444,856
567621 (tiam1a)	398,339,444,356
100141341 (arhgap17b)	511,256,557,273
100001136 (si:ch73-61d6.3)	149,799,195,816
405757 (oclna)	149,799,195,816
494075 (oclnb)	149,799,195,816
563016 (zgc:154006)	149,799,195,816
565459 (tjp1b)	285,801,331,818
100001136 (si:ch73-61d6.3)	103,799,149,816
405757 (oclna)	103,799,149,816
494075 (oclnb)	103,799,149,816
563016 (zgc:154006)	103,799,149,816
368723 (patj)	511,873,557,890
407987 (arhgef18a)	511,839,557,856
562264 (arhgef18b)	511,839,557,856
100006041 (rhoab)	624,839,670,856
406411 (rhoaa)	624,839,670,856
406659 (rhoac)	624,839,670,856
436718 (rhocb)	624,839,670,856
751630 (zgc:153713)	624,839,670,856
100329779 (rock1)	737,839,783,856
317747 (rock2a)	737,839,783,856
321070 (rock2b)	737,839,783,856
100537244 (myl2a)	850,839,896,856
677750 (myl2b)	850,839,896,856
100332627 (epb41l4b)	398,873,444,890
403050 (pard3ab)	285,339,331,356
117507 (prkci)	285,272,331,289
555737 (prkcz)	285,272,331,289
327204 (rac1a)	511,339,557,356
562838 (rac1b)	511,339,557,356
792699 (rac1l)	511,339,557,356
561211 (igsf5a)	149,969,195,986
474349 (magi1b)	285,969,331,986
323696 (f11r.1)	149,1040,195,1057
335032 (rapgef6)	285,1021,331,1038
406714 (rap1ab)	398,1032,444,1049
415242 (rap1aa)	398,1032,444,1049
100002802 (ppp2r2ca)	285,767,331,784
327263 (ppp2r2ab)	285,767,331,784
393885 (zgc:56064)	285,767,331,784
405816 (ppp2r2d)	285,767,331,784
406582 (ppp2cb)	285,767,331,784
406685 (ppp2r1ba)	285,767,331,784
449548 (ppp2r1bb)	285,767,331,784
550585 (ppp2ca)	285,767,331,784
558752 (ppp2r2aa)	285,767,331,784
558810 (ppp2r2bb)	285,767,331,784
559392 (ppp2r2cb)	285,767,331,784
322221 (actn4)	398,986,444,1003
560400 (actn1)	398,986,444,1003
57934 (actb1)	398,969,444,986
57935 (actb2)	398,969,444,986
100536545 (synpo)	398,952,444,969
327198 (micall2a)	511,986,557,1003
556298 (micall2b)	511,986,557,1003
373105 (rab13)	624,986,670,1003
373105 (rab13)	624,801,670,818
393998 (prkacba)	511,801,557,818
445076 (prkacab)	511,801,557,818
563147 (prkacbb)	511,801,557,818
564064 (prkacaa)	511,801,557,818
550487 (vaspb)	398,801,444,818
555805 (vaspa)	398,801,444,818
100001136 (si:ch73-61d6.3)	149,703,195,720
405757 (oclna)	149,703,195,720
494075 (oclnb)	149,703,195,720
563016 (zgc:154006)	149,703,195,720
565459 (tjp1b)	285,730,331,747
325084 (src)	398,703,444,720
560913 (map2k7)	511,659,557,676
100005496 (si:ch211-1i11.3)	398,659,444,676
555703 (map3k5)	398,659,444,676
100149273 (mapk9)	511,703,557,720
562720 (mapk8a)	511,703,557,720
569698 (mapk10)	511,703,557,720
65236 (mapk8b)	511,703,557,720
403310 (cacna1da)	149,655,195,672
565459 (tjp1b)	285,548,331,565
100329719 (slc9a3r1b)	285,609,331,626
327272 (slc9a3r1a)	285,609,331,626
57934 (actb1)	511,622,557,639
57935 (actb2)	511,622,557,639
286739 (msna)	398,609,444,626
561589 (ezrb)	398,609,444,626
751760 (llgl1)	398,294,444,311
795670 (llgl2)	398,294,444,311
101885491 (mpdz)	430,221,476,238
100331226 (si:ch73-272h16.4)	511,186,557,203
100535324 (mpp4a)	511,186,557,203
100150331 (si:ch211-191a24.4)	149,491,195,508
393501 (marveld3)	149,491,195,508
558720 (marveld2a)	149,1136,195,1153
100334486 (map3k1)	285,491,331,508
100149273 (mapk9)	398,491,444,508
562720 (mapk8a)	398,491,444,508
569698 (mapk10)	398,491,444,508
65236 (mapk8b)	398,491,444,508
100147871	149,856,195,873
100330246	149,856,195,873
100333863	149,856,195,873
101886267 (cldn20)	149,856,195,873
110438642	149,856,195,873
368619 (cldn10a)	149,856,195,873
406559 (cldn5a)	149,856,195,873
436612 (cldn7a)	149,856,195,873
436719 (cldn15lb)	149,856,195,873
436897 (cldn11a)	149,856,195,873
445070 (cldnk)	149,856,195,873
445278 (cldn8)	149,856,195,873
450023 (cldn5b)	149,856,195,873
550431 (cldn19)	149,856,195,873
557209 (cldn18)	149,856,195,873
562525 (cldn2)	149,856,195,873
567620 (si:ch211-95j8.5)	149,856,195,873
573644 (cldn15a)	149,856,195,873
60635 (cldn7b)	149,856,195,873
793143	149,856,195,873
81580 (cldna)	149,856,195,873
81581 (cldnb)	149,856,195,873
81582 (cldnc)	149,856,195,873
81583 (cldnd)	149,856,195,873
81584 (cldne)	149,856,195,873
81585 (cldnf)	149,856,195,873
81586 (cldng)	149,856,195,873
81587 (cldnh)	149,856,195,873
81589 (cldnj)	149,856,195,873
81590 (cldn1)	149,856,195,873
81591 (cldn15la)	149,856,195,873
81592 (cldn11b)	149,856,195,873
117507 (prkci)	285,908,331,925
555737 (prkcz)	285,908,331,925
100001198 (prkaa1)	511,908,557,925
100170795 (prkab2)	511,908,557,925
335232 (prkab1b)	511,908,557,925
406440 (prkag1)	511,908,557,925
436905 (prkab1a)	511,908,557,925
553319 (prkag3a)	511,908,557,925
568316 (prkag2b)	511,908,557,925
570761 (prkag2a)	511,908,557,925
572074 (prkaa2)	511,908,557,925
678619 (prkag3b)	511,908,557,925
100537244 (myl2a)	624,908,670,925
677750 (myl2b)	624,908,670,925
565446 (tjp2a)	285,1076,331,1093
565459 (tjp1b)	285,1076,331,1093
558359 (mllt4a)	285,1048,331,1065
557693 (rapgef2)	398,1076,444,1093
793952 (si:dkey-253i9.4)	398,1076,444,1093
474323 (rap2c)	511,1076,557,1093
100006041 (rhoab)	624,1076,670,1093
406411 (rhoaa)	624,1076,670,1093
406659 (rhoac)	624,1076,670,1093
436718 (rhocb)	624,1076,670,1093
751630 (zgc:153713)	624,1076,670,1093
565459 (tjp1b)	285,1104,331,1121
336839 (cdc42)	398,1136,444,1153
556226 (cdc42l2)	398,1136,444,1153
793158 (cdc42l)	398,1136,444,1153
327377 (tuba4l)	285,1136,331,1153
337223 (tuba8l)	285,1136,331,1153
373080 (tuba1b)	285,1136,331,1153
393154 (tuba8l4)	285,1136,331,1153
393664 (tuba8l2)	285,1136,331,1153
406303 (tuba2)	285,1136,331,1153
431777 (tuba7l)	285,1136,331,1153
445164 (tuba8l3)	285,1136,331,1153
573122 (tuba1c)	285,1136,331,1153
573216 (tuba1a)	285,1136,331,1153
641561 (zgc:123298)	285,1136,331,1153
110438074 (whamm)	511,1136,557,1152
335158 (wasb)	511,1136,557,1152
571256 (wasa)	511,1136,557,1152
100038776 (actr3b)	624,1118,670,1135
406250 (actr3)	624,1118,670,1135
406820 (actr2a)	624,1118,670,1135
493612 (zgc:101810)	624,1118,670,1135
554861 (actr2b)	624,1118,670,1135
57934 (actb1)	624,1151,670,1168
57935 (actb2)	624,1151,670,1168
405887 (nf2b)	511,223,557,240
561184 (nf2a)	511,223,557,240
777730 (cdk4)	398,531,444,548
386966 (erbb2)	921,566,967,583
30678 (pcna)	921,529,967,546
58126 (runx1)	970,566,1016,583
100006041 (rhoab)	624,439,670,456
406411 (rhoaa)	624,439,670,456
406659 (rhoac)	624,439,670,456
436718 (rhocb)	624,439,670,456
751630 (zgc:153713)	624,439,670,456
368266 (arhgef1a)	511,439,557,456
561276 (arhgef2)	511,439,557,456
100005261 (jam2a)	149,384,195,401
323696 (f11r.1)	149,384,195,401
569217 (jam3b)	149,384,195,401
100005261 (jam2a)	103,384,149,401
323696 (f11r.1)	103,384,149,401
569217 (jam3b)	103,384,149,401
100005752 (cgnb)	398,428,444,445
561423	398,428,444,445
565459 (tjp1b)	285,439,331,456
100001136 (si:ch73-61d6.3)	149,339,195,356
405757 (oclna)	149,339,195,356
494075 (oclnb)	149,339,195,356
563016 (zgc:154006)	149,339,195,356
100001136 (si:ch73-61d6.3)	103,339,149,356
405757 (oclna)	103,339,149,356
494075 (oclnb)	103,339,149,356
563016 (zgc:154006)	103,339,149,356
100147871	149,297,195,314
100330246	149,297,195,314
100333863	149,297,195,314
101886267 (cldn20)	149,297,195,314
110438642	149,297,195,314
368619 (cldn10a)	149,297,195,314
406559 (cldn5a)	149,297,195,314
436612 (cldn7a)	149,297,195,314
436719 (cldn15lb)	149,297,195,314
436897 (cldn11a)	149,297,195,314
445070 (cldnk)	149,297,195,314
445278 (cldn8)	149,297,195,314
450023 (cldn5b)	149,297,195,314
550431 (cldn19)	149,297,195,314
557209 (cldn18)	149,297,195,314
562525 (cldn2)	149,297,195,314
567620 (si:ch211-95j8.5)	149,297,195,314
573644 (cldn15a)	149,297,195,314
60635 (cldn7b)	149,297,195,314
793143	149,297,195,314
81580 (cldna)	149,297,195,314
81581 (cldnb)	149,297,195,314
81582 (cldnc)	149,297,195,314
81583 (cldnd)	149,297,195,314
81584 (cldne)	149,297,195,314
81585 (cldnf)	149,297,195,314
81586 (cldng)	149,297,195,314
81587 (cldnh)	149,297,195,314
81589 (cldnj)	149,297,195,314
81590 (cldn1)	149,297,195,314
81591 (cldn15la)	149,297,195,314
81592 (cldn11b)	149,297,195,314
100147871	103,297,149,314
100330246	103,297,149,314
100333863	103,297,149,314
101886267 (cldn20)	103,297,149,314
110438642	103,297,149,314
368619 (cldn10a)	103,297,149,314
406559 (cldn5a)	103,297,149,314
436612 (cldn7a)	103,297,149,314
436719 (cldn15lb)	103,297,149,314
436897 (cldn11a)	103,297,149,314
445070 (cldnk)	103,297,149,314
445278 (cldn8)	103,297,149,314
450023 (cldn5b)	103,297,149,314
550431 (cldn19)	103,297,149,314
557209 (cldn18)	103,297,149,314
562525 (cldn2)	103,297,149,314
567620 (si:ch211-95j8.5)	103,297,149,314
573644 (cldn15a)	103,297,149,314
60635 (cldn7b)	103,297,149,314
793143	103,297,149,314
81580 (cldna)	103,297,149,314
81581 (cldnb)	103,297,149,314
81582 (cldnc)	103,297,149,314
81583 (cldnd)	103,297,149,314
81584 (cldne)	103,297,149,314
81585 (cldnf)	103,297,149,314
81586 (cldng)	103,297,149,314
81587 (cldnh)	103,297,149,314
81589 (cldnj)	103,297,149,314
81590 (cldn1)	103,297,149,314
81591 (cldn15la)	103,297,149,314
81592 (cldn11b)	103,297,149,314
100001136 (si:ch73-61d6.3)	149,548,195,565
405757 (oclna)	149,548,195,565
494075 (oclnb)	149,548,195,565
563016 (zgc:154006)	149,548,195,565
100001136 (si:ch73-61d6.3)	103,548,149,565
405757 (oclna)	103,548,149,565
494075 (oclnb)	103,548,149,565
563016 (zgc:154006)	103,548,149,565
100147871	103,856,149,873
100330246	103,856,149,873
100333863	103,856,149,873
101886267 (cldn20)	103,856,149,873
110438642	103,856,149,873
368619 (cldn10a)	103,856,149,873
406559 (cldn5a)	103,856,149,873
436612 (cldn7a)	103,856,149,873
436719 (cldn15lb)	103,856,149,873
436897 (cldn11a)	103,856,149,873
445070 (cldnk)	103,856,149,873
445278 (cldn8)	103,856,149,873
450023 (cldn5b)	103,856,149,873
550431 (cldn19)	103,856,149,873
557209 (cldn18)	103,856,149,873
562525 (cldn2)	103,856,149,873
567620 (si:ch211-95j8.5)	103,856,149,873
573644 (cldn15a)	103,856,149,873
60635 (cldn7b)	103,856,149,873
793143	103,856,149,873
81580 (cldna)	103,856,149,873
81581 (cldnb)	103,856,149,873
81582 (cldnc)	103,856,149,873
81583 (cldnd)	103,856,149,873
81584 (cldne)	103,856,149,873
81585 (cldnf)	103,856,149,873
81586 (cldng)	103,856,149,873
81587 (cldnh)	103,856,149,873
81589 (cldnj)	103,856,149,873
81590 (cldn1)	103,856,149,873
81591 (cldn15la)	103,856,149,873
81592 (cldn11b)	103,856,149,873
101884950 (amotl1)	398,256,444,273
558920 (amotl2a)	398,256,444,273
559784 (amotl2b)	398,256,444,273
563421 (amot)	398,256,444,273
335916 (jun)	511,491,557,508
100150331 (si:ch211-191a24.4)	103,491,149,508
393501 (marveld3)	103,491,149,508
334086 (hspa4b)	285,580,331,597
335865 (hspa4a)	285,580,331,597
30483 (gata4)	735,439,781,456
100147871	921,439,967,456
100330246	921,439,967,456
100333863	921,439,967,456
101886267 (cldn20)	921,439,967,456
110438642	921,439,967,456
368619 (cldn10a)	921,439,967,456
406559 (cldn5a)	921,439,967,456
436612 (cldn7a)	921,439,967,456
436719 (cldn15lb)	921,439,967,456
436897 (cldn11a)	921,439,967,456
445070 (cldnk)	921,439,967,456
445278 (cldn8)	921,439,967,456
450023 (cldn5b)	921,439,967,456
550431 (cldn19)	921,439,967,456
557209 (cldn18)	921,439,967,456
562525 (cldn2)	921,439,967,456
567620 (si:ch211-95j8.5)	921,439,967,456
573644 (cldn15a)	921,439,967,456
60635 (cldn7b)	921,439,967,456
793143	921,439,967,456
81580 (cldna)	921,439,967,456
81581 (cldnb)	921,439,967,456
81582 (cldnc)	921,439,967,456
81583 (cldnd)	921,439,967,456
81584 (cldne)	921,439,967,456
81585 (cldnf)	921,439,967,456
81586 (cldng)	921,439,967,456
81587 (cldnh)	921,439,967,456
81589 (cldnj)	921,439,967,456
81590 (cldn1)	921,439,967,456
81591 (cldn15la)	921,439,967,456
81592 (cldn11b)	921,439,967,456
30222 (ccnd1)	970,529,1016,546
570858 (sympk)	398,565,444,582
559080 (cftr)	149,580,195,597
403050 (pard3ab)	624,873,670,890
100124652 (pard6b)	285,925,331,942
100170824 (pard6ga)	285,925,331,942
792828 (pard6a)	285,925,331,942
80959 (pard6gb)	285,925,331,942
403050 (pard3ab)	285,856,331,873
100001136 (si:ch73-61d6.3)	103,703,149,720
405757 (oclna)	103,703,149,720
494075 (oclnb)	103,703,149,720
563016 (zgc:154006)	103,703,149,720
415107 (bves)	149,439,195,456
415107 (bves)	103,439,149,456
561211 (igsf5a)	103,969,149,986
445561 (cttn)	398,758,444,775
563056 (hcls1)	398,758,444,775
100038776 (actr3b)	511,741,557,758
406250 (actr3)	511,741,557,758
406820 (actr2a)	511,741,557,758
493612 (zgc:101810)	511,741,557,758
554861 (actr2b)	511,741,557,758
57934 (actb1)	511,758,557,775
57935 (actb2)	511,758,557,775
110438074 (whamm)	511,775,557,791
335158 (wasb)	511,775,557,791
571256 (wasa)	511,775,557,791
100093706 (rab8b)	624,953,670,970
571897 (rab8a)	624,953,670,970
323696 (f11r.1)	149,1057,195,1074
323696 (f11r.1)	103,1040,149,1057
323696 (f11r.1)	103,1057,149,1074
405864 (itgb1b.2)	511,1032,557,1049
556734 (itgb1a)	511,1032,557,1049
570216 (itgb1b)	511,1032,557,1049
327204 (rac1a)	674,256,720,273
562838 (rac1b)	674,256,720,273
792699 (rac1l)	674,256,720,273
724017 (crb3a)	341,130,387,147
252845 (mpp5a)	398,186,444,203
368473 (scrib)	511,306,557,323
114446 (dlg1)	511,283,557,300
497648 (dlg1l)	511,283,557,300
373089 (tjp3)	212,222,258,239
100002040 (myhb)	737,908,783,925
100008376 (wu:fd14a01)	737,908,783,925
246275 (myhz2)	737,908,783,925
321552 (smyhc1)	737,908,783,925
326719 (myl12.1)	737,908,783,925
333938 (myh9a)	737,908,783,925
334274 (myhc4)	737,908,783,925
337084 (myl12.2)	737,908,783,925
337226 (zgc:153867)	737,908,783,925
386711 (myh6)	737,908,783,925
406493 (myl9b)	737,908,783,925
450006 (myl9a)	737,908,783,925
554168 (myh11a)	737,908,783,925
555454 (myh10)	737,908,783,925
561431 (myh9b)	737,908,783,925
58142 (myhz1.1)	737,908,783,925
798632 (myl6)	737,908,783,925
100329779 (rock1)	737,1076,783,1093
317747 (rock2a)	737,1076,783,1093
321070 (rock2b)	737,1076,783,1093
100537244 (myl2a)	850,1076,896,1093
677750 (myl2b)	850,1076,896,1093
100005075 (prkcea)	511,593,557,610
100332055 (prkceb)	511,593,557,610
553350 (cgnl1)	398,449,444,466
336839 (cdc42)	212,186,258,203
556226 (cdc42l2)	212,186,258,203
793158 (cdc42l)	212,186,258,203
558720 (marveld2a)	103,1136,149,1153
100002802 (ppp2r2ca)	213,272,259,289
327263 (ppp2r2ab)	213,272,259,289
393885 (zgc:56064)	213,272,259,289
405816 (ppp2r2d)	213,272,259,289
406582 (ppp2cb)	213,272,259,289
406685 (ppp2r1ba)	213,272,259,289
449548 (ppp2r1bb)	213,272,259,289
550585 (ppp2ca)	213,272,259,289
558752 (ppp2r2aa)	213,272,259,289
558810 (ppp2r2bb)	213,272,259,289
559392 (ppp2r2cb)	213,272,259,289
565459 (tjp1b)	284,384,330,401
566060 (tjap1)	398,384,444,401
564081 (dlg3)	512,393,558,410
497638 (dlg2)	512,376,558,393
559634 (nedd4l)	624,393,670,410
dre04530: Tight junction	40,45,183,70
dre04810: Regulation of actin cytoskeleton	713,869,881,893
dre04520: Adherens junction	622,221,720,244
