C00369 (Starch)	981,408,4
C00575 (3',5'-Cyclic AMP)	824,510,4
C00031 (D-Glucose)	981,145,4
C05981 (Phosphatidylinositol-3,4,5-trisphosphate)	421,408,4
100330617 (tsc1b)	593,483,639,500
337167 (tsc1a)	593,483,639,500
325179 (inppl1a)	311,211,357,228
563560 (ikbkb)	311,334,357,351
100149273 (mapk9)	311,313,357,330
562720 (mapk8a)	311,313,357,330
569698 (mapk10)	311,313,357,330
65236 (mapk8b)	311,313,357,330
140819 (ptprfa)	112,542,158,559
799867 (ptprfb)	112,542,158,559
30081 (ptpn1)	311,286,357,303
100003691 (socs9)	311,259,357,276
406596 (socs3b)	311,259,357,276
445073 (socs1a)	311,259,357,276
562062 (socs2)	311,259,357,276
567895 (elk1)	691,696,737,713
334167 (mknk2a)	691,671,737,688
373121 (mknk2b)	691,671,737,688
555974 (mknk1)	691,671,737,688
360144 (mapk1)	619,684,665,701
399480 (mapk3)	619,684,665,701
559001 (fasn)	933,221,979,238
100001198 (prkaa1)	852,213,898,230
100170795 (prkab2)	852,213,898,230
335232 (prkab1b)	852,213,898,230
406440 (prkag1)	852,213,898,230
436905 (prkab1a)	852,213,898,230
553319 (prkag3a)	852,213,898,230
568316 (prkag2b)	852,213,898,230
570761 (prkag2a)	852,213,898,230
572074 (prkaa2)	852,213,898,230
678619 (prkag3b)	852,213,898,230
30262 (ins)	41,399,87,416
566735 (insb)	41,399,87,416
557893 (lipeb)	933,500,979,517
100001260 (ppp1r3ab)	747,444,793,461
100003223 (ppp1cb)	747,444,793,461
101883751	747,444,793,461
327285 (ppp1r3b)	747,444,793,461
327301 (ppp1cab)	747,444,793,461
334597 (ppp1cbl)	747,444,793,461
393807 (ppp1r3cb)	747,444,793,461
406459 (zgc:77112)	747,444,793,461
407980 (ppp1caa)	747,444,793,461
436649 (ppp1r3ca)	747,444,793,461
567375 (ppp1r3db)	747,444,793,461
571155 (si:ch211-167b20.8)	747,444,793,461
571753 (ppp1cc)	747,444,793,461
799144 (ppp1r3da)	747,444,793,461
373082 (gys2)	847,399,893,416
394155 (gys1)	847,399,893,416
192322 (calm2b)	847,444,893,461
321808 (calm3b)	847,444,893,461
327379 (calm3a)	847,444,893,461
336121 (calm2a)	847,444,893,461
368217 (calm1b)	847,444,893,461
393937 (phkg2)	847,444,893,461
406660 (calm1a)	847,444,893,461
554046 (phkg1b)	847,444,893,461
556199 (phka2)	847,444,893,461
560151 (calml4a)	847,444,893,461
565379 (phkg1a)	847,444,893,461
569706 (phkb)	847,444,893,461
572183 (phka1a)	847,444,893,461
100331387 (prkar2b)	861,500,907,517
393998 (prkacba)	861,500,907,517
405894 (prkar2ab)	861,500,907,517
445076 (prkacab)	861,500,907,517
550427 (prkar1ab)	861,500,907,517
556042 (prkar2aa)	861,500,907,517
563147 (prkacbb)	861,500,907,517
564064 (prkacaa)	861,500,907,517
767685 (prkar1b)	861,500,907,517
556236 (acacb)	933,202,979,219
559403 (acaca)	933,202,979,219
799566 (eif4ebp1)	593,636,639,653
445028 (rps6)	747,600,793,617
403051 (pygb)	933,444,979,461
493916 (pygl)	933,444,979,461
553655 (pygma)	933,444,979,461
567969 (foxo1b)	747,311,793,328
768121 (foxo1a)	747,311,793,328
560455 (rptor)	488,617,534,634
556286 (sos1)	331,684,377,701
561670 (sos2)	331,684,377,701
30380 (nras)	403,684,449,701
393228 (zgc:55558)	403,684,449,701
445289 (kras)	403,684,449,701
550286 (hrasa)	403,684,449,701
553656 (hrasb)	403,684,449,701
393732 (eif4e2rs1)	747,636,793,653
541523 (eif4e2)	747,636,793,653
550549 (eif4e1c)	747,636,793,653
79380 (eif4ea)	747,636,793,653
100002225 (map2k2b)	547,684,593,701
406728 (map2k1)	547,684,593,701
563181 (map2k2a)	547,684,593,701
100332111 (shc3)	187,684,233,701
323818 (shc1)	187,684,233,701
562011 (shc2)	187,684,233,701
492762 (trip10a)	559,137,605,154
245699 (insra)	112,399,158,416
245700 (insrb)	112,399,158,416
406349 (rps6kb1b)	593,600,639,617
562242 (rps6kb1a)	593,600,639,617
406308 (grb2b)	259,684,305,701
493609 (grb2a)	259,684,305,701
58100 (badb)	747,553,793,570
567524 (tsc2)	593,466,639,483
30716 (raf1a)	475,684,521,701
403063 (araf)	475,684,521,701
403065 (braf)	475,684,521,701
557109 (raf1b)	475,684,521,701
378727 (pck1)	933,330,979,347
406473 (pck2)	933,330,979,347
100000750 (g6pcb)	933,292,979,309
445118 (g6pca.1)	933,292,979,309
563180 (g6pca.2)	933,292,979,309
790919 (g6pc3)	933,292,979,309
324254 (mtor)	488,600,534,617
563432 (si:ch211-79e4.4)	747,500,793,517
282672 (fbp1b)	933,311,979,328
335231 (fbp1a)	933,311,979,328
445505 (fbp2)	933,311,979,328
406723 (exoc7)	559,116,605,133
553418 (ppargc1a)	821,277,867,294
100002756 (sorbs1)	259,118,305,135
393702 (rheb)	593,533,639,550
767781 (rhebl1)	593,533,639,550
100149794 (akt3b)	593,399,639,416
101910198 (akt1)	593,399,639,416
378972 (akt2)	593,399,639,416
403146 (akt2l)	593,399,639,416
560549 (akt3a)	593,399,639,416
100000252 (pik3r3b)	311,399,357,416
100002263 (pik3cb)	311,399,357,416
394174 (pik3cd)	311,399,357,416
404211 (pik3r2)	311,399,357,416
557176 (pik3r1)	311,399,357,416
561737 (pik3ca)	311,399,357,416
327510 (rhoq)	459,126,505,143
30654 (gsk3b)	747,399,793,416
560194 (gsk3aa)	747,399,793,416
793274 (srebf1)	747,232,793,249
394101 (rapgef1b)	359,135,405,152
558635 (rapgef1a)	359,135,405,152
321224 (hkdc1)	933,262,979,279
406339 (hk2)	933,262,979,279
406791 (hk1)	933,262,979,279
751668 (gck)	933,262,979,279
445234 (crk)	359,118,405,135
556443 (crkl)	359,118,405,135
117507 (prkci)	593,232,639,249
555737 (prkcz)	593,232,639,249
100535524 (sh2b2)	187,135,233,152
403000 (pdpk1b)	493,399,539,416
492364 (cbl)	259,135,305,152
556277 (cblb)	259,135,305,152
100329897 (irs4a)	211,399,257,416
393285 (irs2a)	211,399,257,416
559281 (irs1)	211,399,257,416
572001 (irs2b)	211,399,257,416
794462	211,399,257,416
245697 (flot1b)	112,118,158,135
245698 (flot2a)	112,118,158,135
393612 (flot2b)	112,118,158,135
561345 (flot1a)	112,118,158,135
dre04910: Insulin signaling pathway	40,45,279,70
dre00061: Fatty acid biosynthesis	1026,232,1133,266
dre00010: Glycolysis / Gluconeogenesis	1034,300,1129,334
dre00500: Starch and sucrose metabolism	1033,423,1131,457
dre04210: Apoptosis	959,577,1051,602
dre04010: MAPK signaling pathway	309,608,421,642
dre04070: Phosphatidylinositol signaling system	293,459,405,493
