G10505 (Hyaluronic acid)	763,792,4
G10505 (Hyaluronic acid)	764,159,4
100049705 (lama2)	691,617,737,634
101885031	691,617,737,634
286830 (lamb1a)	691,617,737,634
286831 (lamb4)	691,617,737,634
286832 (lamc1)	691,617,737,634
321243 (lama5)	691,617,737,634
337767 (lamb2)	691,617,737,634
558958 (lamc3)	691,617,737,634
566796 (lama4)	691,617,737,634
567640 (si:ch211-241e1.3)	691,617,737,634
569971 (lama1)	691,617,737,634
100049705 (lama2)	734,363,780,380
101885031	734,363,780,380
286830 (lamb1a)	734,363,780,380
286831 (lamb4)	734,363,780,380
286832 (lamc1)	734,363,780,380
321243 (lama5)	734,363,780,380
337767 (lamb2)	734,363,780,380
558958 (lamc3)	734,363,780,380
566796 (lama4)	734,363,780,380
567640 (si:ch211-241e1.3)	734,363,780,380
569971 (lama1)	734,363,780,380
100049705 (lama2)	734,229,780,246
101885031	734,229,780,246
286830 (lamb1a)	734,229,780,246
286831 (lamb4)	734,229,780,246
286832 (lamc1)	734,229,780,246
321243 (lama5)	734,229,780,246
337767 (lamb2)	734,229,780,246
558958 (lamc3)	734,229,780,246
566796 (lama4)	734,229,780,246
567640 (si:ch211-241e1.3)	734,229,780,246
569971 (lama1)	734,229,780,246
100049705 (lama2)	461,784,507,801
101885031	461,784,507,801
286830 (lamb1a)	461,784,507,801
286831 (lamb4)	461,784,507,801
286832 (lamc1)	461,784,507,801
321243 (lama5)	461,784,507,801
337767 (lamb2)	461,784,507,801
558958 (lamc3)	461,784,507,801
566796 (lama4)	461,784,507,801
567640 (si:ch211-241e1.3)	461,784,507,801
569971 (lama1)	461,784,507,801
100049705 (lama2)	461,718,507,735
101885031	461,718,507,735
286830 (lamb1a)	461,718,507,735
286831 (lamb4)	461,718,507,735
286832 (lamc1)	461,718,507,735
321243 (lama5)	461,718,507,735
337767 (lamb2)	461,718,507,735
558958 (lamc3)	461,718,507,735
566796 (lama4)	461,718,507,735
567640 (si:ch211-241e1.3)	461,718,507,735
569971 (lama1)	461,718,507,735
100049705 (lama2)	271,392,317,409
101885031	271,392,317,409
286830 (lamb1a)	271,392,317,409
286831 (lamb4)	271,392,317,409
286832 (lamc1)	271,392,317,409
321243 (lama5)	271,392,317,409
337767 (lamb2)	271,392,317,409
558958 (lamc3)	271,392,317,409
566796 (lama4)	271,392,317,409
567640 (si:ch211-241e1.3)	271,392,317,409
569971 (lama1)	271,392,317,409
100049705 (lama2)	78,775,124,792
101885031	78,775,124,792
286830 (lamb1a)	78,775,124,792
286831 (lamb4)	78,775,124,792
286832 (lamc1)	78,775,124,792
321243 (lama5)	78,775,124,792
337767 (lamb2)	78,775,124,792
558958 (lamc3)	78,775,124,792
566796 (lama4)	78,775,124,792
567640 (si:ch211-241e1.3)	78,775,124,792
569971 (lama1)	78,775,124,792
100049705 (lama2)	78,702,124,719
101885031	78,702,124,719
286830 (lamb1a)	78,702,124,719
286831 (lamb4)	78,702,124,719
286832 (lamc1)	78,702,124,719
321243 (lama5)	78,702,124,719
337767 (lamb2)	78,702,124,719
558958 (lamc3)	78,702,124,719
566796 (lama4)	78,702,124,719
567640 (si:ch211-241e1.3)	78,702,124,719
569971 (lama1)	78,702,124,719
100049705 (lama2)	78,360,124,377
101885031	78,360,124,377
286830 (lamb1a)	78,360,124,377
286831 (lamb4)	78,360,124,377
286832 (lamc1)	78,360,124,377
321243 (lama5)	78,360,124,377
337767 (lamb2)	78,360,124,377
558958 (lamc3)	78,360,124,377
566796 (lama4)	78,360,124,377
567640 (si:ch211-241e1.3)	78,360,124,377
569971 (lama1)	78,360,124,377
100049705 (lama2)	78,273,124,290
101885031	78,273,124,290
286830 (lamb1a)	78,273,124,290
286831 (lamb4)	78,273,124,290
286832 (lamc1)	78,273,124,290
321243 (lama5)	78,273,124,290
337767 (lamb2)	78,273,124,290
558958 (lamc3)	78,273,124,290
566796 (lama4)	78,273,124,290
567640 (si:ch211-241e1.3)	78,273,124,290
569971 (lama1)	78,273,124,290
100170785 (col9a1a)	734,559,780,576
100535278	734,559,780,576
321212 (col9a2)	734,559,780,576
323561 (col4a5)	734,559,780,576
325675 (col1a1b)	734,559,780,576
336471 (col1a2)	734,559,780,576
337158 (col1a1a)	734,559,780,576
406548 (col9a1b)	734,559,780,576
503730 (col2a1b)	734,559,780,576
553355 (col4a2)	734,559,780,576
554268 (col4a6)	734,559,780,576
554269 (col4a1)	734,559,780,576
556874 (col6a3)	734,559,780,576
562496 (col2a1a)	734,559,780,576
564005 (col6a4a)	734,559,780,576
567110 (col9a3)	734,559,780,576
567771 (col6a2)	734,559,780,576
569755 (col6a1)	734,559,780,576
100170785 (col9a1a)	734,260,780,277
100535278	734,260,780,277
321212 (col9a2)	734,260,780,277
323561 (col4a5)	734,260,780,277
325675 (col1a1b)	734,260,780,277
336471 (col1a2)	734,260,780,277
337158 (col1a1a)	734,260,780,277
406548 (col9a1b)	734,260,780,277
503730 (col2a1b)	734,260,780,277
553355 (col4a2)	734,260,780,277
554268 (col4a6)	734,260,780,277
554269 (col4a1)	734,260,780,277
556874 (col6a3)	734,260,780,277
562496 (col2a1a)	734,260,780,277
564005 (col6a4a)	734,260,780,277
567110 (col9a3)	734,260,780,277
567771 (col6a2)	734,260,780,277
569755 (col6a1)	734,260,780,277
100170785 (col9a1a)	734,179,780,196
100535278	734,179,780,196
321212 (col9a2)	734,179,780,196
323561 (col4a5)	734,179,780,196
325675 (col1a1b)	734,179,780,196
336471 (col1a2)	734,179,780,196
337158 (col1a1a)	734,179,780,196
406548 (col9a1b)	734,179,780,196
503730 (col2a1b)	734,179,780,196
553355 (col4a2)	734,179,780,196
554268 (col4a6)	734,179,780,196
554269 (col4a1)	734,179,780,196
556874 (col6a3)	734,179,780,196
562496 (col2a1a)	734,179,780,196
564005 (col6a4a)	734,179,780,196
567110 (col9a3)	734,179,780,196
567771 (col6a2)	734,179,780,196
569755 (col6a1)	734,179,780,196
100170785 (col9a1a)	461,670,507,687
100535278	461,670,507,687
321212 (col9a2)	461,670,507,687
323561 (col4a5)	461,670,507,687
325675 (col1a1b)	461,670,507,687
336471 (col1a2)	461,670,507,687
337158 (col1a1a)	461,670,507,687
406548 (col9a1b)	461,670,507,687
503730 (col2a1b)	461,670,507,687
553355 (col4a2)	461,670,507,687
554268 (col4a6)	461,670,507,687
554269 (col4a1)	461,670,507,687
556874 (col6a3)	461,670,507,687
562496 (col2a1a)	461,670,507,687
564005 (col6a4a)	461,670,507,687
567110 (col9a3)	461,670,507,687
567771 (col6a2)	461,670,507,687
569755 (col6a1)	461,670,507,687
100170785 (col9a1a)	271,515,317,532
100535278	271,515,317,532
321212 (col9a2)	271,515,317,532
323561 (col4a5)	271,515,317,532
325675 (col1a1b)	271,515,317,532
336471 (col1a2)	271,515,317,532
337158 (col1a1a)	271,515,317,532
406548 (col9a1b)	271,515,317,532
503730 (col2a1b)	271,515,317,532
553355 (col4a2)	271,515,317,532
554268 (col4a6)	271,515,317,532
554269 (col4a1)	271,515,317,532
556874 (col6a3)	271,515,317,532
562496 (col2a1a)	271,515,317,532
564005 (col6a4a)	271,515,317,532
567110 (col9a3)	271,515,317,532
567771 (col6a2)	271,515,317,532
569755 (col6a1)	271,515,317,532
100170785 (col9a1a)	271,449,317,466
100535278	271,449,317,466
321212 (col9a2)	271,449,317,466
323561 (col4a5)	271,449,317,466
325675 (col1a1b)	271,449,317,466
336471 (col1a2)	271,449,317,466
337158 (col1a1a)	271,449,317,466
406548 (col9a1b)	271,449,317,466
503730 (col2a1b)	271,449,317,466
553355 (col4a2)	271,449,317,466
554268 (col4a6)	271,449,317,466
554269 (col4a1)	271,449,317,466
556874 (col6a3)	271,449,317,466
562496 (col2a1a)	271,449,317,466
564005 (col6a4a)	271,449,317,466
567110 (col9a3)	271,449,317,466
567771 (col6a2)	271,449,317,466
569755 (col6a1)	271,449,317,466
100170785 (col9a1a)	78,432,124,449
100535278	78,432,124,449
321212 (col9a2)	78,432,124,449
323561 (col4a5)	78,432,124,449
325675 (col1a1b)	78,432,124,449
336471 (col1a2)	78,432,124,449
337158 (col1a1a)	78,432,124,449
406548 (col9a1b)	78,432,124,449
503730 (col2a1b)	78,432,124,449
553355 (col4a2)	78,432,124,449
554268 (col4a6)	78,432,124,449
554269 (col4a1)	78,432,124,449
556874 (col6a3)	78,432,124,449
562496 (col2a1a)	78,432,124,449
564005 (col6a4a)	78,432,124,449
567110 (col9a3)	78,432,124,449
567771 (col6a2)	78,432,124,449
569755 (col6a1)	78,432,124,449
100170785 (col9a1a)	78,249,124,266
100535278	78,249,124,266
321212 (col9a2)	78,249,124,266
323561 (col4a5)	78,249,124,266
325675 (col1a1b)	78,249,124,266
336471 (col1a2)	78,249,124,266
337158 (col1a1a)	78,249,124,266
406548 (col9a1b)	78,249,124,266
503730 (col2a1b)	78,249,124,266
553355 (col4a2)	78,249,124,266
554268 (col4a6)	78,249,124,266
554269 (col4a1)	78,249,124,266
556874 (col6a3)	78,249,124,266
562496 (col2a1a)	78,249,124,266
564005 (col6a4a)	78,249,124,266
567110 (col9a3)	78,249,124,266
567771 (col6a2)	78,249,124,266
569755 (col6a1)	78,249,124,266
286829 (dag1)	818,642,864,659
100149028 (zmp:0000000846)	734,333,780,350
30037 (tnc)	734,333,780,350
30234 (tnn)	734,333,780,350
369191 (tnr)	734,333,780,350
100322009 (gp9)	817,527,863,544
798998 (gp1bb)	817,510,863,527
101885690	817,493,863,510
101884430	817,476,863,493
570643 (vwf)	734,502,780,519
570643 (vwf)	461,410,507,427
100149028 (zmp:0000000846)	461,612,507,629
30037 (tnc)	461,612,507,629
30234 (tnn)	461,612,507,629
369191 (tnr)	461,612,507,629
100149028 (zmp:0000000846)	461,248,507,265
30037 (tnc)	461,248,507,265
30234 (tnn)	461,248,507,265
369191 (tnr)	461,248,507,265
100149028 (zmp:0000000846)	271,321,317,338
30037 (tnc)	271,321,317,338
30234 (tnn)	271,321,317,338
369191 (tnr)	271,321,317,338
403026 (vtnb)	461,742,507,759
553699 (vtna)	461,742,507,759
403026 (vtnb)	461,500,507,517
553699 (vtna)	461,500,507,517
403026 (vtnb)	461,362,507,379
553699 (vtna)	461,362,507,379
403026 (vtnb)	461,154,507,171
553699 (vtna)	461,154,507,171
403026 (vtnb)	271,629,317,646
553699 (vtna)	271,629,317,646
100005469 (fn1a)	734,284,780,301
100005469 (fn1a)	734,204,780,221
100005469 (fn1a)	461,694,507,711
100005469 (fn1a)	461,587,507,604
100005469 (fn1a)	461,386,507,403
100005469 (fn1a)	461,177,507,194
100005469 (fn1a)	271,771,317,788
100005469 (fn1a)	271,581,317,598
100005469 (fn1a)	271,154,317,171
100005469 (fn1a)	78,624,124,641
100005469 (fn1a)	78,522,124,539
100318854 (comp)	78,407,124,424
100535241 (thbs2a)	78,407,124,424
252849 (thbs3a)	78,407,124,424
252850 (thbs4b)	78,407,124,424
561901 (thbs1b)	78,407,124,424
563429 (thbs4a)	78,407,124,424
100318854 (comp)	461,434,507,451
100535241 (thbs2a)	461,434,507,451
252849 (thbs3a)	461,434,507,451
252850 (thbs4b)	461,434,507,451
561901 (thbs1b)	461,434,507,451
563429 (thbs4a)	461,434,507,451
100318854 (comp)	461,295,507,312
100535241 (thbs2a)	461,295,507,312
252849 (thbs3a)	461,295,507,312
252850 (thbs4b)	461,295,507,312
561901 (thbs1b)	461,295,507,312
563429 (thbs4a)	461,295,507,312
100318854 (comp)	734,732,780,749
100535241 (thbs2a)	734,732,780,749
252849 (thbs3a)	734,732,780,749
252850 (thbs4b)	734,732,780,749
561901 (thbs1b)	734,732,780,749
563429 (thbs4a)	734,732,780,749
100318854 (comp)	734,443,780,460
100535241 (thbs2a)	734,443,780,460
252849 (thbs3a)	734,443,780,460
252850 (thbs4b)	734,443,780,460
561901 (thbs1b)	734,443,780,460
563429 (thbs4a)	734,443,780,460
100318854 (comp)	734,308,780,325
100535241 (thbs2a)	734,308,780,325
252849 (thbs3a)	734,308,780,325
252850 (thbs4b)	734,308,780,325
561901 (thbs1b)	734,308,780,325
563429 (thbs4a)	734,308,780,325
100170785 (col9a1a)	271,369,317,386
100535278	271,369,317,386
321212 (col9a2)	271,369,317,386
323561 (col4a5)	271,369,317,386
325675 (col1a1b)	271,369,317,386
336471 (col1a2)	271,369,317,386
337158 (col1a1a)	271,369,317,386
406548 (col9a1b)	271,369,317,386
503730 (col2a1b)	271,369,317,386
553355 (col4a2)	271,369,317,386
554268 (col4a6)	271,369,317,386
554269 (col4a1)	271,369,317,386
556874 (col6a3)	271,369,317,386
562496 (col2a1a)	271,369,317,386
564005 (col6a4a)	271,369,317,386
567110 (col9a3)	271,369,317,386
567771 (col6a2)	271,369,317,386
569755 (col6a1)	271,369,317,386
100001836 (itgb3b)	543,406,589,423
405864 (itgb1b.2)	353,626,399,643
556734 (itgb1a)	353,626,399,643
570216 (itgb1b)	353,626,399,643
405864 (itgb1b.2)	353,524,399,541
556734 (itgb1a)	353,524,399,541
570216 (itgb1b)	353,524,399,541
405864 (itgb1b.2)	353,457,399,474
556734 (itgb1a)	353,457,399,474
570216 (itgb1b)	353,457,399,474
405864 (itgb1b.2)	353,365,399,382
556734 (itgb1a)	353,365,399,382
570216 (itgb1b)	353,365,399,382
405864 (itgb1b.2)	353,204,399,221
556734 (itgb1a)	353,204,399,221
570216 (itgb1b)	353,204,399,221
405864 (itgb1b.2)	161,783,207,800
556734 (itgb1a)	161,783,207,800
570216 (itgb1b)	161,783,207,800
405864 (itgb1b.2)	161,711,207,728
556734 (itgb1a)	161,711,207,728
570216 (itgb1b)	161,711,207,728
405864 (itgb1b.2)	161,632,207,649
556734 (itgb1a)	161,632,207,649
570216 (itgb1b)	161,632,207,649
405864 (itgb1b.2)	161,544,207,561
556734 (itgb1a)	161,544,207,561
570216 (itgb1b)	161,544,207,561
405864 (itgb1b.2)	161,416,207,433
556734 (itgb1a)	161,416,207,433
570216 (itgb1b)	161,416,207,433
405864 (itgb1b.2)	161,282,207,299
556734 (itgb1a)	161,282,207,299
570216 (itgb1b)	161,282,207,299
503893 (itga6a)	544,775,590,792
541320 (itga6b)	544,775,590,792
100151255 (itgav)	544,698,590,715
100151255 (itgav)	544,604,590,621
100151255 (itgav)	544,515,590,532
100151255 (itgav)	543,227,589,244
100331333 (itga4)	353,762,399,779
322012 (hmmr)	817,784,863,801
286829 (dag1)	773,642,819,659
436636 (cd36)	817,443,863,460
100006427 (sv2bb)	817,363,863,380
562345 (sv2ca)	817,363,863,380
568033 (sv2a)	817,363,863,380
570651 (sv2)	817,363,863,380
568593 (sdc4)	817,296,863,313
565429 (hspg2)	691,667,737,684
335269 (itgb4)	544,792,590,809
556752 (itgb8)	544,715,590,732
100499533 (itgb6)	544,621,590,638
563556 (itgb5)	544,532,590,549
445380 (itga2b)	543,389,589,406
100001836 (itgb3b)	543,244,589,261
100151255 (itgav)	353,609,399,626
541475 (itga11a)	353,507,399,524
572348 (itga10)	353,440,399,457
394012 (itga9)	353,348,399,365
100141346 (itga8)	353,187,399,204
100006255 (itga7)	161,766,207,783
503893 (itga6a)	161,694,207,711
541320 (itga6b)	161,694,207,711
386787 (itga5)	161,615,207,632
100331333 (itga4)	161,527,207,544
100331874 (itga3b)	161,399,207,416
407685 (itga3a)	161,399,207,416
405864 (itgb1b.2)	161,176,207,193
556734 (itgb1a)	161,176,207,193
570216 (itgb1b)	161,176,207,193
570868 (itga1)	161,159,207,176
100149028 (zmp:0000000846)	271,202,317,219
30037 (tnc)	271,202,317,219
30234 (tnn)	271,202,317,219
369191 (tnr)	271,202,317,219
570643 (vwf)	461,201,507,218
403026 (vtnb)	271,178,317,195
553699 (vtna)	271,178,317,195
563273 (npnta)	271,226,317,243
100005469 (fn1a)	78,456,124,473
100049705 (lama2)	78,181,124,198
101885031	78,181,124,198
286830 (lamb1a)	78,181,124,198
286831 (lamb4)	78,181,124,198
286832 (lamc1)	78,181,124,198
321243 (lama5)	78,181,124,198
337767 (lamb2)	78,181,124,198
558958 (lamc3)	78,181,124,198
566796 (lama4)	78,181,124,198
567640 (si:ch211-241e1.3)	78,181,124,198
569971 (lama1)	78,181,124,198
394038 (chad)	78,297,124,314
100170785 (col9a1a)	78,155,124,172
100535278	78,155,124,172
321212 (col9a2)	78,155,124,172
323561 (col4a5)	78,155,124,172
325675 (col1a1b)	78,155,124,172
336471 (col1a2)	78,155,124,172
337158 (col1a1a)	78,155,124,172
406548 (col9a1b)	78,155,124,172
503730 (col2a1b)	78,155,124,172
553355 (col4a2)	78,155,124,172
554268 (col4a6)	78,155,124,172
554269 (col4a1)	78,155,124,172
556874 (col6a3)	78,155,124,172
562496 (col2a1a)	78,155,124,172
564005 (col6a4a)	78,155,124,172
567110 (col9a3)	78,155,124,172
567771 (col6a2)	78,155,124,172
569755 (col6a1)	78,155,124,172
260303 (reln)	78,383,124,400
100330801 (cd44b)	817,189,863,206
100536533 (itga2.2)	161,265,207,282
565373 (agrn)	691,642,737,659
100216326 (frem1a)	271,260,317,277
555681 (frem2a)	271,260,317,277
557221 (frem1b)	271,260,317,277
566673 (frem2b)	271,260,317,277
563428 (fras1)	271,243,317,260
dre04510: Focal adhesion	610,365,714,390
dre04512: ECM-receptor interaction	40,45,286,70
