C00681 (1-Acyl-sn-glycerol 3-phosphate)	196,119,4
C00076 (Calcium cation)	671,623,4
C01245 (D-myo-Inositol 1,4,5-trisphosphate)	599,695,4
C00942 (3',5'-Cyclic GMP)	750,590,4
C00165 (Diacylglycerol)	600,624,4
C00575 (3',5'-Cyclic AMP)	537,590,4
C00533 (Nitric oxide)	197,764,4
C00780 (Serotonin)	196,677,4
C00025 (L-Glutamate)	196,708,4
C03758 (Dopamine)	197,624,4
C00547 (L-Noradrenaline)	197,572,4
322106 (csnk1da)	333,275,379,292
406533 (csnk1db)	333,275,379,292
100003514 (prkcg)	626,470,672,487
100006675 (prkcba)	626,470,672,487
100333967 (si:ch73-374l24.1)	626,470,672,487
393953 (prkcbb)	626,470,672,487
497384 (prkcaa)	626,470,672,487
100006888 (gnai3)	346,111,392,128
323509 (gnaia)	346,111,392,128
327650 (gnai2b)	346,111,392,128
336421 (gnai2a)	346,111,392,128
393946 (gnai1)	346,111,392,128
100331216	253,417,299,434
30236 (cx43)	253,417,299,434
378444 (gjd2b)	253,417,299,434
100331216	93,417,139,434
30236 (cx43)	93,417,139,434
378444 (gjd2b)	93,417,139,434
100331216	253,350,299,367
30236 (cx43)	253,350,299,367
378444 (gjd2b)	253,350,299,367
100331216	93,350,139,367
30236 (cx43)	93,350,139,367
378444 (gjd2b)	93,350,139,367
30236 (cx43)	253,249,299,266
30236 (cx43)	253,196,299,213
30236 (cx43)	93,267,139,284
541323 (mapk7)	619,268,665,285
558321 (map3k2)	593,212,639,229
100007679 (map2k5)	671,212,717,229
100125912 (prkg2)	700,457,746,474
326020 (si:dkey-121j17.5)	700,457,746,474
394005 (prkg1a)	700,457,746,474
556339	700,457,746,474
100000981 (htr2cl1)	253,669,299,686
559806 (htr2ab)	253,669,299,686
560808 (htr2aa)	253,669,299,686
751784 (htr2b)	253,669,299,686
80973 (cdk1)	322,478,368,495
368461 (lpar1)	253,111,299,128
393998 (prkacba)	555,482,601,499
445076 (prkacab)	555,482,601,499
563147 (prkacbb)	555,482,601,499
564064 (prkacaa)	555,482,601,499
565459 (tjp1b)	396,478,442,495
335798 (zgc:65894)	333,207,379,224
336681 (tubb4b)	333,207,379,224
386701 (tubb5)	333,207,379,224
406811 (zgc:55461)	333,207,379,224
550458 (tubb6)	333,207,379,224
554127 (tubb2)	333,207,379,224
558552 (tubb1)	333,207,379,224
641421 (tubb2b)	333,207,379,224
641565 (zgc:123292)	333,207,379,224
767746 (zgc:153426)	333,207,379,224
767806 (zgc:153264)	333,207,379,224
100148976 (adcy8)	433,581,479,598
100333702 (adcy9)	433,581,479,598
101884360	433,581,479,598
557026 (adcy1a)	433,581,479,598
557902 (adcy2b)	433,581,479,598
560410 (si:ch211-132f19.7)	433,581,479,598
560719 (si:dkey-206f10.1)	433,581,479,598
560807 (adcy6b)	433,581,479,598
562619 (adcy5)	433,581,479,598
563724 (adcy2a)	433,581,479,598
568726 (adcy7)	433,581,479,598
569499 (adcy1b)	433,581,479,598
570652 (adcy6a)	433,581,479,598
571825 (adcy3a)	433,581,479,598
325084 (src)	515,212,561,229
327377 (tuba4l)	333,185,379,202
337223 (tuba8l)	333,185,379,202
373080 (tuba1b)	333,185,379,202
393154 (tuba8l4)	333,185,379,202
393664 (tuba8l2)	333,185,379,202
406303 (tuba2)	333,185,379,202
431777 (tuba7l)	333,185,379,202
445164 (tuba8l3)	333,185,379,202
573122 (tuba1c)	333,185,379,202
573216 (tuba1a)	333,185,379,202
641561 (zgc:123298)	333,185,379,202
30236 (cx43)	93,214,139,231
100150304 (gucy1b1)	769,756,815,773
100330875 (gucy1a2)	769,756,815,773
550420 (gucy1a1)	769,756,815,773
557191 (gucy1b2)	769,756,815,773
360144 (mapk1)	700,285,746,302
399480 (mapk3)	700,285,746,302
100002225 (map2k2b)	769,129,815,146
406728 (map2k1)	769,129,815,146
563181 (map2k2a)	769,129,815,146
30716 (raf1a)	648,129,694,146
557109 (raf1b)	648,129,694,146
30380 (nras)	526,129,572,146
393228 (zgc:55558)	526,129,572,146
445289 (kras)	526,129,572,146
550286 (hrasa)	526,129,572,146
553656 (hrasb)	526,129,572,146
556286 (sos1)	430,144,476,161
561670 (sos2)	430,144,476,161
406308 (grb2b)	346,144,392,161
493609 (grb2a)	346,144,392,161
378478 (egfra)	253,144,299,161
386856 (pdgfra)	253,144,299,161
559529 (pdgfrb)	253,144,299,161
571431	253,144,299,161
100535718 (pdgfd)	172,144,218,161
103909601	172,144,218,161
378480 (pdgfaa)	172,144,218,161
403045 (egf)	172,144,218,161
560564 (pdgfc)	172,144,218,161
767790 (pdgfab)	172,144,218,161
796490 (pdgfbb)	172,144,218,161
798657 (si:ch211-79m20.1)	172,144,218,161
557194 (adrb1)	253,564,299,581
558248 (adrb3a)	253,564,299,581
792519 (adrb3b)	253,564,299,581
557353 (gnas)	345,581,391,598
445232 (gna15.1)	345,686,391,703
445297 (gna14)	345,686,391,703
493613 (gna11b)	345,686,391,703
562625 (gna15.4)	345,686,391,703
563953 (gna11a)	345,686,391,703
570108 (gnaq)	345,686,391,703
100006888 (gnai3)	345,634,391,651
323509 (gnaia)	345,634,391,651
327650 (gnai2b)	345,634,391,651
336421 (gnai2a)	345,634,391,651
393946 (gnai1)	345,634,391,651
100150246 (grm1b)	253,700,299,717
100332913 (grm5b)	253,700,299,717
555576 (grm1a)	253,700,299,717
568406 (grm5a)	253,700,299,717
282557 (drd2a)	253,634,299,651
378718 (drd2l)	253,634,299,651
378719 (drd2b)	253,634,299,651
100001532 (plcb3)	494,686,540,703
100537538	494,686,540,703
407700 (plcb4)	494,686,540,703
569376 (plcb2)	494,686,540,703
568126 (drd1b)	253,599,299,616
792634 (drd1a)	253,599,299,616
100149388 (itpr1b)	657,686,703,703
562585 (itpr2)	657,686,703,703
567611 (itpr1a)	657,686,703,703
794666 (itpr3)	657,686,703,703
dre04540: Gap junction	40,45,164,70
dre04060: Cytokine-cytokine receptor interaction	43,120,153,165
dre04080: Neuroactive ligand-receptor interaction	42,602,156,647
dre04070: Phosphatidylinositol signaling system	445,630,555,664
dre04020: Calcium signaling pathway	533,715,646,749
dre04010: MAPK signaling pathway	572,164,684,198
