C04549 (1-Phosphatidyl-1D-myo-inositol 3-phosphate)	520,282,4
C04549 (1-Phosphatidyl-1D-myo-inositol 3-phosphate)	1041,627,4
114464 (sec22ba)	644,187,690,204
327277 (sec22bb)	644,187,690,204
554130 (stx18)	644,166,690,183
415163 (vamp3)	297,183,343,200
557797 (itgb2)	897,167,943,184
100001836 (itgb3b)	897,243,943,260
100151255 (itgav)	897,243,943,260
405864 (itgb1b.2)	947,264,993,281
556734 (itgb1a)	947,264,993,281
570216 (itgb1b)	947,264,993,281
100004793 (mrc2)	847,383,893,400
100286774 (mrc1a)	847,383,893,400
100537272	847,383,893,400
100538038 (pla2r1)	847,383,893,400
559502 (mrc1b)	847,383,893,400
100151255 (itgav)	947,243,993,260
563556 (itgb5)	947,243,993,260
557797 (itgb2)	847,243,893,260
100536533 (itga2.2)	847,264,893,281
405864 (itgb1b.2)	847,264,893,281
556734 (itgb1a)	847,264,893,281
570216 (itgb1b)	847,264,893,281
386787 (itga5)	897,264,943,281
405864 (itgb1b.2)	897,264,943,281
556734 (itgb1a)	897,264,943,281
570216 (itgb1b)	897,264,943,281
57934 (actb1)	439,97,485,114
57935 (actb2)	439,97,485,114
548346 (pik3c3)	419,274,465,291
492695 (eea1)	330,291,376,308
337737 (rab5aa)	330,274,376,291
386807 (rab5c)	330,274,376,291
393945 (rab5ab)	330,274,376,291
405821 (rab5b)	330,274,376,291
393902 (rab7a)	330,452,376,469
431725 (rab7b)	330,452,376,469
449549 (zgc:100918)	330,452,376,469
393386 (cybb)	833,620,879,637
100005026 (rilp)	330,469,376,486
393551 (cyba)	788,620,834,637
403014 (ncf4)	1032,632,1078,649
378966 (ncf1)	940,637,986,654
562473 (ncf2)	986,637,1032,654
327204 (rac1a)	862,648,908,665
562838 (rac1b)	862,648,908,665
792699 (rac1l)	862,648,908,665
393386 (cybb)	986,620,1032,637
393551 (cyba)	940,620,986,637
378966 (ncf1)	761,680,807,697
562473 (ncf2)	807,680,853,697
403014 (ncf4)	853,680,899,697
327204 (rac1a)	965,654,1011,671
562838 (rac1b)	965,654,1011,671
792699 (rac1l)	965,654,1011,671
100332402 (dync2h1)	330,486,376,503
335110 (dync1h1)	330,486,376,503
556103 (dync1li1)	330,486,376,503
561525 (dync1i1)	330,486,376,503
561612 (dync1i2b)	330,486,376,503
573266 (dync1li2)	330,486,376,503
767729 (dync1i2a)	330,486,376,503
798868	330,486,376,503
327377 (tuba4l)	353,516,399,533
337223 (tuba8l)	353,516,399,533
373080 (tuba1b)	353,516,399,533
393154 (tuba8l4)	353,516,399,533
393664 (tuba8l2)	353,516,399,533
406303 (tuba2)	353,516,399,533
431777 (tuba7l)	353,516,399,533
445164 (tuba8l3)	353,516,399,533
573122 (tuba1c)	353,516,399,533
573216 (tuba1a)	353,516,399,533
641561 (zgc:123298)	353,516,399,533
335798 (zgc:65894)	353,533,399,550
336681 (tubb4b)	353,533,399,550
386701 (tubb5)	353,533,399,550
406811 (zgc:55461)	353,533,399,550
550458 (tubb6)	353,533,399,550
554127 (tubb2)	353,533,399,550
558552 (tubb1)	353,533,399,550
641421 (tubb2b)	353,533,399,550
641565 (zgc:123292)	353,533,399,550
767746 (zgc:153426)	353,533,399,550
767806 (zgc:153264)	353,533,399,550
334175 (hgs)	330,397,376,414
406486 (m6pr)	330,655,376,672
100003139 (tcirg1a)	415,349,461,366
100004566 (atp6ap1a)	415,349,461,366
192335 (atp6v1e1b)	415,349,461,366
192336 (atp6v0ca)	415,349,461,366
195824 (atp6ap1b)	415,349,461,366
286779 (atp6v1h)	415,349,461,366
321724 (atp6v0b)	415,349,461,366
322811 (atp6v0d1)	415,349,461,366
324307 (atp6v0a1a)	415,349,461,366
325402 (atp6v0cb)	415,349,461,366
335025 (atp6v1g1)	415,349,461,366
337583 (atp6v1ab)	415,349,461,366
359839 (atp6v1ba)	415,349,461,366
359840 (atp6v1b2)	415,349,461,366
368907 (atp6v1c1a)	415,349,461,366
393935 (atp6v1d)	415,349,461,366
394110 (atp6v1aa)	415,349,461,366
406342 (tcirg1b)	415,349,461,366
436799 (atp6v1f)	415,349,461,366
449655 (atp6v1c1b)	415,349,461,366
450017 (atp6v0e1)	415,349,461,366
553691 (atp6v0a1b)	415,349,461,366
553767 (atpv0e2)	415,349,461,366
561117 (atp6v0a2b)	415,349,461,366
561469 (atp6v0a2a)	415,349,461,366
324985 (lamp1a)	330,605,376,622
563328 (lamp1b)	330,605,376,622
100003139 (tcirg1a)	416,693,462,710
100004566 (atp6ap1a)	416,693,462,710
192335 (atp6v1e1b)	416,693,462,710
192336 (atp6v0ca)	416,693,462,710
195824 (atp6ap1b)	416,693,462,710
286779 (atp6v1h)	416,693,462,710
321724 (atp6v0b)	416,693,462,710
322811 (atp6v0d1)	416,693,462,710
324307 (atp6v0a1a)	416,693,462,710
325402 (atp6v0cb)	416,693,462,710
335025 (atp6v1g1)	416,693,462,710
337583 (atp6v1ab)	416,693,462,710
359839 (atp6v1ba)	416,693,462,710
359840 (atp6v1b2)	416,693,462,710
368907 (atp6v1c1a)	416,693,462,710
393935 (atp6v1d)	416,693,462,710
394110 (atp6v1aa)	416,693,462,710
406342 (tcirg1b)	416,693,462,710
436799 (atp6v1f)	416,693,462,710
449655 (atp6v1c1b)	416,693,462,710
450017 (atp6v0e1)	416,693,462,710
553691 (atp6v0a1b)	416,693,462,710
553767 (atpv0e2)	416,693,462,710
561117 (atp6v0a2b)	416,693,462,710
561469 (atp6v0a2a)	416,693,462,710
337690 (pikfyve)	330,630,376,647
415141 (stx12)	200,307,246,324
569124 (stx12l)	200,307,246,324
562669 (stx7l)	200,482,246,499
436636 (cd36)	897,447,943,464
571584 (marco)	897,423,943,440
403125 (tlr2)	847,312,893,329
403131 (tlr4ba)	897,312,943,329
403132 (tlr4bb)	897,312,943,329
795671 (tlr4al)	897,312,943,329
60658 (nos1)	388,605,434,622
387260 (scarb1)	847,447,893,464
100535958 (ighv4-5)	1012,122,1058,139
30491 (c3a.2)	1012,167,1058,184
321046 (c3a.1)	1012,167,1058,184
494039 (c3a.6)	1012,167,1058,184
565074 (c3a.3)	1012,167,1058,184
100318854 (comp)	1012,243,1058,260
100535241 (thbs2a)	1012,243,1058,260
252849 (thbs3a)	1012,243,1058,260
252850 (thbs4b)	1012,243,1058,260
561901 (thbs1b)	1012,243,1058,260
563429 (thbs4a)	1012,243,1058,260
100137128 (hbl4)	1012,189,1058,206
492459 (colec11)	1012,189,1058,206
558942 (colec12)	1012,189,1058,206
566971 (hbl2)	1012,189,1058,206
192298 (sec61a1)	607,679,653,696
266796 (sec61a1l)	607,679,653,696
436772 (sec61g)	607,679,653,696
791986 (sec61b)	607,679,653,696
30248 (calr3a)	605,289,651,306
321315 (calr3b)	605,289,651,306
325317 (calr)	605,289,651,306
406757 (canx)	605,311,651,328
100038779 (zgc:158870)	696,464,742,481
30762 (mhc2dab)	696,464,742,481
30763 (mhc2dcb)	696,464,742,481
30783 (mhc2a)	696,464,742,481
368614 (si:busm1-48c11.3)	696,464,742,481
368615 (mhc2b)	696,464,742,481
368816 (si:busm1-194e12.8)	696,464,742,481
368877 (si:busm1-266f07.1)	696,464,742,481
368878 (si:busm1-266f07.2)	696,464,742,481
571282	696,464,742,481
654336 (zgc:123077)	696,464,742,481
100038779 (zgc:158870)	778,162,824,179
30762 (mhc2dab)	778,162,824,179
30763 (mhc2dcb)	778,162,824,179
30783 (mhc2a)	778,162,824,179
368614 (si:busm1-48c11.3)	778,162,824,179
368615 (mhc2b)	778,162,824,179
368816 (si:busm1-194e12.8)	778,162,824,179
368877 (si:busm1-266f07.1)	778,162,824,179
368878 (si:busm1-266f07.2)	778,162,824,179
571282	778,162,824,179
654336 (zgc:123077)	778,162,824,179
100333043 (tap1)	621,655,667,672
368771 (tap2a)	621,655,667,672
30443 (ctslb)	499,693,545,710
321453 (ctsla)	499,693,545,710
337572 (ctss2.2)	499,693,545,710
393398 (ctss1)	499,693,545,710
436641 (ctsl.1)	499,693,545,710
554157 (ctss2.1)	499,693,545,710
393557 (mhc1uxa2)	727,162,773,179
64885 (mhc1uea)	727,162,773,179
100333043 (tap1)	682,291,728,308
368771 (tap2a)	682,291,728,308
393557 (mhc1uxa2)	665,321,711,338
64885 (mhc1uea)	665,321,711,338
393557 (mhc1uxa2)	602,599,648,616
64885 (mhc1uea)	602,599,648,616
494477 (tfr1a)	330,321,376,338
100002113 (coro1a)	398,151,444,168
100003139 (tcirg1a)	415,503,461,520
100004566 (atp6ap1a)	415,503,461,520
192335 (atp6v1e1b)	415,503,461,520
192336 (atp6v0ca)	415,503,461,520
195824 (atp6ap1b)	415,503,461,520
286779 (atp6v1h)	415,503,461,520
321724 (atp6v0b)	415,503,461,520
322811 (atp6v0d1)	415,503,461,520
324307 (atp6v0a1a)	415,503,461,520
325402 (atp6v0cb)	415,503,461,520
335025 (atp6v1g1)	415,503,461,520
337583 (atp6v1ab)	415,503,461,520
359839 (atp6v1ba)	415,503,461,520
359840 (atp6v1b2)	415,503,461,520
368907 (atp6v1c1a)	415,503,461,520
393935 (atp6v1d)	415,503,461,520
394110 (atp6v1aa)	415,503,461,520
406342 (tcirg1b)	415,503,461,520
436799 (atp6v1f)	415,503,461,520
449655 (atp6v1c1b)	415,503,461,520
450017 (atp6v0e1)	415,503,461,520
553691 (atp6v0a1b)	415,503,461,520
553767 (atpv0e2)	415,503,461,520
561117 (atp6v0a2b)	415,503,461,520
561469 (atp6v0a2a)	415,503,461,520
dre04145: Phagosome	40,45,140,70
map04666: Fc gamma R-mediated phagocytosis	280,68,396,102
dre04144: Endocytosis	90,106,182,131
dre04142: Lysosome	80,679,172,704
map04610: Complement and coagulation cascades	858,190,963,224
dre04620: Toll-like receptor signaling pathway	943,340,1048,374
map04612: Antigen processing and presentation	667,411,767,445
