C11554 (1-Phosphatidyl-1D-myo-inositol 3,4-bisphosphate)	504,647,4
C11556 (1-Phosphatidyl-1D-myo-inositol 3,5-bisphosphate)	504,371,4
C11557 (1-Phosphatidyl-1D-myo-inositol 5-phosphate)	276,144,4
C11526 (5-PP-InsP5)	1222,341,4
C00076 (Calcium cation)	908,793,4
C01243 (1D-myo-Inositol 1,3,4-trisphosphate)	822,459,4
C01272 (1D-myo-Inositol 1,3,4,5-tetrakisphosphate)	717,459,4
C03546 (myo-Inositol 4-phosphate)	1041,539,4
C04006 (1D-myo-Inositol 3-phosphate)	1041,489,4
C01177 (Inositol 1-phosphate)	1041,430,4
C01284 (1D-myo-Inositol 1,3,4,5,6-pentakisphosphate)	1041,341,4
C01245 (D-myo-Inositol 1,4,5-trisphosphate)	822,539,4
C01220 (1D-myo-Inositol 1,4-bisphosphate)	937,539,4
C04063 (D-myo-Inositol 3,4-bisphosphate)	937,489,4
C04062 (D-myo-Inositol 1,3-bisphosphate)	937,430,4
C04477 (1D-myo-Inositol 1,3,4,6-tetrakisphosphate)	937,287,4
C04637 (1-Phosphatidyl-D-myo-inositol 4,5-bisphosphate)	504,144,4
C00137 (myo-Inositol)	1133,489,4
C01204 (Phytic acid)	1133,341,4
C00269 (CDP-diacylglycerol)	1117,659,4
C00416 (Phosphatidate)	1012,659,4
C00641 (1,2-Diacyl-sn-glycerol)	822,659,4
C04549 (1-Phosphatidyl-1D-myo-inositol 3-phosphate)	277,647,4
C05981 (Phosphatidylinositol-3,4,5-trisphosphate)	628,371,4
C01277 (1-Phosphatidyl-1D-myo-inositol 4-phosphate)	276,371,4
C01194 (1-Phosphatidyl-D-myo-inositol)	134,371,4
C11555 (1D-myo-Inositol 1,4,5,6-tetrakisphosphate)	937,341,4
C11174 (1-Diphosinositol pentakisphosphate)	1133,287,4
C20690 (1D-myo-Inositol 1,5-bis(diphosphate) 2,3,4,6-tetrakisphosphate)	1222,287,4
368415 (ptenb)	199,628,245,645
794088 (ptena)	199,628,245,645
541511 (ippk)	1060,333,1106,350
100001532 (plcb3)	708,333,754,350
100537538	708,333,754,350
337489 (plcd1b)	708,333,754,350
373867 (plcg1)	708,333,754,350
407700 (plcb4)	708,333,754,350
555443 (plcd1a)	708,333,754,350
561747 (plcg2)	708,333,754,350
562569 (plcd3b)	708,333,754,350
565669 (plcd4a)	708,333,754,350
568288 (plce1)	708,333,754,350
569040 (plcd3a)	708,333,754,350
569376 (plcb2)	708,333,754,350
100001532 (plcb3)	658,333,704,350
100537538	658,333,704,350
337489 (plcd1b)	658,333,704,350
373867 (plcg1)	658,333,704,350
407700 (plcb4)	658,333,704,350
555443 (plcd1a)	658,333,704,350
561747 (plcg2)	658,333,704,350
562569 (plcd3b)	658,333,704,350
565669 (plcd4a)	658,333,704,350
568288 (plce1)	658,333,704,350
569040 (plcd3a)	658,333,704,350
569376 (plcb2)	658,333,704,350
192322 (calm2b)	886,821,932,838
321808 (calm3b)	886,821,932,838
327379 (calm3a)	886,821,932,838
336121 (calm2a)	886,821,932,838
368217 (calm1b)	886,821,932,838
406660 (calm1a)	886,821,932,838
560151 (calml4a)	886,821,932,838
100149388 (itpr1b)	818,785,864,802
562585 (itpr2)	818,785,864,802
567611 (itpr1a)	818,785,864,802
794666 (itpr3)	818,785,864,802
404620 (cdipt)	411,845,457,862
100000252 (pik3r3b)	628,183,674,200
100002263 (pik3cb)	628,183,674,200
394174 (pik3cd)	628,183,674,200
404211 (pik3r2)	628,183,674,200
557176 (pik3r1)	628,183,674,200
561737 (pik3ca)	628,183,674,200
447840 (pip5k1bb)	411,177,457,194
449831 (pip5k1ba)	411,177,457,194
492549 (pip5k1ab)	411,177,457,194
553629 (pip5k1aa)	411,177,457,194
798876 (pip5k1ca)	411,177,457,194
337690 (pikfyve)	199,135,245,152
406667 (pi4k2a)	207,355,253,372
556956 (pi4kaa)	207,355,253,372
563201 (pi4kb)	207,355,253,372
564750 (pi4k2b)	207,355,253,372
100000252 (pik3r3b)	199,601,245,618
100330514 (pik3c2g)	199,601,245,618
404211 (pik3r2)	199,601,245,618
557176 (pik3r1)	199,601,245,618
567938 (pik3c2b)	199,601,245,618
571356 (pik3c2a)	199,601,245,618
100002015 (cds1)	1039,650,1085,667
394161 (cds2)	1039,650,1085,667
100137124 (dgkh)	908,650,954,667
100150463 (dgke)	908,650,954,667
100331649 (dgki)	908,650,954,667
100536469	908,650,954,667
553380 (dgkza)	908,650,954,667
557324 (dgkb)	908,650,954,667
565122 (si:dkey-172j4.3)	908,650,954,667
567728	908,650,954,667
724010 (dgkaa)	908,650,954,667
560006 (inpp4b)	368,639,414,656
792527 (inpp4ab)	368,639,414,656
100000252 (pik3r3b)	411,551,457,568
100330514 (pik3c2g)	411,551,457,568
404211 (pik3r2)	411,551,457,568
557176 (pik3r1)	411,551,457,568
567938 (pik3c2b)	411,551,457,568
571356 (pik3c2a)	411,551,457,568
337690 (pikfyve)	411,449,457,466
337236 (synj1)	327,322,373,339
563543 (inpp5b)	327,322,373,339
606579 (inpp5e)	327,322,373,339
777716 (ocrl)	327,322,373,339
373124 (pip4k2ca)	411,126,457,143
560360 (pip4k2aa)	411,126,457,143
100151036 (ipmka)	963,279,1009,296
790916 (ipmkb)	963,279,1009,296
560881 (mtm1)	963,421,1009,438
437018 (impa1)	1056,529,1102,546
553595 (impa2)	1056,529,1102,546
641570 (impad1)	1056,529,1102,546
437018 (impa1)	1056,421,1102,438
553595 (impa2)	1056,421,1102,438
641570 (impad1)	1056,421,1102,438
437018 (impa1)	1056,479,1102,496
553595 (impa2)	1056,479,1102,496
641570 (impad1)	1056,479,1102,496
560006 (inpp4b)	963,479,1009,496
792527 (inpp4ab)	963,479,1009,496
555899 (si:ch211-160o17.2)	963,529,1009,546
100037338 (inpp5ka)	854,529,900,546
100317089 (inpp5jb)	854,529,900,546
101884388 (inpp5a)	854,529,900,546
566188 (inpp5kb)	854,529,900,546
569568	854,529,900,546
641571 (inpp5l)	854,529,900,546
555899 (si:ch211-160o17.2)	854,479,900,496
100037338 (inpp5ka)	748,451,794,468
100317089 (inpp5jb)	748,451,794,468
101884388 (inpp5a)	748,451,794,468
566188 (inpp5kb)	748,451,794,468
569568	748,451,794,468
641571 (inpp5l)	748,451,794,468
100148744 (itpk1b)	854,278,900,295
406290 (itpk1a)	854,278,900,295
322720 (itpkcb)	749,492,795,509
368717 (itpka)	749,492,795,509
562919 (itpkca)	749,492,795,509
563019 (itpkb)	749,492,795,509
100001532 (plcb3)	698,566,744,583
100537538	698,566,744,583
337489 (plcd1b)	698,566,744,583
373867 (plcg1)	698,566,744,583
407700 (plcb4)	698,566,744,583
555443 (plcd1a)	698,566,744,583
561747 (plcg2)	698,566,744,583
562569 (plcd3b)	698,566,744,583
565669 (plcd4a)	698,566,744,583
568288 (plce1)	698,566,744,583
569040 (plcd3a)	698,566,744,583
569376 (plcb2)	698,566,744,583
325179 (inppl1a)	630,588,676,605
559103 (inpp5d)	630,588,676,605
100333801	199,649,245,666
30644 (mtmr2)	199,649,245,666
323929 (mtmr14)	199,649,245,666
327346 (mtmr6)	199,649,245,666
393365 (mtmr8)	199,649,245,666
393584 (mtmr4)	199,649,245,666
393838 (mtmr3)	199,649,245,666
541517 (mtmr1b)	199,649,245,666
553750 (mtmr1a)	199,649,245,666
559198 (mtmr7b)	199,649,245,666
560881 (mtm1)	199,649,245,666
678558 (mtmr7a)	199,649,245,666
368415 (ptenb)	580,183,626,200
794088 (ptena)	580,183,626,200
556136 (pip4p1a)	327,143,373,160
566642 (pip4p2)	327,143,373,160
560006 (inpp4b)	854,422,900,439
792527 (inpp4ab)	854,422,900,439
100333801	327,210,373,227
30644 (mtmr2)	327,210,373,227
323929 (mtmr14)	327,210,373,227
327346 (mtmr6)	327,210,373,227
393365 (mtmr8)	327,210,373,227
393584 (mtmr4)	327,210,373,227
393838 (mtmr3)	327,210,373,227
541517 (mtmr1b)	327,210,373,227
553750 (mtmr1a)	327,210,373,227
559198 (mtmr7b)	327,210,373,227
560881 (mtm1)	327,210,373,227
678558 (mtmr7a)	327,210,373,227
100151036 (ipmka)	963,333,1009,350
790916 (ipmkb)	963,333,1009,350
100151036 (ipmka)	854,333,900,350
790916 (ipmkb)	854,333,900,350
322041 (ip6k2a)	1150,333,1196,350
436662 (ip6k2b)	1150,333,1196,350
564478 (ip6k1)	1150,333,1196,350
322041 (ip6k2a)	1150,279,1196,296
436662 (ip6k2b)	1150,279,1196,296
564478 (ip6k1)	1150,279,1196,296
449862 (ppip5k2)	1110,308,1156,325
556748 (ppip5k1a)	1110,308,1156,325
449862 (ppip5k2)	1199,308,1245,325
556748 (ppip5k1a)	1199,308,1245,325
100000252 (pik3r3b)	199,580,245,597
404211 (pik3r2)	199,580,245,597
548346 (pik3c3)	199,580,245,597
557176 (pik3r1)	199,580,245,597
100003514 (prkcg)	971,785,1017,802
100006675 (prkcba)	971,785,1017,802
100333967 (si:ch73-374l24.1)	971,785,1017,802
393953 (prkcbb)	971,785,1017,802
497384 (prkca)	971,785,1017,802
337236 (synj1)	580,588,626,605
563543 (inpp5b)	580,588,626,605
606579 (inpp5e)	580,588,626,605
777716 (ocrl)	580,588,626,605
100151036 (ipmka)	854,225,900,242
790916 (ipmkb)	854,225,900,242
558940 (sacm1la)	157,371,203,388
570007 (inpp5f)	157,371,203,388
791142 (sacm1lb)	157,371,203,388
dre04510: Focal adhesion	525,221,619,246
dre04070: Phosphatidylinositol signaling system	40,45,386,70
map04151: PI3K-Akt signaling pathway	519,250,619,284
dre04020: Calcium signaling pathway	1026,777,1143,811
dre04144: Endocytosis	474,532,566,557
