C00063 (CTP)	634,319,4
C15607 (3-Oxo-3-ureidopropanoate)	1061,308,4
C00064 (L-Glutamine)	128,297,4
C00438 (N-Carbamoyl-L-aspartate)	128,153,4
C00169 (Carbamoyl phosphate)	128,225,4
C00337 ((S)-Dihydroorotate)	230,153,4
C00119 (5-Phospho-alpha-D-ribose 1-diphosphate)	389,104,4
C01103 (Orotidine 5'-phosphate)	473,153,4
C00075 (UTP)	334,236,4
C00015 (UDP)	446,236,4
C00105 (UMP)	563,236,4
C00299 (Uridine)	693,236,4
C00106 (Uracil)	849,236,4
C00046 (RNA)	248,383,4
C00063 (CTP)	334,380,4
C00039 (DNA)	248,781,4
C00459 (dTTP)	334,781,4
C00363 (dTDP)	450,781,4
C00364 (dTMP)	563,781,4
C00214 (Thymidine)	693,781,4
C00672 (2-Deoxy-D-ribose 1-phosphate)	816,820,4
C05281 (5-Methylbarbiturate)	963,703,4
C20846 (3-Oxo-3-ureidoisobutyrate)	1063,703,4
C00178 (Thymine)	849,781,4
C02376 (5-Methylcytosine)	756,717,4
C21028 ((R)-5,6-Dihydrothymine)	963,781,4
C21029 ((R)-3-Ureidoisobutyrate)	1063,781,4
C01205 ((R)-3-Amino-2-methylpropanoate)	1168,781,4
C00383 (Malonate)	1166,308,4
C00086 (Urea)	1145,345,4
C00813 (Barbiturate)	961,308,4
C00099 (beta-Alanine)	1166,236,4
C02642 (3-Ureidopropionate)	1061,236,4
C00429 (5,6-Dihydrouracil)	961,236,4
C00380 (Cytosine)	780,381,4
C00475 (Cytidine)	693,381,4
C00055 (CMP)	563,381,4
C00112 (CDP)	450,381,4
C00015 (UDP)	450,749,4
C00460 (dUTP)	334,652,4
C01346 (dUDP)	450,652,4
C00365 (dUMP)	563,652,4
C00526 (Deoxyuridine)	693,652,4
C00881 (Deoxycytidine)	693,514,4
C00239 (dCMP)	563,514,4
C00705 (dCDP)	450,514,4
C00458 (dCTP)	334,514,4
C03997 (5-Hydroxymethyldeoxycytidylate)	647,474,4
C11038 (2'-Deoxy-5-hydroxymethylcytidine-5'-diphosphate)	725,474,4
C11039 (2'-Deoxy-5-hydroxymethylcytidine-5'-triphosphate)	803,474,4
C01168 (Pseudouridine 5'-phosphate)	961,183,4
C02067 (Pseudouridine)	1061,183,4
C00295 (Orotate)	347,153,4
C00075 (UTP)	655,160,4
C00029 (UDP-glucose)	655,134,4
C01368 (3'-UMP)	720,183,4
C02355 (2',3'-Cyclic UMP)	811,183,4
C02354 (2',3'-Cyclic CMP)	492,439,4
C06198 (P1,P4-Bis(5'-uridyl) tetraphosphate)	446,187,4
C05822 (3'-CMP)	579,439,4
C20231 ((Z)-3-Ureidoacrylate peracid)	955,430,4
C20249 ((Z)-3-Peroxyaminoacrylate)	1053,430,4
C01563 (Carbamate)	1034,401,4
C00222 (3-Oxopropanoate)	1235,430,4
C01013 (3-Hydroxypropanoate)	1326,430,4
C20253 (Aminoacrylate)	1144,430,4
C20254 (Ureidoacrylate)	955,375,4
C02170 (Methylmalonate)	1168,703,4
C00086 (Urea)	1147,666,4
C00039 (DNA)	248,515,4
100330864	427,708,473,725
30733 (rrm2)	427,708,473,725
30740 (rrm1)	427,708,473,725
368909 (rrm2b)	427,708,473,725
266992 (cad)	105,255,151,272
266992 (cad)	105,183,151,200
266992 (cad)	156,145,202,162
393143 (umps)	399,145,445,162
30083 (nme2b.1)	372,228,418,245
30084 (nme2b.2)	372,228,418,245
30085 (nme3)	372,228,418,245
30086 (nme7)	372,228,418,245
335716 (nme2a)	372,228,418,245
394170 (nme4)	372,228,418,245
557708 (si:ch211-199m3.4)	372,228,418,245
58120 (nme6)	372,228,418,245
406383 (cmpk)	482,217,528,234
570478 (cmpk2)	482,217,528,234
322089 (ctps1a)	311,302,357,319
100005551 (entpd3)	372,253,418,270
436652 (entpd8)	372,253,418,270
445151 (entpd1)	372,253,418,270
406558 (cant1a)	482,175,528,192
436692 (entpd4)	482,175,528,192
445201 (cant1b)	482,175,528,192
550560 (entpd6)	482,175,528,192
556849 (entpd5a)	482,175,528,192
100005551 (entpd3)	482,196,528,213
436652 (entpd8)	482,196,528,213
445151 (entpd1)	482,196,528,213
404623 (uprt)	609,272,655,289
100005763 (uck2a)	610,219,656,236
327057 (uck2b)	610,219,656,236
447928 (uck1)	610,219,656,236
558466 (uckl1b)	610,219,656,236
563597 (si:ch211-243j20.2)	610,219,656,236
321720 (nt5c3a)	610,238,656,255
324845 (nt5c2a)	610,238,656,255
393906 (nt5e)	610,238,656,255
557972 (nt5c2b)	610,238,656,255
561683 (nt5c1bb)	610,238,656,255
562627 (nt5c1aa)	610,238,656,255
798022 (nt5c1ba)	610,238,656,255
799449 (nt5c1ab)	610,238,656,255
393113 (upp2)	745,219,791,236
503707 (upp1)	745,219,791,236
405829 (dpydb)	881,238,927,255
100144569 (dpys)	990,228,1036,245
322660 (upb1)	1085,228,1131,245
100005551 (entpd3)	371,363,417,380
436652 (entpd8)	371,363,417,380
445151 (entpd1)	371,363,417,380
30083 (nme2b.1)	371,382,417,399
30084 (nme2b.2)	371,382,417,399
30085 (nme3)	371,382,417,399
30086 (nme7)	371,382,417,399
335716 (nme2a)	371,382,417,399
394170 (nme4)	371,382,417,399
557708 (si:ch211-199m3.4)	371,382,417,399
58120 (nme6)	371,382,417,399
100005551 (entpd3)	481,338,527,355
436652 (entpd8)	481,338,527,355
445151 (entpd1)	481,338,527,355
406383 (cmpk)	481,362,527,379
570478 (cmpk2)	481,362,527,379
100005763 (uck2a)	610,332,656,349
327057 (uck2b)	610,332,656,349
447928 (uck1)	610,332,656,349
558466 (uckl1b)	610,332,656,349
563597 (si:ch211-243j20.2)	610,332,656,349
321720 (nt5c3a)	610,374,656,391
324845 (nt5c2a)	610,374,656,391
393906 (nt5e)	610,374,656,391
557972 (nt5c2b)	610,374,656,391
561683 (nt5c1bb)	610,374,656,391
562627 (nt5c1aa)	610,374,656,391
798022 (nt5c1ba)	610,374,656,391
799449 (nt5c1ab)	610,374,656,391
402979 (cdab)	672,311,718,328
559958 (cdaa)	672,311,718,328
100330864	427,451,473,468
30733 (rrm2)	427,451,473,468
30740 (rrm1)	427,451,473,468
368909 (rrm2b)	427,451,473,468
30083 (nme2b.1)	372,506,418,523
30084 (nme2b.2)	372,506,418,523
30085 (nme3)	372,506,418,523
30086 (nme7)	372,506,418,523
335716 (nme2a)	372,506,418,523
394170 (nme4)	372,506,418,523
557708 (si:ch211-199m3.4)	372,506,418,523
58120 (nme6)	372,506,418,523
406383 (cmpk)	481,495,527,512
570478 (cmpk2)	481,495,527,512
393744 (dctpp1)	423,559,469,576
474325 (dck)	610,506,656,523
541538 (zgc:110540)	610,506,656,523
321720 (nt5c3a)	610,542,656,559
324845 (nt5c2a)	610,542,656,559
393906 (nt5e)	610,542,656,559
557972 (nt5c2b)	610,542,656,559
561683 (nt5c1bb)	610,542,656,559
562627 (nt5c1aa)	610,542,656,559
798022 (nt5c1ba)	610,542,656,559
799449 (nt5c1ab)	610,542,656,559
550332 (dctd)	565,590,611,607
30083 (nme2b.1)	368,635,414,652
30084 (nme2b.2)	368,635,414,652
30085 (nme3)	368,635,414,652
30086 (nme7)	368,635,414,652
335716 (nme2a)	368,635,414,652
394170 (nme4)	368,635,414,652
557708 (si:ch211-199m3.4)	368,635,414,652
58120 (nme6)	368,635,414,652
567734 (dtymk)	481,643,527,660
327590 (tk1)	610,643,656,660
437016 (tk2)	610,643,656,660
402979 (cdab)	670,575,716,592
559958 (cdaa)	670,575,716,592
402953 (pnp6)	738,633,784,650
791647 (pnp5a)	738,633,784,650
103910413 (tymp)	738,654,784,671
81540 (tyms)	515,707,561,724
30083 (nme2b.1)	370,772,416,789
30084 (nme2b.2)	370,772,416,789
30085 (nme3)	370,772,416,789
30086 (nme7)	370,772,416,789
335716 (nme2a)	370,772,416,789
394170 (nme4)	370,772,416,789
557708 (si:ch211-199m3.4)	370,772,416,789
58120 (nme6)	370,772,416,789
100005551 (entpd3)	370,799,416,816
436652 (entpd8)	370,799,416,816
445151 (entpd1)	370,799,416,816
567734 (dtymk)	483,763,529,780
100005551 (entpd3)	483,782,529,799
436652 (entpd8)	483,782,529,799
445151 (entpd1)	483,782,529,799
321720 (nt5c3a)	610,730,656,747
324845 (nt5c2a)	610,730,656,747
393906 (nt5e)	610,730,656,747
557972 (nt5c2b)	610,730,656,747
561683 (nt5c1bb)	610,730,656,747
562627 (nt5c1aa)	610,730,656,747
798022 (nt5c1ba)	610,730,656,747
799449 (nt5c1ab)	610,730,656,747
327590 (tk1)	610,773,656,790
437016 (tk2)	610,773,656,790
103910413 (tymp)	738,782,784,799
405829 (dpydb)	883,783,929,800
100144569 (dpys)	992,773,1038,790
322660 (upb1)	1087,773,1133,790
494065 (dhodh)	267,164,313,181
393744 (dctpp1)	481,538,527,555
678543 (zgc:136858)	881,175,927,192
678543 (zgc:136858)	990,175,1036,192
393143 (umps)	496,145,542,162
100536156	430,291,476,308
562399 (enpp1)	430,291,476,308
436595 (nudt2)	370,180,416,197
393113 (upp2)	738,606,784,623
503707 (upp1)	738,606,784,623
321720 (nt5c3a)	610,665,656,682
324845 (nt5c2a)	610,665,656,682
393906 (nt5e)	610,665,656,682
557972 (nt5c2b)	610,665,656,682
561683 (nt5c1bb)	610,665,656,682
562627 (nt5c1aa)	610,665,656,682
798022 (nt5c1ba)	610,665,656,682
799449 (nt5c1ab)	610,665,656,682
30083 (nme2b.1)	737,466,783,483
30084 (nme2b.2)	737,466,783,483
30085 (nme3)	737,466,783,483
30086 (nme7)	737,466,783,483
335716 (nme2a)	737,466,783,483
394170 (nme4)	737,466,783,483
58120 (nme6)	737,466,783,483
100536156	438,834,484,851
562399 (enpp1)	438,834,484,851
100536156	430,321,476,338
562399 (enpp1)	430,321,476,338
449835 (dut)	423,602,469,619
dre00240: Pyrimidine metabolism	40,45,244,70
dre00030: Pentose phosphate pathway	102,90,249,115
dre00250: Alanine	66,360,191,394
aspartate and glutamate metabolism	66,360,191,394
dre00410: beta-Alanine metabolism	1210,223,1333,248
dre00280: Valine	1212,763,1336,797
leucine and isoleucine degradation	1212,763,1336,797
dre00220: Arginine biosynthesis	17,281,96,315
