C15647 (2-Acyl-1-(1-alkenyl)-sn-glycero-3-phosphate)	539,689,4
C15646 (1-(1-Alkenyl)-sn-glycero-3-phosphate)	468,636,4
C15645 (1-(1-Alkenyl)-sn-glycerol)	371,566,4
C02773 (1-Alkyl-sn-glycerol)	325,205,4
C01264 (2-Acetyl-1-alkyl-sn-glycero-3-phosphate)	180,349,4
C04756 (O-1-Alk-1-enyl-2-acyl-sn-glycero-3-phosphoethanolamine)	612,564,4
C04317 (1-Organyl-2-lyso-sn-glycero-3-phosphocholine)	180,565,4
C01233 (sn-Glycero-3-phosphoethanolamine)	468,495,4
C03968 (1-Alkyl-sn-glycero-3-phosphate)	395,277,4
C03201 (1-Alkyl-2-acylglycerol)	612,422,4
C04635 (1-(1-Alkenyl)-sn-glycero-3-phosphoethanolamine)	468,566,4
C03820 (1-Alkyl-2-acetyl-sn-glycerol)	180,421,4
C04598 (2-Acetyl-1-alkyl-sn-glycero-3-phosphocholine)	180,493,4
C03372 (Acylglycerone phosphate)	395,133,4
C03715 (O-Alkylglycerone phosphate)	395,205,4
C05212 (1-Radyl-2-acyl-sn-glycero-3-phosphocholine)	313,565,4
C04361 (1-O-Alkyl-2-acetyl-3-acyl-sn-glycerol)	73,420,4
C04517 (1-(1-Alkenyl)-sn-glycero-3-phosphocholine)	504,817,4
C03454 (1-Alkenyl-2-acylglycerol)	612,745,4
C00670 (sn-Glycero-3-phosphocholine)	504,893,4
C00958 (Plasmenylcholine)	612,818,4
C04475 (1-Alkyl-2-acylglycerophosphoethanolamine)	612,493,4
C05977 (2-Acyl-1-alkyl-sn-glycero-3-phosphate)	612,349,4
C20859 (Galactosyl-1-alkyl-2-acylglycerol)	794,493,4
C20825 (Seminolipid)	794,564,4
386801 (agps)	373,159,419,176
335485 (plpp2b)	590,374,636,391
557680 (plpp3)	590,374,636,391
559124 (ppap2d)	590,374,636,391
563806 (plpp2a)	590,374,636,391
569053 (plpp1a)	590,374,636,391
794598	590,374,636,391
322605 (chpt1)	157,444,203,461
570720 (cept1b)	157,444,203,461
557632 (selenoi)	590,444,636,461
570720 (cept1b)	590,444,636,461
322605 (chpt1)	291,444,337,461
570720 (cept1b)	291,444,337,461
394033 (pafah1b3)	136,512,182,529
394246 (pafah1b1a)	136,512,182,529
394247 (pafah1b1b)	136,512,182,529
406470 (pla2g7)	136,512,182,529
567170 (pafah1b2)	136,512,182,529
100148818 (si:ch73-55i23.1)	248,549,294,566
100149324 (proca1)	248,549,294,566
30554 (pla2g4aa)	248,549,294,566
402802 (pla2g12a)	248,549,294,566
406370 (pla2g6)	248,549,294,566
406739 (pla2g12b)	248,549,294,566
436622 (zgc:92162)	248,549,294,566
436896 (zgc:92249)	248,549,294,566
559087 (pla2g4ab)	248,549,294,566
560649 (si:ch211-214p16.3)	248,549,294,566
565386 (pla2g4f.2)	248,549,294,566
571738 (pla2g1b)	248,549,294,566
641423 (zgc:123275)	248,549,294,566
798864 (pla2g4f.1)	248,549,294,566
553683 (lpcat2)	200,567,246,584
555969 (lpcat1)	200,567,246,584
327566 (lpcat4)	180,532,226,549
553683 (lpcat2)	180,532,226,549
555969 (lpcat1)	180,532,226,549
100148818 (si:ch73-55i23.1)	518,566,564,583
100149324 (proca1)	518,566,564,583
30554 (pla2g4aa)	518,566,564,583
402802 (pla2g12a)	518,566,564,583
406370 (pla2g6)	518,566,564,583
406739 (pla2g12b)	518,566,564,583
436622 (zgc:92162)	518,566,564,583
436896 (zgc:92249)	518,566,564,583
559087 (pla2g4ab)	518,566,564,583
560649 (si:ch211-214p16.3)	518,566,564,583
565386 (pla2g4f.2)	518,566,564,583
571738 (pla2g1b)	518,566,564,583
641423 (zgc:123275)	518,566,564,583
798864 (pla2g4f.1)	518,566,564,583
327566 (lpcat4)	518,547,564,564
751651 (tmem86b)	462,516,508,533
557632 (selenoi)	570,647,616,664
570720 (cept1b)	570,647,616,664
556641 (pld1a)	518,647,564,664
565743 (pld2)	518,647,564,664
571938 (pld3)	518,647,564,664
572492 (pld1b)	518,647,564,664
799278 (si:ch211-168k14.2)	518,647,564,664
751651 (tmem86b)	482,845,528,862
100332039 (enpp2)	446,586,492,603
406482 (gdpd3a)	446,586,492,603
445504 (gdpd1)	446,586,492,603
567286 (gdpd3b)	446,586,492,603
791915 (enpp6)	400,557,446,574
553508 (ugt8)	771,444,817,461
793735 (gal3st1a)	771,507,817,524
dre00564: Glycerophospholipid metabolism	139,120,318,147
dre00565: Ether lipid metabolism	40,45,247,70
