G13045	358,475,4
G12396 (6-(alpha-D-glucosaminyl)-1D-myo-inositol)	477,189,4
G00145	356,272,4
G00143	245,189,4
G00144	356,189,4
G00146	246,272,4
G13046	247,475,4
G13128	246,373,4
C00350 (Phosphatidylethanolamine)	519,397,4
G13044	478,475,4
G00149	478,373,4
G00148	357,373,4
C00350 (Phosphatidylethanolamine)	266,408,4
G10617 (Dolichyl phosphate D-mannose)	341,304,4
C00154 (Palmitoyl-CoA)	393,215,4
G10610 (UDP-N-acetyl-D-glucosamine)	117,219,4
C01194 (1-Phosphatidyl-D-myo-inositol)	104,189,4
796295 (dpm2)	155,214,201,231
321218 (pigq)	131,197,177,214
325316 (pigp)	177,180,223,197
436838 (pigh)	131,180,177,197
323994 (pigc)	177,163,223,180
570443 (pigx)	281,272,327,289
560242 (pigu)	402,492,448,509
556667 (pigt)	423,475,469,492
767675 (pigs)	377,475,423,492
393361 (pigm)	281,255,327,272
402942 (pigf)	478,420,524,437
561471 (pigl)	275,179,321,196
415239 (pigk)	423,458,469,475
393448 (pigb)	398,365,444,382
555496 (gpaa1)	377,458,423,475
100147850 (pgap1)	286,467,332,484
556797 (pign)	278,365,324,382
791759 (piga)	131,163,177,180
563993 (pigo)	432,420,478,437
100136853 (pigw)	333,228,379,245
100148642 (pigv)	223,322,269,339
393448 (pigb)	159,597,189,597,189,601,159,601
100148642 (pigv)	236,597,266,597,266,601,236,601
393361 (pigm)	312,597,342,597,342,601,312,601
791759 (piga)	390,597,420,597,420,601,390,601
563993 (pigo)	136,555,136,585,140,585,140,555
100538291 (si:ch73-49o8.1)	212,555,212,585,216,585,216,555
556797 (pign)	289,555,289,585,293,585,293,555
415239 (pigk)	82,548,112,548,112,552,82,552
dre00564: Glycerophospholipid metabolism	44,102,166,136
dre00563: Glycosylphosphatidylinositol (GPI)-anchor biosynthesis	40,45,515,70
dre00510: N-Glycan biosynthesis	419,287,495,321
