C00033 (Acetate)	146,958,4
C00031 (D-Glucose)	601,195,4
C00103 (D-Glucose 1-phosphate)	483,143,4
C00631 (2-Phospho-D-glycerate)	483,664,4
C00267 (alpha-D-Glucose)	181,228,4
C00221 (beta-D-Glucose)	181,301,4
C00111 (Glycerone phosphate)	332,448,4
C01172 (beta-D-Glucose 6-phosphate)	332,301,4
C00668 (alpha-D-Glucose 6-phosphate)	483,230,4
C05345 (beta-D-Fructose 6-phosphate)	483,303,4
C00074 (Phosphoenolpyruvate)	483,736,4
C00197 (3-Phospho-D-glycerate)	483,592,4
C00236 (3-Phospho-D-glyceroyl phosphate)	483,520,4
C00186 ((S)-Lactate)	627,868,4
C15972 (Enzyme N6-(lipoyl)lysine)	314,911,4
C00469 (Ethanol)	550,958,4
C00022 (Pyruvate)	483,868,4
C05125 (2-(alpha-Hydroxyethyl)thiamine diphosphate)	378,868,4
C00024 (Acetyl-CoA)	146,868,4
C00084 (Acetaldehyde)	378,958,4
C16255 ([Dihydrolipoyllysine-residue acetyltransferase] S-acetyldihydrolipoyllysine)	265,868,4
C15973 (Enzyme N6-(dihydrolipoyl)lysine)	212,911,4
C05378 (beta-D-Fructose 1,6-bisphosphate)	483,373,4
C06186 (Arbutin)	132,359,4
C06187 (Arbutin 6-phosphate)	239,359,4
C06188 (Salicin 6-phosphate)	239,385,4
C01451 (Salicin)	132,385,4
C00036 (Oxaloacetate)	146,736,4
C01159 (2,3-Bisphospho-D-glycerate)	568,556,4
C00118 (D-Glyceraldehyde 3-phosphate)	483,448,4
C00068 (Thiamin diphosphate)	378,825,4
321664 (aldob)	460,398,506,415
336425 (aldoaa)	460,398,506,415
369193 (aldocb)	460,398,506,415
406496 (aldoab)	460,398,506,415
792692 (aldoca)	460,398,506,415
100000026 (aldh3a1)	261,939,307,956
100005587 (aldh9a1a.1)	261,939,307,956
100536795 (wu:fb14d09)	261,939,307,956
323653 (aldh3a2a)	261,939,307,956
334197 (aldh7a1)	261,939,307,956
368239 (aldh2.2)	261,939,307,956
393462 (aldh2.1)	261,939,307,956
399481 (aldh9a1b)	261,939,307,956
447920 (aldh3a2b)	261,939,307,956
492710 (aldh16a1)	261,939,307,956
282559 (aldh3b1)	236,960,282,977
557008 (aldh3b2)	236,960,282,977
751785 (aldh1a3)	236,960,282,977
445326 (akr1a1a)	464,939,510,956
799805 (akr1a1b)	464,939,510,956
116517 (adh5)	416,932,462,949
406428 (pdhb)	408,849,454,866
406702 (pdha1a)	408,849,454,866
436672 (pdha1b)	408,849,454,866
406428 (pdhb)	296,861,342,878
406702 (pdha1a)	296,861,342,878
436672 (pdha1b)	296,861,342,878
324201 (dlat)	187,861,233,878
30496 (ldha)	535,860,581,877
30497 (ldhba)	535,860,581,877
436747 (ldhbb)	535,860,581,877
114551 (pklr)	460,762,506,779
335817 (pkma)	460,762,506,779
445094 (pkmb)	460,762,506,779
334116 (eno1a)	460,692,506,709
378963 (eno3)	460,692,506,709
393668 (eno1b)	460,692,506,709
402874 (eno2)	460,692,506,709
558487 (eno4)	460,692,506,709
323107 (pgam1a)	435,621,481,638
327165 (pgam1b)	435,621,481,638
436903 (bpgm)	435,621,481,638
572733 (pgam2)	435,621,481,638
317743 (gapdh)	435,475,481,492
406367 (gapdhs)	435,475,481,492
192309 (tpi1a)	363,440,409,457
560753 (tpi1b)	363,440,409,457
447836 (pfkma)	435,327,481,344
550259 (pfklb)	435,327,481,344
560944 (pfkpa)	435,327,481,344
561416 (pfkpb)	435,327,481,344
568001 (pfkmb)	435,327,481,344
570106 (pfkla)	435,327,481,344
282672 (fbp1b)	385,327,431,344
335231 (fbp1a)	385,327,431,344
445505 (fbp2)	385,327,431,344
246094 (gpia)	460,256,506,273
246095 (gpib)	460,256,506,273
394000 (pgm1)	460,169,506,186
405822 (pgm2)	460,169,506,186
246094 (gpia)	362,293,408,310
246095 (gpib)	362,293,408,310
321224 (hkdc1)	210,282,256,299
406339 (hk2)	210,282,256,299
406791 (hk1)	210,282,256,299
751668 (gck)	210,303,256,320
246094 (gpia)	334,255,380,272
246095 (gpib)	334,255,380,272
436646 (galm)	158,255,204,272
751668 (gck)	210,230,256,247
321224 (hkdc1)	210,209,256,226
406339 (hk2)	210,209,256,226
406791 (hk1)	210,209,256,226
100000750 (g6pcb)	307,184,353,201
445118 (g6pca.1)	307,184,353,201
563180 (g6pca.2)	307,184,353,201
790919 (g6pc3)	307,184,353,201
399479 (dldh)	239,904,285,921
406696 (pgk1)	460,548,506,565
378727 (pck1)	216,717,262,734
406473 (pck2)	216,717,262,734
436903 (bpgm)	508,584,554,601
436903 (bpgm)	508,512,554,529
436914 (acss2)	73,907,119,924
541435 (acss1)	73,907,119,924
560020 (acss2l)	73,907,119,924
557919 (adpgk)	258,230,304,247
566398 (adpgk2)	258,230,304,247
557919 (adpgk)	258,303,304,320
566398 (adpgk2)	258,303,304,320
394075 (minpp1b)	548,621,594,638
561891 (minpp1a)	548,621,594,638
dre00030: Pentose phosphate pathway	625,220,687,457
dre00500: Starch and sucrose metabolism	429,59,539,93
dre00620: Pyruvate metabolism	345,746,423,780
dre00020: Citrate cycle (TCA cycle)	40,723,87,877
dre00010: Glycolysis / Gluconeogenesis	40,45,283,70
dre00640: Propanoate metabolism	565,912,692,937
map00710: Carbon fixation in photosynthetic organisms	177,579,330,613
