C20640 (Cyclic GMP-AMP)	511,586,4
C05981 (Phosphatidylinositol-3,4,5-trisphosphate)	439,1160,4
C20935 (2-5A)	556,720,4
554167 (tnfb)	157,89,203,106
108190761	157,109,203,126
798119 (tnfsf14)	157,109,203,126
791704 (zgc:153759)	240,122,286,139
798191	240,122,286,139
557665 (nectin1b)	240,153,286,170
100005446	316,122,362,139
557526 (traf2b)	316,122,362,139
563887 (traf5)	316,122,362,139
564295 (traf2a)	316,122,362,139
415099 (rela)	799,158,845,175
565756 (nfkb1)	799,158,845,175
333979 (ptpn11a)	320,203,366,220
393426 (ptpn11b)	320,203,366,220
30491 (c3a.2)	40,327,86,344
321046 (c3a.1)	40,327,86,344
494039 (c3a.6)	40,327,86,344
565074 (c3a.3)	40,327,86,344
565774 (c5)	120,364,166,381
100149189 (si:ch73-237c6.1)	120,383,166,400
556399 (cfp)	120,383,166,400
403126 (tlr3)	337,407,383,424
403128 (tlr9)	337,351,383,368
403125 (tlr2)	240,285,286,302
403147 (ticam1)	432,407,478,424
403145 (myd88)	432,319,478,336
403084 (tab1)	625,415,671,432
494163 (tab2)	625,415,671,432
553788 (map3k7)	625,398,671,415
393650 (irf7)	726,494,772,511
564854 (irf3)	726,494,772,511
323099 (nfkbiab)	799,122,845,139
406463 (nfkbiaa)	799,122,845,139
100126803 (ifnphi3)	1044,496,1090,513
360134 (ifnphi1)	1044,496,1090,513
100004358 (zmp:0000001127)	1096,460,1142,477
445373 (il12ba)	1096,460,1142,477
445410 (il12a)	1096,460,1142,477
405785 (tnfa)	1044,460,1090,477
405770 (il1b)	1096,416,1142,433
100885851 (il6)	1096,438,1142,455
797669 (ccl39.6)	1044,438,1090,455
100537384	991,674,1037,691
30715 (pou2f1a)	991,674,1037,691
323702 (pou2f1b)	991,674,1037,691
553427 (pou2f3)	991,674,1037,691
557055 (pou2f2a)	991,674,1037,691
550401 (hcfc2)	991,657,1037,674
564853 (hcfc1a)	991,657,1037,674
565206 (hcfc1b)	991,657,1037,674
554561 (traf6)	525,424,571,441
437024 (ikbke)	625,486,671,503
692289 (tbk1)	625,503,671,520
100333797 (ddx58)	358,484,404,501
562867 (mavs)	437,494,483,511
565759 (ifih1)	358,505,404,522
561006 (daxx)	987,857,1033,874
30590 (tp53)	1128,302,1174,319
100001092 (eif2ak2)	456,664,502,681
100149925 (eif2ak4)	456,664,502,681
503703 (pkz)	456,664,502,681
559564 (eif2ak3)	456,664,502,681
565338 (eif2ak1)	456,664,502,681
321564 (eif2s1b)	541,664,587,681
100003223 (ppp1cb)	470,638,516,655
327301 (ppp1cab)	470,638,516,655
334597 (ppp1cbl)	470,638,516,655
407980 (ppp1caa)	470,638,516,655
571753 (ppp1cc)	470,638,516,655
560127 (alyref)	1028,1143,1074,1160
323865 (nxf1)	1052,1195,1098,1212
751719 (zgc:153681)	1052,1195,1098,1212
619391 (il10rb)	240,821,286,838
777653 (crfb2)	240,821,286,838
100329124 (ifngr1l)	240,843,286,860
100126803 (ifnphi3)	161,821,207,838
360134 (ifnphi1)	161,821,207,838
100536675 (tyk2)	319,821,365,838
30280 (jak1)	319,821,365,838
30768 (stat1a)	475,821,521,838
368481 (stat1b)	475,821,521,838
403013 (irf9)	840,787,886,804
30768 (stat1a)	476,843,522,860
368481 (stat1b)	476,843,522,860
30280 (jak1)	319,843,365,860
30298 (jak2b)	319,843,365,860
30307 (jak2a)	319,843,365,860
405790 (ifng1)	161,843,207,860
323679 (srpk1a)	1142,1029,1188,1046
791187 (srpk1b)	1142,1029,1188,1046
100145909 (srsf3b)	1065,1030,1111,1047
321872 (srsf4)	1065,1030,1111,1047
323700 (srsf2b)	1065,1030,1111,1047
335396 (srsf5a)	1065,1030,1111,1047
393565 (srsf1b)	1065,1030,1111,1047
402972 (srsf7a)	1065,1030,1111,1047
405835 (srsf9)	1065,1030,1111,1047
406288 (srsf1a)	1065,1030,1111,1047
406691 (srsf2a)	1065,1030,1111,1047
406775 (srsf6a)	1065,1030,1111,1047
436883 (srsf5b)	1065,1030,1111,1047
494133 (srsf6b)	1065,1030,1111,1047
572211 (srsf7b)	1065,1030,1111,1047
406596 (socs3b)	348,775,394,792
58113 (cd74a)	783,1036,829,1053
100038779 (zgc:158870)	783,1073,829,1090
30762 (mhc2dab)	783,1073,829,1090
30763 (mhc2dcb)	783,1073,829,1090
30783 (mhc2a)	783,1073,829,1090
368614 (si:busm1-48c11.3)	783,1073,829,1090
368615 (mhc2b)	783,1073,829,1090
368816 (si:busm1-194e12.8)	783,1073,829,1090
368877 (si:busm1-266f07.1)	783,1073,829,1090
368878 (si:busm1-266f07.2)	783,1073,829,1090
571282	783,1073,829,1090
654336 (zgc:123077)	783,1073,829,1090
768248 (fas)	240,1259,286,1276
406471 (tnfrsf1a)	240,1281,286,1298
735295 (faslg)	163,1259,209,1276
562317 (fadd)	388,1269,434,1286
557302 (casp8l2)	509,1269,555,1286
58022 (casp8)	509,1269,555,1286
405785 (tnfa)	163,1281,209,1298
393287 (chuk)	726,122,772,139
541530 (ikbkg)	726,122,772,139
563560 (ikbkb)	726,122,772,139
373107 (birc2)	1044,136,1090,153
373107 (birc2)	1096,136,1142,153
565756 (nfkb1)	1044,158,1090,175
415099 (rela)	1096,158,1142,175
415099 (rela)	799,438,845,455
565756 (nfkb1)	799,438,845,455
323099 (nfkbiab)	799,407,845,424
406463 (nfkbiaa)	799,407,845,424
393287 (chuk)	726,407,772,424
541530 (ikbkg)	726,407,772,424
563560 (ikbkb)	726,407,772,424
393132 (irak4)	525,390,571,407
569226 (irak1)	525,407,571,424
393650 (irf7)	726,319,772,336
445119 (traf3)	525,494,571,511
557043 (mb21d1)	417,577,463,594
101243556 (tmem173)	558,577,604,594
692289 (tbk1)	646,577,692,594
393557 (mhc1uxa2)	607,1003,653,1020
64885 (mhc1uea)	607,1003,653,1020
100333043 (tap1)	607,918,653,935
368771 (tap2a)	607,918,653,935
100034470 (tapbp.2)	607,935,653,952
30163 (tapbp.1)	607,935,653,952
378851 (pdia3)	573,957,619,974
405841	573,957,619,974
445123 (zgc:100906)	573,957,619,974
30248 (calr3a)	573,974,619,991
321315 (calr3b)	573,974,619,991
325317 (calr)	573,974,619,991
30400 (b2m)	572,1042,618,1059
791742 (b2ml)	572,1042,618,1059
393557 (mhc1uxa2)	240,1003,286,1020
64885 (mhc1uea)	240,1003,286,1020
58130 (tradd)	320,1281,366,1298
100149794 (akt3b)	480,1152,526,1169
101910198 (akt1)	480,1152,526,1169
378972 (akt2)	480,1152,526,1169
403146 (akt2l)	480,1152,526,1169
560549 (akt3a)	480,1152,526,1169
100330617 (tsc1b)	568,1143,614,1160
337167 (tsc1a)	568,1143,614,1160
567524 (tsc2)	568,1160,614,1177
393702 (rheb)	647,1152,693,1169
767781 (rhebl1)	647,1152,693,1169
324254 (mtor)	731,1152,777,1169
799566 (eif4ebp1)	813,1152,859,1169
100000252 (pik3r3b)	351,1152,397,1169
100002263 (pik3cb)	351,1152,397,1169
394174 (pik3cd)	351,1152,397,1169
404211 (pik3r2)	351,1152,397,1169
557176 (pik3r1)	351,1152,397,1169
561737 (pik3ca)	351,1152,397,1169
58100 (badb)	575,1383,621,1400
386787 (itga5)	240,234,286,251
100001836 (itgb3b)	240,251,286,268
325084 (src)	357,243,403,260
405769 (syk)	476,243,522,260
796425 (card9)	597,243,643,260
564854 (irf3)	726,243,772,260
100150670	1154,818,1200,835
100536422	1154,818,1200,835
101884857	1154,818,1200,835
103910897	1154,818,1200,835
553302 (znf1007)	1154,818,1200,835
571721	1154,818,1200,835
100001092 (eif2ak2)	1154,839,1200,856
100149925 (eif2ak4)	1154,839,1200,856
503703 (pkz)	1154,839,1200,856
559564 (eif2ak3)	1154,839,1200,856
565338 (eif2ak1)	1154,839,1200,856
100004321	664,1326,710,1343
58081 (baxa)	664,1326,710,1343
767645 (zgc:153993)	664,1326,710,1343
415158 (cycsb)	780,1337,826,1354
140621 (casp3a)	959,1337,1005,1354
566604 (casp3b)	959,1337,1005,1354
492763 (casp9)	883,1337,929,1354
559425 (bida)	582,1337,628,1354
100007048 (bcl2b)	664,1376,710,1393
570772 (bcl2a)	664,1376,710,1393
114401 (bcl2l1)	664,1398,710,1415
323865 (nxf1)	1051,1069,1097,1086
751719 (zgc:153681)	1051,1069,1097,1086
393287 (chuk)	625,319,671,336
394049 (eif2b3)	624,664,670,681
405839 (eif2b2)	624,664,670,681
415150 (eif2b1)	624,664,670,681
541548 (eif2b4)	624,664,670,681
563613 (eif2b5)	624,664,670,681
58131 (apaf1)	780,1367,826,1384
100038779 (zgc:158870)	240,1073,286,1090
30762 (mhc2dab)	240,1073,286,1090
30763 (mhc2dcb)	240,1073,286,1090
30783 (mhc2a)	240,1073,286,1090
368614 (si:busm1-48c11.3)	240,1073,286,1090
368615 (mhc2b)	240,1073,286,1090
368816 (si:busm1-194e12.8)	240,1073,286,1090
368877 (si:busm1-266f07.1)	240,1073,286,1090
368878 (si:busm1-266f07.2)	240,1073,286,1090
571282	240,1073,286,1090
654336 (zgc:123077)	240,1073,286,1090
dre05168: Herpes simplex virus 1 infection	40,45,329,70
map04610: Complement and coagulation cascades	60,437,195,471
dre04622: RIG-I-like receptor signaling pathway	819,511,937,545
dre04620: Toll-like receptor signaling pathway	489,285,607,319
map04630: JAK-STAT signaling pathway	696,787,814,821
dre03040: Spliceosome	1043,957,1135,982
map04612: Antigen processing and presentation	296,961,415,995
dre04210: Apoptosis	682,1245,767,1270
dre03050: Proteasome	741,886,850,911
map04151: PI3K-Akt signaling pathway	382,1112,500,1146
dre04115: p53 signaling pathway	1053,329,1171,363
