C00076 (Calcium cation)	784,768,4
C00305 (Magnesium cation)	725,768,4
C00002 (ATP)	991,762,4
C00027 (Hydrogen peroxide)	1146,373,4
C16844 (Hydroxyl radical)	1146,373,4
C00002 (ATP)	1099,228,4
C00195 (N-Acylsphingosine)	986,476,4
C00319 (Sphingosine)	1099,476,4
C00076 (Calcium cation)	845,421,4
C00076 (Calcium cation)	357,560,4
C14592 (N-Methyl-N'-nitro-N-nitrosoguanidine)	75,536,4
C00550 (Sphingomyelin)	914,450,4
C00219 (Arachidonate)	1043,414,4
C00076 (Calcium cation)	1099,177,4
405785 (tnfa)	45,198,91,215
406471 (tnfrsf1a)	136,198,182,215
58130 (tradd)	220,199,266,216
100005446	234,182,280,199
557526 (traf2b)	234,182,280,199
563887 (traf5)	234,182,280,199
564295 (traf2a)	234,182,280,199
403131 (tlr4ba)	136,401,182,418
403132 (tlr4bb)	136,401,182,418
795671 (tlr4al)	136,401,182,418
100329124 (ifngr1l)	136,354,182,371
619391 (il10rb)	136,354,182,371
777653 (crfb2)	136,354,182,371
100126803 (ifnphi3)	45,354,91,371
360134 (ifnphi1)	45,354,91,371
405790 (ifng1)	45,354,91,371
100536675 (tyk2)	234,354,280,371
30280 (jak1)	234,354,280,371
30298 (jak2b)	234,354,280,371
30307 (jak2a)	234,354,280,371
373093 (hdr)	136,254,182,271
436866 (tnfsf10)	45,254,91,271
768248 (fas)	136,298,182,315
735295 (faslg)	45,298,91,315
373107 (birc2)	328,174,374,191
373108 (xiap)	328,174,374,191
557302 (casp8l2)	629,262,675,279
58022 (casp8)	629,262,675,279
373114 (cflara)	695,262,741,279
556823 (cylda)	563,262,609,279
561108 (cyldl)	563,262,609,279
280653 (trpm7)	762,711,808,728
403126 (tlr3)	328,445,374,462
567460 (ripk1l)	234,216,280,233
562317 (fadd)	629,245,675,262
564497 (tnfaip3)	664,371,710,388
562317 (fadd)	234,306,280,323
406243 (faf1)	234,289,280,306
567460 (ripk1l)	327,298,373,315
567460 (ripk1l)	234,254,280,271
100001092 (eif2ak2)	436,355,482,372
503703 (pkz)	436,355,482,372
100004555 (ripk3)	695,321,741,338
567460 (ripk1l)	563,321,609,338
403147 (ticam1)	328,401,374,418
100334178	328,191,374,208
431715 (rbck1)	328,191,374,208
567642 (si:dkey-181m9.8)	328,191,374,208
569903 (shrprbck1r)	328,191,374,208
793673 (sharpin)	328,191,374,208
567460 (ripk1l)	436,321,482,338
403013 (irf9)	328,332,374,349
30767 (stat3)	328,354,374,371
30768 (stat1a)	328,354,374,371
337413 (stat6)	328,354,374,371
368481 (stat1b)	328,354,374,371
368519 (stat4)	328,354,374,371
369197 (stat5a)	328,354,374,371
445474 (stat5b)	328,354,374,371
321622 (hmgb1a)	983,781,1029,798
795095 (hmgb1b)	983,781,1029,798
30573 (hsp90ab1)	614,371,660,388
30591 (hsp90aa1.1)	614,371,660,388
565155 (hsp90aa1.2)	614,371,660,388
100003387 (spata2l)	426,192,472,209
100149436 (si:ch211-189a15.5)	426,192,472,209
568830 (spata2)	426,192,472,209
563546 (usp21)	516,371,562,388
403051 (pygb)	822,321,868,338
493916 (pygl)	822,321,868,338
553655 (pygma)	822,321,868,338
100000775 (glula)	822,282,868,299
336473 (glulb)	822,282,868,299
566165 (glulc)	822,282,868,299
317737 (glud1a)	907,243,953,260
373092 (glud1b)	907,243,953,260
100038774 (si:dkey-251i10.1)	969,160,1015,177
192321 (slc25a5)	969,160,1015,177
327067 (slc25a4)	969,160,1015,177
566370 (slc25a6)	969,160,1015,177
556700 (smpd1)	849,455,895,472
492357 (pgam5)	962,517,1008,534
393896 (dnm1l)	1078,517,1124,534
566871 (si:dkey-32e23.4)	1078,517,1124,534
561595 (si:ch211-196h16.5)	962,572,1008,589
405770 (il1b)	1078,606,1124,623
57923 (pycard)	962,589,1008,606
57933 (caspa)	962,606,1008,623
100149273 (mapk9)	822,364,868,381
562720 (mapk8a)	822,364,868,381
569698 (mapk10)	822,364,868,381
65236 (mapk8b)	822,364,868,381
436651 (fthl27)	962,364,1008,381
58108 (fth1a)	962,364,1008,381
393417 (capn1a)	962,427,1008,444
406768 (zgc:55262)	962,427,1008,444
541374 (capn2a)	962,427,1008,444
553353 (si:ch211-202f3.3)	962,427,1008,444
563053 (capn2b)	962,427,1008,444
565106 (capn1b)	962,427,1008,444
565825 (si:dkeyp-50d11.2)	962,427,1008,444
30573 (hsp90ab1)	729,515,775,532
30591 (hsp90aa1.1)	729,515,775,532
565155 (hsp90aa1.2)	729,515,775,532
559425 (bida)	487,551,533,568
100000574 (si:ch73-368j24.13)	215,600,261,617
100000783 (si:ch73-368j24.14)	215,600,261,617
100001004 (si:ch73-368j24.15)	215,600,261,617
100004011 (hist1h2a11)	215,600,261,617
100004510 (si:dkey-23a13.20)	215,600,261,617
100004768 (si:dkey-261m9.7)	215,600,261,617
100006331 (si:dkey-23a13.14)	215,600,261,617
100125271 (hist1h2a3)	215,600,261,617
100148591	215,600,261,617
100151041 (si:ch1073-159d7.11)	215,600,261,617
100332229 (h2af1al)	215,600,261,617
100332885 (si:dkey-108k21.26)	215,600,261,617
100333615 (si:dkey-108k21.19)	215,600,261,617
100334621 (si:ch73-36p18.5)	215,600,261,617
100334934	215,600,261,617
100536331 (si:ch211-113a14.11)	215,600,261,617
100538134 (si:dkey-261m9.18)	215,600,261,617
101882533 (si:ch211-113a14.7)	215,600,261,617
103908687 (si:dkey-23a13.6)	215,600,261,617
103909881 (si:dkey-108k21.15)	215,600,261,617
103911344 (si:ch1073-159d7.9)	215,600,261,617
252913 (h2afva)	215,600,261,617
394048 (h2afx)	215,600,261,617
403077 (h2afvb)	215,600,261,617
449794 (h2afx1)	215,600,261,617
554094 (hist1h2a2)	215,600,261,617
558711 (h2afy2)	215,600,261,617
559220 (si:dkey-261m9.15)	215,600,261,617
560309 (si:ch211-113a14.16)	215,600,261,617
560527 (si:ch211-113a14.19)	215,600,261,617
561187 (si:ch211-113a14.26)	215,600,261,617
563177 (si:dkey-261m9.11)	215,600,261,617
565202 (si:ch1073-159d7.10)	215,600,261,617
570115	215,600,261,617
606720 (hist1h2a4)	215,600,261,617
678613 (h2afy)	215,600,261,617
373125 (aifm1)	608,617,654,634
100004321	573,551,619,568
58081 (baxa)	573,551,619,568
767645 (zgc:153993)	573,551,619,568
373125 (aifm1)	238,617,284,634
393417 (capn1a)	401,551,447,568
406768 (zgc:55262)	401,551,447,568
541374 (capn2a)	401,551,447,568
553353 (si:ch211-202f3.3)	401,551,447,568
563053 (capn2b)	401,551,447,568
565106 (capn1b)	401,551,447,568
565825 (si:dkeyp-50d11.2)	401,551,447,568
100007906 (parp2)	268,569,314,586
335495 (parp3)	268,569,314,586
558045 (parp4)	268,569,314,586
560788 (parp1)	268,569,314,586
100007048 (bcl2b)	539,589,585,606
570772 (bcl2a)	539,589,585,606
335519 (ppiab)	261,600,307,617
100148818 (si:ch73-55i23.1)	962,399,1008,416
30554 (pla2g4aa)	962,399,1008,416
559087 (pla2g4ab)	962,399,1008,416
565386 (pla2g4f.2)	962,399,1008,416
798864 (pla2g4f.1)	962,399,1008,416
436815 (camk2d2)	822,175,868,192
445208 (camk2d1)	822,175,868,192
550436 (camk2a)	822,175,868,192
562064 (camk2b1)	822,175,868,192
791855 (camk2g1)	822,175,868,192
793359 (camk2g2)	822,175,868,192
798222 (camk2b)	822,175,868,192
393386 (cybb)	822,103,868,120
100147988 (chmp6a)	608,671,654,688
336426 (chmp1b)	608,671,654,688
393164 (chmp4ba)	608,671,654,688
393351 (chmp5b)	608,671,654,688
393535 (chmp1a)	608,671,654,688
393754 (chmp7)	608,671,654,688
393880 (vps4b)	608,671,654,688
405840 (chmp2bb)	608,671,654,688
406621 (chmp3)	608,671,654,688
406766 (chmp4bb)	608,671,654,688
445397 (chmp6b)	608,671,654,688
550542 (chmp4c)	608,671,654,688
558613 (chmp5a)	608,671,654,688
569532 (chmp2ba)	608,671,654,688
767670 (vps4a)	608,671,654,688
798901 (chmp2a)	608,671,654,688
406452 (sqstm1)	565,371,611,388
322126 (vdac2)	998,177,1044,194
334582 (vdac1)	998,177,1044,194
393186 (zgc:56235)	998,177,1044,194
406529 (vdac3)	998,177,1044,194
415155 (ppid)	946,177,992,194
100038774 (si:dkey-251i10.1)	969,215,1015,232
192321 (slc25a5)	969,215,1015,232
327067 (slc25a4)	969,215,1015,232
566370 (slc25a6)	969,215,1015,232
dre04217: Necroptosis	40,45,149,70
map04668: TNF signaling pathway	231,148,360,168
dre04210: Apoptosis	616,162,687,182
map04922: Glucagon signaling pathway	1187,312,1289,342
dre00250: Alanine	1108,272,1225,302
aspartate and glutamate metabolism	1108,272,1225,302
