C00031 (D-Glucose)	137,509,4
C00195 (N-Acylsphingosine)	669,598,4
C21011 ([Protein]-N(epsilon)-(carboxymethyl)lysine)	216,509,4
C21012 ([Protein]-N(epsilon)-(carboxyethyl)lysine)	216,509,4
C21013 ([Protein]-pyrraline)	216,509,4
C21014 ([Protein]-pentosidine)	216,509,4
C21011 ([Protein]-N(epsilon)-(carboxymethyl)lysine)	216,903,4
C21012 ([Protein]-N(epsilon)-(carboxyethyl)lysine)	216,903,4
C21013 ([Protein]-pyrraline)	216,903,4
C21014 ([Protein]-pentosidine)	216,903,4
C00165 (Diacylglycerol)	467,357,4
C01245 (D-myo-Inositol 1,4,5-trisphosphate)	465,409,4
C00076 (Calcium cation)	511,409,4
101886314 (nox4)	303,541,349,558
393386 (cybb)	303,541,349,558
555604 (nox1)	303,541,349,558
415099 (rela)	885,449,931,466
565756 (nfkb1)	885,449,931,466
100006675 (prkcba)	447,895,493,912
393953 (prkcbb)	447,895,493,912
100149273 (mapk9)	751,895,797,912
562720 (mapk8a)	751,895,797,912
569698 (mapk10)	751,895,797,912
65236 (mapk8b)	751,895,797,912
30498 (egr1)	885,895,931,912
30380 (nras)	646,452,692,469
393228 (zgc:55558)	646,452,692,469
445289 (kras)	646,452,692,469
550286 (hrasa)	646,452,692,469
553656 (hrasb)	646,452,692,469
100002318 (mapk13)	751,372,797,389
266756 (mapk14b)	751,372,797,389
30681 (mapk12a)	751,372,797,389
415185 (mapk11)	751,372,797,389
557810 (mapk12b)	751,372,797,389
562552 (zgc:171775)	751,372,797,389
65237 (mapk14a)	751,372,797,389
360144 (mapk1)	751,328,797,345
399480 (mapk3)	751,328,797,345
369194 (tgfb2)	183,164,229,181
369195 (tgfb3)	183,164,229,181
560578 (tgfbr1a)	267,158,313,175
792928 (tgfbr1b)	267,158,313,175
30739 (tgfbr2b)	267,175,313,192
560446 (si:dkey-101k6.5)	267,175,313,192
30639 (smad2)	646,158,692,175
326283 (smad3b)	646,158,692,175
58092 (smad3a)	646,158,692,175
559111 (smad4a)	751,184,797,201
560317 (si:dkey-222b8.1)	751,184,797,201
58032 (edn1)	1122,446,1168,463
550423 (f3b)	1072,446,1118,463
567257 (f3a)	1072,446,1118,463
108180329 (thbd)	1022,472,1068,489
405770 (il1b)	1022,426,1068,443
100885851 (il6)	1072,426,1118,443
405785 (tnfa)	1022,446,1068,463
561971 (vcam1b)	1022,399,1068,416
100002946 (cxcl8a)	1122,426,1168,443
100003859 (cxcl8b.3)	1122,426,1168,443
335916 (jun)	885,354,931,371
30298 (jak2b)	447,757,493,774
30307 (jak2a)	447,757,493,774
369197 (stat5a)	646,824,692,841
445474 (stat5b)	646,824,692,841
30222 (ccnd1)	1022,823,1068,840
777730 (cdk4)	1022,840,1068,857
30767 (stat3)	646,775,692,792
30768 (stat1a)	646,775,692,792
368481 (stat1b)	646,775,692,792
100149273 (mapk9)	751,600,797,617
562720 (mapk8a)	751,600,797,617
569698 (mapk10)	751,600,797,617
65236 (mapk8b)	751,600,797,617
100002318 (mapk13)	751,622,797,639
266756 (mapk14b)	751,622,797,639
30681 (mapk12a)	751,622,797,639
415185 (mapk11)	751,622,797,639
557810 (mapk12b)	751,622,797,639
562552 (zgc:171775)	751,622,797,639
65237 (mapk14a)	751,622,797,639
100004321	885,639,931,656
58081 (baxa)	885,639,931,656
767645 (zgc:153993)	885,639,931,656
100007048 (bcl2b)	885,611,931,628
570772 (bcl2a)	885,611,931,628
140621 (casp3a)	1022,624,1068,641
566604 (casp3b)	1022,624,1068,641
100149794 (akt3b)	751,534,797,551
101910198 (akt1)	751,534,797,551
378972 (akt2)	751,534,797,551
403146 (akt2l)	751,534,797,551
560549 (akt3a)	751,534,797,551
101886015	389,455,435,472
323561 (col4a5)	1022,166,1068,183
325675 (col1a1b)	1022,166,1068,183
336471 (col1a2)	1022,166,1068,183
337158 (col1a1a)	1022,166,1068,183
553355 (col4a2)	1022,166,1068,183
554268 (col4a6)	1022,166,1068,183
554269 (col4a1)	1022,166,1068,183
100149273 (mapk9)	751,449,797,466
562720 (mapk8a)	751,449,797,466
569698 (mapk10)	751,449,797,466
65236 (mapk8b)	751,449,797,466
100000252 (pik3r3b)	542,581,588,598
100002263 (pik3cb)	542,581,588,598
394174 (pik3cd)	542,581,588,598
404211 (pik3r2)	542,581,588,598
557176 (pik3r1)	542,581,588,598
561737 (pik3ca)	542,581,588,598
567969 (foxo1b)	885,577,931,594
768121 (foxo1a)	885,577,931,594
327204 (rac1a)	646,498,692,515
336839 (cdc42)	646,498,692,515
556226 (cdc42l2)	646,498,692,515
562838 (rac1b)	646,498,692,515
792699 (rac1l)	646,498,692,515
793158 (cdc42l)	646,498,692,515
30767 (stat3)	646,730,692,747
572469 (pim1)	1022,680,1068,697
58054 (pim2)	1022,680,1068,697
568315 (nfatc1)	1022,729,1068,746
571865	1022,729,1068,746
30682 (vegfaa)	1022,349,1068,366
403049 (vegfc)	1022,349,1068,366
558154 (vegfab)	1022,349,1068,366
678512 (vegfd)	1022,349,1068,366
100136840 (serpine1)	1072,378,1118,395
337179 (mmp2)	1122,399,1168,416
325675 (col1a1b)	1022,775,1068,792
336471 (col1a2)	1022,775,1068,792
337158 (col1a1a)	1022,775,1068,792
100005075 (prkcea)	542,371,588,388
100006675 (prkcba)	542,371,588,388
100150844 (prkcdb)	542,371,588,388
100332055 (prkceb)	542,371,588,388
100333967 (si:ch73-374l24.1)	542,371,588,388
334571 (prkcda)	542,371,588,388
393953 (prkcbb)	542,371,588,388
497384 (prkcaa)	542,371,588,388
555737 (prkcz)	542,371,588,388
100001532 (plcb3)	389,372,435,389
100537538	389,372,435,389
337489 (plcd1b)	389,372,435,389
373867 (plcg1)	389,372,435,389
407700 (plcb4)	389,372,435,389
555443 (plcd1a)	389,372,435,389
561747 (plcg2)	389,372,435,389
562569 (plcd3b)	389,372,435,389
565669 (plcd4a)	389,372,435,389
568288 (plce1)	389,372,435,389
569040 (plcd3a)	389,372,435,389
569376 (plcb2)	389,372,435,389
359834 (tgfb1a)	1022,285,1068,302
563884 (tgfb1b)	1022,285,1068,302
359834 (tgfb1a)	183,185,229,202
563884 (tgfb1b)	183,185,229,202
100333455 (agtr1b)	267,260,313,277
794575 (agtr1a)	267,260,313,277
101886314 (nox4)	303,347,349,364
393386 (cybb)	303,347,349,364
555604 (nox1)	303,347,349,364
368329 (cdkn1bb)	1022,106,1068,123
402862 (cdkn1ba)	1022,106,1068,123
100005469 (fn1a)	1022,149,1068,166
322485 (agt)	183,260,229,277
dre04933: AGE-RAGE signaling pathway in diabetic complications	40,45,510,70
dre04010: MAPK signaling pathway	811,263,915,297
dre04350: TGF-beta signaling pathway	369,172,473,206
map04151: PI3K-Akt signaling pathway	362,606,471,640
map04630: JAK-STAT signaling pathway	358,704,480,738
dre04110: Cell cycle	1105,807,1174,832
map04614: Renin-angiotensin system	371,265,478,299
dre04020: Calcium signaling pathway	517,330,617,364
