334839 (gtf2h4)	645,879,691,896
436837 (gtf2h3)	645,862,691,879
323239 (gtf2h2)	645,845,691,862
447857 (gtf2h1)	645,828,691,845
393900 (ercc2)	599,845,645,862
751713 (gtf2h5)	599,862,645,879
324323 (ercc3)	599,828,645,845
541325 (ccnh)	553,862,599,879
450080 (mnat1)	553,845,599,862
405897 (cdk7)	553,828,599,845
393599 (ddb1)	961,299,1007,316
394002 (cul4a)	961,282,1007,299
560313 (cul4b)	961,282,1007,299
449846 (rbx1)	961,265,1007,282
450080 (mnat1)	743,471,789,488
556995 (lig1)	862,890,908,907
100037336 (rfc1)	830,770,876,787
259256 (rfc3)	830,770,876,787
406435 (rfc4)	830,770,876,787
445385 (rfc5)	830,770,876,787
503748 (rfc2)	830,770,876,787
30678 (pcna)	830,747,876,764
192320 (pole2)	775,770,821,787
393774 (pole3)	775,770,821,787
553405 (pole)	775,770,821,787
553610 (pole4)	775,770,821,787
327322 (ercc4)	829,602,875,619
541502 (ercc5)	960,454,1006,471
556456 (pold1)	775,747,821,764
571834 (im:7142218)	775,747,821,764
692256 (pold3)	775,747,821,764
796456 (pold2)	775,747,821,764
327491 (rpa1)	1017,471,1063,488
393196 (rpa3)	1017,471,1063,488
65226 (rpa2)	1017,471,1063,488
334839 (gtf2h4)	835,505,881,522
100001425 (ercc1)	829,619,875,636
393443 (xpa)	1017,454,1063,471
436837 (gtf2h3)	835,488,881,505
323239 (gtf2h2)	835,471,881,488
751713 (gtf2h5)	789,488,835,505
100004133 (ddb2)	721,313,767,330
393599 (ddb1)	721,296,767,313
394002 (cul4a)	721,279,767,296
560313 (cul4b)	721,279,767,296
449846 (rbx1)	721,262,767,279
324323 (ercc3)	789,454,835,471
100006257 (cetn2)	813,295,859,312
447857 (gtf2h1)	835,454,881,471
393536 (rad23b)	813,278,859,295
445284 (rad23aa)	813,278,859,295
562839 (rad23ab)	813,278,859,295
449811 (ercc8)	961,316,1007,333
393900 (ercc2)	789,471,835,488
560477 (ercc6)	1013,265,1059,282
541386 (xpc)	813,261,859,278
541325 (ccnh)	743,488,789,505
405897 (cdk7)	743,454,789,471
dre03020: RNA polymerase	1074,225,1176,250
dre03020: RNA polymerase	468,215,570,240
dre04120: Ubiquitin mediated proteolysis	830,335,960,369
dre03420: Nucleotide excision repair	40,45,282,70
