100006685 (fancm)	298,388,344,405
692125 (fanca)	293,320,339,337
692127 (fancc)	279,337,325,354
394241 (fancd2)	132,344,178,361
324185 (fanci)	132,327,178,344
565685 (fance)	279,354,325,371
692250 (fancf)	298,371,344,388
402936 (fancg)	325,354,371,371
406255 (fancl)	233,337,279,354
558923 (palb2)	323,509,369,526
100001169 (si:dkey-57h18.1)	247,320,293,337
572540 (blm)	440,367,486,384
100006685 (fancm)	279,127,325,144
393149 (rmi1)	394,350,440,367
563218 (rmi2)	440,350,486,367
560212 (top3a)	394,367,440,384
793414 (top3b)	394,367,440,384
558534 (atrip)	123,146,169,163
567770 (atr)	123,163,169,180
327491 (rpa1)	440,429,486,446
393196 (rpa3)	440,429,486,446
65226 (rpa2)	440,429,486,446
777634 (telo2)	233,153,279,170
566758 (brca2)	323,493,369,510
393632 (mlh1)	249,597,295,614
794038 (brip1)	249,554,295,571
450081 (rad51c)	402,492,448,509
565458 (fan1)	132,603,176,620
322007 (usp1)	168,284,214,301
334682 (wdr48b)	168,267,214,284
777754 (wdr48a)	168,267,214,284
768152 (ube2t)	224,363,270,380
570043 (rev1)	165,480,211,497
100332714 (cenpx)	325,127,371,144
569270 (cenps)	325,127,371,144
100332714 (cenpx)	344,388,390,405
569270 (cenps)	344,388,390,405
678520 (polh)	265,480,311,497
562749 (polk)	215,502,261,519
569100 (rev3l)	215,480,261,497
550532 (poli)	165,502,211,519
565276 (pms2)	249,614,295,631
406839 (mus81)	440,215,486,232
100332307 (eme2)	440,232,486,249
558350 (eme1)	440,232,486,249
327322 (ercc4)	440,270,486,287
100001425 (ercc1)	440,287,486,304
100001845 (slx1b)	498,270,544,287
100538153 (slx4)	498,287,544,304
406487 (rad51)	402,515,448,532
559470 (faap24)	279,144,325,161
559470 (faap24)	298,405,344,422
140613 (her9)	353,320,399,337
30288 (her6)	353,320,399,337
566857 (poln)	265,502,311,519
dre03460: Fanconi anemia pathway	40,45,279,70
dre03440: Homologous recombination	402,675,494,709
dre03430: Mismatch repair	228,675,320,700
