G00010	408,183,4
C00076 (Calcium cation)	640,437,4
G00010	378,329,4
G00009	333,194,4
G00011	501,391,4
G00011	528,167,4
G10694	616,166,4
G00012	634,396,4
406514 (atf4a)	273,629,319,646
556410 (atf4b)	273,629,319,646
100149273 (mapk9)	527,629,573,646
562720 (mapk8a)	527,629,573,646
569698 (mapk10)	527,629,573,646
65236 (mapk8b)	527,629,573,646
100005446	525,513,571,530
557526 (traf2b)	525,513,571,530
564295 (traf2a)	525,513,571,530
100005496 (si:ch211-1i11.3)	527,552,573,569
555703 (map3k5)	527,552,573,569
560913 (map2k7)	527,590,573,607
321564 (eif2s1b)	275,513,321,530
406757 (canx)	417,117,463,134
30248 (calr3a)	418,173,464,190
321315 (calr3b)	418,173,464,190
325317 (calr)	418,173,464,190
378851 (pdia3)	418,143,464,160
405841 (pdia7)	418,143,464,160
445123 (pdia8)	418,143,464,160
393417 (capn1a)	618,513,664,530
406768 (zgc:55262)	618,513,664,530
541374 (capn2a)	618,513,664,530
553353 (si:ch211-202f3.3)	618,513,664,530
563053 (capn2b)	618,513,664,530
565106 (capn1b)	618,513,664,530
565825 (si:dkeyp-50d11.2)	618,513,664,530
192298 (sec61a1)	35,192,81,209
266796 (sec61a1l)	35,192,81,209
436772 (sec61g)	35,192,81,209
791986 (sec61b)	35,192,81,209
327197 (vcp)	920,371,966,388
192298 (sec61a1)	744,408,790,425
266796 (sec61a1l)	744,408,790,425
436772 (sec61g)	744,408,790,425
791986 (sec61b)	744,408,790,425
266797 (stt3a)	114,221,160,238
323918 (stt3b)	114,221,160,238
325561 (rpn1)	114,221,160,238
335985 (rpn2)	114,221,160,238
406408 (ddost)	114,221,160,238
553582 (tusc3)	114,221,160,238
566527 (dad1)	114,221,160,238
394164 (edem1)	570,358,616,375
402801 (edem2)	570,358,616,375
559811 (edem3)	570,358,616,375
100000526 (sec24a)	771,151,817,168
327268 (sec23b)	771,151,817,168
334633 (sec24b)	771,151,817,168
406774 (sec23a)	771,151,817,168
553407 (sec24d)	771,151,817,168
571870 (sec24c)	771,151,817,168
557960 (lman2)	642,169,688,186
559775 (lman1)	642,189,688,206
436724 (ufd1l)	924,435,970,452
327447 (nploc4)	924,418,970,435
393321 (ero1a)	699,324,745,341
767700 (ero1b)	699,324,745,341
101882461	543,169,589,186
335538 (man1a2)	543,169,589,186
556237 (man1b1b)	543,169,589,186
562592 (man1b1a)	543,169,589,186
566078 (man1a1)	543,169,589,186
100334730 (ganab)	344,169,390,186
394028 (prkcsh)	344,169,390,186
100334730 (ganab)	479,267,525,284
394028 (prkcsh)	479,267,525,284
567913 (mogs)	344,135,390,152
497542 (uggt2)	395,243,441,260
553288 (uggt1)	395,243,441,260
101882461	571,391,617,408
335538 (man1a2)	571,391,617,408
556237 (man1b1b)	571,391,617,408
562592 (man1b1a)	571,391,617,408
566078 (man1a1)	571,391,617,408
100002072 (march6)	736,595,782,612
335226 (syvn1)	737,684,783,701
100000479 (ube2g1b)	737,700,783,717
334133 (ube2g1a)	737,700,783,717
550464 (ube2g2)	737,700,783,717
378848 (hspa5)	199,294,245,313
436861 (sec63)	35,209,81,226
563660 (sec62)	35,209,81,226
100004321	617,448,663,465
58081 (baxa)	617,448,663,465
767645 (zgc:153993)	617,448,663,465
558071 (atf6)	400,469,446,486
777612 (atf6b)	400,469,446,486
567021 (ern2)	525,469,571,486
100001092 (eif2ak2)	275,469,321,486
100149925 (eif2ak4)	275,469,321,486
503703 (pkz)	275,469,321,486
559564 (eif2ak3)	275,469,321,486
565338 (eif2ak1)	275,469,321,486
326710 (mbtps1)	428,526,474,543
334658 (mbtps2)	428,547,474,564
140614 (xbp1)	466,621,512,638
556580 (wfs1b)	372,547,418,564
393536 (rad23b)	987,384,1033,401
445284 (rad23aa)	987,384,1033,401
562839 (rad23ab)	987,384,1033,401
334337 (ubqln4)	986,362,1032,379
553627 (ngly1)	987,401,1033,418
100000479 (ube2g1b)	736,612,782,629
100037384 (ube2j2)	736,612,782,629
334133 (ube2g1a)	736,612,782,629
406794 (ube2j1)	736,612,782,629
550464 (ube2g2)	736,612,782,629
170784 (ube4b)	1039,362,1085,379
550411 (yod1)	1014,315,1060,332
394079 (atxn3)	1039,384,1085,401
324855 (plaa)	1014,332,1060,349
100126123 (hsp70.1)	894,259,940,276
30671 (hsp70.3)	894,259,940,276
393586 (hsc70)	894,259,940,276
560210 (hsp70l)	894,259,940,276
573376 (hspa8)	894,259,940,276
798846 (si:ch211-199o1.2)	894,259,940,276
568615 (sel1l)	847,666,893,683
335226 (syvn1)	882,683,928,700
393877 (derl3)	843,306,889,323
406753 (derl1)	843,306,889,323
554093 (derl2)	843,306,889,323
553455 (os9)	753,338,799,355
565499 (herpud1)	836,683,882,700
368331 (erlec1)	753,360,799,377
100000479 (ube2g1b)	882,700,928,717
100037384 (ube2j2)	882,700,928,717
334133 (ube2g1a)	882,700,928,717
406794 (ube2j1)	882,700,928,717
550464 (ube2g2)	882,700,928,717
735249 (selenos)	893,649,939,666
449846 (rbx1)	1038,666,1084,683
559776 (zgc:175088)	992,700,1038,717
100001914 (ube2d4)	949,621,995,638
321832 (ube2d3)	949,621,995,638
324015 (ube2d1b)	949,621,995,638
335444 (ube2d2l)	949,621,995,638
393934 (ube2d2)	949,621,995,638
394085 (ube2d1a)	949,621,995,638
322863 (dnajc5ga)	995,595,1041,612
323922 (dnaja1)	995,595,1041,612
324005 (dnajb12a)	995,595,1041,612
327244 (dnajb1b)	995,595,1041,612
386768 (dnajc5aa)	995,595,1041,612
393371 (dnajc5gb)	995,595,1041,612
406814 (dnaja2a)	995,595,1041,612
445177 (dnajb1a)	995,595,1041,612
561686 (dnajb2)	995,595,1041,612
571681 (dnajc5b)	995,595,1041,612
100126123 (hsp70.1)	995,612,1041,629
30671 (hsp70.3)	995,612,1041,629
393586 (hsc70)	995,612,1041,629
560210 (hsp70l)	995,612,1041,629
573376 (hspa8)	995,612,1041,629
798846 (si:ch211-199o1.2)	995,612,1041,629
324243 (stub1)	995,629,1041,646
322160 (pdia6)	700,360,746,377
406289 (txndc5)	700,360,746,377
406673 (p4hb)	700,360,746,377
554998 (pdia4)	700,360,746,377
322544 (dnajc3a)	199,311,245,328
386709 (dnajb11)	199,311,245,328
553324 (dnajc1)	199,311,245,328
557858 (dnajc10)	199,311,245,328
492805 (nsfl1c)	843,369,889,386
554960 (ubxn6)	843,369,889,386
322863 (dnajc5ga)	894,276,940,293
323922 (dnaja1)	894,276,940,293
324005 (dnajb12a)	894,276,940,293
327244 (dnajb1b)	894,276,940,293
386768 (dnajc5aa)	894,276,940,293
393371 (dnajc5gb)	894,276,940,293
406814 (dnaja2a)	894,276,940,293
445177 (dnajb1a)	894,276,940,293
561686 (dnajb2)	894,276,940,293
571681 (dnajc5b)	894,276,940,293
550464 (ube2g2)	848,612,894,629
100006207 (si:ch73-147o17.1)	869,401,915,418
100001914 (ube2d4)	992,675,1038,692
321832 (ube2d3)	992,675,1038,692
324015 (ube2d1b)	992,675,1038,692
335444 (ube2d2l)	992,675,1038,692
393934 (ube2d2)	992,675,1038,692
394085 (ube2d1a)	992,675,1038,692
393716 (skp1)	1038,700,1084,717
323883 (cul1a)	1038,683,1084,700
406816 (cul1b)	1038,683,1084,700
393877 (derl3)	893,612,939,629
406753 (derl1)	893,612,939,629
554093 (derl2)	893,612,939,629
100537822 (rnf5)	893,595,939,612
406310 (rnf185)	893,595,939,612
406753 (derl1)	893,666,939,683
30573 (hsp90ab1)	947,259,993,276
30591 (hsp90aa1.1)	947,259,993,276
565155 (hsp90aa1.2)	947,259,993,276
360149 (nfe2l2a)	327,526,373,543
100148383 (sec31b)	771,134,817,151
266638 (sec31a)	771,134,817,151
798071 (sec13)	771,134,817,151
550581 (sar1ab)	725,151,771,168
554177 (sar1b)	725,151,771,168
436911 (preb)	725,189,771,206
386590 (hsp90b1)	254,294,300,311
100007048 (bcl2b)	340,748,386,765
570772 (bcl2a)	340,748,386,765
100007048 (bcl2b)	646,485,692,502
570772 (bcl2a)	646,485,692,502
266757 (tram1)	843,289,889,306
324243 (stub1)	1051,595,1097,612
550328 (prkn)	1051,612,1097,629
338155 (hspbp1)	894,299,940,316
393975 (bag2)	894,299,940,316
558108 (bag1)	894,299,940,316
562019 (hspa4l)	894,299,940,316
100000769 (cryaa)	947,299,993,316
30393 (cryaba)	947,299,993,316
327133 (hyou1)	153,294,199,311
568308 (si:ch211-195b11.7)	153,294,199,311
567913 (mogs)	114,237,160,254
406549 (ckap4)	160,237,206,254
553448 (rrbp1a)	212,203,258,220
567029 (rrbp1b)	212,203,258,220
368488 (bcap31)	744,391,790,408
326701 (ssr4)	698,408,744,425
337190 (ssr3)	698,408,744,425
373100 (ssr1)	698,408,744,425
83414 (ssr2)	698,408,744,425
406442 (amfra)	893,578,939,595
dre04141: Protein processing in endoplasmic reticulum	40,45,460,70
dre03060: Protein export	9,145,101,170
dre04210: Apoptosis	601,626,681,651
dre03050: Proteasome	1098,344,1190,369
dre00510: N-Glycan biosynthesis	277,233,369,267
dre04210: Apoptosis	325,782,405,807
map05010: Alzheimer disease	18,485,110,519
map05012: Parkinson disease	18,530,110,564
map05020: Prion diseases	17,450,109,475
map04930: Type II diabetes mellitus	18,574,110,608
