C00076 (Calcium cation)	195,255,4
C00076 (Calcium cation)	374,263,4
C00076 (Calcium cation)	651,365,4
C00076 (Calcium cation)	193,476,4
C01330 (Sodium cation)	280,486,4
C01330 (Sodium cation)	688,67,4
C00076 (Calcium cation)	414,364,4
C00080 (H+)	839,394,4
C00080 (H+)	838,279,4
C01330 (Sodium cation)	821,317,4
C00076 (Calcium cation)	757,316,4
C01330 (Sodium cation)	773,394,4
C00238 (Potassium cation)	758,90,4
C01330 (Sodium cation)	748,189,4
C00080 (H+)	815,189,4
C01330 (Sodium cation)	825,92,4
100003220 (cacng6b)	212,247,258,264
100003329 (cacng8b)	212,247,258,264
100034540 (cacng7a)	212,247,258,264
100034580 (cacng6a)	212,247,258,264
100148645 (cacna2d3)	212,247,258,264
100331116 (cacng5b)	212,247,258,264
100535196 (cacna2d3a)	212,247,258,264
170581 (cacna1c)	212,247,258,264
322013 (cacng1a)	212,247,258,264
393614 (cacng2a)	212,247,258,264
403310 (cacna1da)	212,247,258,264
405791 (cacna1sb)	212,247,258,264
436925 (cacnb1)	212,247,258,264
559964 (cacna1fb)	212,247,258,264
561434 (cacna2d1a)	212,247,258,264
562422 (cacnb4a)	212,247,258,264
564883 (cacng3b)	212,247,258,264
565158 (cacnb3a)	212,247,258,264
567438 (cacng3a)	212,247,258,264
568225 (cacna2d4a)	212,247,258,264
568759 (cacna2d2b)	212,247,258,264
570683 (cacna1sa)	212,247,258,264
571193 (cacng1b)	212,247,258,264
678560 (cacnb4b)	212,247,258,264
794222 (cacng4b)	212,247,258,264
795492 (cacnb2a)	212,247,258,264
797409 (cacng5a)	212,247,258,264
100126126 (ryr2a)	310,252,356,269
568463 (ryr2b)	310,252,356,269
553489 (slc8a1a)	659,131,705,148
560561 (slc8a3)	659,131,705,148
567212 (slc8a2b)	659,131,705,148
568512 (slc8a4a)	659,131,705,148
797199 (slc8a1b)	659,131,705,148
553489 (slc8a1a)	212,473,258,490
560561 (slc8a3)	212,473,258,490
567212 (slc8a2b)	212,473,258,490
568512 (slc8a4a)	212,473,258,490
797199 (slc8a1b)	212,473,258,490
260440 (atp2a1)	564,302,610,319
393940 (atp2a2a)	564,302,610,319
494489 (atp2a1l)	564,302,610,319
562640 (si:dkey-28b4.8)	564,302,610,319
568265 (atp2a2b)	564,302,610,319
568671 (atp2a3)	564,302,610,319
353247 (tnnc1a)	392,392,438,409
415175 (tnnc1b)	392,392,438,409
353247 (tnnc1a)	630,392,676,409
415175 (tnnc1b)	630,392,676,409
58071 (tnnt2a)	432,428,478,445
337770 (si:ch73-187m15.4)	376,491,422,508
408256 (actc1a)	376,491,422,508
570210 (zgc:86709)	376,491,422,508
58114 (actc1b)	376,491,422,508
30324 (tpma)	401,474,447,491
324244 (tpm4b)	401,474,447,491
373076 (tpm3)	401,474,447,491
393908 (tpm1)	401,474,447,491
406437 (tpm4a)	401,474,447,491
415209 (tpm2)	401,474,447,491
100329748	376,545,422,562
100329813	376,545,422,562
100537244 (myl2a)	376,545,422,562
100884147 (myh7ba)	376,545,422,562
30616 (myh7)	376,545,422,562
574004 (myl4)	376,545,422,562
677750 (myl2b)	376,545,422,562
768300 (myh7l)	376,545,422,562
58071 (tnnt2a)	673,428,719,445
337770 (si:ch73-187m15.4)	625,491,671,508
408256 (actc1a)	625,491,671,508
570210 (zgc:86709)	625,491,671,508
58114 (actc1b)	625,491,671,508
30324 (tpma)	650,474,696,491
324244 (tpm4b)	650,474,696,491
373076 (tpm3)	650,474,696,491
393908 (tpm1)	650,474,696,491
406437 (tpm4a)	650,474,696,491
415209 (tpm2)	650,474,696,491
100329748	625,545,671,562
100329813	625,545,671,562
100537244 (myl2a)	625,545,671,562
100884147 (myh7ba)	625,545,671,562
30616 (myh7)	625,545,671,562
574004 (myl4)	625,545,671,562
677750 (myl2b)	625,545,671,562
768300 (myh7l)	625,545,671,562
553489 (slc8a1a)	742,346,788,363
560561 (slc8a3)	742,346,788,363
567212 (slc8a2b)	742,346,788,363
568512 (slc8a4a)	742,346,788,363
797199 (slc8a1b)	742,346,788,363
100002384 (cox5b1)	856,271,902,288
100333064 (uqcr10)	856,271,902,288
100333135 (si:ch1073-325m22.2)	856,271,902,288
140512 (CYTB)	856,271,902,288
140539 (COX1)	856,271,902,288
140540 (COX2)	856,271,902,288
140541 (COX3)	856,271,902,288
322549 (uqcrc2b)	856,271,902,288
326962 (cox5ab)	856,271,902,288
326975 (cox4i1)	856,271,902,288
335751 (cox7a2l)	856,271,902,288
335774 (cox6a1)	856,271,902,288
336118 (cox7c)	856,271,902,288
393478 (cox6b2)	856,271,902,288
393776 (cox4i2)	856,271,902,288
393793 (uqcrc1)	856,271,902,288
402880 (cox4i1l)	856,271,902,288
406359 (uqcrfs1)	856,271,902,288
415253 (zgc:86599)	856,271,902,288
436768 (uqcrq)	856,271,902,288
436930 (uqcrc2a)	856,271,902,288
436968 (cox6b1)	856,271,902,288
447942 (cox6a2)	856,271,902,288
494577 (cox6c)	856,271,902,288
554101 (cox5aa)	856,271,902,288
554103 (cox7a2a)	856,271,902,288
554154 (uqcrb)	856,271,902,288
557348 (cox8a)	856,271,902,288
563476 (cox7b)	856,271,902,288
564379 (cyc1)	856,271,902,288
566723 (uqcrh)	856,271,902,288
569770 (cox8b)	856,271,902,288
751638 (cox5b2)	856,271,902,288
100037383 (atp1b4)	729,131,775,148
114457 (atp1b2b)	729,131,775,148
245703 (atp1a1a.5)	729,131,775,148
30468 (atp1b3a)	729,131,775,148
64267 (atp1b1a)	729,131,775,148
64269 (atp1b2a)	729,131,775,148
64272 (atp1b3b)	729,131,775,148
64273 (atp1b1b)	729,131,775,148
64609 (atp1a2a)	729,131,775,148
64610 (atp1a3a)	729,131,775,148
64611 (atp1a3b)	729,131,775,148
64612 (atp1a1a.1)	729,131,775,148
64613 (atp1a1a.2)	729,131,775,148
64614 (atp1a1a.3)	729,131,775,148
64615 (atp1a1a.4)	729,131,775,148
64616 (atp1a1b)	729,131,775,148
794522 (si:ch211-139a5.9)	729,131,775,148
101885761 (slc9a1a)	797,132,843,149
795135 (slc9a1b)	797,132,843,149
100038781 (trdn)	310,279,356,296
559236 (unm_hu7910)	310,225,356,242
114410 (casq2)	411,245,457,262
553296 (hrc)	506,285,552,302
553296 (hrc)	381,285,427,302
dre04260: Cardiac muscle contraction	40,45,296,70
dre04020: Calcium signaling pathway	424,164,541,198
