C00965 (1,3-beta-D-Glucan)	104,265,4
C00159 (D-Mannose)	104,447,4
C01019 (6-Deoxy-L-galactose)	104,559,4
C00159 (D-Mannose)	104,362,4
C01245 (D-myo-Inositol 1,4,5-trisphosphate)	373,219,4
C00076 (Calcium cation)	559,205,4
C00027 (Hydrogen peroxide)	560,264,4
C16844 (Hydroxyl radical)	560,264,4
C21790 (Trehalose dimycolate)	104,767,4
C21791 (Rhodocytin)	104,828,4
C01245 (D-myo-Inositol 1,4,5-trisphosphate)	462,829,4
C00076 (Calcium cation)	652,814,4
C21790 (Trehalose dimycolate)	104,716,4
C00165 (Diacylglycerol)	374,328,4
C21790 (Trehalose dimycolate)	103,661,4
C00159 (D-Mannose)	103,676,4
C00584 (Prostaglandin E2)	1248,358,4
G13115 (Mannose-capped lipoarabinomannan)	104,380,4
G13115 (Mannose-capped lipoarabinomannan)	104,465,4
100101464 (fcer1g)	156,381,202,398
100536902 (lsp1)	156,488,202,505
100150814 (ksr1a)	515,471,561,488
334202 (plk3)	515,505,561,522
325084 (src)	361,516,407,533
565756 (nfkb1)	1123,505,1169,522
30716 (raf1a)	515,488,561,505
557109 (raf1b)	515,488,561,505
373103 (pak1)	361,450,407,467
100317924 (mras)	361,488,407,505
100536317 (si:ch73-116o1.2)	361,488,407,505
30380 (nras)	361,488,407,505
393228 (zgc:55558)	361,488,407,505
445289 (kras)	361,488,407,505
449660 (rras)	361,488,407,505
550286 (hrasa)	361,488,407,505
550513 (rras2)	361,488,407,505
553656 (hrasb)	361,488,407,505
415099 (rela)	1123,488,1169,505
100101464 (fcer1g)	156,678,202,695
100101464 (fcer1g)	156,725,202,742
405769 (syk)	253,256,299,273
333979 (ptpn11a)	253,240,299,257
393426 (ptpn11b)	253,240,299,257
541530 (ikbkg)	783,312,829,329
393287 (chuk)	783,329,829,346
563560 (ikbkb)	783,329,829,346
565756 (nfkb1)	957,330,1003,347
415099 (rela)	957,313,1003,330
100004358 (zmp:0000001127)	1243,141,1289,158
445373 (il12ba)	1243,141,1289,158
445410 (il12a)	1243,141,1289,158
561595 (si:ch211-196h16.5)	608,256,654,273
57933 (caspa)	783,256,829,273
100536902 (lsp1)	156,126,202,143
57923 (pycard)	654,256,700,273
405770 (il1b)	956,227,1002,244
405770 (il1b)	1243,290,1289,307
557302 (casp8l2)	783,284,829,301
58022 (casp8)	783,284,829,301
57923 (pycard)	829,284,875,301
100885851 (il6)	1243,486,1289,503
100004358 (zmp:0000001127)	1292,506,1338,523
445373 (il12ba)	1292,506,1338,523
445410 (il12a)	1292,506,1338,523
562455 (arhgef12a)	253,489,299,506
571031 (arhgef12b)	253,489,299,506
100006041 (rhoab)	253,450,299,467
406411 (rhoaa)	253,450,299,467
406659 (rhoac)	253,450,299,467
436718 (rhocb)	253,450,299,467
751630 (zgc:153713)	253,450,299,467
100536902 (lsp1)	156,588,202,605
556823 (cylda)	361,621,407,638
561108 (cyldl)	361,621,407,638
437024 (ikbke)	361,556,407,573
30768 (stat1a)	515,556,561,573
368481 (stat1b)	515,556,561,573
30768 (stat1a)	1124,556,1170,573
368481 (stat1b)	1124,556,1170,573
403013 (irf9)	1124,539,1170,556
553961 (il17d)	1243,556,1289,573
565656 (bcl3)	515,621,561,638
327321 (mapkapk2a)	253,588,299,605
565656 (bcl3)	1124,610,1170,627
565756 (nfkb1)	1124,627,1170,644
553957 (il10)	1243,585,1289,602
100885851 (il6)	1243,632,1289,649
100004358 (zmp:0000001127)	1243,652,1289,669
445373 (il12ba)	1243,652,1289,669
445410 (il12a)	1243,652,1289,669
405769 (syk)	253,382,299,399
333979 (ptpn11a)	253,399,299,416
393426 (ptpn11b)	253,399,299,416
565756 (nfkb1)	957,451,1003,468
415099 (rela)	957,434,1003,451
100885851 (il6)	1243,434,1289,451
405770 (il1b)	1243,454,1289,471
323099 (nfkbiab)	886,442,932,459
406463 (nfkbiaa)	886,442,932,459
565756 (nfkb1)	1124,452,1170,469
415099 (rela)	1124,435,1170,452
405769 (syk)	253,757,299,774
796425 (card9)	361,757,407,774
100334750 (bcl10)	407,757,453,774
259196 (malt2)	453,757,499,774
561914 (malt1)	453,757,499,774
571242 (malt3)	453,757,499,774
565756 (nfkb1)	957,765,1003,782
415099 (rela)	957,748,1003,765
323099 (nfkbiab)	886,756,932,773
406463 (nfkbiaa)	886,756,932,773
100885851 (il6)	1243,747,1289,764
100004358 (zmp:0000001127)	1243,767,1289,784
445373 (il12ba)	1243,767,1289,784
445410 (il12a)	1243,767,1289,784
405770 (il1b)	1292,767,1338,784
565756 (nfkb1)	1124,765,1170,782
415099 (rela)	1124,748,1170,765
100317924 (mras)	258,126,304,143
100536317 (si:ch73-116o1.2)	258,126,304,143
30380 (nras)	258,126,304,143
393228 (zgc:55558)	258,126,304,143
445289 (kras)	258,126,304,143
449660 (rras)	258,126,304,143
550286 (hrasa)	258,126,304,143
550513 (rras2)	258,126,304,143
553656 (hrasb)	258,126,304,143
100150844 (prkcdb)	444,320,490,337
334571 (prkcda)	444,320,490,337
323099 (nfkbiab)	887,320,933,337
406463 (nfkbiaa)	887,320,933,337
561747 (plcg2)	350,256,396,273
360144 (mapk1)	444,256,490,273
399480 (mapk3)	444,256,490,273
100333254 (nfatc2a)	956,197,1002,214
561682 (nfatc4)	956,197,1002,214
561772 (nfatc3a)	956,197,1002,214
566869 (nfatc3b)	956,197,1002,214
568315 (nfatc1)	956,197,1002,214
571865	956,197,1002,214
447814 (ppp3r1b)	782,197,828,214
550554 (ppp3cb)	782,197,828,214
557926 (ppp3cca)	782,197,828,214
564337 (ppp3r1a)	782,197,828,214
565241 (ppp3ccb)	782,197,828,214
794574 (ppp3ca)	782,197,828,214
100149388 (itpr1b)	444,212,490,229
562585 (itpr2)	444,212,490,229
567611 (itpr1a)	444,212,490,229
794666 (itpr3)	444,212,490,229
100004261 (map3k14a)	444,167,490,184
795766	444,167,490,184
565756 (nfkb1)	1124,330,1170,347
415099 (rela)	1124,313,1170,330
100333254 (nfatc2a)	1124,197,1170,214
561682 (nfatc4)	1124,197,1170,214
561772 (nfatc3a)	1124,197,1170,214
566869 (nfatc3b)	1124,197,1170,214
568315 (nfatc1)	1124,197,1170,214
571865	1124,197,1170,214
565756 (nfkb1)	725,505,771,522
415099 (rela)	725,488,771,505
405785 (tnfa)	1292,454,1338,471
553957 (il10)	1243,506,1289,523
565756 (nfkb1)	725,598,771,615
556277 (cblb)	253,316,299,333
541530 (ikbkg)	783,434,829,451
393287 (chuk)	783,451,829,468
563560 (ikbkb)	783,451,829,468
100101464 (fcer1g)	156,785,202,802
405769 (syk)	253,820,299,837
561747 (plcg2)	361,820,407,837
100333254 (nfatc2a)	957,806,1003,823
561682 (nfatc4)	957,806,1003,823
561772 (nfatc3a)	957,806,1003,823
566869 (nfatc3b)	957,806,1003,823
568315 (nfatc1)	957,806,1003,823
571865	957,806,1003,823
100149388 (itpr1b)	530,821,576,838
562585 (itpr2)	530,821,576,838
567611 (itpr1a)	530,821,576,838
794666 (itpr3)	530,821,576,838
100333254 (nfatc2a)	1124,805,1170,822
561682 (nfatc4)	1124,805,1170,822
561772 (nfatc3a)	1124,805,1170,822
566869 (nfatc3b)	1124,805,1170,822
568315 (nfatc1)	1124,805,1170,822
571865	1124,805,1170,822
553961 (il17d)	1243,805,1289,822
796425 (card9)	423,381,469,398
100334750 (bcl10)	469,381,515,398
259196 (malt2)	515,381,561,398
561914 (malt1)	515,381,561,398
571242 (malt3)	515,381,561,398
796425 (card9)	543,320,589,337
100334750 (bcl10)	589,320,635,337
259196 (malt2)	635,320,681,337
561914 (malt1)	635,320,681,337
571242 (malt3)	635,320,681,337
30716 (raf1a)	444,126,490,143
557109 (raf1b)	444,126,490,143
100004358 (zmp:0000001127)	1292,310,1338,327
445373 (il12ba)	1292,310,1338,327
445410 (il12a)	1292,310,1338,327
405769 (syk)	253,678,299,695
796425 (card9)	361,678,407,695
100334750 (bcl10)	407,678,453,695
259196 (malt2)	453,678,499,695
561914 (malt1)	453,678,499,695
571242 (malt3)	453,678,499,695
100000252 (pik3r3b)	639,678,685,695
100002263 (pik3cb)	639,678,685,695
394174 (pik3cd)	639,678,685,695
404211 (pik3r2)	639,678,685,695
557176 (pik3r1)	639,678,685,695
561737 (pik3ca)	639,678,685,695
100149794 (akt3b)	783,678,829,695
101910198 (akt1)	783,678,829,695
378972 (akt2)	783,678,829,695
403146 (akt2l)	783,678,829,695
560549 (akt3a)	783,678,829,695
30637 (mdm2)	957,678,1003,695
30637 (mdm2)	1124,678,1170,695
792160 (irf1b)	1124,693,1170,710
100004358 (zmp:0000001127)	1243,686,1289,703
445373 (il12ba)	1243,686,1289,703
445410 (il12a)	1243,686,1289,703
541530 (ikbkg)	639,748,685,765
393287 (chuk)	639,765,685,782
563560 (ikbkb)	639,765,685,782
393287 (chuk)	653,168,699,185
415100 (nfkb2)	782,168,828,185
795414 (relb)	782,151,828,168
415099 (rela)	1124,132,1170,149
795414 (relb)	1124,149,1170,166
415099 (rela)	957,126,1003,143
405770 (il1b)	1292,141,1338,158
100885851 (il6)	1243,310,1289,327
415100 (nfkb2)	957,168,1003,185
795414 (relb)	957,151,1003,168
192322 (calm2b)	653,197,699,214
321808 (calm3b)	653,197,699,214
327379 (calm3a)	653,197,699,214
336121 (calm2a)	653,197,699,214
368217 (calm1b)	653,197,699,214
406660 (calm1a)	653,197,699,214
560151 (calml4a)	653,197,699,214
447814 (ppp3r1b)	828,806,874,823
550554 (ppp3cb)	828,806,874,823
557926 (ppp3cca)	828,806,874,823
564337 (ppp3r1a)	828,806,874,823
565241 (ppp3ccb)	828,806,874,823
794574 (ppp3ca)	828,806,874,823
192322 (calm2b)	718,806,764,823
321808 (calm3b)	718,806,764,823
327379 (calm3a)	718,806,764,823
336121 (calm2a)	718,806,764,823
368217 (calm1b)	718,806,764,823
406660 (calm1a)	718,806,764,823
560151 (calml4a)	718,806,764,823
553957 (il10)	1243,330,1289,347
553957 (il10)	1243,207,1289,224
405785 (tnfa)	1292,290,1338,307
246227 (ptgs2a)	1292,207,1338,224
559020 (ptgs2b)	1292,207,1338,224
30190 (egr2b)	1292,187,1338,204
436920 (egr3)	1292,187,1338,204
100002318 (mapk13)	783,357,829,374
266756 (mapk14b)	783,357,829,374
30681 (mapk12a)	783,357,829,374
415185 (mapk11)	783,357,829,374
557810 (mapk12b)	783,357,829,374
562552 (zgc:171775)	783,357,829,374
65237 (mapk14a)	783,357,829,374
100149273 (mapk9)	783,381,829,398
562720 (mapk8a)	783,381,829,398
569698 (mapk10)	783,381,829,398
65236 (mapk8b)	783,381,829,398
360144 (mapk1)	783,405,829,422
399480 (mapk3)	783,405,829,422
100004358 (zmp:0000001127)	1243,381,1289,398
445373 (il12ba)	1243,381,1289,398
445410 (il12a)	1243,381,1289,398
335916 (jun)	1124,381,1170,398
335916 (jun)	957,381,1003,398
dre04625: C-type lectin receptor signaling pathway	40,45,393,70
map04659: Th17 cell differentiation	1366,369,1496,394
map04658: Th1 and Th2 cell differentiation	1360,688,1510,713
map00571: Lipoarabinomannan (LAM) biosynthesis	31,394,140,426
