C00024 (Acetyl-CoA)	126,156,4
C00136 (Butanoyl-CoA)	72,186,4
C05270 (Hexanoyl-CoA)	126,495,4
C05271 (trans-Hex-2-enoyl-CoA)	126,411,4
C05268 ((S)-Hydroxyhexanoyl-CoA)	126,326,4
C05269 (3-Oxohexanoyl-CoA)	126,241,4
C01944 (Octanoyl-CoA)	268,495,4
C05276 (trans-Oct-2-enoyl-CoA)	268,411,4
C05266 ((S)-3-Hydroxyoctanoyl-CoA)	268,326,4
C05267 (3-Oxooctanoyl-CoA)	268,241,4
C05265 (3-Oxodecanoyl-CoA)	410,241,4
C05264 ((S)-Hydroxydecanoyl-CoA)	410,326,4
C05275 (trans-Dec-2-enoyl-CoA)	410,411,4
C05274 (Decanoyl-CoA)	410,495,4
C01832 (Lauroyl-CoA)	552,495,4
C03221 (2-trans-Dodecenoyl-CoA)	552,411,4
C05262 ((S)-3-Hydroxydodecanoyl-CoA)	552,326,4
C05263 (3-Oxododecanoyl-CoA)	552,241,4
C02593 (Tetradecanoyl-CoA)	693,495,4
C05273 (trans-Tetradec-2-enoyl-CoA)	693,411,4
C05260 ((S)-3-Hydroxytetradecanoyl-CoA)	693,326,4
C05261 (3-Oxotetradecanoyl-CoA)	693,241,4
C05259 (3-Oxopalmitoyl-CoA)	835,241,4
C05258 ((S)-3-Hydroxyhexadecanoyl-CoA)	835,326,4
C05272 (trans-Hexadec-2-enoyl-CoA)	835,411,4
C00154 (Palmitoyl-CoA)	835,495,4
C00249 (Hexadecanoic acid)	835,582,4
C20876 (Very-long-chain acyl-CoA)	463,747,4
C00083 (Malonyl-CoA)	551,720,4
C02843 (Long-chain acyl-CoA)	551,1044,4
C20876 (Very-long-chain acyl-CoA)	551,1044,4
C20879 (Very-long-chain trans-2,3-dehydroacyl-CoA)	551,963,4
C20878 (Very-long-chain (3R)-3-hydroxyacyl-CoA)	551,883,4
C20877 (Very-long-chain 3-oxoacyl-CoA)	551,803,4
C00024 (Acetyl-CoA)	214,720,4
C00040 (Acyl-CoA)	126,749,4
C00040 (Acyl-CoA)	214,1044,4
C00154 (Palmitoyl-CoA)	214,1044,4
C00658 (trans-2,3-Dehydroacyl-CoA)	214,963,4
C00605 (2,3-Dehydroacyl-CoA)	214,963,4
C00640 ((3S)-3-Hydroxyacyl-CoA)	214,883,4
C00264 (3-Oxoacyl-CoA)	214,803,4
C00249 (Hexadecanoic acid)	214,1124,4
C00162 (Fatty acid)	214,1124,4
C00638 (Long-chain fatty acid)	551,1125,4
100126133 (ppt2)	813,530,859,547
393135 (zgc:55621)	813,530,859,547
393657	813,530,859,547
405845 (zgc:77118)	813,530,859,547
406648 (ppt1)	813,530,859,547
550550 (mecr)	787,442,833,459
368912 (echs1)	787,361,833,378
553401 (hadhaa)	787,361,833,378
793834 (hadhab)	787,361,833,378
553401 (hadhaa)	812,276,858,293
793834 (hadhab)	812,276,858,293
336606 (hadhb)	812,195,858,212
406325 (acaa2)	812,195,858,212
550550 (mecr)	645,442,691,459
368912 (echs1)	645,361,691,378
553401 (hadhaa)	645,361,691,378
793834 (hadhab)	645,361,691,378
553401 (hadhaa)	671,276,717,293
793834 (hadhab)	671,276,717,293
336606 (hadhb)	671,195,717,212
406325 (acaa2)	671,195,717,212
550550 (mecr)	504,442,550,459
368912 (echs1)	504,361,550,378
553401 (hadhaa)	504,361,550,378
793834 (hadhab)	504,361,550,378
553401 (hadhaa)	529,276,575,293
793834 (hadhab)	529,276,575,293
336606 (hadhb)	530,195,576,212
406325 (acaa2)	530,195,576,212
550550 (mecr)	362,442,408,459
368912 (echs1)	362,361,408,378
553401 (hadhaa)	362,361,408,378
793834 (hadhab)	362,361,408,378
553401 (hadhaa)	412,276,458,293
793834 (hadhab)	412,276,458,293
445121 (hadh)	362,276,408,293
336606 (hadhb)	387,195,433,212
406325 (acaa2)	387,195,433,212
550550 (mecr)	220,442,266,459
368912 (echs1)	220,361,266,378
553401 (hadhaa)	220,361,266,378
793834 (hadhab)	220,361,266,378
553401 (hadhaa)	270,276,316,293
793834 (hadhab)	270,276,316,293
445121 (hadh)	220,276,266,293
336606 (hadhb)	245,195,291,212
406325 (acaa2)	245,195,291,212
550550 (mecr)	78,442,124,459
368912 (echs1)	78,361,124,378
553401 (hadhaa)	78,361,124,378
793834 (hadhab)	78,361,124,378
553401 (hadhaa)	128,276,174,293
793834 (hadhab)	128,276,174,293
445121 (hadh)	78,276,124,293
336606 (hadhb)	103,195,149,212
406325 (acaa2)	103,195,149,212
322626 (hsd17b12b)	528,834,574,851
327417 (hsd17b12a)	528,834,574,851
326954 (tecrb)	528,992,574,1009
566085 (tecra)	528,992,574,1009
798606 (tecrl2a)	528,992,574,1009
334121 (hacd2)	528,914,574,931
393441 (hacd3)	528,914,574,931
553326 (hacd1)	528,914,574,931
561303 (si:ch73-41h24.1)	528,914,574,931
368912 (echs1)	166,914,212,931
553401 (hadhaa)	166,914,212,931
793834 (hadhab)	166,914,212,931
445121 (hadh)	166,834,212,851
336606 (hadhb)	191,759,237,776
406325 (acaa2)	191,759,237,776
550550 (mecr)	166,992,212,1009
553401 (hadhaa)	216,834,262,851
793834 (hadhab)	216,834,262,851
100126133 (ppt2)	192,1072,238,1089
393135 (zgc:55621)	192,1072,238,1089
393657	192,1072,238,1089
405845 (zgc:77118)	192,1072,238,1089
406648 (ppt1)	192,1072,238,1089
447878 (acot7)	528,1073,573,1089
553440 (acot20)	528,1073,573,1089
562047 (acot21)	528,1073,573,1089
791152 (them4)	528,1073,573,1089
317738 (elovl6)	529,759,575,776
327274 (elovl7b)	529,759,575,776
334217 (elovl7a)	529,759,575,776
335732 (elovl4b)	529,759,575,776
393425 (elovl5)	529,759,575,776
393769 (elovl4a)	529,759,575,776
406725 (elovl1b)	529,759,575,776
554145 (elovl8b)	529,759,575,776
678614 (elovl2)	529,759,575,776
dre00071: Fatty acid degradation	626,570,753,595
dre00062: Fatty acid elongation	40,45,249,70
dre00071: Fatty acid degradation	97,1108,174,1142
map00073: Cutin	404,1108,508,1142
suberine and wax biosynthesis	404,1108,508,1142
