406672 (uba2)	220,340,266,357
415148 (sae1)	169,340,215,357
436713 (tceb1b)	424,951,470,968
192341 (elob)	424,934,470,951
449846 (rbx1)	332,977,378,994
449846 (rbx1)	332,896,378,913
449846 (rbx1)	332,859,378,876
449846 (rbx1)	332,820,378,837
100319387 (fbxo4)	470,781,516,798
334373 (fbxw11a)	470,781,516,798
406825 (fbxw11b)	470,781,516,798
559776 (zgc:175088)	470,781,516,798
563708 (skp2)	470,781,516,798
564991 (fbxw7)	470,781,516,798
100003679 (keap1b)	449,859,495,876
100537290 (rhobtb1)	449,859,495,876
323951 (klhl13)	449,859,495,876
553415 (rhobtb2a)	449,859,495,876
565844 (rhobtb2b)	449,859,495,876
792631 (si:dkey-263f15.2)	449,859,495,876
100004133 (ddb2)	470,896,516,913
100037391 (cop1)	470,896,516,913
324089 (det1)	470,896,516,913
449811 (ercc8)	470,896,516,913
406596 (socs3b)	470,934,516,951
445073 (socs1a)	470,934,516,951
791202 (vhl)	470,820,516,837
795635 (vhll)	470,820,516,837
557513 (herc4)	267,661,313,678
100003587 (herc3)	216,661,262,678
553013 (ube2w)	688,380,734,397
692325 (flj11011l)	688,380,734,397
406606 (ube2f)	739,340,785,357
406776 (uba3)	270,340,316,357
445501 (cdc26)	915,849,961,866
798352 (anapc10)	869,849,915,866
393907 (cdc23)	869,832,915,849
562014 (cdc16)	869,815,915,832
558402 (anapc7)	915,815,961,832
322854 (anapc5)	915,798,961,815
494046 (anapc4)	869,798,915,815
30450 (cdc27)	915,781,961,798
568795 (anapc1)	869,781,915,798
393223 (fzr1a)	823,798,869,815
406353 (cdc20)	823,781,869,798
100318335 (anapc2)	731,781,777,798
768140 (anapc11)	685,781,731,798
100136859 (fbxw8)	470,977,516,994
192341 (elob)	424,820,470,837
436713 (tceb1b)	424,837,470,854
324655 (cul3a)	377,859,423,876
572370 (cul3b)	377,859,423,876
336088 (cul2)	378,820,424,837
393716 (skp1)	424,977,470,994
393716 (skp1)	424,781,470,798
323883 (cul1a)	378,781,424,798
406816 (cul1b)	378,781,424,798
449846 (rbx1)	332,781,378,798
100006147 (cul5b)	378,934,424,951
327215 (cul5a)	378,934,424,951
503534 (rnf7)	332,934,378,951
393599 (ddb1)	424,896,470,913
394002 (cul4a)	378,896,424,913
560313 (cul4b)	378,896,424,913
324237 (trim37)	862,661,908,678
562764 (trim32)	811,661,857,678
100330952 (mid1)	761,661,807,678
406255 (fancl)	712,661,758,678
553327 (mgrn1b)	612,661,658,678
793939 (mgrn1a)	612,661,658,678
100007662 (aire)	912,640,958,657
335226 (syvn1)	811,640,857,657
393314 (pias4b)	761,640,807,657
406712 (pias4a)	761,640,807,657
562982 (pias1b)	761,640,807,657
564149 (pias2)	761,640,807,657
564496 (pias1a)	761,640,807,657
100073331 (birc7)	712,640,758,657
373107 (birc2)	712,640,758,657
373108 (xiap)	712,640,758,657
321875 (rchy1)	662,640,708,657
100037391 (cop1)	611,640,657,657
100334486 (map3k1)	912,618,958,635
554561 (traf6)	862,618,908,635
80955 (siah1)	761,618,807,635
550328 (prkn)	712,618,758,635
492364 (cbl)	662,618,708,635
556277 (cblb)	662,618,708,635
565383 (cblc)	662,618,708,635
30637 (mdm2)	611,618,657,635
402829 (ubox5)	476,640,522,657
321544 (prpf19)	426,640,472,657
792398 (ube3a)	64,618,110,635
100001914 (ube2d4)	636,340,682,357
321832 (ube2d3)	636,340,682,357
324015 (ube2d1b)	636,340,682,357
335444 (ube2d2l)	636,340,682,357
393934 (ube2d2)	636,340,682,357
394085 (ube2d1a)	636,340,682,357
393313 (ube2nb)	791,360,837,377
406807 (ube2na)	791,360,837,377
103909792	64,640,110,657
321695 (smurf1)	215,618,261,635
563633 (smurf2)	215,618,261,635
393445 (ube3c)	165,618,211,635
406794 (ube2j1)	532,360,578,377
556864 (ube3b)	115,618,161,635
565498 (ube2s)	584,380,630,397
566441 (ube2c)	584,340,630,357
325470 (ube2al)	480,340,526,357
797853 (ube2a)	480,340,526,357
100330031 (itchb)	265,618,311,635
100331274 (itcha)	265,618,311,635
30100 (ube2kb)	791,380,837,397
541355 (ube2ka)	791,380,837,397
100037384 (ube2j2)	584,360,630,377
321943 (ube2l3b)	636,360,682,377
415162 (ube2l3a)	636,360,682,377
550464 (ube2g2)	843,340,889,357
100000479 (ube2g1b)	791,340,837,357
334133 (ube2g1a)	791,340,837,357
100001302 (uba7)	118,340,164,357
406335 (uba1)	118,340,164,357
567370 (si:dkey-82j4.2)	118,340,164,357
393966 (ppil2)	376,640,422,657
558479 (herc2)	165,661,211,678
393933 (cdc34a)	532,380,578,397
436873 (ube2r2)	532,380,578,397
324243 (stub1)	476,618,522,635
336598 (herc1)	115,661,161,678
564527 (wwp2)	115,640,161,657
170784 (ube4b)	426,618,472,635
334627 (ubr5)	64,661,110,678
564866 (trip12)	165,640,211,657
557121 (ube4a)	376,618,422,635
559439 (huwe1)	265,640,311,657
436602 (ube2z)	739,380,785,397
796547 (birc6)	843,380,889,397
559634 (nedd4l)	215,640,261,657
406260 (ube2q2)	480,380,526,397
553603 (ube2q1)	480,380,526,397
557472 (ube2ql1)	480,380,526,397
100331775 (ube2o)	843,360,889,377
564377 (si:ch1073-205c8.3)	739,360,785,377
114445 (ube2ia)	480,360,526,377
30622 (ube2ib)	480,360,526,377
368425 (ube2h)	895,340,941,357
569473 (anapc13)	915,866,961,883
321689 (ube2e3)	688,340,734,357
445100 (ube2e2)	688,340,734,357
563542 (ube2e1)	688,340,734,357
dre03050: Proteasome	703,122,793,147
dre04120: Ubiquitin mediated proteolysis	40,45,320,70
