C00410 (Progesterone)	206,102,4
C01245 (D-myo-Inositol 1,4,5-trisphosphate)	1129,302,4
C00076 (Calcium cation)	1129,379,4
C00575 (3',5'-Cyclic AMP)	157,225,4
795517 (mos)	235,310,281,327
80973 (cdk1)	414,704,460,721
393886 (mad1l1)	902,535,948,552
550258 (mad2l2)	902,535,948,552
550434 (mad2l1)	902,535,948,552
368316 (ccnb2)	414,688,460,705
100049158 (pkmyt1)	369,548,415,565
100009657 (rps6ka3b)	369,353,415,370
337670 (rps6kal)	369,353,415,370
338219 (rps6ka3a)	369,353,415,370
571285 (rps6ka2)	369,353,415,370
777728 (rps6ka1)	369,353,415,370
360144 (mapk1)	369,310,415,327
399480 (mapk3)	369,310,415,327
406728 (map2k1)	302,310,348,327
100318335 (anapc2)	630,601,676,618
30450 (cdc27)	630,601,676,618
322854 (anapc5)	630,601,676,618
393907 (cdc23)	630,601,676,618
445501 (cdc26)	630,601,676,618
494046 (anapc4)	630,601,676,618
558402 (anapc7)	630,601,676,618
562014 (cdc16)	630,601,676,618
568795 (anapc1)	630,601,676,618
569473 (anapc13)	630,601,676,618
768140 (anapc11)	630,601,676,618
798352 (anapc10)	630,601,676,618
406353 (cdc20)	630,618,676,635
100307086 (pttg1)	630,674,676,691
447870 (ccnb1l)	763,686,809,703
58025 (ccnb1)	763,686,809,703
80973 (cdk1)	763,703,809,720
445392 (fbxo5)	187,546,233,563
323883 (cul1a)	1184,487,1230,504
393716 (skp1)	1184,487,1230,504
406816 (cul1b)	1184,487,1230,504
449846 (rbx1)	1184,487,1230,504
30188 (ccne1)	984,531,1030,548
415165 (ccne2)	984,531,1030,548
393403 (fbxo43)	1106,546,1152,563
100318335 (anapc2)	984,604,1030,621
30450 (cdc27)	984,604,1030,621
322854 (anapc5)	984,604,1030,621
393907 (cdc23)	984,604,1030,621
445501 (cdc26)	984,604,1030,621
494046 (anapc4)	984,604,1030,621
558402 (anapc7)	984,604,1030,621
562014 (cdc16)	984,604,1030,621
568795 (anapc1)	984,604,1030,621
569473 (anapc13)	984,604,1030,621
768140 (anapc11)	984,604,1030,621
798352 (anapc10)	984,604,1030,621
406353 (cdc20)	984,621,1030,638
100307086 (pttg1)	984,674,1030,691
323883 (cul1a)	187,479,233,496
393716 (skp1)	187,479,233,496
406816 (cul1b)	187,479,233,496
449846 (rbx1)	187,479,233,496
30114 (cth1)	236,394,282,411
393403 (fbxo43)	680,546,726,563
406715 (cdk2)	984,548,1030,565
334373 (fbxw11a)	187,496,233,513
406825 (fbxw11b)	187,496,233,513
334373 (fbxw11a)	1184,504,1230,521
406825 (fbxw11b)	1184,504,1230,521
436815 (camk2d2)	1106,457,1152,474
445208 (camk2d1)	1106,457,1152,474
550436 (camk2a)	1106,457,1152,474
562064 (camk2b1)	1106,457,1152,474
791855 (camk2g1)	1106,457,1152,474
793359 (camk2g2)	1106,457,1152,474
798222 (camk2b)	1106,457,1152,474
280649 (plk1)	1155,457,1201,474
445246 (aurka)	301,174,347,191
100318335 (anapc2)	232,601,278,618
30450 (cdc27)	232,601,278,618
322854 (anapc5)	232,601,278,618
393907 (cdc23)	232,601,278,618
445501 (cdc26)	232,601,278,618
494046 (anapc4)	232,601,278,618
558402 (anapc7)	232,601,278,618
562014 (cdc16)	232,601,278,618
568795 (anapc1)	232,601,278,618
569473 (anapc13)	232,601,278,618
768140 (anapc11)	232,601,278,618
798352 (anapc10)	232,601,278,618
406353 (cdc20)	232,618,278,635
100149388 (itpr1b)	1107,332,1153,349
562585 (itpr2)	1107,332,1153,349
567611 (itpr1a)	1107,332,1153,349
794666 (itpr3)	1107,332,1153,349
192322 (calm2b)	1106,409,1152,426
321808 (calm3b)	1106,409,1152,426
327379 (calm3a)	1106,409,1152,426
336121 (calm2a)	1106,409,1152,426
368217 (calm1b)	1106,409,1152,426
406660 (calm1a)	1106,409,1152,426
560151 (calml4a)	1106,409,1152,426
447814 (ppp3r1b)	1043,457,1089,474
550554 (ppp3cb)	1043,457,1089,474
557926 (ppp3cca)	1043,457,1089,474
564337 (ppp3r1a)	1043,457,1089,474
565241 (ppp3ccb)	1043,457,1089,474
794574 (ppp3ca)	1043,457,1089,474
100005268 (cpeb3)	255,228,301,245
100330483 (cpeb2)	255,228,301,245
100333151 (cpeb4b)	255,228,301,245
30702 (cpeb1b)	255,228,301,245
393956 (cpeb4a)	255,228,301,245
79079 (cpeb1a)	255,228,301,245
100005268 (cpeb3)	763,286,809,303
100330483 (cpeb2)	763,286,809,303
100333151 (cpeb4b)	763,286,809,303
30702 (cpeb1b)	763,286,809,303
393956 (cpeb4a)	763,286,809,303
79079 (cpeb1a)	763,286,809,303
280649 (plk1)	819,240,865,257
323883 (cul1a)	680,479,726,496
393716 (skp1)	680,479,726,496
406816 (cul1b)	680,479,726,496
449846 (rbx1)	680,479,726,496
334373 (fbxw11a)	680,496,726,513
406825 (fbxw11b)	680,496,726,513
393998 (prkacba)	134,248,180,265
445076 (prkacab)	134,248,180,265
563147 (prkacbb)	134,248,180,265
564064 (prkacaa)	134,248,180,265
100148976 (adcy8)	134,182,180,199
100333702 (adcy9)	134,182,180,199
101884360	134,182,180,199
557026 (adcy1a)	134,182,180,199
557902 (adcy2b)	134,182,180,199
560410 (si:ch211-132f19.7)	134,182,180,199
560719 (si:dkey-206f10.1)	134,182,180,199
560807 (adcy6b)	134,182,180,199
562619 (adcy5)	134,182,180,199
563724 (adcy2a)	134,182,180,199
568726 (adcy7)	134,182,180,199
569499 (adcy1b)	134,182,180,199
570652 (adcy6a)	134,182,180,199
571825 (adcy3a)	134,182,180,199
117604 (ywhag1)	411,569,457,586
321729 (ywhabl)	411,569,457,586
322060 (ywhae1)	411,569,457,586
323055 (ywhaba)	411,569,457,586
335195 (ywhaqb)	411,569,457,586
336610 (ywhaz)	411,569,457,586
399487 (ywhaqa)	411,569,457,586
406419 (ywhabb)	411,569,457,586
406443 (ywhah)	411,569,457,586
503763 (ywhae2)	411,569,457,586
560560 (ywhag2)	411,569,457,586
100003223 (ppp1cb)	538,474,584,491
327301 (ppp1cab)	538,474,584,491
334597 (ppp1cbl)	538,474,584,491
407980 (ppp1caa)	538,474,584,491
571753 (ppp1cc)	538,474,584,491
100002318 (mapk13)	503,450,549,467
266756 (mapk14b)	503,450,549,467
30681 (mapk12a)	503,450,549,467
415185 (mapk11)	503,450,549,467
557810 (mapk12b)	503,450,549,467
562552 (zgc:171775)	503,450,549,467
65237 (mapk14a)	503,450,549,467
280649 (plk1)	555,507,601,524
797406 (espl1)	630,713,676,730
797406 (espl1)	984,713,1030,730
403060 (smc1al)	607,794,653,811
559665 (smc1a)	607,794,653,811
797354 (smc1b)	607,794,653,811
108192159	630,760,676,777
678633 (rec8b)	630,760,676,777
403060 (smc1al)	961,794,1007,811
559665 (smc1a)	961,794,1007,811
797354 (smc1b)	961,794,1007,811
108192159	984,760,1030,777
678633 (rec8b)	984,760,1030,777
791138 (sgo1)	927,674,973,691
100005981 (ppp2r5ca)	927,713,973,730
373878 (ppp2r5eb)	927,713,973,730
373881 (ppp2r5ea)	927,713,973,730
406610 (ppp2r5d)	927,713,973,730
557208 (ppp2r5cb)	927,713,973,730
562282 (ppp2r5b)	927,713,973,730
562460 (ppp2r5a)	927,713,973,730
393885 (zgc:56064)	927,730,973,747
406582 (ppp2cb)	927,730,973,747
406685 (ppp2r1ba)	927,730,973,747
449548 (ppp2r1bb)	927,730,973,747
550585 (ppp2ca)	927,730,973,747
324475 (smc3)	653,794,699,811
393885 (zgc:56064)	1071,481,1117,498
406582 (ppp2cb)	1071,481,1117,498
406685 (ppp2r1ba)	1071,481,1117,498
449548 (ppp2r1bb)	1071,481,1117,498
550585 (ppp2ca)	1071,481,1117,498
569575 (pgr)	183,145,229,162
100005148 (ar)	232,145,278,162
245701 (igf1ra)	75,145,121,162
245702 (igf1rb)	75,145,121,162
30262 (ins)	50,94,96,111
566735 (insb)	50,94,96,111
114433 (igf1)	100,94,146,111
100005885 (spdya)	408,424,454,441
80973 (cdk1)	408,441,454,458
406715 (cdk2)	464,427,510,444
568838 (slka)	555,547,601,564
100307076 (bub1)	837,491,883,508
324475 (smc3)	1007,794,1053,811
dre04114: Oocyte meiosis	40,45,187,70
dre04914: Progesterone-mediated oocyte maturation	353,97,492,131
dre04120: Ubiquitin mediated proteolysis	79,603,198,637
dre04010: MAPK signaling pathway	301,261,412,295
