393223 (fzr1a)	896,527,942,544
100147915 (mcm3l)	530,547,576,564
192323 (mcm3)	530,547,576,564
192333 (mcm7)	530,547,576,564
192338 (mcm2)	530,547,576,564
286747 (mcm5)	530,547,576,564
337598 (mcm4)	530,547,576,564
564982 (mcm6l)	530,547,576,564
566409 (mcm6)	530,547,576,564
324256 (orc6)	471,547,517,564
334315 (orc3)	471,547,517,564
406462 (orc4)	471,547,517,564
406479 (orc5)	471,547,517,564
554509 (orc1)	471,547,517,564
768161 (orc2)	471,547,517,564
100318335 (anapc2)	896,288,942,305
30450 (cdc27)	896,288,942,305
322854 (anapc5)	896,288,942,305
393907 (cdc23)	896,288,942,305
445501 (cdc26)	896,288,942,305
494046 (anapc4)	896,288,942,305
558402 (anapc7)	896,288,942,305
562014 (cdc16)	896,288,942,305
568795 (anapc1)	896,288,942,305
569473 (anapc13)	896,288,942,305
768140 (anapc11)	896,288,942,305
798352 (anapc10)	896,288,942,305
100318335 (anapc2)	896,510,942,527
30450 (cdc27)	896,510,942,527
322854 (anapc5)	896,510,942,527
393907 (cdc23)	896,510,942,527
445501 (cdc26)	896,510,942,527
494046 (anapc4)	896,510,942,527
558402 (anapc7)	896,510,942,527
562014 (cdc16)	896,510,942,527
568795 (anapc1)	896,510,942,527
569473 (anapc13)	896,510,942,527
768140 (anapc11)	896,510,942,527
798352 (anapc10)	896,510,942,527
323883 (cul1a)	165,510,211,527
393716 (skp1)	165,510,211,527
406816 (cul1b)	165,510,211,527
449846 (rbx1)	165,510,211,527
323883 (cul1a)	409,182,455,199
393716 (skp1)	409,182,455,199
406816 (cul1b)	409,182,455,199
449846 (rbx1)	409,182,455,199
324256 (orc6)	100,695,146,712
334315 (orc3)	54,678,100,695
406479 (orc5)	54,695,100,712
406462 (orc4)	100,678,146,695
768161 (orc2)	100,661,146,678
554509 (orc1)	54,661,100,678
192333 (mcm7)	222,695,268,712
564982 (mcm6l)	177,695,223,712
566409 (mcm6)	177,695,223,712
286747 (mcm5)	222,678,268,695
337598 (mcm4)	177,678,223,695
100147915 (mcm3l)	222,661,268,678
192323 (mcm3)	222,661,268,678
192338 (mcm2)	177,661,223,678
80973 (cdk1)	757,459,803,476
567006 (bub1bb)	807,289,853,306
30678 (pcna)	536,350,582,367
280649 (plk1)	839,459,885,476
403064 (atm)	673,154,719,171
567770 (atr)	673,154,719,171
799015 (dbf4)	509,617,555,634
550258 (mad2l2)	807,272,853,289
550434 (mad2l1)	807,272,853,289
100307076 (bub1)	746,306,792,323
403012 (bub3)	807,306,853,323
393148 (cdc14b)	896,569,942,586
394124 (cdc14aa)	896,569,942,586
565969 (cdc14ab)	896,569,942,586
117604 (ywhag1)	827,343,873,360
321729 (ywhabl)	827,343,873,360
322060 (ywhae1)	827,343,873,360
323055 (ywhaba)	827,343,873,360
335195 (ywhaqb)	827,343,873,360
336610 (ywhaz)	827,343,873,360
399487 (ywhaqa)	827,343,873,360
406419 (ywhabb)	827,343,873,360
406443 (ywhah)	827,343,873,360
503763 (ywhae2)	827,343,873,360
560560 (ywhag2)	827,343,873,360
336998 (chek2)	673,290,719,307
393162 (chek1)	673,290,719,307
100151416 (cdkn1a)	436,304,482,321
562283 (prkdc)	617,154,663,171
30637 (mdm2)	509,170,555,187
559273 (ep300a)	567,141,613,158
565612 (ep300b)	567,141,613,158
566841 (crebbpa)	567,141,613,158
567111 (crebbpb)	567,141,613,158
563708 (skp2)	409,199,455,216
100049158 (pkmyt1)	740,519,786,536
327060 (wee1)	681,519,727,536
327471 (wee2)	681,519,727,536
100307086 (pttg1)	896,236,942,253
797406 (espl1)	896,189,942,206
403060 (smc1al)	872,108,918,125
559665 (smc1a)	872,108,918,125
797354 (smc1b)	872,108,918,125
563708 (skp2)	165,527,211,544
777733 (rb1)	614,519,660,536
393548 (gadd45aa)	536,304,582,321
402991 (gadd45ga)	536,304,582,321
406304 (gadd45ba)	536,304,582,321
431763 (gadd45ab)	536,304,582,321
497646 (gadd45bb)	536,304,582,321
777733 (rb1)	481,234,527,251
30590 (tp53)	567,234,613,251
368329 (cdkn1bb)	384,304,430,321
399483 (cdkn1ca)	384,304,430,321
402862 (cdkn1ba)	384,304,430,321
359834 (tgfb1a)	304,95,350,112
369194 (tgfb2)	304,95,350,112
369195 (tgfb3)	304,95,350,112
563884 (tgfb1b)	304,95,350,112
559111 (smad4a)	304,155,350,172
560317 (si:dkey-222b8.1)	304,155,350,172
30639 (smad2)	304,138,350,155
326283 (smad3b)	304,138,350,155
58092 (smad3a)	304,138,350,155
492768 (cdc7)	509,600,555,617
406353 (cdc20)	896,305,942,322
57925 (cdc25b)	807,393,853,410
406695 (cdc45)	530,519,576,536
402825 (cdc6)	471,519,517,536
30654 (gsk3ba)	147,158,193,175
560194 (gsk3aa)	147,158,193,175
80973 (cdk1)	666,459,712,476
368316 (ccnb2)	757,442,803,459
447870 (ccnb1l)	757,442,803,459
58025 (ccnb1)	757,442,803,459
767751 (ccnb3)	757,442,803,459
192295 (ccna2)	666,442,712,459
404206 (ccna1)	666,442,712,459
405897 (cdk7)	529,459,575,476
406715 (cdk2)	434,459,480,476
406715 (cdk2)	312,459,358,476
100034507 (cdk6)	204,459,250,476
569515 (cdk21)	204,459,250,476
777730 (cdk4)	204,459,250,476
541325 (ccnh)	529,442,575,459
192295 (ccna2)	434,442,480,459
404206 (ccna1)	434,442,480,459
30188 (ccne1)	312,442,358,459
415165 (ccne2)	312,442,358,459
30222 (ccnd1)	204,442,250,459
799608 (ccnd2a)	204,442,250,459
393886 (mad1l1)	807,222,853,239
317763 (ttk)	807,172,853,189
555797 (cdkn2c)	281,304,327,321
100333252 (cdkn2d)	329,304,375,321
324475 (smc3)	918,108,964,125
560751 (stag2b)	895,125,941,142
563669 (stag1b)	895,125,941,142
564533 (stag1a)	895,125,941,142
567168 (stag2a)	895,125,941,142
322275 (rad21a)	895,142,941,159
566831 (rad21b)	895,142,941,159
795522 (rbl1)	220,121,266,138
402908 (e2f5)	220,138,266,155
406741 (e2f4)	220,138,266,155
393141 (mycb)	220,210,266,227
564967 (zbtb17)	220,242,266,259
100000720 (abl1)	390,517,436,534
338204 (tfdp2)	330,585,376,602
406813 (tfdp1a)	330,585,376,602
101885420 (e2f1)	330,568,376,585
568846 (si:ch211-160f23.5)	330,568,376,585
791146 (e2f3)	330,568,376,585
192302 (hdac1)	390,541,436,558
777733 (rb1)	330,527,376,544
100331892 (rbl2)	275,527,321,544
795522 (rbl1)	275,527,321,544
338204 (tfdp2)	275,585,321,602
406813 (tfdp1a)	275,585,321,602
402908 (e2f5)	275,568,321,585
406741 (e2f4)	275,568,321,585
338204 (tfdp2)	220,155,266,172
406813 (tfdp1a)	220,155,266,172
dre04210: Apoptosis	718,230,787,256
dre04120: Ubiquitin mediated proteolysis	939,363,1015,434
dre04010: MAPK signaling pathway	67,201,123,326
dre04110: Cell cycle	40,45,155,70
