569525 (lig4)	796,568,842,585
406697 (poll)	796,464,842,481
569525 (lig4)	535,568,581,585
544653 (dntt)	796,485,842,502
393218 (polm)	849,464,895,481
566285 (dclre1c)	796,336,841,355
406637 (mre11a)	530,350,576,367
553029 (rad50)	530,334,576,351
562283 (prkdc)	796,353,842,370
449848 (xrcc5)	665,218,711,235
393759 (xrcc4)	796,585,842,602
334488 (xrcc6)	665,201,711,218
386707 (fen1)	535,485,581,502
550274 (im:7147072)	535,485,581,502
406593 (nhej1)	796,602,842,619
dre03450: Non-homologous end-joining	40,45,293,70
