C05981 (Phosphatidylinositol-3,4,5-trisphosphate)	284,474,4
C11554 (1-Phosphatidyl-1D-myo-inositol 3,4-bisphosphate)	284,474,4
C00575 (3',5'-Cyclic AMP)	219,370,4
C00410 (Progesterone)	74,237,4
245701 (igf1ra)	122,468,168,485
245702 (igf1rb)	122,468,168,485
114433 (igf1)	55,482,101,499
30262 (ins)	55,454,101,471
566735 (insb)	55,454,101,471
795517 (mos)	504,258,550,275
100005268 (cpeb3)	369,205,415,222
100330483 (cpeb2)	369,205,415,222
100333151 (cpeb4b)	369,205,415,222
30702 (cpeb1b)	369,205,415,222
393956 (cpeb4a)	369,205,415,222
79079 (cpeb1a)	369,205,415,222
100148976 (adcy8)	121,362,167,379
100333702 (adcy9)	121,362,167,379
101884360	121,362,167,379
557026 (adcy1a)	121,362,167,379
557902 (adcy2b)	121,362,167,379
560410 (si:ch211-132f19.7)	121,362,167,379
560719 (si:dkey-206f10.1)	121,362,167,379
560807 (adcy6b)	121,362,167,379
562619 (adcy5)	121,362,167,379
563724 (adcy2a)	121,362,167,379
568726 (adcy7)	121,362,167,379
569499 (adcy1b)	121,362,167,379
570652 (adcy6a)	121,362,167,379
571825 (adcy3a)	121,362,167,379
447870 (ccnb1l)	542,475,588,492
58025 (ccnb1)	542,475,588,492
80973 (cdk1)	542,438,588,455
393228 (zgc:55558)	249,516,295,533
445289 (kras)	249,516,295,533
100000252 (pik3r3b)	205,467,251,484
100002263 (pik3cb)	205,467,251,484
394174 (pik3cd)	205,467,251,484
404211 (pik3r2)	205,467,251,484
557176 (pik3r1)	205,467,251,484
561737 (pik3ca)	205,467,251,484
80973 (cdk1)	857,293,903,310
100149794 (akt3b)	277,429,323,446
101910198 (akt1)	277,429,323,446
378972 (akt2)	277,429,323,446
403146 (akt2l)	277,429,323,446
560549 (akt3a)	277,429,323,446
563432 (si:ch211-79e4.4)	239,395,285,412
100318335 (anapc2)	859,510,905,527
30450 (cdc27)	859,510,905,527
322854 (anapc5)	859,510,905,527
393907 (cdc23)	859,510,905,527
445501 (cdc26)	859,510,905,527
494046 (anapc4)	859,510,905,527
558402 (anapc7)	859,510,905,527
562014 (cdc16)	859,510,905,527
568795 (anapc1)	859,510,905,527
569473 (anapc13)	859,510,905,527
768140 (anapc11)	859,510,905,527
798352 (anapc10)	859,510,905,527
393223 (fzr1a)	787,509,833,526
393886 (mad1l1)	767,466,813,483
550258 (mad2l2)	767,466,813,483
550434 (mad2l1)	767,466,813,483
100307076 (bub1)	732,390,778,407
57925 (cdc25b)	659,362,705,379
280649 (plk1)	542,362,588,379
368316 (ccnb2)	857,277,903,294
447870 (ccnb1l)	857,277,903,294
58025 (ccnb1)	857,277,903,294
767751 (ccnb3)	857,277,903,294
30573 (hsp90ab1)	445,292,491,309
30591 (hsp90aa1.1)	445,292,491,309
565155 (hsp90aa1.2)	445,292,491,309
393998 (prkacba)	269,362,315,379
445076 (prkacab)	269,362,315,379
563147 (prkacbb)	269,362,315,379
564064 (prkacaa)	269,362,315,379
100049158 (pkmyt1)	777,257,823,274
100009657 (rps6ka3b)	706,257,752,274
337670 (rps6kal)	706,257,752,274
338219 (rps6ka3a)	706,257,752,274
571285 (rps6ka2)	706,257,752,274
777728 (rps6ka1)	706,257,752,274
360144 (mapk1)	640,257,686,274
399480 (mapk3)	640,257,686,274
406728 (map2k1)	574,258,620,275
100006888 (gnai3)	214,254,260,271
323509 (gnaia)	214,254,260,271
327650 (gnai2b)	214,254,260,271
336421 (gnai2a)	214,254,260,271
393946 (gnai1)	214,254,260,271
406715 (cdk2)	626,156,672,173
80973 (cdk1)	626,121,672,138
192295 (ccna2)	508,172,554,189
404206 (ccna1)	508,172,554,189
100005885 (spdya)	508,139,554,156
445246 (aurka)	287,205,333,222
100002318 (mapk13)	331,154,377,171
100149273 (mapk9)	331,154,377,171
266756 (mapk14b)	331,154,377,171
30681 (mapk12a)	331,154,377,171
415185 (mapk11)	331,154,377,171
557810 (mapk12b)	331,154,377,171
562552 (zgc:171775)	331,154,377,171
562720 (mapk8a)	331,154,377,171
569698 (mapk10)	331,154,377,171
65236 (mapk8b)	331,154,377,171
65237 (mapk14a)	331,154,377,171
569575 (pgr)	214,137,260,154
100000252 (pik3r3b)	331,121,377,138
100002263 (pik3cb)	331,121,377,138
394174 (pik3cd)	331,121,377,138
404211 (pik3r2)	331,121,377,138
557176 (pik3r1)	331,121,377,138
561737 (pik3ca)	331,121,377,138
30716 (raf1a)	348,516,394,533
403063 (araf)	348,516,394,533
403065 (braf)	348,516,394,533
557109 (raf1b)	348,516,394,533
394108 (stk10)	384,363,430,380
561788 (kif22)	542,514,588,531
dre04010: MAPK signaling pathway	610,200,721,234
dre04914: Progesterone-mediated oocyte maturation	40,45,419,70
dre04110: Cell cycle	847,200,958,225
