321948 (ddx46)	57,257,103,274
393917 (ddx39b)	57,277,103,294
445398 (snrnp70)	675,150,721,167
324121 (snrpa)	675,167,721,184
192330 (snrpc)	675,184,721,201
336645 (dhx16)	410,521,456,538
393850 (dhx38)	526,378,572,395
494534 (cdc40)	526,398,572,415
321555 (prpf40a)	675,222,721,239
327336 (rbm25b)	675,242,721,259
568088 (rbm25a)	675,242,721,259
606595 (dhx8)	517,260,563,277
321931 (dhx15)	446,155,492,172
192331 (snrpd1)	675,133,721,150
327011 (snrpd3l)	675,133,721,150
393979 (snrpe)	675,133,721,150
402966 (snrpb)	675,133,721,150
445404 (snrpf)	675,133,721,150
447922 (snrpg)	675,133,721,150
550244 (snrpd2)	675,133,721,150
322206 (ddx5)	675,262,721,279
323071 (tcerg1a)	675,282,721,299
797473 (tcerg1b)	675,282,721,299
192331 (snrpd1)	740,133,786,150
327011 (snrpd3l)	740,133,786,150
393979 (snrpe)	740,133,786,150
402966 (snrpb)	740,133,786,150
445404 (snrpf)	740,133,786,150
447922 (snrpg)	740,133,786,150
550244 (snrpd2)	740,133,786,150
492511 (snrpa1)	740,150,786,167
402896 (snrpb2)	740,167,786,184
394018 (sf3a2)	740,183,786,200
446168 (sf3a3)	740,183,786,200
796388 (sf3a1)	740,183,786,200
192318 (sf3b4)	740,200,786,217
286774 (phf5a)	740,200,786,217
406824 (sf3b3)	740,200,786,217
415157 (sf3b6)	740,200,786,217
436751 (sf3b5)	740,200,786,217
446117 (sf3b1)	740,200,786,217
503932 (ddx42)	740,200,786,217
570994 (sf3b2)	740,200,786,217
192328 (u2af1)	740,242,786,259
402989 (u2af2b)	740,242,786,259
557103 (u2af2a)	740,242,786,259
562370 (puf60a)	740,262,786,279
572679 (smndc1)	740,282,786,299
393889 (rbm17)	740,302,786,319
337851 (cherp)	740,322,786,339
100037380	740,342,786,359
567461 (u2surp)	740,342,786,359
321931 (dhx15)	740,362,786,379
192325 (ncbp2)	870,473,916,490
321860 (rbmx)	870,493,916,510
334490 (hnrnpub)	870,493,916,510
378453 (hnrnpa1b)	870,493,916,510
393467 (hnrnpa1a)	870,493,916,510
393968 (Hnrpc)	870,493,916,510
406264 (hnrpkl)	870,493,916,510
555643 (hnrnpm)	870,493,916,510
566326 (hnrnpua)	870,493,916,510
751729 (hnrnpa3)	870,493,916,510
100145909 (srsf3b)	870,513,916,530
321872 (srsf4)	870,513,916,530
323700 (srsf2b)	870,513,916,530
335396 (srsf5a)	870,513,916,530
393388 (tra2a)	870,513,916,530
393505 (srsf10b)	870,513,916,530
393565 (srsf1b)	870,513,916,530
394172 (tra2b)	870,513,916,530
402972 (srsf7a)	870,513,916,530
405835 (srsf9)	870,513,916,530
406288 (srsf1a)	870,513,916,530
406691 (srsf2a)	870,513,916,530
406775 (srsf6a)	870,513,916,530
436883 (srsf5b)	870,513,916,530
494133 (srsf6b)	870,513,916,530
572211 (srsf7b)	870,513,916,530
321544 (prp19)	675,473,721,490
394059 (cdc5l)	675,490,721,507
493614 (bcas2)	675,507,721,524
100004402 (plrg1)	675,524,721,541
415140 (cwc15)	675,541,721,558
393840 (ctnnbl1)	675,558,721,575
100126123 (hsp70.1)	675,575,721,592
30671 (hsp70.3)	675,575,721,592
393586 (hsc70)	675,575,721,592
560210 (hsp70l)	675,575,721,592
573376 (hspa8)	675,575,721,592
798846	675,575,721,592
796523 (pqbp1)	675,599,721,616
387600 (xab2)	740,493,786,510
393920 (crnkl1)	740,493,786,510
445043 (syf2)	740,493,786,510
402950 (wbp11)	675,616,721,633
321852 (snw1)	740,473,786,490
570205 (isy1)	740,513,786,530
558042 (ppil1)	740,533,786,550
550373 (ppie)	740,553,786,570
793027 (ccdc12)	740,573,786,590
406495 (rbm22)	740,593,786,610
393436 (aqr)	740,633,786,650
100535720 (lsm3)	805,150,851,167
393669 (lsm4)	805,150,851,167
415167 (lsm6)	805,150,851,167
563948 (lsm5)	805,150,851,167
566017 (lsm8)	805,150,851,167
573047 (lsm7)	805,150,851,167
57924 (smx5)	805,150,851,167
192331 (snrpd1)	805,167,851,184
327011 (snrpd3l)	805,167,851,184
393979 (snrpe)	805,167,851,184
402966 (snrpb)	805,167,851,184
445404 (snrpf)	805,167,851,184
447922 (snrpg)	805,167,851,184
550244 (snrpd2)	805,167,851,184
393476 (prpf31)	805,234,851,251
494165 (ppih)	805,218,851,235
326944 (prpf4)	805,201,851,218
403072 (prpf3)	805,184,851,201
321114 (snu13b)	805,251,851,268
393282 (snu13a)	805,251,851,268
192331 (snrpd1)	870,133,916,150
327011 (snrpd3l)	870,133,916,150
393979 (snrpe)	870,133,916,150
402966 (snrpb)	870,133,916,150
445404 (snrpf)	870,133,916,150
447922 (snrpg)	870,133,916,150
550244 (snrpd2)	870,133,916,150
393480 (eftud2)	870,150,916,167
799690 (snrnp200)	870,167,916,184
323855 (prpf6)	870,184,916,201
393951 (prpf8)	870,201,916,218
393292 (snrnp40)	870,218,916,235
334283 (ddx23)	870,235,916,252
449780 (txnl4a)	870,252,916,269
436976 (snrnp27)	805,310,851,327
790924 (usp39)	805,327,851,344
436946 (sart1)	805,344,851,361
327495 (acin1b)	805,473,851,490
368893 (acin1a)	805,473,851,490
394053 (eif4a3)	805,490,851,507
503767 (rbm8a)	805,507,851,524
100005893 (magoh)	805,524,851,541
393917 (ddx39b)	805,541,851,558
368417 (thoc2)	805,558,851,575
373077 (thoc1)	805,558,851,575
445302 (thoc3)	805,558,851,575
560127 (alyref)	805,558,851,575
606595 (dhx8)	575,378,621,395
492495 (slu7)	575,398,621,415
324476 (zmat2)	805,370,851,387
406810 (prpf38b)	805,390,851,407
445089 (prpf38a)	805,390,851,407
431751 (prpf18)	526,418,572,435
445383 (bud31)	740,613,786,630
492481 (rp9)	740,382,786,399
492481 (rp9)	805,410,851,427
dre03040: Spliceosome	40,45,169,70
