G00078 (iso-nLc8Cer)	1120,711,4
G00057	569,502,4
G00090 (V3Fuc,III3Fuc-nLc6Cer)	700,923,4
G00091	623,852,4
G00089 (V3Fuc-nLc6Cer)	700,852,4
G00088 (VI3NeuAc-nLc6Cer)	1077,531,4
G00087 (VI6NeuAc-nLc6Cer)	1077,579,4
G00086	506,994,4
G00067 (nLc6Cer)	966,639,4
G00085	506,923,4
G00084	506,852,4
G00069 (nLc8Cer)	506,781,4
G00064 (3',8'-LD1)	832,118,4
G00062 (Sialyl-3-paragloboside)	832,192,4
G00063 (IV3NeuAc,III3Fuc-nLc4Cer)	963,192,4
G00066 (nLc5Cer)	963,333,4
G00061 (Sialyl-6-paragloboside)	832,236,4
G00060 (III3Fuc-nLc4Cer)	569,335,4
G00083	1077,781,4
G00080	1195,781,4
G00075 (Type IIIAb)	756,923,4
G00074	832,923,4
G00073	832,852,4
G00072	832,781,4
G00071 (VI2Fuc-nLc6)	966,781,4
G00082	966,923,4
G00081	966,852,4
G00079	1120,781,4
G00092 (Lactosylceramide)	506,121,4
G00077	1120,639,4
G00068 (nLc7Cer)	506,639,4
G00076 (III3Fuc-nLc6Cer)	832,579,4
G00056 (III3,IV2Fuc-nLc4Cer)	700,502,4
G00055 (IV2Fuc-nLc4Cer)	700,411,4
G00052 (Type II B antigen)	832,411,4
G00051 (nLc5Cer)	832,340,4
G00050 (Paragloboside)	700,335,4
G00036 (Lc3Cer)	506,192,4
G00054 (Type II A antigen)	569,411,4
G00059 (Type IIIA glycolipid)	493,579,4
G00058 (Type IIIH glycolipid)	569,579,4
G00037 (Lc4Cer)	317,335,4
G00038	448,335,4
G00039 (Type IB glycolipid)	448,411,4
G00044 (IV2Fuc-Lc4Cer)	317,411,4
G00040	448,502,4
G00045 (IV2Fuc,III4Fuc-Lc4Cer)	317,502,4
G00042 (Type IA glycolipid)	185,411,4
G00043	185,502,4
G00046 (Fuc-Lc4Cer)	185,335,4
G00047 (3'-isoLM1)	448,257,4
G00048 (Fuc-3'-isoLM1)	569,257,4
G00428 (IV4Gala-nLc4-Cer)	832,270,4
G00889 (PX2)	832,301,4
796410 (fut9a)	898,560,944,577
796410 (fut9a)	508,937,554,954
796410 (fut9a)	508,866,554,883
796410 (fut9a)	968,866,1014,883
492760 (b4galt4)	965,402,1011,419
556544 (si:dkey-199f5.8)	915,402,961,419
561756 (b4galt3)	915,402,961,419
492760 (b4galt4)	638,194,684,211
556544 (si:dkey-199f5.8)	590,194,636,211
561756 (b4galt3)	590,194,636,211
100148828 (b4galt2)	638,173,684,190
562250 (fut7)	877,194,923,211
796410 (fut9a)	702,866,748,883
100005704 (si:dkey-110k5.10)	1128,772,1174,789
100005704 (si:dkey-110k5.10)	777,913,823,930
796410 (fut9a)	702,795,748,812
796410 (fut9a)	508,795,554,812
100005704 (si:dkey-110k5.10)	877,772,923,789
100002020 (b3gnt3.2)	615,631,661,648
561172 (b3gnt3.4)	615,631,661,648
793362 (b3gnt2b)	615,631,661,648
100005704 (si:dkey-110k5.10)	999,772,1045,789
796410 (fut9a)	968,795,1014,812
553210 (st8sia1)	808,148,854,165
796410 (fut9a)	638,316,684,333
100002020 (b3gnt3.2)	877,324,923,341
561172 (b3gnt3.4)	877,324,923,341
793362 (b3gnt2b)	877,324,923,341
550425 (b4galt1)	939,383,985,400
768123 (b4galt1l)	939,383,985,400
100005704 (si:dkey-110k5.10)	738,402,784,419
101883349	484,144,530,161
336526 (b3gnt5a)	484,144,530,161
791470 (b3gnt5b)	484,144,530,161
796410 (fut9a)	702,437,748,454
100005704 (si:dkey-110k5.10)	615,402,661,419
100005704 (si:dkey-110k5.10)	513,570,559,587
550425 (b4galt1)	590,173,636,190
768123 (b4galt1l)	590,173,636,190
559521 (b3galt1a)	337,173,383,190
571003 (b3galt1b)	337,173,383,190
100003996 (si:ch73-195i19.3)	385,173,431,190
100331460	385,173,431,190
100333524	385,173,431,190
404633 (b3galt2)	385,173,431,190
565422	385,173,431,190
798349 (zgc:194330)	385,173,431,190
100005704 (si:dkey-110k5.10)	362,402,408,419
100005704 (si:dkey-110k5.10)	227,402,273,419
407659 (st3gal3b)	362,238,408,255
504044 (st3gal4)	362,259,408,276
100005704 (si:dkey-110k5.10)	391,1116,431,1116,431,1120,391,1120
407659 (st3gal3b)	400,1074,430,1104,434,1104,404,1074
504044 (st3gal4)	400,1074,430,1104,434,1104,404,1074
100005704 (si:dkey-110k5.10)	399,1160,429,1130,433,1130,403,1160
100003996 (si:ch73-195i19.3)	471,1116,501,1116,501,1120,471,1120
100331460	471,1116,501,1116,501,1120,471,1120
100333524	471,1116,501,1116,501,1120,471,1120
404633 (b3galt2)	471,1116,501,1116,501,1120,471,1120
559521 (b3galt1a)	471,1116,501,1116,501,1120,471,1120
565422	471,1116,501,1116,501,1120,471,1120
571003 (b3galt1b)	471,1116,501,1116,501,1120,471,1120
798349 (zgc:194330)	471,1116,501,1116,501,1120,471,1120
101883349	559,1116,589,1116,589,1120,559,1120
336526 (b3gnt5a)	559,1116,589,1116,589,1120,559,1120
791470 (b3gnt5b)	559,1116,589,1116,589,1120,559,1120
100005704 (si:dkey-110k5.10)	620,1452,660,1452,660,1456,620,1456
100002020 (b3gnt3.2)	668,1358,668,1430,672,1430,672,1358
561172 (b3gnt3.4)	668,1358,668,1430,672,1430,672,1358
793362 (b3gnt2b)	668,1358,668,1430,672,1430,672,1358
100148828 (b4galt2)	696,1445,726,1445,726,1449,696,1449
492760 (b4galt4)	696,1445,726,1445,726,1449,696,1449
550425 (b4galt1)	696,1445,726,1445,726,1449,696,1449
556544 (si:dkey-199f5.8)	696,1445,726,1445,726,1449,696,1449
561756 (b4galt3)	696,1445,726,1445,726,1449,696,1449
768123 (b4galt1l)	696,1445,726,1445,726,1449,696,1449
562250 (fut7)	755,1501,755,1461,759,1461,759,1501
796410 (fut9a)	755,1501,755,1461,759,1461,759,1501
101883349	784,1445,814,1445,814,1449,784,1449
336526 (b3gnt5a)	784,1445,814,1445,814,1449,784,1449
791470 (b3gnt5b)	784,1445,814,1445,814,1449,784,1449
100005704 (si:dkey-110k5.10)	673,1502,673,1462,677,1462,677,1502
553210 (st8sia1)	530,1494,560,1494,560,1498,530,1498
100005704 (si:dkey-110k5.10)	482,1434,497,1449,501,1449,486,1434
796410 (fut9a)	597,1377,617,1357,621,1357,601,1377
492760 (b4galt4)	584,1308,619,1338,619,1342,584,1312
550425 (b4galt1)	584,1308,619,1338,619,1342,584,1312
556544 (si:dkey-199f5.8)	584,1308,619,1338,619,1342,584,1312
561756 (b4galt3)	584,1308,619,1338,619,1342,584,1312
768123 (b4galt1l)	584,1308,619,1338,619,1342,584,1312
100002020 (b3gnt3.2)	531,1272,551,1292,555,1292,535,1272
561172 (b3gnt3.4)	531,1272,551,1292,555,1292,535,1272
793362 (b3gnt2b)	531,1272,551,1292,555,1292,535,1272
796410 (fut9a)	461,1286,476,1271,480,1271,465,1286
100005704 (si:dkey-110k5.10)	530,1334,550,1314,554,1314,534,1334
100005704 (si:dkey-110k5.10)	522,1302,552,1302,552,1306,522,1306
100005704 (si:dkey-110k5.10)	387,1319,402,1334,406,1334,391,1319
dre00600: Sphingolipid metabolism	344,103,424,137
dre00601: Glycosphingolipid biosynthesis - lacto and neolacto series	40,45,541,70
