C00076 (Calcium cation)	800,406,4
C01330 (Sodium cation)	800,418,4
C00942 (3',5'-Cyclic GMP)	535,689,4
C00144 (GMP)	465,689,4
C00942 (3',5'-Cyclic GMP)	686,451,4
C00942 (3',5'-Cyclic GMP)	684,930,4
C00238 (Potassium cation)	671,334,4
C00076 (Calcium cation)	650,316,4
C01330 (Sodium cation)	798,307,4
C00238 (Potassium cation)	676,820,4
C00076 (Calcium cation)	661,802,4
C01330 (Sodium cation)	804,792,4
C00942 (3',5'-Cyclic GMP)	532,281,4
C00076 (Calcium cation)	606,285,4
C00376 (Retinal)	371,844,4
C02110 (11-cis-Retinal)	267,844,4
C00076 (Calcium cation)	312,313,4
C00076 (Calcium cation)	252,721,4
C00305 (Magnesium cation)	600,699,4
C00076 (Calcium cation)	646,363,4
568211 (cngb1a)	717,403,763,420
572249 (cnga1)	717,403,763,420
568211 (cngb1a)	717,887,763,904
572249 (cnga1)	717,887,763,904
30295 (rho)	295,243,341,260
30459 (exorh)	295,243,341,260
30504 (opn1mw4)	295,243,341,260
30295 (rho)	266,647,312,664
30459 (exorh)	266,647,312,664
30504 (opn1mw4)	266,647,312,664
368410 (pde6a)	467,257,513,274
554700 (pde6gb)	467,257,513,274
559332 (pde6b)	467,257,513,274
140428 (gnat1)	380,660,426,677
140429 (gnat2)	380,660,426,677
322104 (gnb1a)	380,660,426,677
335656 (gngt1)	380,660,426,677
406796 (gnb1b)	380,660,426,677
492811 (gnb4b)	380,660,426,677
140424 (gucy2f)	571,646,617,663
140425 (gc2)	571,646,617,663
140426 (gucy2d)	571,646,617,663
140424 (gucy2f)	558,242,604,259
140425 (gc2)	558,242,604,259
140426 (gucy2d)	558,242,604,259
140428 (gnat1)	379,256,425,273
140429 (gnat2)	379,256,425,273
322104 (gnb1a)	379,256,425,273
335656 (gngt1)	379,256,425,273
406796 (gnb1b)	379,256,425,273
492811 (gnb4b)	379,256,425,273
368410 (pde6a)	484,660,530,677
554700 (pde6gb)	484,660,530,677
559332 (pde6b)	484,660,530,677
558299 (slc24a1)	717,305,763,322
558299 (slc24a1)	717,788,763,805
140430 (guca1a)	595,663,641,680
140431 (guca1b)	595,663,641,680
494573 (guca1d)	595,663,641,680
140430 (guca1a)	630,271,676,288
140431 (guca1b)	630,271,676,288
494573 (guca1d)	630,271,676,288
30295 (rho)	413,842,459,859
30459 (exorh)	413,842,459,859
30504 (opn1mw4)	413,842,459,859
30295 (rho)	180,842,226,859
30459 (exorh)	180,842,226,859
30504 (opn1mw4)	180,842,226,859
335650 (rcvrn2)	244,305,290,322
570333 (rcvrna)	244,305,290,322
373871 (grk7b)	233,258,279,275
550406 (grk1b)	233,258,279,275
564152 (grk1a)	233,258,279,275
566120 (grk7a)	233,258,279,275
335650 (rcvrn2)	170,713,216,730
570333 (rcvrna)	170,713,216,730
373871 (grk7b)	256,692,302,709
550406 (grk1b)	256,692,302,709
564152 (grk1a)	256,692,302,709
566120 (grk7a)	256,692,302,709
792319 (saga)	324,286,370,303
792319 (saga)	309,692,355,709
373871 (grk7b)	481,791,527,808
550406 (grk1b)	481,791,527,808
564152 (grk1a)	481,791,527,808
566120 (grk7a)	481,791,527,808
792319 (saga)	481,813,527,830
767636 (rgs9a)	412,293,458,310
793087 (rgs9b)	412,293,458,310
767636 (rgs9a)	387,703,433,720
793087 (rgs9b)	387,703,433,720
192322 (calm2b)	665,356,711,373
321808 (calm3b)	665,356,711,373
327379 (calm3a)	665,356,711,373
336121 (calm2a)	665,356,711,373
368217 (calm1b)	665,356,711,373
406660 (calm1a)	665,356,711,373
560151 (calml4a)	665,356,711,373
192322 (calm2b)	651,847,697,864
321808 (calm3b)	651,847,697,864
327379 (calm3a)	651,847,697,864
336121 (calm2a)	651,847,697,864
368217 (calm1b)	651,847,697,864
406660 (calm1a)	651,847,697,864
560151 (calml4a)	651,847,697,864
dre04744: Phototransduction	40,45,226,70
dre00830: Retinol metabolism	267,887,384,921
