C00054 (Adenosine 3',5'-bisphosphate)	1165,610,4
C00053 (3'-Phosphoadenylyl sulfate)	1164,586,4
G00160	1134,463,4
G00159	1134,413,4
G00158	1134,363,4
G00157	1134,313,4
G00156	1134,263,4
G00155	1134,213,4
G00154	1134,163,4
C02189 ([Protein]-L-serine)	1134,113,4
C00401 (Chondroitin)	1134,561,4
C01490 (Dermatan)	1061,632,4
C00054 (Adenosine 3',5'-bisphosphate)	1092,678,4
C00053 (3'-Phosphoadenylyl sulfate)	1091,653,4
192334 (b3gat3)	1112,274,1158,291
560951 (xylt1)	1112,124,1158,141
563446 (xylt2)	1112,124,1158,141
445022 (b4galt7)	1112,175,1158,192
100331155 (chpfa)	324,149,367,149,367,153,324,153
324407 (chsy1)	324,149,367,149,367,153,324,153
368477 (chsy3)	324,149,367,149,367,153,324,153
560826 (csgalnact2)	324,149,367,149,367,153,324,153
793671 (csgalnact1a)	324,149,367,149,367,153,324,153
100000654 (chpf2)	415,149,458,149,458,153,415,153
100331155 (chpfa)	415,149,458,149,458,153,415,153
324407 (chsy1)	415,149,458,149,458,153,415,153
368477 (chsy3)	415,149,458,149,458,153,415,153
560826 (csgalnact2)	519,149,562,149,562,153,519,153
793671 (csgalnact1a)	519,149,562,149,562,153,519,153
192334 (b3gat3)	611,149,654,149,654,153,611,153
572324 (b3galt6)	698,149,741,149,741,153,698,153
445022 (b4galt7)	784,149,827,149,827,153,784,153
560951 (xylt1)	871,149,914,149,914,153,871,153
563446 (xylt2)	871,149,914,149,914,153,871,153
100000654 (chpf2)	210,150,260,150,260,152,210,152
100331155 (chpfa)	210,150,260,150,260,152,210,152
324407 (chsy1)	210,150,260,150,260,152,210,152
368477 (chsy3)	210,150,260,150,260,152,210,152
560826 (csgalnact2)	210,150,260,150,260,152,210,152
793671 (csgalnact1a)	210,150,260,150,260,152,210,152
100000654 (chpf2)	108,149,151,149,151,153,108,153
100331155 (chpfa)	108,149,151,149,151,153,108,153
324407 (chsy1)	108,149,151,149,151,153,108,153
368477 (chsy3)	108,149,151,149,151,153,108,153
404232 (chst11)	176,388,222,405
407076 (chst12a)	176,388,222,405
565671 (si:ch211-236h17.3)	176,388,222,405
556800 (chst3b)	347,388,393,405
559721 (chst3a)	347,388,393,405
563748 (chst7)	347,388,393,405
565523 (chst15)	173,596,219,613
557218 (ust)	345,596,391,613
568713 (dse)	521,295,567,312
557218 (ust)	867,596,913,613
572324 (b3galt6)	1112,225,1158,242
560826 (csgalnact2)	1112,323,1158,340
793671 (csgalnact1a)	1112,323,1158,340
100000654 (chpf2)	1112,374,1158,391
100331155 (chpfa)	1112,374,1158,391
324407 (chsy1)	1112,374,1158,391
368477 (chsy3)	1112,374,1158,391
100331155 (chpfa)	1112,425,1158,442
324407 (chsy1)	1112,425,1158,442
368477 (chsy3)	1112,425,1158,442
560826 (csgalnact2)	1112,425,1158,442
793671 (csgalnact1a)	1112,425,1158,442
568713 (dse)	1039,584,1085,601
557218 (ust)	521,596,567,613
565523 (chst15)	696,596,742,613
404732 (chst14)	671,388,717,405
556800 (chst3b)	866,388,912,405
559721 (chst3a)	866,388,912,405
563748 (chst7)	866,388,912,405
407076 (chst12a)	721,388,767,405
dre00534: Glycosaminoglycan biosynthesis - heparan sulfate / heparin	1329,296,1428,330
dre00532: Glycosaminoglycan biosynthesis - chondroitin sulfate / dermatan sulfate	40,45,669,70
dre00531: Glycosaminoglycan degradation	1042,755,1158,789
