C00777 (Retinoate)	742,498,4
C15493 (9-cis-Retinoic acid)	742,498,4
359834 (tgfb1a)	473,1003,519,1020
563884 (tgfb1b)	473,1003,519,1020
100885851 (il6)	1447,688,1493,705
100149404 (tnfsf13)	442,505,488,522
561268 (tnfsf13b)	442,525,488,542
793819 (cd40lg)	375,669,421,686
100270764 (cd40)	550,669,596,686
103911891 (tnfrsf13b)	550,484,596,501
103911910	550,504,596,521
103908881	296,480,342,497
100038779 (zgc:158870)	550,649,596,666
30762 (mhc2dab)	550,649,596,666
30763 (mhc2dcb)	550,649,596,666
30783 (mhc2a)	550,649,596,666
368614 (si:busm1-48c11.3)	550,649,596,666
368615 (mhc2b)	550,649,596,666
368816 (si:busm1-194e12.8)	550,649,596,666
368877 (si:busm1-266f07.1)	550,649,596,666
368878 (si:busm1-266f07.2)	550,649,596,666
571282	550,649,596,666
654336 (zgc:123077)	550,649,596,666
100006078 (ccr9b)	1138,513,1184,530
553366 (ccr9a)	1138,513,1184,530
553957 (il10)	1447,708,1493,725
794616 (ccl27b)	1291,493,1337,510
654826 (il15)	1221,921,1267,938
100149404 (tnfsf13)	442,875,488,892
561268 (tnfsf13b)	442,895,488,912
103911891 (tnfrsf13b)	550,629,596,646
103911891 (tnfrsf13b)	548,900,594,917
100006078 (ccr9b)	886,495,932,512
553366 (ccr9a)	886,495,932,512
100331333 (itga4)	886,516,932,533
100331333 (itga4)	1138,533,1184,550
352944 (cxcl12a)	1291,473,1337,490
799354 (cxcl12b)	1291,473,1337,490
100038779 (zgc:158870)	346,480,392,497
30762 (mhc2dab)	346,480,392,497
30763 (mhc2dcb)	346,480,392,497
30783 (mhc2a)	346,480,392,497
368614 (si:busm1-48c11.3)	346,480,392,497
368615 (mhc2b)	346,480,392,497
368816 (si:busm1-194e12.8)	346,480,392,497
368877 (si:busm1-266f07.1)	346,480,392,497
368878 (si:busm1-266f07.2)	346,480,392,497
571282	346,480,392,497
654336 (zgc:123077)	346,480,392,497
100188894 (il4)	442,734,488,751
493784 (aicda)	603,659,649,676
493784 (aicda)	603,504,649,521
100535958 (ighv4-5)	599,875,645,892
100535958 (ighv4-5)	597,609,643,626
100535958 (ighv4-5)	598,458,644,475
100333914 (ccl25a)	1291,513,1337,530
795788 (ccl25b)	1291,513,1337,530
100188894 (il4)	490,393,536,410
100885851 (il6)	490,412,536,429
553957 (il10)	442,431,488,448
359834 (tgfb1a)	490,431,536,448
563884 (tgfb1b)	490,431,536,448
359834 (tgfb1a)	442,714,488,731
563884 (tgfb1b)	442,714,488,731
100885851 (il6)	442,980,488,997
553957 (il10)	442,960,488,977
100004261 (map3k14a)	348,1059,394,1076
795766	348,1059,394,1076
114447 (cxcr4b)	1138,473,1184,490
140747 (cxcr4a)	1138,473,1184,490
100535958 (ighv4-5)	1596,489,1642,506
566471 (pigr)	1596,314,1642,331
map04612: Antigen processing and presentation	184,541,298,575
map04660: T cell receptor signaling pathway	189,650,291,684
map04662: B cell receptor signaling pathway	571,793,670,827
map04670: Leukocyte transendothelial migration	1149,616,1293,650
dre04672: Intestinal immune network for IgA production	40,45,452,70
