30572 (ran)	376,695,422,712
558395 (xpo1a)	376,712,422,731
561138 (xpo1b)	376,712,422,731
541444 (nmd3)	376,729,422,746
140505 (rnr1)	40,132,86,149
140506 (rnr2)	150,132,196,149
321114 (snu13b)	355,229,401,246
393282 (snu13a)	355,229,401,246
494152 (nop58)	309,229,355,246
394196 (nop56)	355,212,401,229
406275 (fbl)	309,212,355,229
445391 (nop10)	486,229,532,246
100003787 (nhp2)	486,212,532,229
393950 (gar1)	440,229,486,246
613144 (dkc1)	440,212,486,229
550264 (fcf1)	277,290,323,307
567505 (rnasen)	540,302,586,319
393617 (nat10)	445,373,491,390
553498	445,290,491,307
553241 (bms1)	350,373,396,390
445388 (rcl1)	332,401,378,418
100000532 (rpp25)	408,481,454,498
100004610 (pop7)	408,481,454,498
101885168 (rpp25)	408,481,454,498
415238 (rpp40)	408,481,454,498
436798 (rpp38)	408,481,454,498
436813 (rpp25l)	408,481,454,498
541352 (rpp30)	408,481,454,498
541421 (pop5)	408,481,454,498
553787 (pop4)	408,481,454,498
799016 (pop1)	408,481,454,498
321940 (xrn2)	550,582,596,599
394008 (xrn1)	550,582,596,599
334050 (gtpbp4)	628,542,674,559
321897 (gnl3)	628,574,674,591
442932 (gnl3l)	628,574,674,591
793727 (gnl2)	628,574,674,591
555704 (mdn1)	628,616,674,633
406805 (nvl)	628,595,674,612
393717 (smfn)	482,582,528,599
564551 (rexo1)	482,582,528,599
323865 (nxf1)	430,696,476,713
751719	430,696,476,713
751738 (nxt2)	430,713,476,730
323426 (mphosph10)	65,458,111,475
436992 (imp4)	86,475,132,492
393237 (imp3)	40,475,86,492
368478 (wdr75)	178,350,224,367
325106 (utp15)	132,333,178,350
406571 (cirh1a)	86,350,132,367
334446 (heatr1)	132,350,178,367
317637 (wdr43)	40,341,86,358
767797 (utp18)	40,394,86,411
492761 (tbl3)	86,394,132,411
393107 (utp6)	132,403,178,420
266990 (pwp2h)	178,403,224,420
321745 (wdr36)	40,411,86,428
321058 (wdr3)	86,411,132,428
100535532	65,273,111,290
30488 (csnk2a2a)	65,273,111,290
30502 (csnk2a1)	65,273,111,290
415254 (ck2a1)	65,273,111,290
556379 (csnk2a2b)	65,273,111,290
30428 (csnk2b)	65,256,111,273
334362 (nol6)	40,290,86,307
323464 (lsg1)	550,778,596,795
568741 (eftud1)	487,788,533,805
550241 (rrp7a)	86,290,132,307
406268 (riok1)	311,772,357,789
100332622 (spata5)	604,778,650,795
407084 (riok2)	311,795,357,812
415208	243,795,289,812
386850 (eif6)	487,713,533,730
678588 (emg1)	350,351,396,368
394096 (sbds)	487,771,533,788
393291 (rbm28)	563,637,609,654
557254 (nob1)	325,651,371,668
dre03008: Ribosome biogenesis in eukaryotes	40,45,350,70
dre03010: Ribosome	370,880,462,905
