100174902 (crfb16)	859,897,905,914
100174902 (crfb16)	859,854,905,871
100188894 (il4)	557,730,603,747
555655 (bmpr2b)	1725,390,1771,407
562822 (bmpr2a)	1725,390,1771,407
100331938	1508,717,1554,734
30457 (acvr2ba)	1508,717,1554,734
30183 (acvr1ba)	1508,613,1554,630
553359 (acvr2aa)	1508,673,1554,690
797527 (crfb4)	859,944,905,961
100144554 (il2rgb)	643,446,689,463
796604 (il2rga)	643,446,689,463
100144554 (il2rgb)	643,403,689,420
796604 (il2rga)	643,403,689,420
100144554 (il2rgb)	643,342,689,359
796604 (il2rga)	643,342,689,359
100144554 (il2rgb)	643,297,689,314
796604 (il2rga)	643,297,689,314
100144554 (il2rgb)	643,253,689,270
796604 (il2rga)	643,253,689,270
100144554 (il2rgb)	643,204,689,221
796604 (il2rga)	643,204,689,221
793920 (il2rb)	643,386,689,403
793920 (il2rb)	643,187,689,204
100135062 (csf2rb)	643,630,689,647
100135062 (csf2rb)	643,587,689,604
541493 (lifra)	858,494,904,511
541493 (lifra)	858,429,904,446
541493 (lifra)	858,542,904,559
100006778 (il6st)	858,511,904,528
100006778 (il6st)	858,446,904,463
100006778 (il6st)	858,559,904,576
100006778 (il6st)	858,633,904,650
100006778 (il6st)	858,192,904,209
100331351 (il1rap)	1074,363,1120,380
799204 (zmp:0000000936)	1074,346,1120,363
561494 (il17ra1a)	1074,888,1120,905
447846 (bmpr1ab)	1725,145,1771,162
58145 (bmpr1aa)	1725,145,1771,162
553359 (acvr2aa)	1725,162,1771,179
100149664 (bmpr1bb)	1725,280,1771,297
30742 (bmpr1ba)	1725,280,1771,297
30615 (acvr1l)	1725,422,1771,439
30615 (acvr1l)	1508,846,1554,863
100331938	1508,629,1554,646
30457 (acvr2ba)	1508,629,1554,646
30183 (acvr1ba)	1508,537,1554,554
553359 (acvr2aa)	1508,554,1554,571
560578 (tgfbr1a)	1508,135,1554,152
792928 (tgfbr1b)	1508,135,1554,152
30739 (tgfbr2b)	1508,152,1554,169
560446 (si:dkey-101k6.5)	1508,152,1554,169
405770 (il1b)	989,362,1035,379
100334210 (gdf5)	1638,263,1684,280
30584 (bmp7a)	1638,635,1684,652
557567 (bmp7b)	1638,635,1684,652
100329171 (bmp16)	1638,218,1684,235
30632 (bmp2b)	1638,218,1684,235
493624 (amh)	1421,880,1467,897
100329520	1421,614,1467,631
100332902	1421,614,1467,631
101887111	1421,614,1467,631
30275 (inhbb)	1421,614,1467,631
553816 (inhbab)	1421,582,1467,599
369195 (tgfb3)	1421,192,1467,209
369194 (tgfb2)	1421,169,1467,186
359834 (tgfb1a)	1421,145,1467,162
563884 (tgfb1b)	1421,145,1467,162
404605 (relt)	1291,1003,1337,1020
559725 (tnfrsf19)	1291,974,1337,991
796370 (edar)	1291,501,1337,518
103911891 (tnfrsf13b)	1291,914,1337,931
103911910	1291,887,1337,904
571217 (tnfrsf18)	1291,855,1337,872
100151629 (tnfrsf9b)	1291,794,1337,811
678622 (tnfrsf9a)	1291,794,1337,811
101887143 (cd27)	1291,703,1337,720
100270764 (cd40)	1291,764,1337,781
768248 (fas)	1291,286,1337,303
791704 (zgc:153759)	1291,206,1337,223
798191	1291,206,1337,223
798740 (eda)	1204,537,1250,554
798740 (eda)	1204,501,1250,518
561268 (tnfsf13b)	1204,928,1250,945
100149404 (tnfsf13)	1204,900,1250,917
793819 (cd40lg)	1204,764,1250,781
735295 (faslg)	1204,281,1250,298
108190761	1204,219,1250,236
798119 (tnfsf14)	1204,219,1250,236
554167 (tnfb)	1204,169,1250,186
797527 (crfb4)	859,1054,905,1071
556728 (il20ra)	859,837,905,854
797527 (crfb4)	859,799,905,816
100329124 (ifngr1l)	1074,231,1120,248
777653 (crfb2)	1074,172,1120,189
619391 (il10rb)	1074,155,1120,172
553964 (il22)	772,935,818,952
100004224 (il19l)	772,879,818,896
553957 (il10)	772,791,818,808
405790 (ifng1)	987,240,1033,257
100126803 (ifnphi3)	987,122,1033,139
360134 (ifnphi1)	987,122,1033,139
445381 (mpl)	644,1012,690,1029
407651 (prlra)	644,986,690,1003
100001424 (ghra)	644,950,690,967
751109 (epor)	644,907,690,924
100134973 (il7r)	643,473,689,490
100134976 (il21r.1)	643,429,689,446
100134973 (il7r)	643,280,689,297
563674 (il4r.2)	643,236,689,253
100144554 (il2rgb)	643,160,689,177
796604 (il2rga)	643,160,689,177
793920 (il2rb)	643,143,689,160
100135062 (csf2rb)	644,674,690,691
100189608 (thpo)	557,1012,603,1029
799612 (prl2)	557,986,603,1003
407639 (gh1)	557,961,603,978
407639 (gh1)	557,938,603,955
100002479 (epob)	557,907,603,924
100004455 (epoa)	557,907,603,924
100150203 (il21)	557,438,603,455
654826 (il15)	557,385,603,402
100188894 (il4)	557,245,603,262
101883301 (si:dkey-13m1.2)	858,289,904,306
100134971 (il12rb2)	858,240,904,257
101883301 (si:dkey-13m1.2)	858,223,904,240
563674 (il4r.2)	643,770,689,787
799475 (il13ra1)	642,738,688,755
563674 (il4r.2)	642,722,688,739
100134935 (csf3r)	643,1043,689,1060
368438 (cntfr)	858,412,904,429
100144562 (osmr)	858,616,904,633
334010 (il11ra)	858,175,904,192
556326	858,175,904,192
100006778 (il6st)	858,145,904,162
100135755 (il6r)	858,128,904,145
100004358 (zmp:0000001127)	772,232,818,249
445373 (il12ba)	772,232,818,249
445410 (il12a)	772,232,818,249
562247 (clcf1)	772,419,818,436
555717 (m17)	772,441,818,458
570404 (il11a)	772,184,818,201
100885851 (il6)	772,137,818,154
100329796 (xcr1b.1)	428,783,474,800
101883597 (xcr1b.2)	428,783,474,800
553500 (xcr1a.1)	428,783,474,800
793148	428,783,474,800
793479	428,783,474,800
100537421 (cxcr5)	427,459,473,476
114447 (cxcr4b)	427,495,473,512
140747 (cxcr4a)	427,495,473,512
654692 (cxcr3.1)	427,381,473,398
791973 (cxcr3.2)	427,381,473,398
796724 (cxcr2)	427,254,473,271
797181	427,254,473,271
58151 (cxcl14)	341,615,387,632
101886937 (cxcl13)	341,459,387,476
352944 (cxcl12a)	341,512,387,529
799354 (cxcl12b)	341,512,387,529
798892 (cxcl11.1)	341,427,387,444
100002946 (cxcl8a)	341,212,387,229
100003859 (cxcl8b.3)	341,212,387,229
406471 (tnfrsf1a)	1291,127,1337,144
100037357 (tnfrsf1b)	1291,153,1337,170
100535003 (ngfra)	1291,575,1337,592
564338 (ngfrb)	1291,575,1337,592
572204 (nradd)	1291,575,1337,592
564874 (tnfrsf21)	1291,458,1337,475
110438942	1291,673,1337,690
100333821 (tnfrsf11a)	1291,643,1337,660
567542 (tnfsf12)	1204,673,1250,690
373093 (hdr)	1291,376,1337,393
436866 (tnfsf10)	1204,391,1250,408
373093 (hdr)	1291,352,1337,369
405785 (tnfa)	1204,138,1250,155
561050 (ackr3b)	427,531,473,548
561494 (il17ra1a)	1074,736,1120,753
100538314 (il17rc)	1074,753,1120,770
110440027	1074,826,1120,843
553959 (il17a/f1)	987,755,1033,772
553962 (il17a/f3)	987,755,1033,772
553960 (il17c)	987,827,1033,844
553961 (il17d)	987,859,1033,876
100003167 (ackr4a)	213,207,259,224
641390 (ackr4b)	213,207,259,224
100004988 (si:ch211-207g17.2)	213,390,259,407
100005081 (si:ch211-207g17.3)	213,390,259,407
565958 (ccr7)	213,236,259,253
795469 (ccl19b)	120,208,166,225
100004625 (ccr11.1)	213,774,259,791
30268 (ccl27a)	120,934,166,951
794616 (ccl27b)	120,963,166,980
100006078 (ccr9b)	213,178,259,195
553366 (ccr9a)	213,178,259,195
100333914 (ccl25a)	120,178,166,195
795788 (ccl25b)	120,178,166,195
797669 (ccl39.6)	120,436,166,453
100034523 (ccl38.6)	120,510,166,527
798811 (ccl39.1)	120,689,166,706
100004625 (ccr11.1)	213,509,259,526
336944 (ccr6b)	213,1019,259,1036
558616 (ccr6a)	213,1019,259,1036
100192217 (ccl20a.3)	120,1019,166,1036
563152 (ccl20b)	120,1019,166,1036
100003167 (ackr4a)	213,728,259,745
641390 (ackr4b)	213,728,259,745
100006778 (il6st)	858,334,904,351
100144562 (osmr)	858,381,904,398
100331351 (il1rap)	1074,483,1120,500
407649 (il1rl1)	1074,627,1120,644
100534674 (il16)	987,994,1033,1011
560193 (il34)	987,1058,1033,1075
100004617 (csf1a)	987,1083,1033,1100
568405 (csf1rb)	1074,1071,1120,1088
64274 (csf1ra)	1074,1071,1120,1088
58133 (ngfb)	1204,575,1250,592
100331105 (acvr1c)	1508,657,1554,674
100331105 (acvr1c)	1508,701,1554,718
570520 (inha)	1421,370,1467,387
553359 (acvr2aa)	1508,370,1554,387
100331938	1508,399,1554,416
30457 (acvr2ba)	1508,399,1554,416
30125 (gdf3)	1421,656,1467,673
338101 (spaw)	1421,677,1467,694
799352 (ndr1)	1421,677,1467,694
777717 (bmp3)	1421,400,1467,417
563003 (gdf10a)	1421,482,1467,499
794493 (gdf10b)	1421,482,1467,499
560578 (tgfbr1a)	1508,430,1554,447
792928 (tgfbr1b)	1508,430,1554,447
553359 (acvr2aa)	1508,447,1554,464
560578 (tgfbr1a)	1508,481,1554,498
792928 (tgfbr1b)	1508,481,1554,498
100331938	1508,498,1554,515
30457 (acvr2ba)	1508,498,1554,515
406247 (gdf11)	1421,517,1467,534
798441 (mstnb)	1421,547,1467,564
497643 (gdf9)	1421,751,1467,768
30183 (acvr1ba)	1508,742,1554,759
555655 (bmpr2b)	1508,759,1554,776
562822 (bmpr2a)	1508,759,1554,776
30739 (tgfbr2b)	1508,202,1554,219
560446 (si:dkey-101k6.5)	1508,202,1554,219
30739 (tgfbr2b)	1508,247,1554,264
560446 (si:dkey-101k6.5)	1508,247,1554,264
553359 (acvr2aa)	1508,293,1554,310
555655 (bmpr2b)	1508,340,1554,357
562822 (bmpr2a)	1508,340,1554,357
101886665	1421,239,1467,256
563287 (gdf2)	1421,294,1467,311
562533 (bmp10)	1421,318,1467,335
30612 (bmp4)	1638,240,1684,257
30180 (gdf6b)	1638,286,1684,303
566470 (gdf6a)	1638,286,1684,303
30642 (gdf7)	1638,309,1684,326
394026 (bmp5)	1638,588,1684,605
503761 (bmp6)	1638,611,1684,628
561963 (bmp8a)	1638,660,1684,677
334183 (bmp15)	1638,416,1684,433
447846 (bmpr1ab)	1508,897,1554,914
58145 (bmpr1aa)	1508,897,1554,914
553359 (acvr2aa)	1725,297,1771,314
447846 (bmpr1ab)	1725,190,1771,207
58145 (bmpr1aa)	1725,190,1771,207
100331938	1725,207,1771,224
30457 (acvr2ba)	1725,207,1771,224
100149664 (bmpr1bb)	1725,326,1771,343
30742 (bmpr1ba)	1725,326,1771,343
100331938	1725,343,1771,360
30457 (acvr2ba)	1725,343,1771,360
447846 (bmpr1ab)	1725,235,1771,252
58145 (bmpr1aa)	1725,235,1771,252
555655 (bmpr2b)	1725,251,1771,268
562822 (bmpr2a)	1725,251,1771,268
100149664 (bmpr1bb)	1725,374,1771,391
30742 (bmpr1ba)	1725,374,1771,391
553359 (acvr2aa)	1725,439,1771,456
30615 (acvr1l)	1725,470,1771,487
100331938	1725,487,1771,504
30457 (acvr2ba)	1725,487,1771,504
555655 (bmpr2b)	1725,534,1771,551
562822 (bmpr2a)	1725,534,1771,551
30615 (acvr1l)	1725,517,1771,534
555655 (bmpr2b)	1725,812,1771,829
562822 (bmpr2a)	1725,812,1771,829
447846 (bmpr1ab)	1725,567,1771,584
58145 (bmpr1aa)	1725,567,1771,584
553359 (acvr2aa)	1725,584,1771,601
100149664 (bmpr1bb)	1725,702,1771,719
30742 (bmpr1ba)	1725,702,1771,719
553359 (acvr2aa)	1725,719,1771,736
447846 (bmpr1ab)	1725,612,1771,629
58145 (bmpr1aa)	1725,612,1771,629
100331938	1725,629,1771,646
30457 (acvr2ba)	1725,629,1771,646
100149664 (bmpr1bb)	1725,748,1771,765
30742 (bmpr1ba)	1725,748,1771,765
100331938	1725,765,1771,782
30457 (acvr2ba)	1725,765,1771,782
447846 (bmpr1ab)	1725,657,1771,674
58145 (bmpr1aa)	1725,657,1771,674
555655 (bmpr2b)	1725,673,1771,690
562822 (bmpr2a)	1725,673,1771,690
100149664 (bmpr1bb)	1725,796,1771,813
30742 (bmpr1ba)	1725,796,1771,813
100150233 (lepa)	557,1077,603,1094
564348 (lepb)	557,1077,603,1094
567241 (lepr)	643,1077,689,1094
368326 (il13ra2)	643,787,689,804
799475 (il13ra1)	643,816,689,833
368326 (il13ra2)	643,841,689,858
563674 (il4r.2)	643,697,689,714
100003167 (ackr4a)	213,471,259,488
641390 (ackr4b)	213,471,259,488
556728 (il20ra)	859,974,905,991
797527 (crfb4)	859,991,905,1008
100331351 (il1rap)	1074,644,1120,661
dre04060: Cytokine-cytokine receptor interaction	40,45,392,70
