C01647 (tRNA(Met))	823,504,4
C00044 (GTP)	829,489,4
C00035 (GDP)	892,497,4
C01647 (tRNA(Met))	1017,539,4
C00044 (GTP)	1018,527,4
558020 (xpot)	85,296,131,313
30572 (ran)	85,279,131,296
30572 (ran)	332,279,378,296
558395 (xpo1a)	332,296,378,313
561138 (xpo1b)	332,296,378,313
192325 (ncbp2)	332,330,378,347
445490 (phax)	332,313,378,330
30699 (clns1a)	444,549,490,566
550271 (gemin2)	467,723,513,740
30432 (smn1)	467,706,513,723
556273 (ddx20)	467,689,513,706
799538 (gemin5)	421,715,467,732
324754 (gemin4)	513,689,559,706
798703 (gemin7)	513,723,559,740
100000842 (gemin8)	513,706,559,723
393274 (strap)	559,723,605,740
100537552 (tgs1)	433,465,479,482
100002528 (gemin6)	513,740,559,757
570700 (kpnb1)	537,408,583,425
324743 (snupn)	537,425,583,442
503767 (rbm8a)	913,706,959,723
100005893 (magoh)	913,723,959,740
394053 (eif4a3)	959,723,1005,740
403025 (casc3)	959,706,1005,723
327495 (acin1b)	1060,689,1106,706
368893 (acin1a)	1060,689,1106,706
327020 (rnps1)	1060,706,1106,723
393693 (sap18)	1014,706,1060,723
406751 (srrm1)	1064,794,1110,811
323865 (nxf1)	1011,771,1057,788
751719	1011,771,1057,788
407733 (pnn)	1014,723,1060,740
560127 (alyref)	1060,723,1106,740
751738 (nxt2)	1011,788,1057,805
192325 (ncbp2)	912,132,958,149
406510 (nup58)	76,826,122,843
445382 (nup205)	159,826,205,843
559225 (nup188)	159,843,205,860
563392 (nup62l)	76,809,122,826
558883 (tprb)	106,689,152,706
571621 (nup153)	106,739,152,756
30172 (nup93)	159,809,205,826
335750 (nup54)	76,843,122,860
322969 (nup50)	106,714,152,731
393125 (nup155)	159,866,205,883
556400 (senp2)	152,739,198,756
777756 (nup98)	266,741,312,758
436892 (nup37)	312,713,358,730
798071 (sec13)	220,729,266,746
393635 (nup160)	312,730,358,747
562350 (nup107)	266,758,312,775
445231 (nup85)	312,747,358,764
334749 (seh1l)	220,753,266,770
777756 (nup98)	220,689,266,706
393973 (rae1)	220,706,266,723
405828 (nup43)	312,764,358,781
406852 (nup133)	266,724,312,741
570945 (nup210)	231,809,277,826
568298 (pom121)	231,867,277,884
335236 (ndc1)	231,838,277,855
100529857 (nup214)	298,809,344,826
321744 (nup88)	298,826,344,843
100317326	311,843,357,860
114445 (ube2ia)	357,843,403,860
30622 (ube2ib)	357,843,403,860
767677 (rangap1a)	311,860,357,877
406398 (sumo3a)	357,860,403,877
406438 (sumo1)	357,860,403,877
436950 (sumo3b)	357,860,403,877
445027 (sumo2b)	357,860,403,877
406491 (nupl2)	357,822,403,839
378454 (aaas)	357,801,403,818
368664 (prmt5)	444,571,490,588
30572 (ran)	253,279,299,296
558662 (xpo5)	253,296,299,313
100004503 (eef1a1b)	253,312,299,329
30516 (eef1a1l1)	253,312,299,329
336334 (eef1a1a)	253,312,299,329
436644 (eef1a2)	253,312,299,329
664756 (eef1a1l2)	253,312,299,329
30572 (ran)	692,288,738,305
558395 (xpo1a)	692,305,738,324
561138 (xpo1b)	692,305,738,324
541444 (nmd3)	692,322,738,339
406783 (upf1)	952,771,998,788
393917 (ddx39b)	1064,771,1110,788
393566 (pym1)	950,409,996,426
322237 (eif1b)	703,707,749,724
322599 (eif1axb)	703,707,749,724
393273	703,707,749,724
325102 (eif3ea)	703,690,749,707
327515 (eif3s10)	703,690,749,707
334234 (eif3c)	703,690,749,707
336498 (eif3d)	703,690,749,707
393974 (eif3g)	703,690,749,707
394189 (eif3ja)	703,690,749,707
406263 (eif3i)	703,690,749,707
406823 (eif3jb)	703,690,749,707
445306 (eif3ha)	703,690,749,707
557270 (eif3f)	703,690,749,707
561049 (eif3eb)	703,690,749,707
567151 (eif3hb)	703,690,749,707
796380 (eif3ba)	703,690,749,707
415249 (trnt1)	253,193,299,210
100000532 (rpp25)	252,121,298,138
100004610 (pop7)	252,121,298,138
101885168 (rpp25)	252,121,298,138
415238 (rpp40)	252,121,298,138
436798 (rpp38)	252,121,298,138
436813 (rpp25l)	252,121,298,138
445136 (rpp21)	252,121,298,138
541352 (rpp30)	252,121,298,138
541421 (pop5)	252,121,298,138
553721 (rpp14)	252,121,298,138
553787 (pop4)	252,121,298,138
799016 (pop1)	252,121,298,138
445109 (elac1)	253,158,299,175
492652 (elac2)	253,158,299,175
373077 (thoc1)	1137,688,1183,705
368417 (thoc2)	1137,705,1183,722
445302 (thoc3)	1137,784,1183,801
325064 (thoc5)	1137,722,1183,739
100004014 (thoc6)	1137,739,1183,756
445035 (thoc7)	1137,756,1183,773
321035 (pabpc4)	826,772,872,789
327625 (pabpc1l)	826,772,872,789
393856 (pabpc1b)	826,772,872,789
606498 (pabpc1a)	826,772,872,789
321564 (eif2s1b)	749,707,795,724
324365 (eif2s2)	749,707,795,724
327341 (eif2s3)	749,707,795,724
445110 (paip1)	826,789,872,806
386634 (eif4a1a)	749,789,795,806
399484 (eif4a1b)	749,789,795,806
406760 (eif4a2)	749,789,795,806
393732 (eif4e2rs1)	703,789,749,806
541523 (eif4e2)	703,789,749,806
550549 (eif4e1c)	703,789,749,806
79380 (eif4ea)	703,789,749,806
334618 (eif4g2b)	722,772,768,789
568761 (eif4g3b)	722,772,768,789
572435 (eif4g1a)	722,772,768,789
322256 (eif5)	749,690,795,707
569006 (upf2)	952,791,998,808
393929 (upf3b)	952,808,998,825
566608 (upf3a)	952,808,998,825
336619 (eif4bb)	749,827,795,844
553214 (eif4ba)	749,827,795,844
324490 (eif4ebp3l)	626,772,672,789
386945 (eif4ebp2)	626,772,672,789
492482 (eif4ebp3)	626,772,672,789
799566 (eif4ebp1)	626,772,672,789
321283 (tacc3)	626,794,672,811
561194 (eif5b)	703,731,749,748
394049 (eif2b3)	827,707,873,724
405839 (eif2b2)	827,707,873,724
415150 (eif2b1)	827,707,873,724
541548 (eif2b4)	827,707,873,724
563613 (eif2b5)	827,707,873,724
337461 (nup35)	159,883,205,900
100002872 (cyfip2)	697,827,743,844
336613 (cyfip1)	697,827,743,844
259191 (fmr1)	697,844,743,861
327220 (fxr1)	697,844,743,861
393180 (fxr2)	697,844,743,861
dre03013: RNA transport	40,45,176,70
dre03040: Spliceosome	1044,129,1136,154
dre03010: Ribosome	680,448,772,473
dre03015: mRNA surveillance pathway	1105,381,1205,415
dre03020: RNA polymerase	66,137,158,162
dre03008: Ribosome biogenesis in eukaryotes	724,161,834,195
