80955 (siah1)	751,701,797,718
403079 (igfbp3)	646,622,692,639
393548 (gadd45aa)	646,581,692,598
402991 (gadd45ga)	646,581,692,598
406304 (gadd45ba)	646,581,692,598
431763 (gadd45ab)	646,581,692,598
497646 (gadd45bb)	646,581,692,598
334932 (mdm4)	282,473,328,490
393162 (chek1)	389,219,435,236
567770 (atr)	310,219,356,236
336998 (chek2)	433,192,479,209
403064 (atm)	310,192,356,209
553689 (rprma)	541,167,587,184
406715 (cdk2)	670,132,716,149
30188 (ccne1)	670,115,716,132
415165 (ccne2)	670,115,716,132
567524 (tsc2)	594,622,640,639
394065 (ppm1da)	804,701,850,718
492468 (ppm1db)	804,701,850,718
368221 (tp73)	856,701,902,718
171473 (ccng1)	698,701,744,718
266794 (ccng2)	698,701,744,718
100037391 (cop1)	594,701,640,718
100330864	594,581,640,598
30733 (rrm2)	594,581,640,598
368909 (rrm2b)	594,581,640,598
100004133 (ddb2)	541,581,587,598
100320152 (steap3)	541,661,587,678
368415 (ptenb)	541,622,587,639
794088 (ptena)	541,622,587,639
324098 (cd82a)	646,540,692,557
324137 (cd82b)	646,540,692,557
561901 (thbs1b)	751,540,797,557
403079 (igfbp3)	541,499,587,516
114433 (igf1)	651,499,697,516
100136840 (serpine1)	541,540,587,557
563527 (adgrb1a)	594,540,640,557
100151416 (cdkn1a)	541,108,587,125
561535 (zmat3)	646,431,692,448
559425 (bida)	754,291,800,308
550597 (ei24)	541,389,587,406
796473 (tp53i3)	541,389,587,406
768248 (fas)	541,257,587,274
553652 (gtse1)	541,223,587,240
100004321	541,313,587,330
58081 (baxa)	541,313,587,330
767645 (zgc:153993)	541,313,587,330
571033 (pidd1)	541,279,587,296
557302 (casp8l2)	678,267,724,284
58022 (casp8)	678,267,724,284
80973 (cdk1)	670,200,716,217
58131 (apaf1)	884,365,930,382
415158 (cycsb)	884,333,930,350
492763 (casp9)	987,349,1033,366
30637 (mdm2)	282,409,328,426
30590 (tp53)	372,409,418,426
30637 (mdm2)	541,701,587,718
321875 (rchy1)	646,701,692,718
393548 (gadd45aa)	541,199,587,216
402991 (gadd45ga)	541,199,587,216
406304 (gadd45ba)	541,199,587,216
431763 (gadd45ab)	541,199,587,216
497646 (gadd45bb)	541,199,587,216
100034507 (cdk6)	670,87,716,104
569515 (cdk21)	670,87,716,104
777730 (cdk4)	670,87,716,104
30222 (ccnd1)	670,70,716,87
799608 (ccnd2a)	670,70,716,87
494479 (perp)	594,431,640,448
558619 (si:dkey-42i9.6)	541,431,587,448
100149048 (si:zfos-80g12.1)	698,581,744,598
100149745 (sesn2)	698,581,744,598
406840 (sesn3)	698,581,744,598
436933 (sesn1)	698,581,744,598
368316 (ccnb2)	670,183,716,200
447870 (ccnb1l)	670,183,716,200
58025 (ccnb1)	670,183,716,200
140621 (casp3a)	1063,348,1109,365
566604 (casp3b)	1063,348,1109,365
80955 (siah1)	698,431,744,448
751765 (pmaip1)	599,313,645,330
393356 (gorab)	282,372,328,389
571845 (siva1)	541,355,587,372
114401 (bcl2l1)	624,346,670,363
100007048 (bcl2b)	624,366,670,383
570772 (bcl2a)	624,366,670,383
557507 (aifm2)	541,465,587,482
dre04110: Cell cycle	253,513,356,547
dre04210: Apoptosis	1025,277,1128,311
dre04115: p53 signaling pathway	40,45,238,70
dre04110: Cell cycle	1023,176,1126,210
dre04218: Cellular senescence	1138,176,1261,210
