393115 (apex2)	886,948,932,965
406730 (apex1)	886,948,932,965
386707 (fen1)	932,948,978,965
550274 (zgc:110269)	932,948,978,965
100007906 (parp2)	932,965,978,982
335495 (parp3)	932,965,978,982
558045 (parp4)	932,965,978,982
560788 (parp1)	932,965,978,982
556995 (lig1)	840,965,886,982
563276 (lig3)	931,777,977,794
556995 (lig1)	510,921,556,938
192320 (pole2)	932,982,978,999
393774 (pole3)	932,982,978,999
553405 (pole)	932,982,978,999
553610 (pole4)	932,982,978,999
556456 (pold1)	886,982,932,999
571834 (si:dkey-28b4.7)	886,982,932,999
692256 (pold3)	886,982,932,999
796456 (pold2)	886,982,932,999
554204 (polb)	840,948,886,965
554204 (polb)	839,785,885,802
554204 (polb)	658,601,704,618
554204 (polb)	360,591,406,608
30678 (pcna)	886,965,932,982
30678 (pcna)	612,915,658,932
30678 (pcna)	612,788,658,805
393115 (apex2)	612,449,658,466
406730 (apex1)	612,424,658,441
558403 (mutyh)	664,218,710,235
393949 (unga)	613,218,659,235
571301 (ungb)	613,218,659,235
100008368 (nthl1)	241,243,287,260
554204 (polb)	239,618,285,635
556995 (lig1)	137,852,183,869
445480 (xrcc1)	239,844,285,861
550335 (zgc:110224)	239,844,285,861
563276 (lig3)	239,861,285,878
321622 (hmgb1a)	388,618,434,635
795095 (hmgb1b)	388,618,434,635
556995 (lig1)	612,932,658,949
30678 (pcna)	612,601,658,618
406697 (poll)	413,591,459,608
386707 (fen1)	612,805,658,822
550274 (zgc:110269)	612,805,658,822
445480 (xrcc1)	885,785,931,802
550335 (zgc:110224)	885,785,931,802
791194 (ogg1)	241,218,287,235
101887128 (mbd4)	725,218,771,235
566516 (mpg)	664,243,710,260
570901 (smug1)	613,243,659,260
393253 (neil1)	308,218,354,235
492463 (neil3)	308,269,354,286
406730 (apex1)	241,424,287,441
556456 (pold1)	612,618,658,635
571834 (si:dkey-28b4.7)	612,618,658,635
692256 (pold3)	612,618,658,635
796456 (pold2)	612,618,658,635
393115 (apex2)	241,449,287,466
192320 (pole2)	658,618,704,635
393774 (pole3)	658,618,704,635
553405 (pole)	658,618,704,635
553610 (pole4)	658,618,704,635
100007906 (parp2)	885,768,931,785
335495 (parp3)	885,768,931,785
558045 (parp4)	885,768,931,785
560788 (parp1)	885,768,931,785
393115 (apex2)	839,768,885,785
406730 (apex1)	839,768,885,785
445480 (xrcc1)	239,601,285,618
550335 (zgc:110224)	239,601,285,618
553789 (tdg.1)	725,243,771,260
558951 (tdg.2)	725,243,771,260
dre03410: Base excision repair	40,45,229,70
