C00338 (Lipopolysaccharide)	138,743,4
C00165 (Diacylglycerol)	487,136,4
C00575 (3',5'-Cyclic AMP)	447,123,4
C01245 (D-myo-Inositol 1,4,5-trisphosphate)	410,136,4
C00076 (Calcium cation)	314,175,4
553520 (rasgrf2b)	369,227,415,244
558859 (rasgrf2a)	369,227,415,244
568885 (si:ch211-234p18.3)	369,227,415,244
100034609 (dusp10)	766,355,812,372
114436 (dusp5)	766,355,812,372
327246 (dusp7)	766,355,812,372
353314 (dusp6)	766,355,812,372
393854 (dusp8a)	766,355,812,372
394146 (dusp4)	766,355,812,372
406340 (dusp1)	766,355,812,372
406523 (dusp16)	766,355,812,372
445057 (dusp2)	766,355,812,372
100000665 (dusp3a)	717,355,763,372
100526652 (ptprr)	717,355,763,372
559524 (ptpn5)	717,355,763,372
100003481 (ppm1bb)	573,761,619,778
30672 (ppm1ba)	573,761,619,778
735295 (faslg)	114,683,160,700
561669 (si:zfos-2326c3.2)	471,478,517,495
100148818 (si:ch73-55i23.1)	827,210,873,227
30554 (pla2g4aa)	827,210,873,227
559087 (pla2g4ab)	827,210,873,227
565386 (pla2g4f.2)	827,210,873,227
798864 (pla2g4f.1)	827,210,873,227
550548 (stmn1b)	827,186,873,203
100000342 (mapta)	827,165,873,182
567833 (maptb)	827,165,873,182
415099 (rela)	891,122,937,139
415100 (nfkb2)	891,122,937,139
565756 (nfkb1)	891,122,937,139
795414 (relb)	891,122,937,139
393287 (chuk)	763,133,809,150
541530 (ikbkg)	763,133,809,150
563560 (ikbkb)	763,133,809,150
100004261 (map3k14a)	763,112,809,129
795766	763,112,809,129
360144 (mapk1)	740,302,786,319
399480 (mapk3)	740,302,786,319
553597 (lamtor3)	714,277,760,294
100002225 (map2k2b)	653,313,699,330
563181 (map2k2a)	653,313,699,330
406728 (map2k1)	653,291,699,308
30716 (raf1a)	558,327,604,344
557109 (raf1b)	558,327,604,344
403065 (braf)	558,303,604,320
100002155 (rasa1a)	398,362,444,379
326708 (nf1a)	398,341,444,358
564518 (nf1b)	398,341,444,358
100003514 (prkcg)	464,248,510,265
100006675 (prkcba)	464,248,510,265
100333967 (si:ch73-374l24.1)	464,248,510,265
393953 (prkcbb)	464,248,510,265
497384 (prkcaa)	464,248,510,265
321107 (rap1b)	505,210,551,227
406714 (rap1ab)	505,210,551,227
415242 (rap1aa)	505,210,551,227
393998 (prkacba)	505,161,551,178
445076 (prkacab)	505,161,551,178
563147 (prkacbb)	505,161,551,178
564064 (prkacaa)	505,161,551,178
557693 (rapgef2)	424,220,470,237
793952 (si:dkey-253i9.4)	424,220,470,237
100331895 (rasa2)	334,355,380,372
100317924 (mras)	385,302,431,319
100536317 (si:ch73-116o1.2)	385,302,431,319
30380 (nras)	385,302,431,319
393228 (zgc:55558)	385,302,431,319
445289 (kras)	385,302,431,319
449660 (rras)	385,302,431,319
550286 (hrasa)	385,302,431,319
550513 (rras2)	385,302,431,319
553656 (hrasb)	385,302,431,319
557063 (rasgrp2)	369,248,415,265
558453 (rasgrp4)	369,248,415,265
563441 (rasgrp3)	369,248,415,265
797658	369,248,415,265
556286 (sos1)	323,302,369,319
561670 (sos2)	323,302,369,319
100331581 (si:dkey-44g17.6)	239,355,285,372
406604 (gng12a)	239,355,285,372
503589 (gna12a)	239,355,285,372
406308 (grb2b)	260,302,306,319
493609 (grb2a)	260,302,306,319
100000160 (fgfr4)	197,302,243,319
100007677 (erbb4a)	197,302,243,319
100149258	197,302,243,319
100150664 (met)	197,302,243,319
100535003 (ngfra)	197,302,243,319
101885162 (si:ch73-383l1.1)	197,302,243,319
245699 (insra)	197,302,243,319
245700 (insrb)	197,302,243,319
245701 (igf1ra)	197,302,243,319
245702 (igf1rb)	197,302,243,319
30121 (flt4)	197,302,243,319
30256 (kita)	197,302,243,319
30546 (ntrk1)	197,302,243,319
30689 (epha2a)	197,302,243,319
30705 (fgfr1a)	197,302,243,319
30747 (tek)	197,302,243,319
352940 (fgfr2)	197,302,243,319
378478 (egfra)	197,302,243,319
386635 (erbb3a)	197,302,243,319
386856 (pdgfra)	197,302,243,319
386966 (erbb2)	197,302,243,319
497629 (kitb)	197,302,243,319
544664 (erbb3b)	197,302,243,319
544667 (flt1)	197,302,243,319
554230 (kdr)	197,302,243,319
559529 (pdgfrb)	197,302,243,319
564338 (ngfrb)	197,302,243,319
566708 (flt3)	197,302,243,319
568405 (csf1rb)	197,302,243,319
568718 (epha2b)	197,302,243,319
569836 (erbb4b)	197,302,243,319
570240 (ntrk2b)	197,302,243,319
571431	197,302,243,319
572204 (nradd)	197,302,243,319
58129 (fgfr3)	197,302,243,319
64274 (csf1ra)	197,302,243,319
65090 (ntrk2a)	197,302,243,319
796537 (kdrl)	197,302,243,319
100003220 (cacng6b)	197,167,243,184
100003329 (cacng8b)	197,167,243,184
100034540 (cacng7a)	197,167,243,184
100034580 (cacng6a)	197,167,243,184
100148645 (cacna2d3)	197,167,243,184
100331116 (cacng5b)	197,167,243,184
100535196 (cacna2d3a)	197,167,243,184
170581 (cacna1c)	197,167,243,184
322013 (cacng1a)	197,167,243,184
393614 (cacng2a)	197,167,243,184
403310 (cacna1da)	197,167,243,184
405791 (cacna1sb)	197,167,243,184
436925 (cacnb1)	197,167,243,184
555941 (cacna1ba)	197,167,243,184
559964 (cacna1fb)	197,167,243,184
560875 (cacna1ha)	197,167,243,184
561434 (cacna2d1a)	197,167,243,184
562422 (cacnb4a)	197,167,243,184
562796 (cacna1bb)	197,167,243,184
563904 (cacna1g)	197,167,243,184
564274 (cacna1e)	197,167,243,184
564883 (cacng3b)	197,167,243,184
565158 (cacnb3a)	197,167,243,184
566351 (cacna1i)	197,167,243,184
567438 (cacng3a)	197,167,243,184
568225 (cacna2d4a)	197,167,243,184
568759 (cacna2d2b)	197,167,243,184
569528 (cacna1ab)	197,167,243,184
570683 (cacna1sa)	197,167,243,184
571193 (cacng1b)	197,167,243,184
678560 (cacnb4b)	197,167,243,184
794222 (cacng4b)	197,167,243,184
795492 (cacnb2a)	197,167,243,184
797409 (cacng5a)	197,167,243,184
431720 (nr4a1)	891,906,937,923
541323 (mapk7)	740,906,786,923
100007679 (map2k5)	653,906,699,923
405892 (nlk1)	763,843,809,860
563460 (nlk2)	763,843,809,860
57925 (cdc25b)	828,813,874,830
561959 (rps6ka4)	828,791,874,808
565173 (rps6ka5)	828,791,874,808
327321 (mapkapk2a)	828,770,874,787
790934 (mapkapk3)	828,770,874,787
406514 (atf4a)	891,792,937,809
556410 (atf4b)	891,792,937,809
30575 (mef2ca)	891,727,937,744
798771 (mef2cb)	891,727,937,744
30467 (max)	891,705,937,722
30093 (elk4)	891,661,937,678
30590 (tp53)	891,605,937,622
567895 (elk1)	891,584,937,601
100006516 (atf2)	891,562,937,579
567018 (atf7b)	891,562,937,579
100002318 (mapk13)	740,694,786,711
266756 (mapk14b)	740,694,786,711
30681 (mapk12a)	740,694,786,711
415185 (mapk11)	740,694,786,711
557810 (mapk12b)	740,694,786,711
562552 (zgc:171775)	740,694,786,711
65237 (mapk14a)	740,694,786,711
541536 (ppp5c)	634,747,680,764
65239 (map2k6)	653,710,699,727
100034609 (dusp10)	764,583,810,600
114436 (dusp5)	764,583,810,600
327246 (dusp7)	764,583,810,600
393854 (dusp8a)	764,583,810,600
394146 (dusp4)	764,583,810,600
406523 (dusp16)	764,583,810,600
445057 (dusp2)	764,583,810,600
100000665 (dusp3a)	720,605,766,622
100526652 (ptprr)	720,605,766,622
559524 (ptpn5)	720,605,766,622
30703 (ppm1ab)	663,583,709,600
30704 (ppm1aa)	663,583,709,600
405817 (ppm1na)	663,583,709,600
564875 (ppm1nb)	663,583,709,600
100149794 (akt3b)	620,605,666,622
101910198 (akt1)	620,605,666,622
378972 (akt2)	620,605,666,622
403146 (akt2l)	620,605,666,622
560549 (akt3a)	620,605,666,622
100004576 (taok1a)	557,818,603,835
100151551 (taok2b)	557,818,603,835
555650 (taok3b)	557,818,603,835
556172 (taok2a)	557,818,603,835
798408 (taok3a)	557,818,603,835
325488 (map3k4)	557,791,603,808
368243 (hspb1)	891,760,937,777
553788 (map3k7)	557,724,603,741
100005496 (si:ch211-1i11.3)	557,694,603,711
555703 (map3k5)	557,694,603,711
559247 (zak)	557,620,603,637
404626 (map3k12)	557,600,603,617
568412 (si:ch211-45c16.2)	557,580,603,597
678610 (map4k2)	471,644,517,661
324125 (stk3)	471,604,517,621
569243 (ecsit)	404,770,450,787
494163 (tab2)	404,746,450,763
403084 (tab1)	404,724,450,741
393548 (gadd45aa)	338,791,384,808
402991 (gadd45ga)	338,791,384,808
406304 (gadd45ba)	338,791,384,808
431763 (gadd45ab)	338,791,384,808
497646 (gadd45bb)	338,791,384,808
554561 (traf6)	338,759,384,776
561006 (daxx)	432,694,478,711
100005446	369,644,415,661
557526 (traf2b)	369,644,415,661
564295 (traf2a)	369,644,415,661
140621 (casp3a)	369,604,415,621
566604 (casp3b)	369,604,415,621
30739 (tgfbr2b)	197,705,243,722
560446 (si:dkey-101k6.5)	197,705,243,722
560578 (tgfbr1a)	197,705,243,722
792928 (tgfbr1b)	197,705,243,722
768248 (fas)	197,683,243,700
100331351 (il1rap)	197,654,243,671
799204 (zmp:0000000936)	197,654,243,671
406471 (tnfrsf1a)	197,621,243,638
359834 (tgfb1a)	114,705,160,722
369194 (tgfb2)	114,705,160,722
369195 (tgfb3)	114,705,160,722
563884 (tgfb1b)	114,705,160,722
405770 (il1b)	114,654,160,671
405785 (tnfa)	114,621,160,638
436608 (mapkapk5)	828,748,874,765
327204 (rac1a)	385,543,431,560
336839 (cdc42)	385,543,431,560
415151 (rac2)	385,543,431,560
437027 (rac3a)	385,543,431,560
556226 (cdc42l2)	385,543,431,560
562838 (rac1b)	385,543,431,560
792699 (rac1l)	385,543,431,560
793158 (cdc42l)	385,543,431,560
795167 (rac3b)	385,543,431,560
266749 (pak2a)	471,543,517,560
325034 (pak2b)	471,543,517,560
373103 (pak1)	471,543,517,560
558321 (map3k2)	557,543,603,560
560211 (map3k3)	557,543,603,560
100333948 (mapk8ip1b)	701,522,747,539
100537717 (mapk8ip1a)	701,522,747,539
561262 (mapk8ip2)	701,522,747,539
101886393	557,511,603,528
560913 (map2k7)	653,511,699,528
100149273 (mapk9)	740,494,786,511
562720 (mapk8a)	740,494,786,511
569698 (mapk10)	740,494,786,511
65236 (mapk8b)	740,494,786,511
403052 (map2k4a)	653,478,699,495
568951 (map2k4b)	653,478,699,495
445234 (crk)	695,442,741,459
556443 (crkl)	695,442,741,459
321378 (arrb2a)	642,442,688,459
394099 (arrb2b)	642,442,688,459
436678 (arr3a)	642,442,688,459
553266 (arrb1)	642,442,688,459
796867 (arr3b)	642,442,688,459
497407 (mecom)	770,446,816,463
100126123 (hsp70.1)	770,425,816,442
30671 (hsp70.3)	770,425,816,442
393586 (hsc70)	770,425,816,442
560210 (hsp70l)	770,425,816,442
573376 (hspa8)	770,425,816,442
798846 (si:ch211-199o1.2)	770,425,816,442
564873 (jund)	891,505,937,522
335916 (jun)	891,483,937,500
394198 (fosab)	891,483,937,500
564403 (si:ch211-153j24.3)	891,483,937,500
570238 (fosaa)	891,483,937,500
561772 (nfatc3a)	891,458,937,475
566869 (nfatc3b)	891,458,937,475
568315 (nfatc1)	891,437,937,454
571865	891,437,937,454
447814 (ppp3r1b)	826,382,872,399
550554 (ppp3cb)	826,382,872,399
557926 (ppp3cca)	826,382,872,399
564337 (ppp3r1a)	826,382,872,399
565241 (ppp3ccb)	826,382,872,399
794574 (ppp3ca)	826,382,872,399
100318355 (mapk8ip3)	714,421,760,438
100048921 (flnca)	661,421,707,438
100534866 (flnb)	661,421,707,438
562529 (flna)	661,421,707,438
563023 (flnb)	661,421,707,438
570288 (flncb)	661,421,707,438
100334486 (map3k1)	557,467,603,484
563727 (map3k8)	557,443,603,460
100005183 (map4k3b)	471,445,517,462
558281 (map4k3a)	471,445,517,462
394198 (fosab)	1057,302,1103,319
564403 (si:ch211-153j24.3)	1057,302,1103,319
570238 (fosaa)	1057,302,1103,319
30431 (srfa)	955,302,1001,319
393141 (mycb)	891,335,937,352
30093 (elk4)	891,313,937,330
567895 (elk1)	891,291,937,308
406514 (atf4a)	891,263,937,280
556410 (atf4b)	891,263,937,280
100009657 (rps6ka3b)	827,273,873,290
337670 (rps6kal)	827,273,873,290
338219 (rps6ka3a)	827,273,873,290
571285 (rps6ka2)	827,273,873,290
777728 (rps6ka1)	827,273,873,290
334167 (mknk2a)	827,252,873,269
373121 (mknk2b)	827,252,873,269
555974 (mknk1)	827,252,873,269
100003450 (si:dkey-246i14.3)	114,302,160,319
100004617 (csf1a)	114,302,160,319
100005049 (fgf1b)	114,302,160,319
100005852 (fgf22)	114,302,160,319
100006460 (efna3a)	114,302,160,319
100034402 (tgfa)	114,302,160,319
100332852	114,302,160,319
100334116	114,302,160,319
100535718 (pdgfd)	114,302,160,319
101101687 (angpt2a)	114,302,160,319
103909601	114,302,160,319
114407 (angpt1)	114,302,160,319
114433 (igf1)	114,302,160,319
117506 (efna3b)	114,302,160,319
30218 (efna2a)	114,302,160,319
30223 (efna5b)	114,302,160,319
30262 (ins)	114,302,160,319
30538 (fgf8a)	114,302,160,319
30549 (fgf3)	114,302,160,319
30560 (fgf6a)	114,302,160,319
30682 (vegfaa)	114,302,160,319
30710 (igf2a)	114,302,160,319
324215 (igf2b)	114,302,160,319
359829 (fgf18a)	114,302,160,319
359830 (fgf10a)	114,302,160,319
368245 (fgf19)	114,302,160,319
378480 (pdgfaa)	114,302,160,319
386825 (ntf3)	114,302,160,319
393569 (efna1a)	114,302,160,319
393733 (fgf1a)	114,302,160,319
403045 (egf)	114,302,160,319
403049 (vegfc)	114,302,160,319
404231 (fgf2)	114,302,160,319
407737 (fgf17)	114,302,160,319
493181 (fgf7)	114,302,160,319
493781 (hgfa)	114,302,160,319
494151 (efna1b)	114,302,160,319
494454 (fgf5)	114,302,160,319
494455 (fgf6b)	114,302,160,319
494456 (fgf23)	114,302,160,319
553179 (kitlga)	114,302,160,319
553181 (kitlgb)	114,302,160,319
557468 (pgfb)	114,302,160,319
558154 (vegfab)	114,302,160,319
560564 (pdgfc)	114,302,160,319
564770 (fgf20b)	114,302,160,319
566735 (insb)	114,302,160,319
570435 (fgf4)	114,302,160,319
58118 (bdnf)	114,302,160,319
58133 (ngfb)	114,302,160,319
678512 (vegfd)	114,302,160,319
692065 (fgf16)	114,302,160,319
724048 (fgf21)	114,302,160,319
767790 (pdgfab)	114,302,160,319
796490 (pdgfbb)	114,302,160,319
798657 (si:ch211-79m20.1)	114,302,160,319
58130 (tradd)	276,621,322,638
403145 (myd88)	276,654,322,671
393132 (irak4)	306,707,352,724
569226 (irak1)	306,707,352,724
403063 (araf)	558,279,604,296
dre04010: MAPK signaling pathway	40,45,268,70
dre04070: Phosphatidylinositol signaling system	569,67,690,105
dre04110: Cell cycle	1284,466,1318,737
dre04210: Apoptosis	1176,610,1270,636
dre04310: Wnt signaling pathway	992,833,1086,871
dre04115: p53 signaling pathway	992,595,1086,633
map04668: TNF signaling pathway	245,576,339,614
