494449 (ncstn)	240,281,286,298
386808 (aph1b)	286,281,332,298
559336 (zgc:114200)	286,281,332,298
30221 (psen1)	286,264,332,281
58026 (psen2)	286,264,332,281
192302 (hdac1)	640,316,686,333
553421 (si:ch73-167c12.2)	684,293,730,310
30206 (tle3a)	623,293,669,310
65229 (ctbp1)	573,293,619,310
65230 (ctbp2a)	573,293,619,310
678649 (zgc:136929)	573,293,619,310
561503 (ncor2)	670,270,716,287
100534909 (her15.1)	787,184,833,201
140613 (her9)	787,184,833,201
30288 (her6)	787,184,833,201
359836 (her15.2)	787,184,833,201
402914 (her12)	787,184,833,201
386772 (rbpja)	640,211,686,228
503870 (rbpjl)	640,211,686,228
563306 (rbpjb)	640,211,686,228
321852 (snw1)	662,172,708,189
555517 (kat2a)	585,180,631,197
559273 (ep300a)	585,180,631,197
563942 (kat2b)	585,180,631,197
565612 (ep300b)	585,180,631,197
566841 (crebbpa)	585,180,631,197
567111 (crebbpb)	585,180,631,197
100329328 (zmp:0000001236)	585,163,631,180
101886283 (maml3)	585,163,631,180
567335 (maml1)	585,163,631,180
324142 (adam17a)	123,310,169,327
560657 (adam17b)	123,310,169,327
402810 (psenen)	240,264,286,281
101885597 (dtx1)	310,185,356,202
334026 (si:dkey-40c23.2)	310,185,356,202
393500 (zgc:66440)	310,185,356,202
568626 (dtx2)	310,185,356,202
570481 (dtx4a)	310,185,356,202
497616 (numbl)	274,155,320,172
692064 (numb)	274,155,320,172
140421 (jag1a)	60,257,106,274
140422 (jag2b)	60,257,106,274
140423 (jag1b)	60,257,106,274
566455 (jag2a)	60,257,106,274
30718 (notch1a)	166,211,212,228
58065 (notch2)	166,211,212,228
58066 (notch3)	166,211,212,228
794892 (notch1b)	166,211,212,228
100149082 (dvl3)	221,136,267,153
323630 (dvl2)	221,136,267,153
560032 (dvl1b)	221,136,267,153
569863 (dvl1a)	221,136,267,153
80972 (dvl3a)	221,136,267,153
30158 (lfng)	114,135,160,152
414848 (rfng)	114,135,160,152
493633 (mfng)	114,135,160,152
30120 (dlc)	60,211,106,228
30131 (dla)	60,211,106,228
30138 (dld)	60,211,106,228
30141 (dlb)	60,211,106,228
563920 (dll4)	60,211,106,228
101886356	692,316,738,333
557340 (atxn1a)	692,316,738,333
565841 (atxn1b)	692,316,738,333
571706	692,316,738,333
793927 (atxn1l)	692,316,738,333
335134 (heyl)	787,211,833,228
58008 (hey1)	787,211,833,228
58146 (hey2)	787,211,833,228
dre04010: MAPK signaling pathway	339,375,448,415
dre04330: Notch signaling pathway	40,45,279,70
