793362 (b3gnt2b)	398,196,428,196,428,200,398,200
100148828 (b4galt2)	651,262,681,262,681,266,651,266
550425 (b4galt1)	651,262,681,262,681,266,651,266
556544 (si:dkey-199f5.8)	651,262,681,262,681,266,651,266
561756 (b4galt3)	651,262,681,262,681,266,651,266
768123 (b4galt1l)	651,262,681,262,681,266,651,266
407659 (st3gal3b)	578,263,608,263,608,267,578,267
100148828 (b4galt2)	648,196,678,196,678,200,648,200
550425 (b4galt1)	648,196,678,196,678,200,648,200
556544 (si:dkey-199f5.8)	648,196,678,196,678,200,648,200
561756 (b4galt3)	648,196,678,196,678,200,648,200
768123 (b4galt1l)	648,196,678,196,678,200,648,200
793362 (b3gnt2b)	574,196,604,196,604,200,574,200
100148828 (b4galt2)	476,196,506,196,506,200,476,200
550425 (b4galt1)	476,196,506,196,506,200,476,200
556544 (si:dkey-199f5.8)	476,196,506,196,506,200,476,200
561756 (b4galt3)	476,196,506,196,506,200,476,200
768123 (b4galt1l)	476,196,506,196,506,200,476,200
492760 (b4galt4)	276,196,306,196,306,200,276,200
286748 (b3gnt7)	197,196,227,196,227,200,197,200
492760 (b4galt4)	78,196,108,196,108,200,78,200
797512 (fut8a)	1027,179,1027,209,1031,209,1031,179
445124 (chst1)	249,148,249,178,253,178,253,148
100170782 (zgc:194879)	135,148,135,178,139,178,139,148
445124 (chst1)	59,148,59,178,63,178,63,148
793362 (b3gnt2b)	473,441,503,441,503,445,473,445
445562 (st3gal2)	745,506,775,506,775,510,745,510
100148828 (b4galt2)	723,441,753,441,753,445,723,445
550425 (b4galt1)	723,441,753,441,753,445,723,445
556544 (si:dkey-199f5.8)	723,441,753,441,753,445,723,445
561756 (b4galt3)	723,441,753,441,753,445,723,445
768123 (b4galt1l)	723,441,753,441,753,445,723,445
793362 (b3gnt2b)	649,441,679,441,679,445,649,445
100148828 (b4galt2)	551,441,581,441,581,445,551,445
550425 (b4galt1)	551,441,581,441,581,445,551,445
556544 (si:dkey-199f5.8)	551,441,581,441,581,445,551,445
561756 (b4galt3)	551,441,581,441,581,445,551,445
768123 (b4galt1l)	551,441,581,441,581,445,551,445
492760 (b4galt4)	365,441,395,441,395,445,365,445
286748 (b3gnt7)	286,441,316,441,316,445,286,445
492760 (b4galt4)	172,441,202,441,202,445,172,445
100006249 (chst2b)	423,393,423,423,427,423,427,393
561896 (chst2a)	423,393,423,423,427,423,427,393
100006249 (chst2b)	229,393,229,423,233,423,233,393
561896 (chst2a)	229,393,229,423,233,423,233,393
445124 (chst1)	153,393,153,423,157,423,157,393
dre00512: Mucin type O-glycan biosynthesis	488,344,615,369
dre00533: Glycosaminoglycan biosynthesis - keratan sulfate	40,45,477,70
dre00510: N-Glycan biosynthesis	490,82,617,107
