565822 (bnip1a)	296,657,342,674
795732 (bnip1b)	296,657,342,674
393294 (use1)	296,640,342,657
554130 (stx18)	296,623,342,640
492808 (stx17)	198,623,244,640
415135 (bet1)	176,576,222,593
445493 (bet1l)	176,576,222,593
394067 (ykt6)	272,494,318,511
100001316 (gosr1)	272,477,318,494
323105 (stx5al)	272,460,318,477
436605 (stx5a)	272,460,318,477
114464 (sec22ba)	223,494,269,511
327277 (sec22bb)	223,494,269,511
324569 (gosr2)	223,477,269,494
323105 (stx5al)	223,460,269,477
436605 (stx5a)	223,460,269,477
553460 (snap29)	272,383,318,400
100151249 (stx10)	223,403,269,420
550577 (stx6)	223,403,269,420
562857 (stx16)	223,383,269,400
393836 (stx11b.1)	223,363,269,380
405846 (stx11a)	223,363,269,380
570366 (stx19)	223,363,269,380
394067 (ykt6)	394,325,440,342
394011 (vti1b)	482,299,528,316
567385 (vti1a)	482,299,528,316
393346 (stx8)	482,282,528,299
562669 (stx7l)	482,265,528,282
393708 (vamp4)	339,125,385,142
325484 (vamp5)	324,96,370,113
393159 (snap23.1)	258,93,304,110
641321 (snap23.2)	258,93,304,110
393159 (snap23.1)	96,130,142,147
641321 (snap23.2)	96,130,142,147
100006625 (stx1a)	213,93,259,110
100536636 (stx2b)	213,93,259,110
323735 (stx4)	213,93,259,110
393515 (stx3a)	213,93,259,110
445167 (stx2a)	213,93,259,110
571872 (zgc:165520)	213,93,259,110
58038 (stx1b)	213,93,259,110
100006625 (stx1a)	51,130,97,147
100536636 (stx2b)	51,130,97,147
323735 (stx4)	51,130,97,147
393515 (stx3a)	51,130,97,147
445167 (stx2a)	51,130,97,147
571872 (zgc:165520)	51,130,97,147
58038 (stx1b)	51,130,97,147
114464 (sec22ba)	361,576,407,593
327277 (sec22bb)	361,576,407,593
393708 (vamp4)	240,197,286,214
327007 (vamp8)	103,254,149,271
336281 (vamp2)	91,231,137,248
406707 (vamp1)	91,231,137,248
415163 (vamp3)	91,231,137,248
436805 (zgc:92912)	91,231,137,248
393236 (sybl1)	382,281,428,298
562857 (stx16)	402,148,448,165
100151249 (stx10)	402,165,448,182
550577 (stx6)	402,165,448,182
394011 (vti1b)	402,182,448,199
567385 (vti1a)	402,182,448,199
dre04130: SNARE interactions in vesicular transport	40,45,415,70
