G11040	655,147,4
G10841	564,147,4
G01813	473,147,4
G12625	473,218,4
G12626	473,289,4
G00012	384,147,4
G00011	203,147,4
G13047	564,289,4
G13048	655,289,4
G13049	747,289,4
G13050	838,289,4
G00016	654,1782,4
G00017	744,1782,4
G10716	835,1782,4
G11000	744,1826,4
G11933	835,1826,4
G00014	563,1713,4
G00013	472,1713,4
G00012	382,1713,4
G00011	203,1713,4
G00015	654,1713,4
G00011	203,1448,4
G00012	378,1448,4
G00013	468,1448,4
G00014	559,1448,4
G10770	559,1519,4
G13057	651,1519,4
G13058	741,1519,4
G13059	832,1519,4
G00011	203,1210,4
G00012	383,1210,4
G00013	473,1210,4
G00014	564,1210,4
G10770	564,1280,4
G05477	656,1280,4
G10920	746,1280,4
G00015	661,616,4
G12617	1021,616,4
G13055	931,616,4
G13056	841,616,4
G00011	209,615,4
G00012	389,615,4
G00013	480,616,4
G00014	571,616,4
G10694	299,615,4
G00179	751,616,4
G10665	1021,699,4
G10694	293,147,4
G10694	293,1448,4
G10694	293,1210,4
G10694	293,1713,4
101882461	309,138,355,155
335538 (man1a2)	309,138,355,155
566078 (man1a1)	309,138,355,155
407614 (alg11)	512,466,525,453,529,453,516,466
407614 (alg11)	452,470,472,470,472,474,452,474
393598 (alg9)	453,351,473,351,473,355,453,355
553725 (alg3)	515,390,525,380,529,380,519,390
569494 (alg12)	516,353,526,363,530,363,520,353
403068 (alg2)	570,438,590,418,594,418,574,438
403068 (alg2)	571,378,591,398,595,398,575,378
334161 (alg1)	635,406,655,406,655,410,635,410
436733 (zgc:92907)	713,406,733,406,733,410,713,410
450072 (alg14)	713,406,733,406,733,410,713,410
557181 (alg13)	713,406,733,406,733,410,713,410
266797 (stt3a)	792,406,812,406,812,410,792,410
323918 (stt3b)	792,406,812,406,812,410,792,410
325561 (rpn1)	792,406,812,406,812,410,792,410
335985 (rpn2)	792,406,812,406,812,410,792,410
406408 (ddost)	792,406,812,406,812,410,792,410
553582 (tusc3)	792,406,812,406,812,410,792,410
566527 (dad1)	792,406,812,406,812,410,792,410
403068 (alg2)	392,851,412,831,416,831,396,851
403068 (alg2)	392,798,412,818,416,818,396,798
334161 (alg1)	459,822,479,822,479,826,459,826
436733 (zgc:92907)	535,826,545,836,549,836,539,826
450072 (alg14)	535,826,545,836,549,836,539,826
557181 (alg13)	535,826,545,836,549,836,539,826
266797 (stt3a)	606,842,626,842,626,846,606,846
323918 (stt3b)	606,842,626,842,626,846,606,846
325561 (rpn1)	606,842,626,842,626,846,606,846
335985 (rpn2)	606,842,626,842,626,846,606,846
406408 (ddost)	606,842,626,842,626,846,606,846
553582 (tusc3)	606,842,626,842,626,846,606,846
566527 (dad1)	606,842,626,842,626,846,606,846
393649 (mgat1a)	328,850,348,850,348,854,328,854
558524 (mgat1b)	328,850,348,850,348,854,328,854
100000478 (mgat2)	328,794,348,794,348,798,328,798
403068 (alg2)	386,1942,406,1922,410,1922,390,1942
403068 (alg2)	387,1886,407,1906,411,1906,391,1886
334161 (alg1)	451,1912,471,1912,471,1916,451,1916
436733 (zgc:92907)	527,1912,537,1902,541,1902,531,1912
450072 (alg14)	527,1912,537,1902,541,1902,531,1912
557181 (alg13)	527,1912,537,1902,541,1902,531,1912
266797 (stt3a)	598,1893,618,1893,618,1897,598,1897
323918 (stt3b)	598,1893,618,1893,618,1897,598,1897
325561 (rpn1)	598,1893,618,1893,618,1897,598,1897
335985 (rpn2)	598,1893,618,1893,618,1897,598,1897
406408 (ddost)	598,1893,618,1893,618,1897,598,1897
553582 (tusc3)	598,1893,618,1893,618,1897,598,1897
566527 (dad1)	598,1893,618,1893,618,1897,598,1897
553524 (b4galnt3b)	255,1861,265,1871,269,1871,259,1861
559305 (b4galnt4b)	255,1861,265,1871,269,1871,259,1861
565184 (b4galnt4a)	255,1861,265,1871,269,1871,259,1861
797512 (fut8a)	528,1877,538,1887,542,1887,532,1877
795008 (si:ch211-269c21.2)	177,1857,197,1857,197,1861,177,1861
796549 (chst8)	177,1857,197,1857,197,1861,177,1861
393649 (mgat1a)	332,1966,342,1956,346,1956,336,1966
558524 (mgat1b)	332,1966,342,1956,346,1956,336,1966
100000478 (mgat2)	324,1877,344,1877,344,1881,324,1881
100148828 (b4galt2)	253,1896,263,1886,267,1886,257,1896
550425 (b4galt1)	253,1896,263,1886,267,1886,257,1896
556544 (si:dkey-199f5.8)	253,1896,263,1886,267,1886,257,1896
561756 (b4galt3)	253,1896,263,1886,267,1886,257,1896
768123 (b4galt1l)	253,1896,263,1886,267,1886,257,1896
407659 (st3gal3b)	198,1896,218,1896,218,1900,198,1900
553524 (b4galnt3b)	266,1951,276,1961,280,1961,270,1951
559305 (b4galnt4b)	266,1951,276,1961,280,1961,270,1951
565184 (b4galnt4a)	266,1951,276,1961,280,1961,270,1951
795008 (si:ch211-269c21.2)	188,1948,208,1948,208,1952,188,1952
796549 (chst8)	188,1948,208,1948,208,1952,188,1952
100148828 (b4galt2)	264,1986,274,1976,278,1976,268,1986
550425 (b4galt1)	264,1986,274,1976,278,1976,268,1986
556544 (si:dkey-199f5.8)	264,1986,274,1976,278,1976,268,1986
561756 (b4galt3)	264,1986,274,1976,278,1976,268,1986
768123 (b4galt1l)	264,1986,274,1976,278,1976,268,1986
407659 (st3gal3b)	209,1987,229,1987,229,1991,209,1991
100333333 (mgat4c)	334,1929,344,1939,348,1939,338,1929
431727 (mgat4b)	334,1929,344,1939,348,1939,338,1929
492796 (zgc:101663)	334,1929,344,1939,348,1939,338,1929
563038 (mgat4a)	334,1929,344,1939,348,1939,338,1929
100148828 (b4galt2)	258,1926,278,1926,278,1930,258,1930
550425 (b4galt1)	258,1926,278,1926,278,1930,258,1930
556544 (si:dkey-199f5.8)	258,1926,278,1926,278,1930,258,1930
561756 (b4galt3)	258,1926,278,1926,278,1930,258,1930
768123 (b4galt1l)	258,1926,278,1926,278,1930,258,1930
407659 (st3gal3b)	201,1926,221,1926,221,1930,201,1930
797512 (fut8a)	631,1735,677,1752
100148828 (b4galt2)	672,1774,718,1791
550425 (b4galt1)	672,1774,718,1791
556544 (si:dkey-199f5.8)	672,1774,718,1791
561756 (b4galt3)	672,1774,718,1791
768123 (b4galt1l)	672,1774,718,1791
407659 (st3gal3b)	764,1774,810,1791
553524 (b4galnt3b)	673,1818,719,1835
559305 (b4galnt4b)	673,1818,719,1835
565184 (b4galnt4a)	673,1818,719,1835
795008 (si:ch211-269c21.2)	765,1818,811,1835
796549 (chst8)	765,1818,811,1835
101882461	309,1704,355,1721
335538 (man1a2)	309,1704,355,1721
566078 (man1a1)	309,1704,355,1721
393649 (mgat1a)	398,1704,444,1721
558524 (mgat1b)	398,1704,444,1721
100333987 (man2a2)	488,1704,534,1721
560219 (man2a1)	488,1704,534,1721
100000478 (mgat2)	579,1704,625,1721
101882461	305,1439,351,1456
335538 (man1a2)	305,1439,351,1456
566078 (man1a1)	305,1439,351,1456
393649 (mgat1a)	394,1439,440,1456
558524 (mgat1b)	394,1439,440,1456
100333987 (man2a2)	484,1439,530,1456
560219 (man2a1)	484,1439,530,1456
797512 (fut8a)	536,1470,582,1487
541364 (zgc:113333)	664,1510,710,1527
565372 (hexdc)	664,1510,710,1527
266797 (stt3a)	491,1578,511,1578,511,1582,491,1582
323918 (stt3b)	491,1578,511,1578,511,1582,491,1582
325561 (rpn1)	491,1578,511,1578,511,1582,491,1582
335985 (rpn2)	491,1578,511,1578,511,1582,491,1582
406408 (ddost)	491,1578,511,1578,511,1582,491,1582
553582 (tusc3)	491,1578,511,1578,511,1582,491,1582
566527 (dad1)	491,1578,511,1578,511,1582,491,1582
436733 (zgc:92907)	412,1578,432,1578,432,1582,412,1582
450072 (alg14)	412,1578,432,1578,432,1582,412,1582
557181 (alg13)	412,1578,432,1578,432,1582,412,1582
334161 (alg1)	334,1578,354,1578,354,1582,334,1582
797512 (fut8a)	422,1557,432,1567,436,1567,426,1557
403068 (alg2)	270,1056,290,1036,294,1036,274,1056
403068 (alg2)	270,1003,290,1023,294,1023,274,1003
334161 (alg1)	335,1029,355,1029,355,1033,335,1033
436733 (zgc:92907)	413,1031,423,1041,427,1041,417,1031
450072 (alg14)	413,1031,423,1041,427,1041,417,1031
557181 (alg13)	413,1031,423,1041,427,1041,417,1031
266797 (stt3a)	484,1047,504,1047,504,1051,484,1051
323918 (stt3b)	484,1047,504,1047,504,1051,484,1051
325561 (rpn1)	484,1047,504,1047,504,1051,484,1051
335985 (rpn2)	484,1047,504,1047,504,1051,484,1051
406408 (ddost)	484,1047,504,1047,504,1051,484,1051
553582 (tusc3)	484,1047,504,1047,504,1051,484,1051
566527 (dad1)	484,1047,504,1047,504,1051,484,1051
101882461	311,1201,357,1218
335538 (man1a2)	311,1201,357,1218
566078 (man1a1)	311,1201,357,1218
393649 (mgat1a)	399,1201,445,1218
558524 (mgat1b)	399,1201,445,1218
100333987 (man2a2)	489,1201,535,1218
560219 (man2a1)	489,1201,535,1218
797512 (fut8a)	541,1230,587,1247
266797 (stt3a)	497,1328,517,1328,517,1332,497,1332
323918 (stt3b)	497,1328,517,1328,517,1332,497,1332
325561 (rpn1)	497,1328,517,1328,517,1332,497,1332
335985 (rpn2)	497,1328,517,1328,517,1332,497,1332
406408 (ddost)	497,1328,517,1328,517,1332,497,1332
553582 (tusc3)	497,1328,517,1328,517,1332,497,1332
566527 (dad1)	497,1328,517,1328,517,1332,497,1332
436733 (zgc:92907)	418,1328,438,1328,438,1332,418,1332
450072 (alg14)	418,1328,438,1328,438,1332,418,1332
557181 (alg13)	418,1328,438,1328,438,1332,418,1332
334161 (alg1)	340,1328,360,1328,360,1332,340,1332
797512 (fut8a)	428,1307,438,1317,442,1317,432,1307
403068 (alg2)	276,1303,296,1323,300,1323,280,1303
403068 (alg2)	276,1356,296,1336,300,1336,280,1356
403068 (alg2)	271,1551,291,1571,295,1571,275,1551
403068 (alg2)	270,1606,290,1586,294,1586,274,1606
101882461	316,607,362,624
335538 (man1a2)	316,607,362,624
566078 (man1a1)	316,607,362,624
393649 (mgat1a)	405,607,451,624
558524 (mgat1b)	405,607,451,624
100333987 (man2a2)	496,607,542,624
560219 (man2a1)	496,607,542,624
100000478 (mgat2)	587,607,633,624
556237 (man1b1b)	225,607,271,624
562592 (man1b1a)	225,607,271,624
323613 (hexb)	896,691,942,708
550460 (hexa)	896,691,942,708
323613 (hexb)	999,645,1045,662
550460 (hexa)	999,645,1045,662
556237 (man1b1b)	219,139,265,156
562592 (man1b1a)	219,139,265,156
556237 (man1b1b)	219,1440,265,1457
562592 (man1b1a)	219,1440,265,1457
556237 (man1b1b)	219,1202,265,1219
562592 (man1b1a)	219,1202,265,1219
556237 (man1b1b)	219,1705,265,1722
562592 (man1b1a)	219,1705,265,1722
dre00510: N-Glycan biosynthesis	27,135,156,160
dre00513: Various types of N-glycan biosynthesis	40,45,385,70
dre00510: N-Glycan biosynthesis	27,1701,156,1726
dre00510: N-Glycan biosynthesis	27,1436,156,1461
dre00510: N-Glycan biosynthesis	27,1197,156,1222
dre00510: N-Glycan biosynthesis	33,603,162,628
