368882 (tbp)	186,516,232,533
403035 (tbpl1)	186,516,232,533
407713 (tbpl2)	186,516,232,533
555452 (taf1)	232,506,278,523
324486 (taf2)	232,523,278,540
334474 (taf3)	187,576,233,593
100149942 (taf4a)	233,576,279,593
100150678 (taf4b)	233,576,279,593
564106 (si:dkey-219c3.2)	233,576,279,593
334055 (taf5l)	233,559,279,576
641491 (taf5)	233,559,279,576
447818 (taf6)	279,559,325,576
557363 (taf6l)	279,559,325,576
100002261 (taf7)	278,506,324,523
393256 (taf8)	187,559,233,576
321485 (taf9)	279,576,325,593
556710 (taf10)	187,593,233,610
436821 (taf11)	325,559,371,576
324823 (gtf2b)	110,503,156,520
323974 (gtf2a1)	50,503,96,520
767629 (gtf2a1l)	50,503,96,520
798997 (gtf2a2)	50,520,96,537
81597 (gtf2ird1)	422,578,468,595
325832 (gtf2f1)	449,504,495,521
100148942 (gtf2f2b)	449,521,495,538
415217 (gtf2f2a)	449,521,495,538
393900 (ercc2)	567,521,613,538
567899 (gtf2e1)	385,504,431,521
334854 (gtf2e2)	385,521,431,538
447857 (gtf2h1)	521,504,567,521
323239 (gtf2h2)	567,504,613,521
436837 (gtf2h3)	613,504,659,521
334839 (gtf2h4)	659,504,705,521
324323 (ercc3)	521,521,567,538
386637 (taf12)	233,593,279,610
324153 (taf13)	325,576,371,593
751713 (gtf2h5)	613,521,659,538
405897 (cdk7)	521,538,567,555
450080 (mnat1)	567,538,613,555
541325 (ccnh)	613,538,659,555
dre03022: Basal transcription factors	40,45,401,70
dre03020: RNA polymerase	461,230,553,255
dre03420: Nucleotide excision repair	543,577,643,611
