C00076 (Calcium cation)	756,171,4
C05981 (Phosphatidylinositol-3,4,5-trisphosphate)	375,924,4
C00319 (Sphingosine)	449,379,4
C00027 (Hydrogen peroxide)	518,419,4
114401 (bcl2l1)	1513,893,1559,910
436904 (dffa)	1141,304,1187,321
403064 (atm)	1260,538,1306,555
30590 (tp53)	1260,585,1306,602
100002293 (endog)	1078,681,1124,698
373125 (aifm1)	1078,704,1124,721
100007048 (bcl2b)	642,623,688,640
570772 (bcl2a)	642,623,688,640
246726 (birc5b)	1513,868,1559,885
373107 (birc2)	1513,868,1559,885
373108 (xiap)	1513,868,1559,885
373110 (birc5a)	1513,868,1559,885
373130 (dffb)	1141,336,1187,353
492763 (casp9)	1079,377,1125,394
553634 (casp7)	964,341,1010,358
798445	964,341,1010,358
140621 (casp3a)	964,318,1010,335
566604 (casp3b)	964,318,1010,335
58100 (badb)	573,728,619,745
415099 (rela)	809,892,855,909
565756 (nfkb1)	809,892,855,909
246726 (birc5b)	868,378,914,395
373107 (birc2)	868,378,914,395
373108 (xiap)	868,378,914,395
373110 (birc5a)	868,378,914,395
552927 (casp6a)	964,285,1010,302
323099 (nfkbiab)	809,860,855,877
406463 (nfkbiaa)	809,860,855,877
58131 (apaf1)	942,627,988,644
415158 (cycsb)	942,594,988,611
559425 (bida)	760,416,806,433
557302 (casp8l2)	761,317,807,334
58022 (casp8)	761,317,807,334
393417 (capn1a)	792,163,838,180
406768 (zgc:55262)	792,163,838,180
541374 (capn2a)	792,163,838,180
553353 (si:ch211-202f3.3)	792,163,838,180
563053 (capn2b)	792,163,838,180
565106 (capn1b)	792,163,838,180
565825 (si:dkeyp-50d11.2)	792,163,838,180
100149794 (akt3b)	522,915,568,932
101910198 (akt1)	522,915,568,932
378972 (akt2)	522,915,568,932
403146 (akt2l)	522,915,568,932
560549 (akt3a)	522,915,568,932
100004261 (map3k14a)	307,726,353,743
795766	307,726,353,743
393287 (chuk)	719,860,765,877
541530 (ikbkg)	719,860,765,877
563560 (ikbkb)	719,860,765,877
373114 (cflara)	502,288,548,305
100000252 (pik3r3b)	264,915,310,932
100002263 (pik3cb)	264,915,310,932
394174 (pik3cd)	264,915,310,932
404211 (pik3r2)	264,915,310,932
557176 (pik3r1)	264,915,310,932
561737 (pik3ca)	264,915,310,932
100005446	264,402,310,419
557526 (traf2b)	264,402,310,419
564295 (traf2a)	264,402,310,419
567460 (ripk1l)	264,385,310,402
58130 (tradd)	264,368,310,385
562317 (fadd)	264,337,310,354
58130 (tradd)	264,320,310,337
562317 (fadd)	264,161,310,178
100135062 (csf2rb)	178,960,224,977
30546 (ntrk1)	178,915,224,932
406471 (tnfrsf1a)	178,345,224,362
373093 (hdr)	178,143,224,160
768248 (fas)	178,176,224,193
58133 (ngfb)	89,915,135,932
405785 (tnfa)	89,345,135,362
436866 (tnfsf10)	89,143,135,160
735295 (faslg)	89,176,135,193
553383 (sptan1)	1141,207,1187,224
195815 (lmna)	1141,240,1187,257
195816 (lmnb1)	1141,240,1187,257
195817 (lmnl3)	1141,240,1187,257
30196 (lmnb2)	1141,240,1187,257
100007906 (parp2)	1141,274,1187,291
335495 (parp3)	1141,274,1187,291
558045 (parp4)	1141,274,1187,291
560788 (parp1)	1141,274,1187,291
393317 (diabloa)	959,488,1005,505
100003446 (sept4b)	959,509,1005,526
556486 (sept4a)	959,509,1005,526
100137109 (zgc:174193)	959,530,1005,547
110438965	959,530,1005,547
560917	959,530,1005,547
797799	959,530,1005,547
799791 (si:dkey-33c12.10)	959,530,1005,547
100004321	1460,546,1506,563
58081 (baxa)	1460,546,1506,563
767645 (zgc:153993)	1460,546,1506,563
559425 (bida)	1408,571,1454,588
751765 (pmaip1)	1460,621,1506,638
58131 (apaf1)	1460,571,1506,588
768248 (fas)	1408,596,1454,613
373093 (hdr)	1460,596,1506,613
100005446	540,163,586,180
557526 (traf2b)	540,163,586,180
564295 (traf2a)	540,163,586,180
567021 (ern2)	586,163,632,180
560883 (ptpn13)	1408,868,1454,885
373114 (cflara)	1460,868,1506,885
393548 (gadd45aa)	1408,893,1454,910
402991 (gadd45ga)	1408,893,1454,910
406304 (gadd45ba)	1408,893,1454,910
431763 (gadd45ab)	1408,893,1454,910
497646 (gadd45bb)	1408,893,1454,910
100005446	1460,893,1506,910
100148503 (traf1)	1460,893,1506,910
557526 (traf2b)	1460,893,1506,910
564295 (traf2a)	1460,893,1506,910
100004321	700,504,746,521
58081 (baxa)	700,504,746,521
767645 (zgc:153993)	700,504,746,521
114401 (bcl2l1)	642,600,688,617
561006 (daxx)	264,281,310,298
100005496 (si:ch211-1i11.3)	377,564,423,581
555703 (map3k5)	377,564,423,581
100149273 (mapk9)	377,726,423,743
562720 (mapk8a)	377,726,423,743
569698 (mapk10)	377,726,423,743
65236 (mapk8b)	377,726,423,743
100002454 (dab2ipa)	352,404,398,421
558237 (dab2ipb)	352,404,398,421
335916 (jun)	1254,789,1300,806
394198 (fosab)	1254,813,1300,830
564403 (si:ch211-153j24.3)	1254,813,1300,830
570238 (fosaa)	1254,813,1300,830
30590 (tp53)	1408,788,1454,805
768248 (fas)	1460,788,1506,805
735295 (faslg)	1513,788,1559,805
100190951 (bcl2l11)	1408,813,1454,830
751765 (pmaip1)	752,712,798,729
30443 (ctslb)	491,549,537,566
321453 (ctsla)	491,549,537,566
324818 (ctsh)	491,549,537,566
336746 (napsa)	491,549,537,566
337572 (ctss2.2)	491,549,537,566
368704 (ctsc)	491,549,537,566
393398 (ctss1)	491,549,537,566
406645 (ctsba)	491,549,537,566
436641 (ctsl.1)	491,549,537,566
450022 (ctsz)	491,549,537,566
550475 (ctsk)	491,549,537,566
554157 (ctss2.1)	491,549,537,566
565588 (ctsf)	491,549,537,566
567333 (ctso)	491,549,537,566
569298 (ctsbb)	491,549,537,566
65225 (ctsd)	491,549,537,566
559564 (eif2ak3)	635,200,681,217
321564 (eif2s1b)	558,308,604,325
406514 (atf4a)	558,365,604,382
556410 (atf4b)	558,365,604,382
100149388 (itpr1b)	683,163,729,180
562585 (itpr2)	683,163,729,180
567611 (itpr1a)	683,163,729,180
794666 (itpr3)	683,163,729,180
403000 (pdpk1b)	436,915,482,932
559425 (bida)	558,678,604,695
373118 (casp2)	982,415,1028,432
571033 (pidd1)	982,432,1028,449
571033 (pidd1)	1513,546,1559,563
100000986 (gzm3)	964,242,1010,259
100001138 (gzm3.3)	964,242,1010,259
100000903 (prf1.1)	178,255,224,272
57934 (actb1)	1141,181,1187,198
57935 (actb2)	1141,181,1187,198
327377 (tuba4l)	1141,129,1187,146
337223 (tuba8l)	1141,129,1187,146
373080 (tuba1b)	1141,129,1187,146
393154 (tuba8l4)	1141,129,1187,146
393664 (tuba8l2)	1141,129,1187,146
406303 (tuba2)	1141,129,1187,146
431777 (tuba7l)	1141,129,1187,146
445164 (tuba8l3)	1141,129,1187,146
573122 (tuba1c)	1141,129,1187,146
573216 (tuba1a)	1141,129,1187,146
641561 (zgc:123298)	1141,129,1187,146
58122 (mcl1a)	1141,155,1187,172
100190951 (bcl2l11)	558,618,604,635
58122 (mcl1a)	499,587,545,604
30380 (nras)	264,960,310,977
393228 (zgc:55558)	264,960,310,977
445289 (kras)	264,960,310,977
550286 (hrasa)	264,960,310,977
553656 (hrasb)	264,960,310,977
30716 (raf1a)	350,960,396,977
557109 (raf1b)	350,960,396,977
100002225 (map2k2b)	436,960,482,977
406728 (map2k1)	436,960,482,977
563181 (map2k2a)	436,960,482,977
360144 (mapk1)	522,960,568,977
399480 (mapk3)	522,960,568,977
100007048 (bcl2b)	1408,960,1454,977
570772 (bcl2a)	1408,960,1454,977
dre04115: p53 signaling pathway	1224,609,1348,643
map04668: TNF signaling pathway	45,373,169,407
dre04210: Apoptosis	40,45,140,70
map04064: NF-kappa B signaling pathway	731,815,855,849
map04151: PI3K-Akt signaling pathway	311,881,435,915
dre04141: Protein processing in endoplasmic reticulum	701,95,825,129
dre04020: Calcium signaling pathway	723,190,847,224
map04650: Natural killer cell mediated cytotoxicity	45,286,169,320
dre04010: MAPK signaling pathway	584,931,708,965
