C00076 (Calcium cation)	559,146,4
C00165 (Diacylglycerol)	448,193,4
C01245 (D-myo-Inositol 1,4,5-trisphosphate)	448,146,4
C05981 (Phosphatidylinositol-3,4,5-trisphosphate)	385,649,4
406308 (grb2b)	401,505,447,522
493609 (grb2a)	401,505,447,522
567895 (elk1)	846,478,892,495
100007677 (erbb4a)	177,684,223,701
101885162 (si:ch73-383l1.1)	177,684,223,701
569836 (erbb4b)	177,684,223,701
100007677 (erbb4a)	177,597,223,614
101885162 (si:ch73-383l1.1)	177,597,223,614
569836 (erbb4b)	177,597,223,614
100149258	177,519,223,536
386635 (erbb3a)	177,519,223,536
544664 (erbb3b)	177,519,223,536
100149258	177,435,223,452
386635 (erbb3a)	177,435,223,452
544664 (erbb3b)	177,435,223,452
369197 (stat5a)	354,530,400,547
445474 (stat5b)	354,530,400,547
386966 (erbb2)	177,667,223,684
386966 (erbb2)	177,502,223,519
386966 (erbb2)	177,357,223,374
386966 (erbb2)	177,340,223,357
378478 (egfra)	177,259,223,276
571431	177,259,223,276
378478 (egfra)	177,208,223,225
571431	177,208,223,225
30654 (gsk3b)	519,646,565,663
560194 (gsk3aa)	519,646,565,663
799566 (eif4ebp1)	596,585,642,602
406349 (rps6kb1b)	596,557,642,574
562242 (rps6kb1a)	596,557,642,574
100151416 (cdkn1a)	519,703,565,720
368329 (cdkn1bb)	519,678,565,695
402862 (cdkn1ba)	519,678,565,695
324254 (mtor)	519,573,565,590
100536197	526,360,572,377
266749 (pak2a)	526,360,572,377
325034 (pak2b)	526,360,572,377
373103 (pak1)	526,360,572,377
405898 (pak7)	526,360,572,377
431769 (pak4)	526,360,572,377
567874 (pak6b)	526,360,572,377
100334953 (nck1b)	431,360,477,377
393972 (nck2a)	431,360,477,377
445098 (nck2b)	431,360,477,377
564584 (nck1a)	431,360,477,377
369197 (stat5a)	479,254,525,271
445474 (stat5b)	479,254,525,271
386966 (erbb2)	177,276,223,293
58100 (badb)	519,617,565,634
406666 (gab1)	401,582,447,599
100034402 (tgfa)	46,232,92,249
403052 (map2k4a)	630,360,676,377
560913 (map2k7)	630,360,676,377
568951 (map2k4b)	630,360,676,377
492364 (cbl)	485,220,531,237
556277 (cblb)	485,220,531,237
100007677 (erbb4a)	177,580,223,597
101885162 (si:ch73-383l1.1)	177,580,223,597
569836 (erbb4b)	177,580,223,597
100149258	177,418,223,435
386635 (erbb3a)	177,418,223,435
544664 (erbb3b)	177,418,223,435
100535494	46,623,92,640
101882495 (nrg3b)	46,623,92,640
100270726 (nrg2b)	46,531,92,548
567895 (elk1)	846,371,892,388
100149273 (mapk9)	735,360,781,377
562720 (mapk8a)	735,360,781,377
569698 (mapk10)	735,360,781,377
65236 (mapk8b)	735,360,781,377
445234 (crk)	450,326,496,343
556443 (crkl)	450,326,496,343
142986 (ptk2ab)	561,290,607,307
386705 (ptk2aa)	561,290,607,307
556286 (sos1)	446,467,492,484
561670 (sos2)	446,467,492,484
406308 (grb2b)	366,467,412,484
493609 (grb2a)	366,467,412,484
100332111 (shc3)	294,467,340,484
323818 (shc1)	294,467,340,484
562011 (shc2)	294,467,340,484
100003514 (prkcg)	598,185,644,202
100006675 (prkcba)	598,185,644,202
100333967 (si:ch73-374l24.1)	598,185,644,202
393953 (prkcbb)	598,185,644,202
497384 (prkcaa)	598,185,644,202
436815 (camk2d2)	598,138,644,155
445208 (camk2d1)	598,138,644,155
550436 (camk2a)	598,138,644,155
562064 (camk2b1)	598,138,644,155
791855 (camk2g1)	598,138,644,155
793359 (camk2g2)	598,138,644,155
798222 (camk2b)	598,138,644,155
373867 (plcg1)	368,160,414,177
561747 (plcg2)	368,160,414,177
797938 (hbegfa)	46,364,92,381
796461 (nrg1)	46,507,92,524
503869 (btc)	46,340,92,357
335916 (jun)	846,348,892,365
100000720 (abl1)	545,326,591,343
570636 (abl2)	545,326,591,343
100000252 (pik3r3b)	299,641,345,658
100002263 (pik3cb)	299,641,345,658
394174 (pik3cd)	299,641,345,658
404211 (pik3r2)	299,641,345,658
557176 (pik3r1)	299,641,345,658
561737 (pik3ca)	299,641,345,658
100149794 (akt3b)	430,641,476,658
101910198 (akt1)	430,641,476,658
378972 (akt2)	430,641,476,658
403146 (akt2l)	430,641,476,658
560549 (akt3a)	430,641,476,658
378478 (egfra)	177,191,223,208
571431	177,191,223,208
325084 (src)	467,290,513,307
393141 (mycb)	846,455,892,472
403045 (egf)	46,208,92,225
360144 (mapk1)	735,467,781,484
399480 (mapk3)	735,467,781,484
100002225 (map2k2b)	662,467,708,484
406728 (map2k1)	662,467,708,484
563181 (map2k2a)	662,467,708,484
30716 (raf1a)	590,467,636,484
403063 (araf)	590,467,636,484
403065 (braf)	590,467,636,484
557109 (raf1b)	590,467,636,484
30380 (nras)	519,467,565,484
393228 (zgc:55558)	519,467,565,484
445289 (kras)	519,467,565,484
550286 (hrasa)	519,467,565,484
553656 (hrasb)	519,467,565,484
map05223: Non-small cell lung cancer	876,126,978,160
map05212: Pancreatic cancer	876,76,978,110
dre04150: mTOR signaling pathway	688,593,790,627
map05213: Endometrial cancer	876,681,978,715
map05214: Glioma	876,624,978,658
dre04020: Calcium signaling pathway	300,108,412,142
dre04010: MAPK signaling pathway	653,402,755,436
dre04012: ErbB signaling pathway	40,45,254,70
dre04110: Cell cycle	687,681,790,715
map04151: PI3K-Akt signaling pathway	333,682,435,716
