393287 (chuk)	770,534,816,551
554561 (traf6)	643,460,689,477
569226 (irak1)	642,489,688,506
393132 (irak4)	561,489,607,506
403145 (myd88)	411,490,457,507
403145 (myd88)	307,407,353,424
403145 (myd88)	307,299,353,316
554561 (traf6)	561,380,607,397
360144 (mapk1)	814,308,860,325
399480 (mapk3)	814,308,860,325
563727 (map3k8)	670,308,716,325
565756 (nfkb1)	670,277,716,294
445119 (traf3)	498,575,544,592
567460 (ripk1l)	561,397,607,414
393650 (irf7)	814,489,860,506
405811 (irf5)	814,439,860,456
798892 (cxcl11.1)	1076,687,1122,704
100126803 (ifnphi3)	1076,545,1122,562
360134 (ifnphi1)	1076,545,1122,562
100270764 (cd40)	1076,410,1122,427
563560 (ikbkb)	690,238,736,255
553788 (map3k7)	563,299,609,316
100002318 (mapk13)	814,375,860,392
266756 (mapk14b)	814,375,860,392
30681 (mapk12a)	814,375,860,392
415185 (mapk11)	814,375,860,392
557810 (mapk12b)	814,375,860,392
562552 (zgc:171775)	814,375,860,392
65237 (mapk14a)	814,375,860,392
569226 (irak1)	407,308,453,325
393287 (chuk)	690,221,736,238
100002946 (cxcl8a)	1076,236,1122,253
100003859 (cxcl8b.3)	1076,236,1122,253
403148 (tirap)	307,282,353,299
403145 (myd88)	307,184,353,201
327204 (rac1a)	307,121,353,138
562838 (rac1b)	307,121,353,138
792699 (rac1l)	307,121,353,138
100149273 (mapk9)	814,404,860,421
562720 (mapk8a)	814,404,860,421
569698 (mapk10)	814,404,860,421
65236 (mapk8b)	814,404,860,421
405770 (il1b)	1076,163,1122,180
692289 (tbk1)	567,575,613,592
554561 (traf6)	484,299,530,316
437024 (ikbke)	567,558,613,575
562317 (fadd)	408,184,454,201
100885851 (il6)	1076,184,1122,201
797669 (ccl39.6)	1076,258,1122,275
403084 (tab1)	563,265,609,282
100149794 (akt3b)	484,121,530,138
101910198 (akt1)	484,121,530,138
378972 (akt2)	484,121,530,138
403146 (akt2l)	484,121,530,138
560549 (akt3a)	484,121,530,138
494163 (tab2)	563,282,609,299
30768 (stat1a)	815,665,861,682
368481 (stat1b)	815,665,861,682
323099 (nfkbiab)	814,238,860,255
406463 (nfkbiaa)	814,238,860,255
405785 (tnfa)	1076,142,1122,159
564854 (irf3)	815,567,861,584
103908881	1076,432,1122,449
403125 (tlr2)	227,184,273,201
403138 (tlr5a)	227,408,273,425
403139 (tlr5b)	227,408,273,425
403126 (tlr3)	329,575,375,592
403125 (tlr2)	227,121,273,138
403127 (tlr1)	227,104,273,121
403128 (tlr9)	329,534,375,551
403131 (tlr4ba)	227,299,273,316
403132 (tlr4bb)	227,299,273,316
795671 (tlr4al)	227,299,273,316
336876 (tollip)	307,167,353,184
403147 (ticam1)	412,575,458,592
403148 (tirap)	307,200,353,217
541530 (ikbkg)	690,204,736,221
393132 (irak4)	407,291,453,308
557302 (casp8l2)	484,184,530,201
58022 (casp8)	484,184,530,201
100000252 (pik3r3b)	408,121,454,138
100002263 (pik3cb)	408,121,454,138
394174 (pik3cd)	408,121,454,138
404211 (pik3r2)	408,121,454,138
557176 (pik3r1)	408,121,454,138
561737 (pik3ca)	408,121,454,138
619391 (il10rb)	228,665,274,682
777653 (crfb2)	228,665,274,682
100534776 (tlr7)	329,489,375,506
403136 (tlr8b)	329,489,375,506
403137 (tlr8a)	329,489,375,506
403052 (map2k4a)	676,404,722,421
560913 (map2k7)	676,404,722,421
568951 (map2k4b)	676,404,722,421
415099 (rela)	814,210,860,227
565756 (nfkb1)	814,210,860,227
65239 (map2k6)	676,375,722,392
100002225 (map2k2b)	742,308,788,325
406728 (map2k1)	742,308,788,325
563181 (map2k2a)	742,308,788,325
335916 (jun)	928,352,974,369
394198 (fosab)	928,352,974,369
564403 (si:ch211-153j24.3)	928,352,974,369
570238 (fosaa)	928,352,974,369
100004358 (zmp:0000001127)	1076,205,1122,222
445373 (il12ba)	1076,205,1122,222
445410 (il12a)	1076,205,1122,222
550475 (ctsk)	280,520,326,537
dre04620: Toll-like receptor signaling pathway	40,45,377,70
dre04120: Ubiquitin mediated proteolysis	810,69,920,103
dre04210: Apoptosis	568,180,677,205
map04610: Complement and coagulation cascades	1173,306,1299,340
dre04060: Cytokine-cytokine receptor interaction	1172,593,1298,638
map04630: Jak-STAT signaling pathway	588,689,698,723
map02040: Flagellar assembly	55,372,168,397
map00540: Lipopolysaccharide biosynthesis	55,279,168,313
dre04010: MAPK signaling pathway	694,332,802,366
map04064: NF-kappa B signaling pathway	720,153,828,187
map04151: PI3K-Akt signaling pathway	415,79,523,113
