C01245 (D-myo-Inositol 1,4,5-trisphosphate)	417,298,4
C00165 (Diacylglycerol)	416,352,4
C00076 (Calcium cation)	516,130,4
C00219 (Arachidonate)	384,264,4
C14748 (20-HETE)	384,204,4
C00238 (Potassium cation)	140,180,4
C00533 (Nitric oxide)	116,713,4
C00575 (3',5'-Cyclic AMP)	397,483,4
C00942 (3',5'-Cyclic GMP)	347,661,4
C00076 (Calcium cation)	511,580,4
C00238 (Potassium cation)	144,602,4
C00076 (Calcium cation)	264,546,4
C00212 (Adenosine)	116,445,4
C01312 (Prostaglandin I2)	116,476,4
C00547 (L-Noradrenaline)	116,260,4
C14771 (14,15-EET)	116,568,4
C14770 (11,12-EET)	116,568,4
C14769 (8,9-EET)	116,568,4
C14768 (5,6-EET)	116,568,4
100003770 (mylk5)	685,123,731,140
449707 (mylk4b)	685,123,731,140
492576 (mylkb)	685,123,731,140
558685 (mylk2)	685,123,731,140
561635 (mylk3)	685,123,731,140
566845 (mylk4a)	685,123,731,140
569510 (mylka)	685,123,731,140
326719 (myl12.1)	778,229,824,246
337226 (zgc:153867)	778,229,824,246
406493 (myl9b)	778,229,824,246
450006 (myl9a)	778,229,824,246
798632 (myl6)	778,229,824,246
100003223 (ppp1cb)	685,350,731,367
101885790	685,350,731,367
327301 (ppp1cab)	685,350,731,367
334597 (ppp1cbl)	685,350,731,367
407980 (ppp1caa)	685,350,731,367
445393 (ppp1r12a)	685,350,731,367
570218 (ppp1r12c)	685,350,731,367
571753 (ppp1cc)	685,350,731,367
571837 (zmp:0000001167)	685,350,731,367
100329779 (rock1)	518,412,564,429
317747 (rock2a)	518,412,564,429
321070 (rock2b)	518,412,564,429
100003514 (prkcg)	451,345,497,362
100005075 (prkcea)	451,345,497,362
100006675 (prkcba)	451,345,497,362
100144561 (prkcha)	451,345,497,362
100150844 (prkcdb)	451,345,497,362
100332055 (prkceb)	451,345,497,362
100333967 (si:ch73-374l24.1)	451,345,497,362
334571 (prkcda)	451,345,497,362
393953 (prkcbb)	451,345,497,362
497384 (prkcaa)	451,345,497,362
555521 (prkcq)	451,345,497,362
100006041 (rhoab)	427,412,473,429
406411 (rhoaa)	427,412,473,429
406659 (rhoac)	427,412,473,429
436718 (rhocb)	427,412,473,429
751630 (zgc:153713)	427,412,473,429
557983 (arhgef1b)	339,412,385,429
562455 (arhgef12a)	339,412,385,429
565268 (arhgef11)	339,412,385,429
571031 (arhgef12b)	339,412,385,429
322509 (acta2)	777,299,823,316
100149100 (adra1ba)	168,273,214,290
492486 (adra1bb)	168,273,214,290
557259 (adra1ab)	168,273,214,290
568614 (adra1d)	168,273,214,290
798498 (adra1aa)	168,273,214,290
445232 (gna15.1)	251,311,297,328
445297 (gna14)	251,311,297,328
493613 (gna11b)	251,311,297,328
562625 (gna15.4)	251,311,297,328
563953 (gna11a)	251,311,297,328
570108 (gnaq)	251,311,297,328
326825 (gna13a)	261,390,307,407
503589 (gna12a)	261,390,307,407
100001532 (plcb3)	336,310,382,327
100537538	336,310,382,327
407700 (plcb4)	336,310,382,327
569376 (plcb2)	336,310,382,327
100149388 (itpr1b)	541,219,587,236
562585 (itpr2)	541,219,587,236
567611 (itpr1a)	541,219,587,236
794666 (itpr3)	541,219,587,236
192322 (calm2b)	581,123,627,140
321808 (calm3b)	581,123,627,140
327379 (calm3a)	581,123,627,140
336121 (calm2a)	581,123,627,140
368217 (calm1b)	581,123,627,140
406660 (calm1a)	581,123,627,140
560151 (calml4a)	581,123,627,140
170581 (cacna1c)	169,115,215,132
403310 (cacna1da)	169,115,215,132
405791 (cacna1sb)	169,115,215,132
559964 (cacna1fb)	169,115,215,132
570683 (cacna1sa)	169,115,215,132
393783 (ppp1r14ab)	562,345,608,362
550561 (ppp1r14aa)	562,345,608,362
100003223 (ppp1cb)	685,651,731,668
101885790	685,651,731,668
327301 (ppp1cab)	685,651,731,668
334597 (ppp1cbl)	685,651,731,668
407980 (ppp1caa)	685,651,731,668
445393 (ppp1r12a)	685,651,731,668
570218 (ppp1r12c)	685,651,731,668
571753 (ppp1cc)	685,651,731,668
571837 (zmp:0000001167)	685,651,731,668
326719 (myl12.1)	775,571,821,588
337226 (zgc:153867)	775,571,821,588
406493 (myl9b)	775,571,821,588
450006 (myl9a)	775,571,821,588
798632 (myl6)	775,571,821,588
322509 (acta2)	774,636,820,653
101885585 (si:ch211-38m6.7)	169,171,215,188
568554 (kcnma1a)	169,171,215,188
796753 (si:ch211-247n2.1)	169,171,215,188
798583 (kcnma1b)	169,171,215,188
100148818 (si:ch73-55i23.1)	296,257,342,274
100149324 (proca1)	296,257,342,274
30554 (pla2g4aa)	296,257,342,274
402802 (pla2g12a)	296,257,342,274
406370 (pla2g6)	296,257,342,274
406739 (pla2g12b)	296,257,342,274
436622 (zgc:92162)	296,257,342,274
559087 (pla2g4ab)	296,257,342,274
565386 (pla2g4f.2)	296,257,342,274
571738 (pla2g1b)	296,257,342,274
641423 (pla2g3)	296,257,342,274
798864 (pla2g4f.1)	296,257,342,274
322909 (cald1a)	679,299,725,316
563892 (cald1b)	679,299,725,316
30716 (raf1a)	461,299,507,316
403063 (araf)	461,299,507,316
403065 (braf)	461,299,507,316
557109 (raf1b)	461,299,507,316
100002225 (map2k2b)	534,299,580,316
406728 (map2k1)	534,299,580,316
563181 (map2k2a)	534,299,580,316
360144 (mapk1)	607,299,653,316
399480 (mapk3)	607,299,653,316
560100 (adora2b)	168,450,214,467
561701 (adora2aa)	168,450,214,467
566118 (adora2ab)	168,450,214,467
555911 (npr1b)	168,640,214,657
560653 (npr1a)	168,640,214,657
100148976 (adcy8)	319,475,365,492
100333702 (adcy9)	319,475,365,492
101884360	319,475,365,492
557026 (adcy1a)	319,475,365,492
557902 (adcy2b)	319,475,365,492
560410 (si:ch211-132f19.7)	319,475,365,492
560719 (si:dkey-206f10.1)	319,475,365,492
560807 (adcy6b)	319,475,365,492
562619 (adcy5)	319,475,365,492
563724 (adcy2a)	319,475,365,492
568726 (adcy7)	319,475,365,492
569499 (adcy1b)	319,475,365,492
570652 (adcy6a)	319,475,365,492
571825 (adcy3a)	319,475,365,492
393998 (prkacba)	423,475,469,492
445076 (prkacab)	423,475,469,492
563147 (prkacbb)	423,475,469,492
564064 (prkacaa)	423,475,469,492
394005 (prkg1a)	418,651,464,668
100150304 (gucy1b1)	255,705,301,722
100330875 (gucy1a2)	255,705,301,722
550420 (gucy1a1)	255,705,301,722
557191 (gucy1b2)	255,705,301,722
100003770 (mylk5)	685,477,731,494
449707 (mylk4b)	685,477,731,494
492576 (mylkb)	685,477,731,494
558685 (mylk2)	685,477,731,494
561635 (mylk3)	685,477,731,494
566845 (mylk4a)	685,477,731,494
569510 (mylka)	685,477,731,494
100149388 (itpr1b)	541,573,587,590
562585 (itpr2)	541,573,587,590
567611 (itpr1a)	541,573,587,590
794666 (itpr3)	541,573,587,590
101885585 (si:ch211-38m6.7)	169,595,215,612
568554 (kcnma1a)	169,595,215,612
796753 (si:ch211-247n2.1)	169,595,215,612
798583 (kcnma1b)	169,595,215,612
170581 (cacna1c)	169,538,215,555
403310 (cacna1da)	169,538,215,555
405791 (cacna1sb)	169,538,215,555
559964 (cacna1fb)	169,538,215,555
570683 (cacna1sa)	169,538,215,555
557353 (gnas)	243,475,289,492
100331745 (npr2)	168,663,214,680
100333455 (agtr1b)	168,296,214,313
794575 (agtr1a)	168,296,214,313
114550 (ednraa)	169,321,215,338
555939 (avpr1ab)	169,345,215,362
571591 (avpr1aa)	169,345,215,362
561406 (ptgir)	168,475,214,492
100537117 (calcrl2)	168,500,214,517
436966 (zgc:91818)	168,500,214,517
445508 (calcrla)	168,500,214,517
566313 (ramp2)	168,500,214,517
567131 (calcrlb)	168,500,214,517
100331961 (mrvi1)	483,613,529,630
322485 (agt)	70,288,116,305
352922 (avp)	70,359,116,376
321442 (nppa)	70,616,116,633
567953 (zgc:195023)	70,672,116,689
570244 (nppc)	70,672,116,689
100148183 (edn3b)	70,325,116,342
101884385 (edn3)	70,325,116,342
569550 (edn2)	70,325,116,342
58032 (edn1)	70,325,116,342
436744 (calca)	70,492,116,509
556502 (adma)	70,519,116,536
dre04020: Calcium signaling pathway	491,158,602,192
dre04270: Vascular smooth muscle contraction	40,45,386,70
dre00590: Arachidonic acid metabolism	231,215,342,249
