C00002 (ATP)	768,179,4
C00008 (ADP)	858,180,4
C00159 (D-Mannose)	219,763,4
C00159 (D-Mannose)	960,848,4
C00275 (D-Mannose 6-phosphate)	223,833,4
C00275 (D-Mannose 6-phosphate)	415,797,4
C00275 (D-Mannose 6-phosphate)	638,754,4
C00275 (D-Mannose 6-phosphate)	858,757,4
C00275 (D-Mannose 6-phosphate)	939,782,4
100003139 (tcirg1a)	788,203,834,220
100004566 (atp6ap1a)	788,203,834,220
192336 (atp6v0ca)	788,203,834,220
195824 (atp6ap1b)	788,203,834,220
286779 (atp6v1h)	788,203,834,220
321724 (atp6v0b)	788,203,834,220
322811 (atp6v0d1)	788,203,834,220
324307 (atp6v0a1a)	788,203,834,220
325402 (atp6v0cb)	788,203,834,220
406342 (tcirg1b)	788,203,834,220
553691 (atp6v0a1b)	788,203,834,220
561117 (atp6v0a2b)	788,203,834,220
561469 (atp6v0a2a)	788,203,834,220
114367 (nots)	1049,117,1095,134
30443 (ctslb)	1049,117,1095,134
321453 (ctsla)	1049,117,1095,134
321818 (ctsa)	1049,117,1095,134
324818 (ctsh)	1049,117,1095,134
336746 (zgc:63831)	1049,117,1095,134
337572 (ctss2.2)	1049,117,1095,134
368704 (ctsc)	1049,117,1095,134
393398 (ctss1)	1049,117,1095,134
406645 (ctsba)	1049,117,1095,134
436641 (ctsl.1)	1049,117,1095,134
450022 (ctsz)	1049,117,1095,134
550475 (ctsk)	1049,117,1095,134
554157 (ctss2.1)	1049,117,1095,134
565588 (ctsf)	1049,117,1095,134
567333 (ctso)	1049,117,1095,134
569298 (ctsbb)	1049,117,1095,134
65225 (ctsd)	1049,117,1095,134
792966 (si:ch211-122f10.4)	1049,117,1095,134
100005129	1159,117,1205,134
100005175	1159,117,1205,134
100005220	1159,117,1205,134
100005266	1159,117,1205,134
100005356	1159,117,1205,134
406625 (lgmn)	1159,117,1205,134
569153	1159,117,1205,134
798347 (tpp1)	1214,117,1260,134
450083 (gla)	1049,159,1095,176
548343 (glb1)	1104,159,1150,176
100002366 (gaa)	1159,159,1204,176
100332784 (si:ch73-12o23.1)	1159,159,1204,176
559072 (gba)	1214,159,1260,176
323613 (hexb)	1049,205,1095,222
550460 (hexa)	1049,205,1095,222
393128 (manba)	1104,205,1150,222
541519 (man2b1)	1159,205,1205,222
560778 (naga)	1049,182,1095,199
571441 (gusb)	1214,182,1260,199
559850 (neu1)	1214,205,1260,222
406385 (galcb)	1159,182,1205,199
449649 (galca)	1159,182,1205,199
560126 (naglu)	1104,182,1150,199
567720 (idua)	1269,159,1315,176
100538007 (arsb)	1049,247,1095,264
541416 (arsa)	1049,247,1095,264
564790 (arsg)	1049,247,1095,264
327635 (gnsb)	1159,247,1205,264
566506 (gnsa)	1159,247,1205,264
559959 (ids)	1214,247,1260,264
563849 (sgsh)	1269,247,1315,264
791159 (galns)	1104,247,1150,264
406713 (lipf)	1049,289,1095,306
335008 (pla2g15)	1104,289,1150,306
100000399 (dnase2)	1159,289,1205,306
562996 (dnase2b)	1159,289,1205,306
503759 (acp2)	1214,289,1260,306
556700 (smpd1)	1049,331,1095,348
393549 (asah1b)	1159,331,1205,348
450068 (asah1a)	1159,331,1205,348
566517 (aga)	1269,331,1315,348
767799 (zgc:153169)	1269,331,1315,348
503759 (acp2)	1159,520,1205,537
415147 (gnptg)	127,796,173,813
553365 (gnptab)	127,796,173,813
550529 (gm2a)	1104,372,1150,389
140811 (psap)	1049,372,1095,389
100126133 (ppt2)	1159,372,1205,389
393135 (zgc:55621)	1159,372,1205,389
393657	1159,372,1205,389
405845 (zgc:77118)	1159,372,1205,389
406648 (ppt1)	1159,372,1205,389
100000085 (si:ch211-212k18.7)	1049,455,1095,472
324985 (lamp1a)	1049,455,1095,472
563328 (lamp1b)	1049,455,1095,472
192340 (scarb2a)	1104,455,1150,472
321461 (cd63)	1104,455,1150,472
337532 (wu:fj81e10)	1104,455,1150,472
553594 (ctns)	1104,497,1150,514
767760 (slc17a5)	1159,497,1205,514
100003844 (laptm4a)	1269,497,1315,514
368911 (laptm4b)	1269,497,1315,514
570148 (abcb9)	1104,520,1150,537
100006090 (abca2)	1049,520,1095,537
678623 (slc11a2)	1214,497,1260,514
282673 (npc2)	1049,497,1095,514
553330 (npc1)	1049,497,1095,514
492340 (cln3)	1104,543,1150,560
569407 (cln5)	1159,543,1205,560
555639 (cd164)	1214,520,1260,537
436692 (entpd4)	1269,520,1315,537
406511 (sort1a)	1049,543,1095,560
560593 (si:dkey-159a18.1)	1049,543,1095,560
799153 (sort1b)	1049,543,1095,560
564342 (mfsd8)	1214,543,1260,560
564731	1214,543,1260,560
565645 (si:ch211-38m6.6)	1214,543,1260,560
100329505 (hgsnat)	1269,543,1315,560
565246 (si:dkey-192p21.6)	1269,543,1315,560
100329879 (cltb)	460,820,506,837
323579 (cltca)	460,820,506,837
406318 (clta)	460,820,506,837
503600 (cltcb)	460,820,506,837
406486 (m6pr)	460,727,506,744
557061 (igf2r)	460,727,506,744
569719 (nagpa)	127,816,173,833
100330411 (ap1m1)	530,797,576,814
324466 (ap1g1)	530,797,576,814
327237 (ap1s2)	530,797,576,814
393279 (ap1s1)	530,797,576,814
403021 (ap1m2)	530,797,576,814
445244 (ap1m3)	530,797,576,814
447897 (ap1s3b)	530,797,576,814
562166 (ap1b1)	530,797,576,814
100000165 (ap3b2)	581,797,627,814
266798 (ap3m1)	581,797,627,814
415244 (ap3m2)	581,797,627,814
436812 (ap3s2)	581,797,627,814
449791 (ap3s1)	581,797,627,814
563316 (ap3b1)	581,797,627,814
563359 (ap3d1)	581,797,627,814
100330411 (ap1m1)	731,867,777,884
324466 (ap1g1)	731,867,777,884
327237 (ap1s2)	731,867,777,884
393279 (ap1s1)	731,867,777,884
403021 (ap1m2)	731,867,777,884
445244 (ap1m3)	731,867,777,884
447897 (ap1s3b)	731,867,777,884
562166 (ap1b1)	731,867,777,884
100003139 (tcirg1a)	966,764,1012,781
100004566 (atp6ap1a)	966,764,1012,781
192336 (atp6v0ca)	966,764,1012,781
195824 (atp6ap1b)	966,764,1012,781
286779 (atp6v1h)	966,764,1012,781
321724 (atp6v0b)	966,764,1012,781
322811 (atp6v0d1)	966,764,1012,781
324307 (atp6v0a1a)	966,764,1012,781
325402 (atp6v0cb)	966,764,1012,781
406342 (tcirg1b)	966,764,1012,781
553691 (atp6v0a1b)	966,764,1012,781
561117 (atp6v0a2b)	966,764,1012,781
561469 (atp6v0a2a)	966,764,1012,781
100334661 (si:ch73-157i16.3)	530,817,576,834
492643 (gga3)	530,817,576,834
798361 (gga1)	530,817,576,834
100000165 (ap3b2)	1040,801,1086,818
266798 (ap3m1)	1040,801,1086,818
415244 (ap3m2)	1040,801,1086,818
436812 (ap3s2)	1040,801,1086,818
449791 (ap3s1)	1040,801,1086,818
563316 (ap3b1)	1040,801,1086,818
563359 (ap3d1)	1040,801,1086,818
406801 (acp5a)	1269,289,1315,306
436725 (acp5b)	1269,289,1315,306
368852 (ap4s1)	581,817,627,834
393309 (ap4b1)	581,817,627,834
436945 (ap4m1)	581,817,627,834
570467 (ap4e1)	581,817,627,834
553423 (sumf1)	98,714,144,731
406689 (mcoln1a)	646,435,692,452
795916 (mcoln1b)	646,435,692,452
406689 (mcoln1a)	1049,566,1095,583
795916 (mcoln1b)	1049,566,1095,583
103911283	1104,566,1150,583
431731 (litaf)	1104,566,1150,583
dre04140: Autophagy - animal	354,605,478,630
dre04142: Lysosome	40,45,150,70
dre04144: Endocytosis	109,409,201,434
dre00531: Glycosaminoglycan degradation	734,507,854,541
dre04130: SNARE interactions in vesicular transport	71,853,179,888
dre00511: Other glycan degradation	733,553,853,587
