406845 (msh2)	555,354,601,371
568323 (mlh3)	601,337,647,354
393632 (mlh1)	555,337,601,354
393632 (mlh1)	601,224,647,241
556995 (lig1)	601,766,647,783
30678 (pcna)	732,252,778,269
556456 (pold1)	732,634,778,651
571834 (si:dkey-28b4.7)	732,634,778,651
692256 (pold3)	732,634,778,651
796456 (pold2)	732,634,778,651
327491 (rpa1)	601,634,647,651
393196 (rpa3)	601,634,647,651
65226 (rpa2)	601,634,647,651
260437 (msh6)	555,241,601,258
406778 (exo1)	732,490,778,507
406845 (msh2)	555,297,601,314
565400 (msh3)	601,297,647,314
565276 (pms2)	601,280,647,297
565276 (pms2)	555,224,601,241
100037336 (rfc1)	732,224,778,241
259256 (rfc3)	732,224,778,241
406435 (rfc4)	732,224,778,241
445385 (rfc5)	732,224,778,241
503748 (rfc2)	732,224,778,241
565400 (msh3)	601,354,647,371
406845 (msh2)	601,241,647,258
393632 (mlh1)	555,280,601,297
550504 (ssbp1)	123,634,169,651
map05210: Colorectal cancer	721,341,819,365
dre03430: Mismatch repair	40,44,191,69
