C04637 (1-Phosphatidyl-D-myo-inositol 4,5-bisphosphate)	583,693,4
C11554 (1-Phosphatidyl-1D-myo-inositol 3,4-bisphosphate)	583,693,4
C04637 (1-Phosphatidyl-D-myo-inositol 4,5-bisphosphate)	269,553,4
C11554 (1-Phosphatidyl-1D-myo-inositol 3,4-bisphosphate)	269,553,4
C05981 (Phosphatidylinositol-3,4,5-trisphosphate)	514,303,4
C01996 (Acetylcholine)	717,109,4
C00681 (1-Acyl-sn-glycerol 3-phosphate)	344,102,4
325881 (f2)	437,93,483,110
402820 (tmsb)	1105,455,1151,472
793949 (tmsb4x)	1105,455,1151,472
114456 (arpc4)	1014,342,1060,359
327068 (arpc2)	1014,342,1060,359
335474 (arpc1b)	1014,342,1060,359
336504 (arpc5a)	1014,342,1060,359
393550 (arpc5la)	1014,342,1060,359
394243 (arpc1a)	1014,342,1060,359
399482 (arpc5b)	1014,342,1060,359
415190 (zgc:86896)	1014,342,1060,359
415204 (arpc3)	1014,342,1060,359
445305 (arpc4l)	1014,342,1060,359
556104 (arpc5lb)	1014,342,1060,359
321383 (pfn2l)	953,496,999,513
394235 (pfn2)	953,496,999,513
556873 (si:ch211-175f11.5)	953,496,999,513
394056 (wasf2)	871,517,917,534
100001221 (wasf1)	871,465,917,482
415187 (brk1)	871,448,917,465
386762 (apc)	917,407,963,424
565771 (apc2)	917,407,963,424
100009637 (wasla)	871,365,917,382
394034 (waslb)	871,365,917,382
559017 (arhgef4)	807,407,853,424
568426 (spata13)	807,407,853,424
692331 (abi2b)	790,474,836,491
767646 (abi2a)	790,474,836,491
556951 (zgc:172352)	790,457,836,474
561894 (nckap1)	790,457,836,474
100002872 (cyfip2)	790,440,836,457
336613 (cyfip1)	790,440,836,457
100537012 (baiap2b)	790,517,836,534
678518 (baiap2a)	790,517,836,534
101885659 (ssh1a)	672,701,718,718
101886694 (si:ch211-203d1.3)	672,701,718,718
325085 (ssh2a)	672,701,718,718
567479 (ssh1b)	672,701,718,718
321496 (cfl1)	672,655,718,672
403001 (cfl2)	672,655,718,672
406738 (cfl1l)	672,655,718,672
436924 (limk2)	672,607,718,624
735292 (limk1a)	672,607,718,624
321099 (gsna)	586,790,632,807
323285 (scinla)	586,790,632,807
336623 (gsnb)	586,790,632,807
406363 (scinlb)	586,790,632,807
566764 (scin)	586,790,632,807
552980 (vcla)	535,790,581,807
337690 (pikfyve)	561,607,607,624
373124 (pip4k2ca)	561,607,607,624
447840 (pip5k1bb)	561,607,607,624
449831 (pip5k1ba)	561,607,607,624
492549 (pip5k1ab)	561,607,607,624
553629 (pip5k1aa)	561,607,607,624
560360 (pip4k2aa)	561,607,607,624
798876 (pip5k1ca)	561,607,607,624
321383 (pfn2l)	335,673,381,690
394235 (pfn2)	335,673,381,690
556873 (si:ch211-175f11.5)	335,673,381,690
101886015	335,607,381,624
556029 (diaph2)	335,607,381,624
337690 (pikfyve)	305,545,351,562
373124 (pip4k2ca)	305,545,351,562
447840 (pip5k1bb)	305,545,351,562
449831 (pip5k1ba)	305,545,351,562
492549 (pip5k1ab)	305,545,351,562
553629 (pip5k1aa)	305,545,351,562
560360 (pip4k2aa)	305,545,351,562
798876 (pip5k1ca)	305,545,351,562
322221 (actn4)	181,556,227,573
560400 (actn1)	181,556,227,573
552980 (vcla)	181,533,227,550
286739 (msna)	221,509,267,526
561589 (ezrb)	221,509,267,526
399546 (pxna)	221,480,267,497
565130 (pxnb)	221,480,267,497
101885761 (slc9a1a)	305,509,351,526
795135 (slc9a1b)	305,509,351,526
100003223 (ppp1cb)	407,607,453,624
101885790	407,607,453,624
327301 (ppp1cab)	407,607,453,624
334597 (ppp1cbl)	407,607,453,624
407980 (ppp1caa)	407,607,453,624
445393 (ppp1r12a)	407,607,453,624
570218 (ppp1r12c)	407,607,453,624
571753 (ppp1cc)	407,607,453,624
571837 (zmp:0000001167)	407,607,453,624
100537244 (myl2a)	437,683,483,700
30429 (mylpfa)	437,683,483,700
30592 (myl7)	437,683,483,700
326719 (myl12.1)	437,683,483,700
337084 (myl12.2)	437,683,483,700
406493 (myl9b)	437,683,483,700
447930 (mylpfb)	437,683,483,700
450006 (myl9a)	437,683,483,700
677750 (myl2b)	437,683,483,700
100003770 (mylk5)	485,607,531,624
449707 (mylk4b)	485,607,531,624
492576 (mylkb)	485,607,531,624
558685 (mylk2)	485,607,531,624
561635 (mylk3)	485,607,531,624
566845 (mylk4a)	485,607,531,624
569510 (mylka)	485,607,531,624
568935 (git1)	305,480,351,497
541394 (enah)	936,327,982,344
100537012 (baiap2b)	871,327,917,344
678518 (baiap2a)	871,327,917,344
100329779 (rock1)	437,525,483,542
317747 (rock2a)	437,525,483,542
321070 (rock2b)	437,525,483,542
100536197	625,509,671,526
266749 (pak2a)	625,509,671,526
325034 (pak2b)	625,509,671,526
373103 (pak1)	625,509,671,526
405898 (pak7)	625,509,671,526
431769 (pak4)	625,509,671,526
567874 (pak6b)	625,509,671,526
494081 (arhgef7b)	531,481,577,498
553493 (arhgef7a)	531,481,577,498
558288 (arhgef6)	531,481,577,498
336839 (cdc42)	695,345,741,362
556226 (cdc42l2)	695,345,741,362
793158 (cdc42l)	695,345,741,362
327204 (rac1a)	587,434,633,451
415151 (rac2)	587,434,633,451
437027 (rac3a)	587,434,633,451
562838 (rac1b)	587,434,633,451
792699 (rac1l)	587,434,633,451
795167 (rac3b)	587,434,633,451
100006041 (rhoab)	437,434,483,451
406411 (rhoaa)	437,434,483,451
406659 (rhoac)	437,434,483,451
436718 (rhocb)	437,434,483,451
751630 (zgc:153713)	437,434,483,451
557983 (arhgef1b)	437,385,483,402
562455 (arhgef12a)	437,385,483,402
571031 (arhgef12b)	437,385,483,402
100002928 (iqgap1)	250,349,296,366
100537977 (iqgap3)	250,349,296,366
563030 (iqgap2)	250,349,296,366
100004299	518,402,564,419
100333179 (vav3)	512,325,558,342
556413 (vav2)	512,325,558,342
559145 (vav3b)	512,325,558,342
567621 (tiam1a)	512,325,558,342
360144 (mapk1)	360,302,406,319
399480 (mapk3)	360,302,406,319
100002225 (map2k2b)	360,261,406,278
406728 (map2k1)	360,261,406,278
563181 (map2k2a)	360,261,406,278
30716 (raf1a)	360,220,406,237
403063 (araf)	360,220,406,237
403065 (braf)	360,220,406,237
557109 (raf1b)	360,220,406,237
795517 (mos)	360,220,406,237
100000252 (pik3r3b)	492,260,538,277
100002263 (pik3cb)	492,260,538,277
394174 (pik3cd)	492,260,538,277
404211 (pik3r2)	492,260,538,277
557176 (pik3r1)	492,260,538,277
561737 (pik3ca)	492,260,538,277
558288 (arhgef6)	543,260,589,277
572187 (dock1)	634,256,680,273
560305 (fgd1)	695,222,741,239
58075 (fgd)	695,222,741,239
100331581 (si:dkey-44g17.6)	695,184,741,201
406604 (gng12a)	695,184,741,201
445234 (crk)	634,215,680,232
556443 (crkl)	634,215,680,232
568309 (bcar1)	634,198,680,215
142986 (ptk2ab)	634,181,680,198
386705 (ptk2aa)	634,181,680,198
100004742 (si:ch73-151m17.5)	695,143,741,160
100004938 (si:dkey-63b1.1)	695,143,741,160
100149598 (chrm3b)	695,143,741,160
100150701 (chrm4a)	695,143,741,160
100330960 (bdkrb2)	695,143,741,160
352938 (chrm2a)	695,143,741,160
368199 (bdkrb1)	695,143,741,160
553978 (chrm5a)	695,143,741,160
555516 (chrm2b)	695,143,741,160
561491 (chrm5b)	695,143,741,160
571679 (chrm3a)	695,143,741,160
792708 (chrm1a)	695,143,741,160
794658 (chrm1b)	695,143,741,160
325084 (src)	587,235,633,252
100001836 (itgb3b)	611,142,657,159
100006255 (itga7)	611,142,657,159
100141346 (itga8)	611,142,657,159
100151255 (itgav)	611,142,657,159
100331333 (itga4)	611,142,657,159
100331874 (itga3b)	611,142,657,159
100499533 (itgb6)	611,142,657,159
100536533 (itga2.2)	611,142,657,159
100536705 (itgae.2)	611,142,657,159
101882585 (si:dkey-32n7.4)	611,142,657,159
335269 (itgb4)	611,142,657,159
386787 (itga5)	611,142,657,159
394012 (itga9)	611,142,657,159
405864 (itgb1b.2)	611,142,657,159
407685 (itga3a)	611,142,657,159
445380 (itga2b)	611,142,657,159
503893 (itga6a)	611,142,657,159
541320 (itga6b)	611,142,657,159
541475 (itga11a)	611,142,657,159
556734 (itgb1a)	611,142,657,159
556752 (itgb8)	611,142,657,159
557797 (itgb2)	611,142,657,159
557935 (zmp:0000001082)	611,142,657,159
563556 (itgb5)	611,142,657,159
570216 (itgb1b)	611,142,657,159
570868 (itga1)	611,142,657,159
572348 (itga10)	611,142,657,159
100005469 (fn1a)	611,90,657,107
100317924 (mras)	518,221,564,238
100536317 (si:ch73-116o1.2)	518,221,564,238
30380 (nras)	518,221,564,238
393228 (zgc:55558)	518,221,564,238
445289 (kras)	518,221,564,238
449660 (rras)	518,221,564,238
550286 (hrasa)	518,221,564,238
550513 (rras2)	518,221,564,238
553656 (hrasb)	518,221,564,238
326825 (gna13a)	437,192,483,209
503589 (gna12a)	437,192,483,209
556286 (sos1)	518,183,564,200
561670 (sos2)	518,183,564,200
100000160 (fgfr4)	517,142,563,159
30705 (fgfr1a)	517,142,563,159
352940 (fgfr2)	517,142,563,159
378478 (egfra)	517,142,563,159
386856 (pdgfra)	517,142,563,159
559529 (pdgfrb)	517,142,563,159
571431	517,142,563,159
58129 (fgfr3)	517,142,563,159
100005049 (fgf1b)	518,103,564,120
100005852 (fgf22)	518,103,564,120
100535718 (pdgfd)	518,103,564,120
103909601	518,103,564,120
30538 (fgf8a)	518,103,564,120
30549 (fgf3)	518,103,564,120
30560 (fgf6a)	518,103,564,120
359829 (fgf18a)	518,103,564,120
359830 (fgf10a)	518,103,564,120
368245 (fgf19)	518,103,564,120
378480 (pdgfaa)	518,103,564,120
393733 (fgf1a)	518,103,564,120
403045 (egf)	518,103,564,120
404231 (fgf2)	518,103,564,120
407737 (fgf17)	518,103,564,120
493181 (fgf7)	518,103,564,120
494454 (fgf5)	518,103,564,120
494455 (fgf6b)	518,103,564,120
494456 (fgf23)	518,103,564,120
560564 (pdgfc)	518,103,564,120
564770 (fgf20b)	518,103,564,120
570435 (fgf4)	518,103,564,120
692065 (fgf16)	518,103,564,120
724048 (fgf21)	518,103,564,120
767790 (pdgfab)	518,103,564,120
796490 (pdgfbb)	518,103,564,120
798657 (si:ch211-79m20.1)	518,103,564,120
30262 (ins)	518,81,564,98
566735 (insb)	518,81,564,98
100149161	437,142,483,159
558477 (f2r)	437,142,483,159
794215	437,142,483,159
794278 (si:dkey-163m14.6)	437,142,483,159
794365 (si:dkey-163m14.7)	437,142,483,159
799082 (si:dkey-163m14.2)	437,142,483,159
799156	437,142,483,159
799227	437,142,483,159
57934 (actb1)	1094,336,1140,353
57935 (actb2)	1094,336,1140,353
57934 (actb1)	201,797,247,814
57935 (actb2)	201,797,247,814
57934 (actb1)	1038,581,1084,598
57935 (actb2)	1038,581,1084,598
114456 (arpc4)	990,635,1036,652
327068 (arpc2)	990,635,1036,652
335474 (arpc1b)	990,635,1036,652
336504 (arpc5a)	990,635,1036,652
393550 (arpc5la)	990,635,1036,652
394243 (arpc1a)	990,635,1036,652
399482 (arpc5b)	990,635,1036,652
415190 (zgc:86896)	990,635,1036,652
415204 (arpc3)	990,635,1036,652
445305 (arpc4l)	990,635,1036,652
556104 (arpc5lb)	990,635,1036,652
114447 (cxcr4b)	379,142,425,159
140747 (cxcr4a)	379,142,425,159
368461 (lpar1)	321,143,367,160
445184 (lpar2a)	321,143,367,160
567956 (lpar2b)	321,143,367,160
794698 (lpar4)	321,143,367,160
352944 (cxcl12a)	379,93,425,110
799354 (cxcl12b)	379,93,425,110
449808 (kng1)	695,79,741,96
dre04810: Regulation of actin cytoskeleton	40,45,347,70
dre04010: MAPK signaling pathway	839,200,949,234
dre04520: Adherens junction	72,345,182,370
dre04510: Focal adhesion	32,579,143,604
dre04510: Focal adhesion	606,848,718,873
