C00533 (Nitric oxide)	583,473,4
C00076 (Calcium cation)	398,230,4
C01245 (D-myo-Inositol 1,4,5-trisphosphate)	343,230,4
C00165 (Diacylglycerol)	342,178,4
C05981 (Phosphatidylinositol-3,4,5-trisphosphate)	341,439,4
C01312 (Prostaglandin I2)	905,251,4
336839 (cdc42)	278,340,324,357
556226 (cdc42l2)	278,340,324,357
793158 (cdc42l)	278,340,324,357
554230 (kdr)	120,301,166,318
373867 (plcg1)	247,221,293,238
561747 (plcg2)	247,221,293,238
100150090 (sphk2)	483,108,529,125
100331840 (sphk1)	483,108,529,125
246227 (ptgs2a)	726,222,772,239
559020 (ptgs2b)	726,222,772,239
100148818 (si:ch73-55i23.1)	794,168,840,185
30554 (pla2g4aa)	794,168,840,185
559087 (pla2g4ab)	794,168,840,185
565386 (pla2g4f.2)	794,168,840,185
798864 (pla2g4f.1)	794,168,840,185
368243 (hspb1)	605,357,651,374
327321 (mapkapk2a)	496,357,542,374
790934 (mapkapk3)	496,357,542,374
447814 (ppp3r1b)	497,222,543,239
550554 (ppp3cb)	497,222,543,239
557926 (ppp3cca)	497,222,543,239
564337 (ppp3r1a)	497,222,543,239
565241 (ppp3ccb)	497,222,543,239
794574 (ppp3ca)	497,222,543,239
100149794 (akt3b)	350,489,396,506
101910198 (akt1)	350,489,396,506
378972 (akt2)	350,489,396,506
403146 (akt2l)	350,489,396,506
560549 (akt3a)	350,489,396,506
100000252 (pik3r3b)	247,410,293,427
100002263 (pik3cb)	247,410,293,427
394174 (pik3cd)	247,410,293,427
404211 (pik3r2)	247,410,293,427
557176 (pik3r1)	247,410,293,427
561737 (pik3ca)	247,410,293,427
100333254 (nfatc2a)	580,222,626,239
100003514 (prkcg)	433,147,479,164
100006675 (prkcba)	433,147,479,164
100333967 (si:ch73-374l24.1)	433,147,479,164
393953 (prkcbb)	433,147,479,164
497384 (prkca)	433,147,479,164
142986 (ptk2ab)	495,290,541,307
386705 (ptk2aa)	495,290,541,307
100002318 (mapk13)	375,357,421,374
266756 (mapk14b)	375,357,421,374
30681 (mapk12a)	375,357,421,374
415185 (mapk11)	375,357,421,374
557810 (mapk12b)	375,357,421,374
562552 (zgc:171775)	375,357,421,374
65237 (mapk14a)	375,357,421,374
399546 (pxna)	495,312,541,329
565130 (pxnb)	495,312,541,329
325084 (src)	176,377,222,394
562011 (shc2)	247,255,293,272
30682 (vegfaa)	49,301,95,318
558154 (vegfab)	49,301,95,318
360144 (mapk1)	756,126,802,143
399480 (mapk3)	756,126,802,143
100002225 (map2k2b)	680,126,726,143
406728 (map2k1)	680,126,726,143
563181 (map2k2a)	680,126,726,143
30716 (raf1a)	630,100,676,117
557109 (raf1b)	630,100,676,117
30380 (nras)	553,89,599,106
393228 (zgc:55558)	553,89,599,106
445289 (kras)	553,89,599,106
550286 (hrasa)	553,89,599,106
553656 (hrasb)	553,89,599,106
492763 (casp9)	468,502,514,519
58100 (badb)	468,541,514,558
327204 (rac1a)	531,411,577,428
415151 (rac2)	531,411,577,428
437027 (rac3a)	531,411,577,428
562838 (rac1b)	531,411,577,428
792699 (rac1l)	531,411,577,428
795167 (rac3b)	531,411,577,428
dre04020: Calcium signaling pathway	294,111,404,145
dre04510: Focal adhesion	558,266,668,291
dre04010: MAPK signaling pathway	558,139,668,173
dre04370: VEGF signaling pathway	40,45,262,70
dre00590: Arachidonic acid metabolism	853,170,963,204
map04151: PI3K-Akt signaling pathway	268,526,378,560
