C00504 (Folate)	120,206,4
C00415 (Dihydrofolate)	120,298,4
C03479 (Folinic acid)	488,216,4
C00143 (5,10-Methylenetetrahydrofolate)	619,301,4
C00440 (5-Methyltetrahydrofolate)	619,436,4
C00664 (5-Formiminotetrahydrofolate)	486,444,4
C00234 (10-Formyltetrahydrofolate)	359,301,4
C00445 (5,10-Methenyltetrahydrofolate)	489,301,4
C00101 (Tetrahydrofolate)	204,301,4
394052 (ftcd)	310,445,356,462
58141 (gart)	310,402,356,419
394052 (ftcd)	464,369,510,386
100004977 (mthfd2)	531,344,577,361
557552 (zgc:153031)	135,289,181,306
81882 (dhfr)	135,289,181,306
557552 (zgc:153031)	98,257,144,274
81882 (dhfr)	98,257,144,274
394052 (ftcd)	314,205,360,222
567547 (mthfr)	621,372,667,389
100004977 (mthfd2)	401,293,447,310
260441 (mthfd1b)	401,293,447,310
260441 (mthfd1b)	531,293,577,310
100332843 (mthfs)	511,230,557,247
450000 (amt)	467,251,513,268
556680 (mtfmt)	261,384,307,401
100333269 (aldh1l2)	261,364,307,381
100526683 (aldh1l1)	261,364,307,381
100034522 (mthfd1l)	260,293,306,310
260441 (mthfd1b)	260,293,306,310
58141 (gart)	260,249,306,266
140622 (atic)	260,229,306,246
81540 (tyms)	374,511,420,528
378847 (mtr)	374,468,420,485
100144628 (shmt2)	375,182,421,199
394021 (shmt1)	375,182,421,199
450000 (amt)	375,118,421,135
557552 (zgc:153031)	129,234,175,251
81882 (dhfr)	129,234,175,251
dre00670: One carbon pool by folate	40,45,285,70
dre00790: Folate biosynthesis	36,146,116,180
