G01391	647,508,4
G13074	647,447,4
G13073	647,386,4
G01977	647,325,4
G01945	647,264,4
G02632	511,752,4
G09660	511,691,4
G13040	511,630,4
G13039	511,569,4
G13038	511,508,4
G13037	511,447,4
G13036	511,386,4
G13035	511,325,4
G13034	511,264,4
G00872 (DWA-2)	294,508,4
G13043	294,447,4
G12336	294,386,4
G13042	294,325,4
G13041	294,264,4
C00925 (Heparan sulfate)	511,203,4
C00426 (Dermatan sulfate)	294,203,4
C00634 (Chondroitin 4-sulfate)	385,386,4
C00573 (Keratan sulfate)	647,203,4
G10505 (Hyaluronic acid)	73,203,4
G00526	73,264,4
G00711	73,325,4
G10008	73,386,4
563849 (sgsh)	489,403,535,420
562573 (hpse2)	513,226,559,243
563020 (hpse)	463,226,509,243
327635 (gnsb)	625,403,671,420
566506 (gnsa)	625,403,671,420
559959 (ids)	272,282,318,299
559959 (ids)	489,282,535,299
791159 (galns)	625,282,671,299
567720 (idua)	272,344,318,361
567720 (idua)	489,344,535,361
100538007 (arsb)	272,403,318,420
548343 (glb1)	625,344,671,361
100004557 (hyal3)	272,466,318,483
108181664	272,466,318,483
559228 (hyal2b)	272,466,318,483
567869 (hyal2a)	272,466,318,483
664772 (hyal1)	272,466,318,483
791189 (hyal6)	272,466,318,483
100329505 (hgsnat)	489,466,535,483
565246 (si:dkey-192p21.6)	489,466,535,483
323613 (hexb)	692,466,738,483
550460 (hexa)	692,466,738,483
100004557 (hyal3)	202,466,248,483
108181664	202,466,248,483
559228 (hyal2b)	202,466,248,483
567869 (hyal2a)	202,466,248,483
664772 (hyal1)	202,466,248,483
791189 (hyal6)	202,466,248,483
560126 (naglu)	489,527,535,544
323613 (hexb)	625,466,671,483
550460 (hexa)	625,466,671,483
571441 (gusb)	489,648,535,665
327635 (gnsb)	489,710,535,727
566506 (gnsa)	489,710,535,727
100004557 (hyal3)	841,329,871,329,871,333,841,333
108181664	841,329,871,329,871,333,841,333
559228 (hyal2b)	841,329,871,329,871,333,841,333
567869 (hyal2a)	841,329,871,329,871,333,841,333
664772 (hyal1)	841,329,871,329,871,333,841,333
791189 (hyal6)	841,329,871,329,871,333,841,333
100538007 (arsb)	813,286,813,316,817,316,817,286
571441 (gusb)	920,329,950,329,950,333,920,333
791159 (galns)	980,286,980,316,984,316,984,286
100004557 (hyal3)	919,461,949,461,949,465,919,465
108181664	919,461,949,461,949,465,919,465
559228 (hyal2b)	919,461,949,461,949,465,919,465
567869 (hyal2a)	919,461,949,461,949,465,919,465
664772 (hyal1)	919,461,949,461,949,465,919,465
791189 (hyal6)	919,461,949,461,949,465,919,465
571441 (gusb)	1001,462,1031,462,1031,466,1001,466
559959 (ids)	806,418,806,448,810,448,810,418
567720 (idua)	828,461,858,461,858,465,828,465
560126 (naglu)	906,601,936,601,936,605,906,605
571441 (gusb)	985,601,1015,601,1015,605,985,605
559959 (ids)	806,558,806,588,810,588,810,558
567720 (idua)	828,601,858,601,858,605,828,605
560126 (naglu)	1077,601,1107,601,1107,605,1077,605
562573 (hpse2)	1156,601,1186,601,1186,605,1156,605
563020 (hpse)	1156,601,1186,601,1186,605,1156,605
563849 (sgsh)	870,558,870,588,874,588,874,558
323613 (hexb)	912,740,942,740,942,744,912,744
550460 (hexa)	912,740,942,740,942,744,912,744
327635 (gnsb)	876,697,876,727,880,727,880,697
566506 (gnsa)	876,697,876,727,880,727,880,697
548343 (glb1)	983,740,1013,740,1013,744,983,744
791159 (galns)	800,697,800,727,804,727,804,697
548343 (glb1)	822,740,852,740,852,744,822,744
327635 (gnsb)	1040,697,1040,727,1044,727,1044,697
566506 (gnsa)	1040,697,1040,727,1044,727,1044,697
100004557 (hyal3)	51,226,97,243
108181664	51,226,97,243
559228 (hyal2b)	51,226,97,243
567869 (hyal2a)	51,226,97,243
664772 (hyal1)	51,226,97,243
791189 (hyal6)	51,226,97,243
571441 (gusb)	51,282,97,299
571441 (gusb)	829,187,859,187,859,191,829,191
571441 (gusb)	991,187,1021,187,1021,191,991,191
323613 (hexb)	1075,740,1105,740,1105,744,1075,744
550460 (hexa)	1075,740,1105,740,1105,744,1075,744
dre00534: Glycosaminoglycan biosynthesis - heparan sulfate / heparin	465,113,558,147
dre00533: Glycosaminoglycan biosynthesis - keratan sulfate	601,113,694,147
dre00532: Glycosaminoglycan biosynthesis - chondroitin sulfate / dermatan sulfate	336,113,448,147
dre00531: Glycosaminoglycan degradation	40,45,327,70
