C04549 (1-Phosphatidyl-1D-myo-inositol 3-phosphate)	932,683,4
C01194 (1-Phosphatidyl-D-myo-inositol)	834,683,4
C05981 (Phosphatidylinositol-3,4,5-trisphosphate)	302,146,4
C00350 (Phosphatidylethanolamine)	735,983,4
C00350 (Phosphatidylethanolamine)	971,960,4
C00044 (GTP)	1003,151,4
C00035 (GDP)	932,151,4
245701 (igf1ra)	55,150,101,167
245702 (igf1rb)	55,150,101,167
30262 (ins)	55,128,101,145
566735 (insb)	55,128,101,145
100329897 (irs4a)	141,138,187,155
393285 (irs2a)	141,138,187,155
559281 (irs1)	141,138,187,155
572001 (irs2b)	141,138,187,155
794462	141,138,187,155
100000252 (pik3r3b)	212,137,258,154
100002263 (pik3cb)	212,137,258,154
394174 (pik3cd)	212,137,258,154
404211 (pik3r2)	212,137,258,154
557176 (pik3r1)	212,137,258,154
561737 (pik3ca)	212,137,258,154
368415 (ptenb)	279,104,325,121
794088 (ptena)	279,104,325,121
403000 (pdpk1b)	345,138,391,155
100149794 (akt3b)	433,138,479,155
101910198 (akt1)	433,138,479,155
378972 (akt2)	433,138,479,155
403146 (akt2l)	433,138,479,155
560549 (akt3a)	433,138,479,155
100317924 (mras)	165,212,211,229
100536317 (si:ch73-116o1.2)	165,212,211,229
30380 (nras)	165,212,211,229
393228 (zgc:55558)	165,212,211,229
445289 (kras)	165,212,211,229
449660 (rras)	165,212,211,229
550286 (hrasa)	165,212,211,229
550513 (rras2)	165,212,211,229
553656 (hrasb)	165,212,211,229
30716 (raf1a)	237,243,283,260
557109 (raf1b)	237,243,283,260
100002225 (map2k2b)	309,243,355,260
406728 (map2k1)	309,243,355,260
563181 (map2k2a)	309,243,355,260
360144 (mapk1)	381,242,427,259
399480 (mapk3)	381,242,427,259
393202 (hif1ab)	151,315,197,332
378866 (ddit4)	244,315,290,332
336116 (bnip3)	244,345,290,362
402792 (zgc:73226)	244,345,290,362
568155 (bnip4)	244,345,290,362
100150844 (prkcdb)	151,368,197,385
334571 (prkcda)	151,368,197,385
567524 (tsc2)	433,298,479,315
100330617 (tsc1b)	433,315,479,332
337167 (tsc1a)	433,315,479,332
393702 (rheb)	515,307,561,324
767781 (rhebl1)	515,307,561,324
560455 (rptor)	600,271,646,288
768177 (deptor)	668,276,714,293
324254 (mtor)	634,307,680,324
566559 (akt1s1)	599,344,645,361
792689 (mlst8)	666,344,712,361
406349 (rps6kb1b)	715,185,761,202
562242 (rps6kb1a)	715,185,761,202
393885 (zgc:56064)	810,192,856,209
406582 (ppp2cb)	810,192,856,209
550585 (ppp2ca)	810,192,856,209
406843 (igbp1)	754,256,800,273
100170793 (ulk1a)	810,307,856,324
100329702 (ulk2)	810,307,856,324
558848 (ulk1b)	810,307,856,324
393405 (atg13)	810,369,856,386
100332174 (rb1cc1)	916,369,962,386
567680 (atg101)	884,339,930,356
101883461 (si:ch73-45o6.2)	1041,307,1087,324
100332293	1041,342,1087,359
393362 (wipi1)	1041,342,1087,359
437002 (wipi2)	1041,342,1087,359
325358 (rraga)	244,387,290,404
100000325 (rragcb)	244,404,290,421
570568 (rragd)	244,404,290,421
573492 (rragca)	244,404,290,421
550537 (stk11)	186,473,232,490
100001198 (prkaa1)	433,473,479,490
572074 (prkaa2)	433,473,479,490
100170786 (camkk1b)	290,563,336,580
101884909	290,563,336,580
553788 (map3k7)	290,590,336,607
567021 (ern2)	290,620,336,637
100149273 (mapk9)	434,590,480,607
562720 (mapk8a)	434,590,480,607
569698 (mapk10)	434,590,480,607
65236 (mapk8b)	434,590,480,607
393998 (prkacba)	433,528,479,545
445076 (prkacab)	433,528,479,545
563147 (prkacbb)	433,528,479,545
564064 (prkacaa)	433,528,479,545
569441 (tp53inp2)	780,468,826,485
554561 (traf6)	715,488,761,505
100332642 (ambra1a)	680,539,726,556
559106 (ambra1b)	680,539,726,556
100149388 (itpr1b)	607,549,653,566
567611 (itpr1a)	607,549,653,566
100007048 (bcl2b)	637,580,683,597
570772 (bcl2a)	637,580,683,597
114401 (bcl2l1)	637,601,683,618
100009663 (atg9a)	907,432,953,449
791223 (atg9b)	907,432,953,449
568453 (supt20)	907,474,953,491
492808 (stx17)	905,507,951,524
393846 (becn1)	780,590,826,607
564088 (pik3r4)	780,633,826,650
436886 (nrbf2b)	851,590,897,607
548346 (pik3c3)	851,633,897,650
407686 (zgc:113944)	851,544,897,561
394044 (uvrag)	936,544,982,561
334911 (sh3glb1b)	1007,544,1053,561
792229 (sh3glb1a)	1007,544,1053,561
100000896 (rubcn)	936,600,982,617
100005732 (zfyve1)	1007,692,1053,709
563140 (si:ch211-11n16.2)	1007,692,1053,709
100333801	869,725,915,742
393584 (mtmr4)	869,725,915,742
393838 (mtmr3)	869,725,915,742
323929 (mtmr14)	945,725,991,742
58100 (badb)	570,633,616,650
321622 (hmgb1a)	628,647,674,664
795095 (hmgb1b)	628,647,674,664
559564 (eif2ak3)	290,707,336,724
100149925 (eif2ak4)	382,717,428,734
555536 (si:dkey-240h12.4)	434,677,480,694
556756 (dapk2b)	434,677,480,694
558314 (dapk1)	434,677,480,694
562194 (dapk3)	434,677,480,694
571352 (dapk2a)	434,677,480,694
321564 (eif2s1b)	382,808,428,825
570965 (atg12)	517,808,563,825
494180 (atg5)	749,799,795,816
572060 (rab33ba)	994,750,1040,767
570965 (atg12)	954,808,1000,825
570965 (atg12)	749,816,795,833
494180 (atg5)	1000,808,1046,825
494180 (atg5)	665,845,711,862
100333016 (atg7)	567,877,613,894
641330 (atg10)	614,855,660,872
100034627 (atg16l2)	846,845,892,862
550552 (atg16l1)	846,845,892,862
373114 (cflara)	624,898,670,915
336632 (atg3)	687,898,733,915
555521 (prkcq)	362,901,408,918
326974 (gabarapa)	433,952,479,969
403036 (gabarapl2)	433,952,479,969
793200 (gabarapb)	433,952,479,969
415193 (atg4c)	476,1000,522,1017
448859 (atg4b)	476,1000,522,1017
554140 (atg4a)	476,1000,522,1017
795933 (atg4da)	476,1000,522,1017
324985 (lamp1a)	925,1083,971,1100
563328 (lamp1b)	925,1083,971,1100
393902 (rab7a)	925,1053,971,1070
431725 (rab7b)	925,1053,971,1070
449549 (zgc:100918)	925,1053,971,1070
327007 (vamp8)	925,1152,971,1169
492808 (stx17)	972,1113,1018,1130
407686 (zgc:113944)	1049,1113,1095,1130
100034627 (atg16l2)	1046,808,1092,825
550552 (atg16l1)	1046,808,1092,825
326974 (gabarapa)	907,952,953,969
403036 (gabarapl2)	907,952,953,969
793200 (gabarapb)	907,952,953,969
553460 (snap29)	972,1130,1018,1147
336746 (napsa)	760,1230,806,1247
65225 (ctsd)	760,1230,806,1247
30443 (ctslb)	760,1260,806,1277
321453 (ctsla)	760,1260,806,1277
436641 (ctsl.1)	760,1260,806,1277
406645 (ctsba)	760,1290,806,1307
569298 (ctsbb)	760,1290,806,1307
336789 (vmp1)	780,515,826,532
402895 (zgc:100846)	969,236,1015,253
368883 (rab1ab)	1040,236,1086,253
394117 (rab1ba)	1040,236,1086,253
571294 (wdr41)	923,227,969,244
407723 (smcr8b)	923,244,969,261
558696 (smcr8a)	923,244,969,261
562596 (rab39ba)	909,165,955,182
566010 (rab39bb)	909,165,955,182
571897 (rab8a)	909,165,955,182
562596 (rab39ba)	981,165,1027,182
566010 (rab39bb)	981,165,1027,182
571897 (rab8a)	981,165,1027,182
406452 (sqstm1)	1052,165,1098,182
692289 (tbk1)	857,221,903,238
767660 (tank)	857,238,903,255
dre04140: Autophagy - animal	40,45,240,70
dre04910: Insulin signaling pathway	183,163,293,203
dre04010: MAPK signaling pathway	236,264,346,304
dre04150: mTOR signaling pathway	600,219,710,259
dre04141: Protein processing in endoplasmic reticulum	55,519,165,559
map04152: AMPK signaling pathway	311,429,421,469
dre04142: Lysosome	736,1130,846,1170
