100000684 (neu3.5)	96,147,126,147,126,151,96,151
445250 (neu3.2)	96,147,126,147,126,151,96,151
553569 (neu4)	96,147,126,147,126,151,96,151
555206 (neu3.3)	96,147,126,147,126,151,96,151
559850 (neu1)	96,147,126,147,126,151,96,151
780844 (neu3.1)	96,147,126,147,126,151,96,151
793046 (neu3.4)	96,147,126,147,126,151,96,151
548343 (glb1)	168,147,198,147,198,151,168,151
100003570 (man2b2)	333,152,363,182,367,182,337,152
541519 (man2b1)	333,152,363,182,367,182,337,152
569595 (man2c1)	333,152,363,182,367,182,337,152
541519 (man2b1)	332,238,362,208,366,208,336,238
569595 (man2c1)	332,238,362,208,366,208,336,238
335494 (fuca1.1)	498,153,528,183,532,183,502,153
445165 (fuca1.2)	498,153,528,183,532,183,502,153
445487 (fuca2)	498,153,528,183,532,183,502,153
566517 (aga)	591,194,621,194,621,198,591,198
767799 (zgc:153169)	591,194,621,194,621,198,591,198
323613 (hexb)	259,147,289,147,289,151,259,151
550460 (hexa)	259,147,289,147,289,151,259,151
100000684 (neu3.5)	96,238,126,238,126,242,96,242
445250 (neu3.2)	96,238,126,238,126,242,96,242
553569 (neu4)	96,238,126,238,126,242,96,242
555206 (neu3.3)	96,238,126,238,126,242,96,242
559850 (neu1)	96,238,126,238,126,242,96,242
780844 (neu3.1)	96,238,126,238,126,242,96,242
793046 (neu3.4)	96,238,126,238,126,242,96,242
548343 (glb1)	168,238,198,238,198,242,168,242
323613 (hexb)	259,238,289,238,289,242,259,242
541364 (zgc:113333)	259,238,289,238,289,242,259,242
550460 (hexa)	259,238,289,238,289,242,259,242
565372 (hexdc)	259,238,289,238,289,242,259,242
323613 (hexb)	333,194,363,194,363,198,333,198
550460 (hexa)	333,194,363,194,363,198,333,198
393128 (manba)	410,194,440,194,440,198,410,198
561239 (engase)	500,194,530,194,530,198,500,198
100000684 (neu3.5)	260,344,290,374,294,374,264,344
445250 (neu3.2)	260,344,290,374,294,374,264,344
553569 (neu4)	260,344,290,374,294,374,264,344
555206 (neu3.3)	260,344,290,374,294,374,264,344
559850 (neu1)	260,344,290,374,294,374,264,344
780844 (neu3.1)	260,344,290,374,294,374,264,344
793046 (neu3.4)	260,344,290,374,294,374,264,344
100000684 (neu3.5)	97,418,127,418,127,422,97,422
445250 (neu3.2)	97,418,127,418,127,422,97,422
553569 (neu4)	97,418,127,418,127,422,97,422
555206 (neu3.3)	97,418,127,418,127,422,97,422
559850 (neu1)	97,418,127,418,127,422,97,422
780844 (neu3.1)	97,418,127,418,127,422,97,422
793046 (neu3.4)	97,418,127,418,127,422,97,422
100000684 (neu3.5)	192,418,222,418,222,422,192,422
445250 (neu3.2)	192,418,222,418,222,422,192,422
553569 (neu4)	192,418,222,418,222,422,192,422
555206 (neu3.3)	192,418,222,418,222,422,192,422
559850 (neu1)	192,418,222,418,222,422,192,422
780844 (neu3.1)	192,418,222,418,222,422,192,422
793046 (neu3.4)	192,418,222,418,222,422,192,422
548343 (glb1)	259,419,289,389,293,389,263,419
323613 (hexb)	349,385,379,415,383,415,353,385
550460 (hexa)	349,385,379,415,383,415,353,385
100000684 (neu3.5)	347,464,377,434,381,434,351,464
445250 (neu3.2)	347,464,377,434,381,434,351,464
553569 (neu4)	347,464,377,434,381,434,351,464
555206 (neu3.3)	347,464,377,434,381,434,351,464
559850 (neu1)	347,464,377,434,381,434,351,464
780844 (neu3.1)	347,464,377,434,381,434,351,464
793046 (neu3.4)	347,464,377,434,381,434,351,464
100000684 (neu3.5)	254,464,284,464,284,468,254,468
445250 (neu3.2)	254,464,284,464,284,468,254,468
553569 (neu4)	254,464,284,464,284,468,254,468
555206 (neu3.3)	254,464,284,464,284,468,254,468
559850 (neu1)	254,464,284,464,284,468,254,468
780844 (neu3.1)	254,464,284,464,284,468,254,468
793046 (neu3.4)	254,464,284,464,284,468,254,468
100000684 (neu3.5)	160,464,190,464,190,468,160,468
445250 (neu3.2)	160,464,190,464,190,468,160,468
553569 (neu4)	160,464,190,464,190,468,160,468
555206 (neu3.3)	160,464,190,464,190,468,160,468
559850 (neu1)	160,464,190,464,190,468,160,468
780844 (neu3.1)	160,464,190,464,190,468,160,468
793046 (neu3.4)	160,464,190,464,190,468,160,468
100000684 (neu3.5)	167,341,197,341,197,345,167,345
445250 (neu3.2)	167,341,197,341,197,345,167,345
553569 (neu4)	167,341,197,341,197,345,167,345
555206 (neu3.3)	167,341,197,341,197,345,167,345
559850 (neu1)	167,341,197,341,197,345,167,345
780844 (neu3.1)	167,341,197,341,197,345,167,345
793046 (neu3.4)	167,341,197,341,197,345,167,345
548343 (glb1)	422,424,452,424,452,428,422,428
559072 (gba)	492,424,522,424,522,428,492,428
559240 (gba2)	492,424,522,424,522,428,492,428
dre00511: Other glycan degradation	40,45,276,70
dre00510: N-Glycan biosynthesis	600,118,723,143
dre00604: Glycosphingolipid biosynthesis - ganglio series	600,321,764,355
