100333797 (ddx58)	421,251,467,268
565759 (ifih1)	421,527,467,544
393144 (trim25)	375,183,421,200
562867 (mavs)	599,381,645,398
415099 (rela)	1088,492,1134,509
565756 (nfkb1)	1088,492,1134,509
555459 (otud5a)	730,304,776,321
445119 (traf3)	730,356,776,373
564854 (irf3)	999,315,1045,332
437024 (ikbke)	908,313,954,330
393650 (irf7)	999,344,1045,361
767660 (tank)	818,339,864,356
406377 (azi2)	818,356,864,373
559568 (tbkbp1)	818,373,864,390
562317 (fadd)	818,446,864,463
557302 (casp8l2)	908,437,954,454
58022 (casp8)	908,437,954,454
100126803 (ifnphi3)	1263,300,1309,317
360134 (ifnphi1)	1263,300,1309,317
554561 (traf6)	692,636,738,653
393287 (chuk)	999,430,1045,447
563560 (ikbkb)	999,447,1045,464
541530 (ikbkg)	999,413,1045,430
323099 (nfkbiab)	1088,447,1134,464
406463 (nfkbiaa)	1088,447,1134,464
692289 (tbk1)	908,330,954,347
100148871 (dhx58)	364,381,410,398
494180 (atg5)	527,217,573,234
570965 (atg12)	527,234,573,251
557335 (nlrx1)	580,306,626,323
101243556 (tmem173)	668,270,714,287
556823 (cylda)	400,147,446,164
561108 (cyldl)	400,147,446,164
393721 (pin1)	1034,264,1080,281
541530 (ikbkg)	908,347,954,364
58130 (tradd)	730,425,776,442
567460 (ripk1l)	818,463,864,480
449731 (sike1)	908,264,954,281
793926 (tkfc)	421,424,467,441
30116 (ddx3xb)	965,264,1011,281
566947 (ddx3xa)	965,264,1011,281
100334486 (map3k1)	798,636,844,653
100149273 (mapk9)	951,621,997,638
562720 (mapk8a)	951,621,997,638
569698 (mapk10)	951,621,997,638
65236 (mapk8b)	951,621,997,638
100002318 (mapk13)	951,652,997,669
266756 (mapk14b)	951,652,997,669
30681 (mapk12a)	951,652,997,669
415185 (mapk11)	951,652,997,669
557810 (mapk12b)	951,652,997,669
562552 (zgc:171775)	951,652,997,669
65237 (mapk14a)	951,652,997,669
100005446	692,570,738,587
557526 (traf2b)	692,570,738,587
564295 (traf2a)	692,570,738,587
553788 (map3k7)	798,570,844,587
100002946 (cxcl8a)	1263,486,1309,503
100003859 (cxcl8b.3)	1263,486,1309,503
405785 (tnfa)	1263,505,1309,522
100004358 (zmp:0000001127)	1263,524,1309,541
445373 (il12ba)	1263,524,1309,541
445410 (il12a)	1263,524,1309,541
dre04120: Ubiquitin mediated proteolysis	480,630,593,664
dre04210: Apoptosis	885,508,977,533
dre04010: MAPK signaling pathway	813,679,926,713
dre04120: Ubiquitin mediated proteolysis	1044,159,1157,193
map04630: Jak-STAT signaling pathway	1441,315,1562,349
dre04622: RIG-I-like receptor signaling pathway	40,45,372,70
