C00024 (Acetyl-CoA)	768,498,4
C00151 (L-Amino acid)	105,215,4
C01879 (5-Oxoproline)	195,143,4
C00097 (L-Cysteine)	415,248,4
C00025 (L-Glutamate)	542,175,4
C00037 (Glycine)	490,304,4
C01419 (Cys-Gly)	332,377,4
C03740 ((5-L-Glutamyl)-L-amino acid)	195,297,4
C00051 (Glutathione)	332,456,4
C00669 (gamma-L-Glutamyl-L-cysteine)	542,456,4
C03646 (Bis-gamma-glutamylcystine)	746,460,4
C00127 (Glutathione disulfide)	66,456,4
C00005 (NADPH)	117,500,4
C00006 (NADP+)	270,500,4
C01322 (RX)	359,498,4
C02320 (R-S-Glutathione)	441,525,4
C05730 (Glutathionylspermidine)	498,684,4
C00025 (L-Glutamate)	523,498,4
C05729 (R-S-Cysteinylglycine)	548,525,4
C00037 (Glycine)	726,498,4
C05726 (S-Substituted L-cysteine)	749,525,4
C05727 (S-Substituted N-acetyl-L-cysteine)	856,525,4
C00077 (L-Ornithine)	207,715,4
C00134 (Putrescine)	207,642,4
C00315 (Spermidine)	384,645,4
C02090 (Trypanothione)	621,684,4
C03170 (Trypanothione disulfide)	849,684,4
C00005 (NADPH)	776,580,4
C00006 (NADP+)	694,580,4
C05422 (Dehydroascorbate)	669,649,4
C00072 (Ascorbate)	801,649,4
C16664 (Tryparedoxin disulfide)	669,718,4
C16663 (Tryparedoxin)	801,718,4
C00750 (Spermine)	368,791,4
C16562 (Glutathionylspermine)	498,864,4
C16563 (Bis(glutathionyl)spermine)	621,864,4
C16564 (Bis(glutathionyl)spermine disulfide)	849,864,4
C01672 (Cadaverine)	188,920,4
C16565 (Aminopropylcadaverine)	294,920,4
C16566 (Glutathionylaminopropylcadaverine)	498,920,4
C16567 (Homotrypanothione)	621,920,4
C16568 (Homotrypanothione disulfide)	849,920,4
322533 (anpepb)	569,506,615,523
555478 (si:ch211-106j24.1)	569,506,615,523
100002145 (si:ch73-337l15.2)	466,517,512,534
100333757 (ggt5b)	466,517,512,534
101882295 (ggt7)	466,517,512,534
393387 (ggt1a)	466,517,512,534
566746 (ggt1l2.2)	466,517,512,534
569014 (ggt1b)	466,517,512,534
569734 (ggt5a)	466,517,512,534
100334384 (gpx2)	194,558,240,575
352926 (gpx1a)	194,558,240,575
393191 (gpx8)	194,558,240,575
552981 (gpx7)	194,558,240,575
798788 (gpx3)	194,558,240,575
352928 (gpx4a)	194,537,240,554
352929 (gpx4b)	194,537,240,554
324900 (txndc12)	146,537,192,554
570579 (g6pd)	194,502,240,519
100006589 (idh1)	146,481,192,498
386951 (idh2)	146,481,192,498
450084 (gss)	435,448,481,465
326857 (gclc)	519,266,565,283
333974 (gclm)	519,266,565,283
100002145 (si:ch73-337l15.2)	309,421,355,438
100333757 (ggt5b)	309,421,355,438
101882295 (ggt7)	309,421,355,438
393387 (ggt1a)	309,421,355,438
566746 (ggt1l2.2)	309,421,355,438
569014 (ggt1b)	309,421,355,438
569734 (ggt5a)	309,421,355,438
322533 (anpepb)	334,314,380,331
555478 (si:ch211-106j24.1)	334,314,380,331
100151110 (oplah)	351,135,397,152
100149204 (ggcta)	426,94,472,111
406278 (ggctb)	426,94,472,111
100002145 (si:ch73-337l15.2)	172,396,218,413
100333757 (ggt5b)	172,396,218,413
101882295 (ggt7)	172,396,218,413
393387 (ggt1a)	172,396,218,413
566746 (ggt1l2.2)	172,396,218,413
569014 (ggt1b)	172,396,218,413
569734 (ggt5a)	172,396,218,413
100149204 (ggcta)	172,248,218,265
406278 (ggctb)	172,248,218,265
100002956 (si:ch211-195e19.1)	778,517,824,534
100124622 (gsta.2)	365,517,411,534
324366 (gstm.1)	365,517,411,534
393493 (gstt2)	365,517,411,534
393556 (gstt1b)	365,517,411,534
406703 (gsta.1)	365,517,411,534
406736 (mgst3a)	365,517,411,534
431762 (mgst1.2)	365,517,411,534
436833 (gstk1)	365,517,411,534
436894 (gsto1)	365,517,411,534
449784 (mgst1.1)	365,517,411,534
492500 (gsto2)	365,517,411,534
553169 (gstp2)	365,517,411,534
563972 (gstt1a)	365,517,411,534
564619 (gstr)	365,517,411,534
567275 (mgst3b)	365,517,411,534
568744 (gstm.3)	365,517,411,534
571365 (gstm.2)	365,517,411,534
723997 (mgst2)	365,517,411,534
79381 (gstp1)	365,517,411,534
553575 (gsr)	146,449,192,466
406762 (pgd)	146,502,192,519
114426 (odc1)	185,674,231,691
394009 (srm)	267,634,313,651
80872 (sms)	346,718,392,735
394009 (srm)	214,912,260,929
100330864	713,720,759,737
30733 (rrm2)	713,720,759,737
30740 (rrm1)	713,720,759,737
368909 (rrm2b)	713,720,759,737
100330864	713,781,759,798
30733 (rrm2)	713,781,759,798
30740 (rrm1)	713,781,759,798
368909 (rrm2b)	713,781,759,798
767682 (zgc:152830)	284,314,330,331
767682 (zgc:152830)	569,527,615,544
562854 (lap3)	334,333,380,350
562854 (lap3)	617,506,663,523
557614 (chac2)	240,407,286,424
563855 (chac1)	240,407,286,424
dre00480: Glutathione metabolism	40,45,259,70
dre00250: Alanine	547,215,621,249
aspartate and glutamate metabolism	547,215,621,249
dre00430: Taurine and hypotaurine metabolism	451,188,529,233
map00460: Cyanoamino acid metabolism	350,259,462,293
dre00270: Cysteine and methionine metabolism	288,183,370,228
dre00220: Arginine biosynthesis	146,761,270,786
