C00422 (Triacylglycerol)	705,574,4
C00641 (1,2-Diacyl-sn-glycerol)	561,573,4
C00111 (Glycerone phosphate)	93,319,4
C00093 (sn-Glycerol 3-phosphate)	381,390,4
C00197 (3-Phospho-D-glycerate)	215,168,4
C00258 (D-Glycerate)	381,168,4
C00577 (D-Glyceraldehyde)	381,246,4
C00184 (Glycerone)	214,319,4
C00116 (Glycerol)	381,319,4
C00029 (UDP-glucose)	597,753,4
C00040 (Acyl-CoA)	597,610,4
C00162 (Fatty acid)	597,389,4
C11521 (UDP-6-sulfoquinovose)	597,677,4
C00681 (1-Acyl-sn-glycerol 3-phosphate)	381,487,4
C00416 (Phosphatidate)	381,574,4
C05401 (3-beta-D-Galactosyl-sn-glycerol)	559,920,4
C00040 (Acyl-CoA)	411,507,4
C13508 (Sulfoquinovosyldiacylglycerol)	705,647,4
C04872 (1,2-Diacyl-3-[3-(alpha-D-N-acetylneuraminyl)-beta-D-galactosyl]-sn-glycerol)	345,920,4
C00040 (Acyl-CoA)	412,405,4
C06037 (Digalactosyl-diacylglycerol)	345,839,4
C06038 (Acyl1-monogalactosyl-diacylglycerol)	633,876,4
C04315 (2-Acyl-3-O-(beta-D-galactosyl)-sn-glycerol)	669,845,4
C06365 (alpha-Kojibiosyldiacylglycerol)	345,667,4
C20897 (Glycerophosphoglycoglycerolipid)	237,667,4
C03692 (1,2-Diacyl-3-beta-D-galactosyl-sn-glycerol)	453,839,4
C06364 (1,2-Diacyl-3-alpha-D-glucosyl-sn-glycerol)	453,667,4
C01885 (1-Acylglycerol)	489,487,4
C02457 (Propane-1,3-diol)	680,319,4
C00969 (3-Hydroxypropanal)	574,319,4
C06040 (Diglucosyldiacylglycerol)	345,724,4
C06041 (Glycerophosphoglycoglycerolipid)	237,724,4
C04046 (3-D-Glucosyl-1,2-diacylglycerol)	453,724,4
C06042 (Lipoteichoic acid)	129,667,4
C20898 (Lipoteichoic acid)	129,724,4
C20991 (1,2-Diacyl-3-O-[beta-D-galactosyl-(1->6)-beta-D-galactosyl]-sn-glycerol)	345,879,4
C00631 (2-Phospho-D-glycerate)	215,117,4
C00103 (D-Glucose 1-phosphate)	684,753,4
C02133 (Acyl phosphate)	268,406,4
C00173 (Acyl-[acyl-carrier protein])	163,406,4
101887155 (pnpla2)	613,513,659,530
110438373	613,513,659,530
322481 (cel.1)	613,513,659,530
393096 (lipg)	613,513,659,530
393997 (lipca)	613,513,659,530
436610 (pnpla3)	613,513,659,530
565117 (cel.2)	613,513,659,530
325875 (dgat1a)	613,575,659,592
565316 (dgat2)	613,575,659,592
100334794 (plpp4)	425,555,471,572
335485 (plpp2b)	425,555,471,572
431758 (plpp5)	425,555,471,572
557680 (plpp3)	425,555,471,572
558422 (lipin2)	425,555,471,572
559124 (ppap2d)	425,555,471,572
560638 (si:ch73-21k16.1)	425,555,471,572
563806 (plpp2a)	425,555,471,572
569053 (plpp1a)	425,555,471,572
794598	425,555,471,572
799099 (lpin1)	425,555,471,572
100142647 (mogat3a)	466,514,512,531
450063 (mogat2)	466,514,512,531
101887155 (pnpla2)	534,503,580,520
110438373	534,503,580,520
322481 (cel.1)	534,503,580,520
393096 (lipg)	534,503,580,520
393997 (lipca)	534,503,580,520
436610 (pnpla3)	534,503,580,520
565117 (cel.2)	534,503,580,520
406265 (agpat4)	359,519,405,536
406554 (lclat1)	359,519,405,536
406734 (agpat3)	359,519,405,536
570695 (mboat2a)	359,519,405,536
572841 (mboat1)	359,519,405,536
692278 (mboat2b)	359,519,405,536
767778 (agpat5)	359,519,405,536
777624 (agpat2)	359,519,405,536
334270 (agk)	423,478,469,495
378960 (mgll)	468,414,514,431
100332911 (gpam)	359,414,405,431
436958 (gpat3)	359,414,405,431
558437 (gpat2)	359,414,405,431
567414 (agpat9l)	359,414,405,431
678522 (gpat4)	359,414,405,431
793926 (tkfc)	134,300,180,317
100136866 (zgc:172295)	382,348,428,365
553452 (akr1b1.2)	461,270,507,287
100000026 (aldh3a1)	357,200,403,217
100005587 (aldh9a1a.1)	357,200,403,217
100536795 (wu:fb14d09)	357,200,403,217
323653 (aldh3a2a)	357,200,403,217
334197 (aldh7a1)	357,200,403,217
368239 (aldh2.2)	357,200,403,217
393462 (aldh2.1)	357,200,403,217
399481 (aldh9a1b)	357,200,403,217
447920 (aldh3a2b)	357,200,403,217
492710 (aldh16a1)	357,200,403,217
445326 (akr1a1a)	411,270,457,287
799805 (akr1a1b)	411,270,457,287
100331214	613,534,659,551
101884800	613,534,659,551
30354 (lpl)	613,534,659,551
450083 (gla)	381,792,427,809
100137124 (dgkh)	425,600,471,617
100150463 (dgke)	425,600,471,617
100331649 (dgki)	425,600,471,617
100536469	425,600,471,617
553380 (dgkza)	425,600,471,617
557324 (dgkb)	425,600,471,617
565122 (si:dkey-172j4.3)	425,600,471,617
567728	425,600,471,617
724010 (dgkaa)	425,600,471,617
100334794 (plpp4)	425,576,471,593
431758 (plpp5)	425,576,471,593
570678 (glyctk)	271,108,317,125
dre00564: Glycerophospholipid metabolism	35,444,152,478
dre00010: Glycolysis / Gluconeogenesis	58,156,128,181
dre00071: Fatty acid degradation	664,373,738,407
dre00561: Glycerolipid metabolism	40,45,259,70
dre00010: Glycolysis / Gluconeogenesis	729,735,827,769
