C00076 (Calcium cation)	473,753,4
100333254 (nfatc2a)	874,744,920,761
561682 (nfatc4)	874,744,920,761
561772 (nfatc3a)	874,744,920,761
566869 (nfatc3b)	874,744,920,761
568315 (nfatc1)	874,744,920,761
571865	874,744,920,761
100003514 (prkcg)	543,775,589,792
100006675 (prkcba)	543,775,589,792
100333967 (si:ch73-374l24.1)	543,775,589,792
393953 (prkcbb)	543,775,589,792
497384 (prkcaa)	543,775,589,792
447814 (ppp3r1b)	543,744,589,761
550554 (ppp3cb)	543,744,589,761
557926 (ppp3cca)	543,744,589,761
564337 (ppp3r1a)	543,744,589,761
565241 (ppp3ccb)	543,744,589,761
794574 (ppp3ca)	543,744,589,761
436815 (camk2d2)	543,713,589,730
445208 (camk2d1)	543,713,589,730
550436 (camk2a)	543,713,589,730
562064 (camk2b1)	543,713,589,730
791855 (camk2g1)	543,713,589,730
793359 (camk2g2)	543,713,589,730
798222 (camk2b)	543,713,589,730
100001532 (plcb3)	353,744,399,761
100537538	353,744,399,761
407700 (plcb4)	353,744,399,761
569376 (plcb2)	353,744,399,761
30363 (fzd4)	227,744,273,761
30364 (fzd5)	227,744,273,761
30366 (fzd10)	227,744,273,761
30369 (fzd7a)	227,744,273,761
30370 (fzd2)	227,744,273,761
30412 (fzd7b)	227,744,273,761
393533 (fzd6)	227,744,273,761
557384 (fzd1)	227,744,273,761
557447 (fzd9a)	227,744,273,761
565921 (fzd3a)	227,744,273,761
567746 (fzd3b)	227,744,273,761
58023 (fzd9b)	227,744,273,761
58072 (fzd8b)	227,744,273,761
58073 (fzd8a)	227,744,273,761
30105 (wnt5b)	145,744,191,761
568191 (wnt5a)	145,744,191,761
100149273 (mapk9)	576,612,622,629
562720 (mapk8a)	576,612,622,629
569698 (mapk10)	576,612,622,629
65236 (mapk8b)	576,612,622,629
327204 (rac1a)	495,612,541,629
415151 (rac2)	495,612,541,629
437027 (rac3a)	495,612,541,629
562838 (rac1b)	495,612,541,629
792699 (rac1l)	495,612,541,629
795167 (rac3b)	495,612,541,629
317747 (rock2a)	576,571,622,588
100006041 (rhoab)	495,571,541,588
406411 (rhoaa)	495,571,541,588
406659 (rhoac)	495,571,541,588
436718 (rhocb)	495,571,541,588
751630 (zgc:153713)	495,571,541,588
557451 (daam1a)	424,571,470,588
560060 (daam1b)	424,571,470,588
798465 (daam2)	424,571,470,588
100149082 (dvl3)	353,592,399,609
323630 (dvl2)	353,592,399,609
560032 (dvl1b)	353,592,399,609
569863 (dvl1a)	353,592,399,609
80972 (dvl3a)	353,592,399,609
368249 (prickle1a)	293,554,339,571
368250 (prickle2b)	293,554,339,571
570116 (prickle3)	293,554,339,571
118437 (gpc4)	227,626,273,643
30363 (fzd4)	227,592,273,609
30364 (fzd5)	227,592,273,609
30366 (fzd10)	227,592,273,609
30369 (fzd7a)	227,592,273,609
30370 (fzd2)	227,592,273,609
30412 (fzd7b)	227,592,273,609
393533 (fzd6)	227,592,273,609
557384 (fzd1)	227,592,273,609
557447 (fzd9a)	227,592,273,609
565921 (fzd3a)	227,592,273,609
567746 (fzd3b)	227,592,273,609
58023 (fzd9b)	227,592,273,609
58072 (fzd8b)	227,592,273,609
58073 (fzd8a)	227,592,273,609
245949 (vangl2)	227,558,273,575
403076 (vangl1)	227,558,273,575
30283 (wnt11r)	145,592,191,609
791595 (wnt11)	145,592,191,609
30754 (ppardb)	1001,291,1047,308
30222 (ccnd1)	1001,250,1047,267
799608 (ccnd2a)	1001,250,1047,267
564241 (fosl1a)	1001,229,1047,246
335916 (jun)	1001,208,1047,225
393141 (mycb)	1001,187,1047,204
30206 (tle3a)	890,305,936,322
65229 (ctbp1)	855,328,901,345
65230 (ctbp2a)	855,328,901,345
678649 (zgc:136929)	855,328,901,345
30544 (sox17)	755,303,801,320
559111 (smad4a)	815,278,861,295
560317 (si:dkey-222b8.1)	815,278,861,295
30510 (tcf7l2)	884,260,930,277
30523 (tcf7l1a)	884,260,930,277
30701 (lef1)	884,260,930,277
497649 (tcf7)	884,260,930,277
559273 (ep300a)	856,221,902,238
565612 (ep300b)	856,221,902,238
566841 (crebbpa)	856,221,902,238
567111 (crebbpb)	856,221,902,238
317679 (ruvbl1)	814,243,860,260
568214 (chd8)	785,217,831,234
58117 (ctnnbip1)	666,300,712,317
405892 (nlk1)	908,161,954,178
563460 (nlk2)	908,161,954,178
553788 (map3k7)	681,161,727,178
192307 (csnk1a1)	598,277,644,294
449846 (rbx1)	629,440,675,457
323883 (cul1a)	629,423,675,440
406816 (cul1b)	629,423,675,440
393716 (skp1)	629,406,675,423
334373 (fbxw11a)	617,389,663,406
406825 (fbxw11b)	617,389,663,406
393581 (tbl1xr1b)	523,456,569,473
560294 (tbl1x)	523,456,569,473
393716 (skp1)	523,439,569,456
405823 (cacybp)	523,422,569,439
386762 (apc)	477,439,523,456
565771 (apc2)	477,439,523,456
80955 (siah1)	511,405,557,422
751108 (nkd1)	319,418,365,435
794221 (nkd2b)	319,418,365,435
30590 (tp53)	419,405,465,422
57931 (axin1)	492,277,538,294
58080 (axin2)	492,277,538,294
386762 (apc)	538,277,584,294
565771 (apc2)	538,277,584,294
30265 (ctnnb1)	568,260,614,277
393998 (prkacba)	523,189,569,206
445076 (prkacab)	523,189,569,206
563147 (prkacbb)	523,189,569,206
564064 (prkacaa)	523,189,569,206
30221 (psen1)	507,165,553,182
30654 (gsk3ba)	461,260,507,277
560194 (gsk3aa)	461,260,507,277
30719 (gbp)	399,247,445,264
556400 (senp2)	366,304,412,321
100149082 (dvl3)	353,260,399,277
323630 (dvl2)	353,260,399,277
560032 (dvl1b)	353,260,399,277
569863 (dvl1a)	353,260,399,277
80972 (dvl3a)	353,260,399,277
100535532 (csnk2a4)	405,283,451,300
30428 (csnk2b)	405,283,451,300
30488 (csnk2a2a)	405,283,451,300
30502 (csnk2a1)	405,283,451,300
415254 (zgc:86598)	405,283,451,300
556379 (csnk2a2b)	405,283,451,300
100006754 (cxxc4)	342,199,388,216
100006858 (csnk1e)	317,243,363,260
30197 (dkk1b)	187,349,233,366
792404 (dkk2)	187,349,233,366
30476 (wif1)	94,302,140,319
791454 (dand5)	72,218,118,235
100003877 (lrp6)	227,277,273,294
568518 (lrp5)	227,277,273,294
30363 (fzd4)	227,260,273,277
30364 (fzd5)	227,260,273,277
30366 (fzd10)	227,260,273,277
30369 (fzd7a)	227,260,273,277
30370 (fzd2)	227,260,273,277
30412 (fzd7b)	227,260,273,277
393533 (fzd6)	227,260,273,277
557384 (fzd1)	227,260,273,277
557447 (fzd9a)	227,260,273,277
565921 (fzd3a)	227,260,273,277
567746 (fzd3b)	227,260,273,277
58023 (fzd9b)	227,260,273,277
58072 (fzd8b)	227,260,273,277
58073 (fzd8a)	227,260,273,277
117510 (sfrp5)	171,195,217,212
402843 (sfrp1a)	171,195,217,212
566878 (sfrp2)	171,195,217,212
100006275 (porcn)	57,246,103,263
333999 (porcnl)	57,246,103,263
100148840 (wnt7bb)	135,268,181,285
100332722 (wnt6a)	135,268,181,285
30105 (wnt5b)	135,268,181,285
30122 (wnt8a)	135,268,181,285
30123 (wnt4a)	135,268,181,285
30128 (wnt1)	135,268,181,285
30144 (wnt8b)	135,268,181,285
30171 (wnt10a)	135,268,181,285
30283 (wnt11r)	135,268,181,285
30308 (wnt10b)	135,268,181,285
359837 (wnt2ba)	135,268,181,285
556087 (wnt2bb)	135,268,181,285
561831 (wnt6b)	135,268,181,285
563427 (wnt7ba)	135,268,181,285
565677 (wnt9b)	135,268,181,285
565714 (wnt7aa)	135,268,181,285
568191 (wnt5a)	135,268,181,285
569420 (wnt3)	135,268,181,285
60632 (wnt3a)	135,268,181,285
751644 (wnt9a)	135,268,181,285
791563 (wnt16)	135,268,181,285
791595 (wnt11)	135,268,181,285
431736 (bambib)	227,311,273,328
83496 (bambia)	227,311,273,328
100000500 (sost)	164,326,210,343
447800 (serpinf1)	145,302,191,319
245946 (invs)	287,604,333,621
566040 (notum2)	117,195,163,212
570510 (notum1a)	117,195,163,212
560713 (ccn4a)	1001,271,1047,288
561183 (ror2)	227,647,273,664
568282 (ror1)	227,647,273,664
558502 (ryk)	227,668,273,685
558502 (ryk)	227,772,273,789
572332 (rnf43)	227,169,273,186
556813 (znrf3)	227,191,273,208
100330212 (lgr6)	227,129,273,146
558825 (lgr4)	227,129,273,146
100007702 (rspo3)	145,129,191,146
436625 (rspo1)	145,129,191,146
566054 (rspo2)	145,129,191,146
326875 (cby1)	758,189,804,206
368485 (ctnnd2a)	937,328,983,345
558069 (ctnnd2b)	937,328,983,345
dre04115: p53 signaling pathway	390,361,484,399
dre04520: Adherens junction	883,80,994,119
dre04350: TGF-beta signaling pathway	898,387,1000,425
dre04110: Cell cycle	1096,225,1130,313
dre04310: Wnt signaling pathway	40,45,254,70
dre04010: MAPK signaling pathway	513,639,615,677
dre04510: Focal adhesion	624,532,728,570
dre04120: Ubiquitin mediated proteolysis	700,407,809,447
dre04010: MAPK signaling pathway	604,110,706,148
map05010: Alzheimer disease	452,118,546,156
