503767 (rbm8a)	84,232,130,249
100005893 (magoh)	84,249,130,266
394053 (eif4a3)	130,249,176,266
403025 (casc3)	130,232,176,249
327495 (acin1b)	222,215,268,232
368893 (acin1a)	222,215,268,232
327020 (rnps1)	222,232,268,249
393693 (sap18)	176,232,222,249
406751 (srrm1)	184,295,230,312
323865 (nxf1)	80,295,126,312
751719	80,295,126,312
407733 (pnn)	176,249,222,266
560127 (alyref)	222,249,268,266
751738 (nxt2)	80,312,126,329
393929 (upf3b)	84,215,130,232
566608 (upf3a)	84,215,130,232
393917 (ddx39b)	132,295,178,312
393566 (pym1)	132,316,178,333
406783 (upf1)	596,589,642,606
569006 (upf2)	596,606,642,623
393929 (upf3b)	596,623,642,640
566608 (upf3a)	596,623,642,640
569810 (smg1)	668,589,714,606
553261 (smg5)	668,629,714,646
565575 (smg7)	668,612,714,629
100334020 (smg6)	669,655,715,672
266989 (etf1b)	550,598,596,615
563172 (etf1a)	550,598,596,615
325284 (gspt1l)	550,615,596,632
445485 (gspt1)	550,615,596,632
405803 (rngtt)	413,99,459,116
562801 (rnmt)	413,78,459,95
394092 (cpsf5)	841,170,887,187
393593 (papolg)	953,171,999,188
404041 (papola)	953,171,999,188
492341 (pcf11)	887,211,933,228
565621 (clp1)	841,211,887,228
327069 (cpsf6)	887,170,933,187
450021 (fip1l1b)	796,280,842,297
561900 (fip1l1a)	796,280,842,297
324554 (cpsf3)	934,263,980,280
436657 (cpsf2)	888,263,934,280
432372 (cpsf1)	842,263,888,280
30203 (cpsf4)	842,280,888,297
324238 (cstf1)	841,330,887,347
386806 (cstf2)	887,330,933,347
406326 (cstf3)	933,330,979,347
570858 (sympk)	889,356,935,373
192325 (ncbp2)	130,163,176,180
406543 (pabpn1)	590,284,636,301
321035 (pabpc4)	620,534,666,551
327625 (pabpc1l)	620,534,666,551
393856 (pabpc1b)	620,534,666,551
606498 (pabpc1a)	620,534,666,551
100002802 (ppp2r2ca)	714,619,760,636
100005981 (ppp2r5ca)	714,619,760,636
327263 (ppp2r2ab)	714,619,760,636
373878 (ppp2r5eb)	714,619,760,636
373881 (ppp2r5ea)	714,619,760,636
393100 (ppp2r3c)	714,619,760,636
393885 (Ppp2ca)	714,619,760,636
405816 (ppp2r2d)	714,619,760,636
406582 (ppp2cb)	714,619,760,636
406610 (ppp2r5d)	714,619,760,636
406685 (ppp2r1a)	714,619,760,636
449548 (ppp2r1b)	714,619,760,636
550585 (ppp2ca)	714,619,760,636
557208 (ppp2r5cb)	714,619,760,636
558752 (ppp2r2aa)	714,619,760,636
558810 (ppp2r2bb)	714,619,760,636
559392 (ppp2r2cb)	714,619,760,636
562282 (ppp2r5b)	714,619,760,636
562460 (ppp2r5a)	714,619,760,636
565849 (ppp2r3a)	714,619,760,636
566032 (ppp2r3b)	714,619,760,636
321035 (pabpc4)	979,536,1025,553
327625 (pabpc1l)	979,536,1025,553
393856 (pabpc1b)	979,536,1025,553
606498 (pabpc1a)	979,536,1025,553
324267 (hbs1l)	925,608,971,625
394111 (pelo)	925,625,971,642
100002680 (msi2a)	620,505,666,522
100537556	620,505,666,522
394084 (msi2b)	620,505,666,522
503755 (cb676)	620,505,666,522
541389 (msi1)	620,505,666,522
561459 (dazap1)	620,505,666,522
449009 (wdr33)	1036,263,1082,280
321614 (wdr82)	990,280,1036,297
100003223 (ppp1cb)	990,297,1036,314
327301 (ppp1cab)	990,297,1036,314
334597 (ppp1cbl)	990,297,1036,314
407980 (ppp1caa)	990,297,1036,314
571753 (ppp1cc)	990,297,1036,314
393701 (ssu72)	1036,297,1082,314
dre03040: Spliceosome	528,147,620,172
dre03015: mRNA surveillance pathway	40,45,290,70
dre03013: RNA transport	347,353,439,378
dre03018: RNA degradation	666,732,758,757
dre03018: RNA degradation	666,288,758,313
