C02990 (L-Palmitoylcarnitine)	143,301,4
C00638 (Long-chain fatty acid)	399,774,4
C05280 (cis,cis-3,6-Dodecadienoyl-CoA)	399,824,4
C03561 ((R)-3-Hydroxybutanoyl-CoA)	399,849,4
C01144 ((S)-3-Hydroxybutanoyl-CoA)	898,538,4
C00877 (Crotonoyl-CoA)	898,453,4
C00332 (Acetoacetyl-CoA)	898,622,4
C00136 (Butanoyl-CoA)	898,362,4
C00229 (Acyl-carrier protein)	430,802,4
C05269 (3-Oxohexanoyl-CoA)	772,622,4
C05271 (trans-Hex-2-enoyl-CoA)	772,453,4
C00010 (CoA)	772,693,4
C05268 ((S)-Hydroxyhexanoyl-CoA)	772,538,4
C05270 (Hexanoyl-CoA)	772,362,4
C20683 (Long-chain acyl-[acyl-carrier protein])	536,774,4
C05279 (trans,cis-Lauro-2,6-dienoyl-CoA)	536,824,4
C01144 ((S)-3-Hydroxybutanoyl-CoA)	536,849,4
C00010 (CoA)	646,693,4
C05267 (3-Oxooctanoyl-CoA)	646,622,4
C05266 ((S)-3-Hydroxyoctanoyl-CoA)	646,538,4
C05276 (trans-Oct-2-enoyl-CoA)	646,453,4
C01944 (Octanoyl-CoA)	646,362,4
C01371 (Alkane)	271,914,4
C00340 (Reduced rubredoxin)	292,947,4
C05275 (trans-Dec-2-enoyl-CoA)	520,453,4
C05274 (Decanoyl-CoA)	520,362,4
C05264 ((S)-Hydroxydecanoyl-CoA)	520,538,4
C00010 (CoA)	520,693,4
C05265 (3-Oxodecanoyl-CoA)	520,622,4
C00435 (Oxidized rubredoxin)	378,947,4
C00226 (Primary alcohol)	401,914,4
C05262 ((S)-3-Hydroxydodecanoyl-CoA)	394,538,4
C01832 (Lauroyl-CoA)	394,362,4
C00010 (CoA)	394,693,4
C05263 (3-Oxododecanoyl-CoA)	394,622,4
C03221 (2-trans-Dodecenoyl-CoA)	394,453,4
C00071 (Aldehyde)	506,914,4
C00010 (CoA)	268,693,4
C05260 ((S)-3-Hydroxytetradecanoyl-CoA)	268,538,4
C02593 (Tetradecanoyl-CoA)	268,362,4
C05261 (3-Oxotetradecanoyl-CoA)	268,622,4
C05273 (trans-Tetradec-2-enoyl-CoA)	268,453,4
C00162 (Fatty acid)	610,914,4
C00527 (Glutaryl-CoA)	978,387,4
C00010 (CoA)	143,693,4
C05259 (3-Oxopalmitoyl-CoA)	143,622,4
C05258 ((S)-3-Hydroxyhexadecanoyl-CoA)	143,538,4
C05272 (trans-Hexadec-2-enoyl-CoA)	143,453,4
C00154 (Palmitoyl-CoA)	143,240,4
C00249 (Hexadecanoic acid)	143,178,4
C05102 (alpha-Hydroxy fatty acid)	707,946,4
C03547 (omega-Hydroxy fatty acid)	707,914,4
C00517 (Hexadecanal)	252,177,4
C00823 (1-Hexadecanol)	361,177,4
C00024 (Acetyl-CoA)	898,780,4
C00489 (Glutarate)	978,322,4
C00154 (Palmitoyl-CoA)	143,362,4
100037342 (acadsb)	749,414,795,431
100037342 (acadsb)	900,389,946,406
445288 (acads)	850,408,896,425
100000859 (ehhadh)	875,569,921,586
445121 (hadh)	875,569,921,586
100000859 (ehhadh)	875,486,921,503
368912 (echs1)	875,486,921,503
553401 (hadhaa)	875,486,921,503
793834 (hadhab)	875,486,921,503
406283 (acadm)	900,408,946,425
100000859 (ehhadh)	447,816,493,833
334101 (eci1)	447,816,493,833
436918 (eci2)	447,816,493,833
30643 (acat2)	785,639,831,656
445290 (acat1)	785,639,831,656
336606 (hadhb)	785,660,831,677
406325 (acaa2)	785,660,831,677
431754 (acaa1)	785,660,831,677
100000859 (ehhadh)	724,571,770,588
445121 (hadh)	724,571,770,588
100000859 (ehhadh)	724,487,770,504
368912 (echs1)	724,487,770,504
553401 (hadhaa)	724,487,770,504
793834 (hadhab)	724,487,770,504
445288 (acads)	724,376,770,393
406283 (acadm)	724,395,770,412
553401 (hadhaa)	774,571,820,588
793834 (hadhab)	774,571,820,588
394156 (acadl)	774,395,820,412
336606 (hadhb)	660,650,706,667
406325 (acaa2)	660,650,706,667
431754 (acaa1)	660,650,706,667
100000859 (ehhadh)	598,572,644,589
445121 (hadh)	598,572,644,589
100000859 (ehhadh)	598,488,644,505
368912 (echs1)	598,488,644,505
553401 (hadhaa)	598,488,644,505
793834 (hadhab)	598,488,644,505
406283 (acadm)	598,408,644,425
553401 (hadhaa)	648,572,694,589
793834 (hadhab)	648,572,694,589
394156 (acadl)	648,408,694,425
336606 (hadhb)	533,650,579,667
406325 (acaa2)	533,650,579,667
431754 (acaa1)	533,650,579,667
100000859 (ehhadh)	472,572,518,589
445121 (hadh)	472,572,518,589
100000859 (ehhadh)	472,488,518,505
368912 (echs1)	472,488,518,505
553401 (hadhaa)	472,488,518,505
793834 (hadhab)	472,488,518,505
406283 (acadm)	472,409,518,426
394156 (acadl)	522,409,568,426
553401 (hadhaa)	522,572,568,589
793834 (hadhab)	522,572,568,589
336606 (hadhb)	406,650,452,667
406325 (acaa2)	406,650,452,667
431754 (acaa1)	406,650,452,667
100000859 (ehhadh)	346,573,392,590
445121 (hadh)	346,573,392,590
100000859 (ehhadh)	346,489,392,506
368912 (echs1)	346,489,392,506
553401 (hadhaa)	346,489,392,506
793834 (hadhab)	346,489,392,506
406283 (acadm)	346,409,392,426
116517 (adh5)	432,896,478,913
393860 (gcdha)	954,412,1000,429
450003 (gcdhb)	954,412,1000,429
553401 (hadhaa)	396,573,442,590
793834 (hadhab)	396,573,442,590
394156 (acadl)	396,409,442,426
336606 (hadhb)	281,650,327,667
406325 (acaa2)	281,650,327,667
431754 (acaa1)	281,650,327,667
100000859 (ehhadh)	220,489,266,506
368912 (echs1)	220,489,266,506
553401 (hadhaa)	220,489,266,506
793834 (hadhab)	220,489,266,506
406283 (acadm)	220,395,266,412
100000859 (ehhadh)	220,573,266,590
445121 (hadh)	220,573,266,590
553401 (hadhaa)	270,573,316,590
793834 (hadhab)	270,573,316,590
394156 (acadl)	270,395,316,412
336606 (hadhb)	155,650,201,667
406325 (acaa2)	155,650,201,667
431754 (acaa1)	155,650,201,667
100000859 (ehhadh)	95,573,141,590
445121 (hadh)	95,573,141,590
100000859 (ehhadh)	95,489,141,506
368912 (echs1)	95,489,141,506
553401 (hadhaa)	95,489,141,506
793834 (hadhab)	95,489,141,506
406283 (acadm)	95,395,141,412
100006023 (acsbg1)	120,201,166,218
334561 (acsl4b)	120,201,166,218
335159 (acsbg2)	120,201,166,218
393622 (acsl4a)	120,201,166,218
445175 (acsl1b)	120,201,166,218
447860 (acsl5)	120,201,166,218
555308 (acsl1a)	120,201,166,218
559656 (acsl3b)	120,201,166,218
566863 (acsl6)	120,201,166,218
567157 (acsl3a)	120,201,166,218
553401 (hadhaa)	145,573,191,590
793834 (hadhab)	145,573,191,590
394156 (acadl)	145,395,191,412
406421 (acox3)	850,389,896,406
449662 (acox1)	850,389,896,406
406421 (acox3)	774,376,820,393
449662 (acox1)	774,376,820,393
406421 (acox3)	598,389,644,406
449662 (acox1)	598,389,644,406
406421 (acox3)	472,390,518,407
449662 (acox1)	472,390,518,407
406421 (acox3)	346,390,392,407
449662 (acox1)	346,390,392,407
406421 (acox3)	220,376,266,393
449662 (acox1)	220,376,266,393
406421 (acox3)	95,376,141,393
449662 (acox1)	95,376,141,393
30643 (acat2)	900,650,946,667
445290 (acat1)	900,650,946,667
573723 (acadvl)	120,414,166,431
573723 (acadvl)	245,414,291,431
100333227	120,259,166,276
558088 (cpt1aa)	120,259,166,276
560000 (cpt1ab)	120,259,166,276
100005717 (cpt2)	120,321,166,338
100000026 (aldh3a1)	534,896,580,913
100005587 (aldh9a1a.1)	534,896,580,913
100536795 (wu:fb14d09)	534,896,580,913
323653 (aldh3a2a)	534,896,580,913
334197 (aldh7a1)	534,896,580,913
368239 (aldh2.2)	534,896,580,913
393462 (aldh2.1)	534,896,580,913
399481 (aldh9a1b)	534,896,580,913
447920 (aldh3a2b)	534,896,580,913
492710 (aldh16a1)	534,896,580,913
336606 (hadhb)	850,650,896,667
406325 (acaa2)	850,650,896,667
431754 (acaa1)	850,650,896,667
dre00072: Synthesis and degradation of ketone bodies	956,649,1099,683
map00252: Alanine and aspartate metabolism	978,764,1101,798
dre00020: Citrate cycle (TCA cycle)	855,863,936,888
dre00061: Fatty acid biosynthesis	104,97,182,131
dre00062: Fatty acid elongation	240,101,358,126
dre00561: Glycerolipid metabolism	240,129,377,154
dre00071: Fatty acid degradation	40,45,256,70
dre00650: Butanoate metabolism	978,802,1101,827
dre00630: Glyoxylate and dicarboxylate metabolism	978,831,1121,865
