C05606 (Melanin)	551,657,4
C00082 (L-Tyrosine)	357,656,4
C00076 (Calcium cation)	443,429,4
C01245 (D-myo-Inositol 1,4,5-trisphosphate)	342,429,4
C00165 (Diacylglycerol)	342,476,4
C00575 (3',5'-Cyclic AMP)	222,189,4
100149082 (dvl3)	314,266,360,283
323630 (dvl2)	314,266,360,283
560032 (dvl1b)	314,266,360,283
569863 (dvl1a)	314,266,360,283
80972 (dvl3a)	314,266,360,283
58074 (dct)	487,582,533,599
100333145 (tyrp1a)	429,582,475,599
437022 (tyrp1b)	429,582,475,599
30207 (tyr)	372,582,418,599
114833 (mitfb)	509,319,555,336
30080 (mitfa)	509,319,555,336
58074 (dct)	779,416,825,433
100333145 (tyrp1a)	779,394,825,411
437022 (tyrp1b)	779,394,825,411
30207 (tyr)	779,371,825,388
393998 (prkacba)	466,468,512,485
445076 (prkacab)	466,468,512,485
563147 (prkacbb)	466,468,512,485
564064 (prkacaa)	466,468,512,485
436815 (camk2d2)	548,421,594,438
445208 (camk2d1)	548,421,594,438
550436 (camk2a)	548,421,594,438
562064 (camk2b1)	548,421,594,438
791855 (camk2g1)	548,421,594,438
793359 (camk2g2)	548,421,594,438
798222 (camk2b)	548,421,594,438
192322 (calm2b)	475,421,521,438
321808 (calm3b)	475,421,521,438
327379 (calm3a)	475,421,521,438
336121 (calm2a)	475,421,521,438
368217 (calm1b)	475,421,521,438
406660 (calm1a)	475,421,521,438
560151 (calml4a)	475,421,521,438
100006888 (gnai3)	190,443,236,460
323509 (gnaia)	190,443,236,460
327650 (gnai2b)	190,443,236,460
336421 (gnai2a)	190,443,236,460
393760 (gnao1a)	190,443,236,460
393801 (gnao1b)	190,443,236,460
393946 (gnai1)	190,443,236,460
30442 (ednrba)	116,443,162,460
30256 (kita)	116,354,162,371
497629 (kitb)	116,354,162,371
114833 (mitfb)	779,226,825,243
30080 (mitfa)	779,226,825,243
553179 (kitlga)	43,354,89,371
553181 (kitlgb)	43,354,89,371
30363 (fzd4)	116,266,162,283
30364 (fzd5)	116,266,162,283
30366 (fzd10)	116,266,162,283
30369 (fzd7a)	116,266,162,283
30370 (fzd2)	116,266,162,283
30412 (fzd7b)	116,266,162,283
393533 (fzd6)	116,266,162,283
557384 (fzd1)	116,266,162,283
557447 (fzd9a)	116,266,162,283
565921 (fzd3a)	116,266,162,283
567746 (fzd3b)	116,266,162,283
58023 (fzd9b)	116,266,162,283
58072 (fzd8b)	116,266,162,283
58073 (fzd8a)	116,266,162,283
100001532 (plcb3)	262,443,308,460
100537538	262,443,308,460
407700 (plcb4)	262,443,308,460
569376 (plcb2)	262,443,308,460
798574 (asip1)	43,158,89,175
559273 (ep300a)	658,198,704,215
565612 (ep300b)	658,198,704,215
566841 (crebbpa)	658,198,704,215
567111 (crebbpb)	658,198,704,215
393998 (prkacba)	267,180,313,197
445076 (prkacab)	267,180,313,197
563147 (prkacbb)	267,180,313,197
564064 (prkacaa)	267,180,313,197
30510 (tcf7l2)	658,265,704,282
30523 (tcf7l1a)	658,265,704,282
30701 (lef1)	658,265,704,282
497649 (tcf7)	658,265,704,282
557353 (gnas)	198,124,244,141
100006675 (prkcba)	302,537,348,554
393953 (prkcbb)	302,537,348,554
100333318 (creb3l4)	658,181,704,198
338317 (creb3l1)	658,181,704,198
406853 (creb3l3l)	658,181,704,198
553700 (creb3l3a)	658,181,704,198
573207 (creb1a)	658,181,704,198
791169 (creb3l2)	658,181,704,198
100148976 (adcy8)	116,179,162,196
100333702 (adcy9)	116,179,162,196
101884360	116,179,162,196
557026 (adcy1a)	116,179,162,196
557902 (adcy2b)	116,179,162,196
560410 (si:ch211-132f19.7)	116,179,162,196
560719 (si:dkey-206f10.1)	116,179,162,196
560807 (adcy6b)	116,179,162,196
562619 (adcy5)	116,179,162,196
563724 (adcy2a)	116,179,162,196
568726 (adcy7)	116,179,162,196
569499 (adcy1b)	116,179,162,196
570652 (adcy6a)	116,179,162,196
571825 (adcy3a)	116,179,162,196
100003514 (prkcg)	384,468,430,485
100006675 (prkcba)	384,468,430,485
100333967 (si:ch73-374l24.1)	384,468,430,485
393953 (prkcbb)	384,468,430,485
497384 (prkcaa)	384,468,430,485
30654 (gsk3ba)	413,266,459,283
560194 (gsk3aa)	413,266,459,283
30265 (ctnnb1)	512,266,558,283
353221 (pomca)	43,124,89,141
393760 (gnao1a)	215,266,261,283
393801 (gnao1b)	215,266,261,283
445232 (gna15.1)	215,266,261,283
445297 (gna14)	215,266,261,283
562625 (gna15.4)	215,266,261,283
563953 (gna11a)	215,266,261,283
570108 (gnaq)	215,266,261,283
353151 (mc1r)	116,124,162,141
100148840 (wnt7bb)	43,266,89,283
100332722 (wnt6a)	43,266,89,283
30105 (wnt5b)	43,266,89,283
30122 (wnt8a)	43,266,89,283
30123 (wnt4)	43,266,89,283
30128 (wnt1)	43,266,89,283
30144 (wnt8b)	43,266,89,283
30171 (wnt10a)	43,266,89,283
30283 (wnt11r)	43,266,89,283
30308 (wnt10b)	43,266,89,283
359837 (wnt2ba)	43,266,89,283
556087 (wnt2bb)	43,266,89,283
561831 (wnt6b)	43,266,89,283
563427 (wnt7ba)	43,266,89,283
565677 (wnt9b)	43,266,89,283
565714 (wnt7aa)	43,266,89,283
568191 (wnt5a)	43,266,89,283
569420 (wnt3)	43,266,89,283
60632 (wnt3a)	43,266,89,283
751644 (wnt9a)	43,266,89,283
791563 (wnt16)	43,266,89,283
791595 (wnt11)	43,266,89,283
360144 (mapk1)	433,354,479,371
399480 (mapk3)	433,354,479,371
100002225 (map2k2b)	353,354,399,371
406728 (map2k1)	353,354,399,371
563181 (map2k2a)	353,354,399,371
30716 (raf1a)	274,354,320,371
557109 (raf1b)	274,354,320,371
30380 (nras)	194,354,240,371
393228 (zgc:55558)	194,354,240,371
445289 (kras)	194,354,240,371
550286 (hrasa)	194,354,240,371
553656 (hrasb)	194,354,240,371
58032 (edn1)	43,443,89,460
dre04916: Melanogenesis	40,45,181,70
dre04310: Wnt signaling pathway	266,222,375,256
dre00350: Tyrosine metabolism	398,640,507,674
map05218: Melanoma	640,353,732,378
dre04010: MAPK signaling pathway	264,312,374,346
