C05825 (2-Amino-5-oxohexanoate)	647,666,4
C05161 ((2R,5S)-2,5-Diaminohexanoate)	446,666,4
C00877 (Crotonoyl-CoA)	912,400,4
C01144 ((S)-3-Hydroxybutanoyl-CoA)	1015,400,4
C00332 (Acetoacetyl-CoA)	1123,400,4
C00024 (Acetyl-CoA)	1225,400,4
C00322 (2-Oxoadipate)	818,266,4
C00527 (Glutaryl-CoA)	818,400,4
C00489 (Glutarate)	698,400,4
C00956 (L-2-Aminoadipate)	818,83,4
C00408 (L-Pipecolate)	728,246,4
C00450 ((S)-2,3,4,5-Tetrahydropyridine-2-carboxylate)	728,179,4
C04076 (L-2-Aminoadipate 6-semialdehyde)	726,83,4
C03273 (5-Oxopentanoate)	590,400,4
C04092 (Delta1-Piperideine-2-carboxylate)	627,246,4
C03239 (6-Amino-2-oxohexanoate)	554,246,4
C00449 (N6-(L-1,3-Dicarboxypropyl)-L-lysine)	405,83,4
C00431 (5-Aminopentanoate)	454,400,4
C05548 (6-Acetamido-2-oxohexanoate)	454,246,4
C02727 (N6-Acetyl-L-lysine)	339,246,4
C00047 (L-Lysine)	203,401,4
C00990 (5-Aminopentanamide)	362,401,4
C03087 (5-Acetamidopentanoate)	454,323,4
C01142 ((3S)-3,6-Diaminohexanoate)	292,626,4
C01186 ((3S,5S)-3,5-Diaminohexanoate)	446,626,4
C03656 ((S)-5-Amino-3-oxohexanoic acid)	647,626,4
C00739 (D-Lysine)	203,560,4
C02188 (Protein lysine)	203,719,4
C05544 (Protein N6-methyl-L-lysine)	323,719,4
C01211 (Procollagen 5-hydroxy-L-lysine)	322,778,4
C05545 (Protein N6,N6-dimethyl-L-lysine)	442,719,4
C04487 (5-(D-Galactosyloxy)-L-lysine-procollagen)	442,778,4
C05546 (Protein N6,N6,N6-trimethyl-L-lysine)	549,719,4
C03793 (N6,N6,N6-Trimethyl-L-lysine)	632,719,4
C01259 ((3S)-3-Hydroxy-N6,N6,N6-trimethyl-L-lysine)	715,719,4
C01181 (4-Trimethylammoniobutanoate)	924,719,4
C00487 (Carnitine)	1020,719,4
C01149 (4-Trimethylammoniobutanal)	809,719,4
C00037 (Glycine)	788,752,4
C04020 (D-Lysopine)	340,353,4
C01028 (N6-Hydroxy-L-lysine)	310,156,4
C03955 (N6-Acetyl-N6-hydroxy-L-lysine)	400,156,4
C05554 (Aerobactin)	580,156,4
C20333 (N2-Citryl-N6-acetyl-N6-hydroxy-L-lysine)	490,156,4
C05231 (L-3-Aminobutyryl-CoA)	912,626,4
C00136 (Butanoyl-CoA)	1015,465,4
C00164 (Acetoacetate)	873,665,4
C03366 (5-Phosphooxy-L-lysine)	584,122,4
C16741 (L-Hydroxylysine)	462,122,4
C03196 ((S)-2-Hydroxyglutarate)	698,455,4
C00026 (2-Oxoglutarate)	698,510,4
C00042 (Succinate)	698,570,4
C12455 (5-Aminopentanal)	454,494,4
C01672 (Cadaverine)	264,494,4
556229 (aass)	249,85,295,102
100000859 (ehhadh)	935,392,981,409
368912 (echs1)	935,392,981,409
553401 (hadhaa)	935,392,981,409
793834 (hadhab)	935,392,981,409
100000859 (ehhadh)	1047,392,1093,409
445121 (hadh)	1047,392,1093,409
556229 (aass)	530,64,576,81
334197 (aldh7a1)	745,75,791,92
557979 (aadat)	796,136,842,153
368262 (dlst)	796,315,842,332
399479 (dldh)	796,315,842,332
494076 (dhtkd1)	796,315,842,332
30643 (acat2)	1145,392,1191,409
445290 (acat1)	1145,392,1191,409
393860 (gcdha)	838,392,884,409
450003 (gcdhb)	838,392,884,409
558601 (pipox)	680,197,726,214
572649 (bbox1)	944,711,990,728
100005587 (aldh9a1a.1)	845,721,891,738
399481 (aldh9a1b)	845,721,891,738
555271 (tmlhe)	646,711,692,728
796749 (si:ch73-54n14.2)	356,711,402,728
100000709 (nsd2)	237,730,283,747
100003615 (prdm2a)	237,730,283,747
100004770 (kmt5ab)	237,730,283,747
100005761 (ehmt1a)	237,730,283,747
100006350 (whsc1l1)	237,730,283,747
100536523 (kmt2d)	237,730,283,747
101886516 (prdm6)	237,730,283,747
321245 (smyd1a)	237,730,283,747
325395 (kmt2e)	237,730,283,747
326906 (suv39h1b)	237,730,283,747
335153 (setdb2)	237,730,283,747
393876 (prdm9)	237,730,283,747
402830 (ehmt1b)	237,730,283,747
436729 (setd7)	237,730,283,747
445198 (suv39h1a)	237,730,283,747
541423 (smyd2a)	237,730,283,747
553292 (setdb1a)	237,730,283,747
556086 (nsd1a)	237,730,283,747
556535 (setd1a)	237,730,283,747
557048 (kmt2a)	237,730,283,747
559945 (dot1l)	237,730,283,747
560793 (kmt2ca)	237,730,283,747
560856 (kmt2ba)	237,730,283,747
563799 (ash1l)	237,730,283,747
566825 (kmt2bb)	237,730,283,747
567970 (setd1ba)	237,730,283,747
568616 (smyd2b)	237,730,283,747
569027 (smyd1b)	237,730,283,747
569250 (ehmt2)	237,730,283,747
569507 (smyd3)	237,730,283,747
571274 (setd1bb)	237,730,283,747
664754 (ezh1)	237,730,283,747
751629 (kmt5aa)	237,730,283,747
768131 (setdb1b)	237,730,283,747
768133 (ezh2)	237,730,283,747
797296 (prdm2b)	237,730,283,747
100003546 (colgalt2)	356,769,402,786
556077 (plod3)	356,769,402,786
558068 (si:ch211-13f8.2)	356,769,402,786
565862 (colgalt1)	356,769,402,786
567859 (si:ch211-114l13.7)	356,769,402,786
796749 (si:ch73-54n14.2)	237,711,283,728
100000709 (nsd2)	356,730,402,747
100003615 (prdm2a)	356,730,402,747
100005761 (ehmt1a)	356,730,402,747
100006350 (whsc1l1)	356,730,402,747
100536523 (kmt2d)	356,730,402,747
321245 (smyd1a)	356,730,402,747
325395 (kmt2e)	356,730,402,747
326906 (suv39h1b)	356,730,402,747
335153 (setdb2)	356,730,402,747
393876 (prdm9)	356,730,402,747
402830 (ehmt1b)	356,730,402,747
436729 (setd7)	356,730,402,747
445198 (suv39h1a)	356,730,402,747
541423 (smyd2a)	356,730,402,747
553292 (setdb1a)	356,730,402,747
556086 (nsd1a)	356,730,402,747
556535 (setd1a)	356,730,402,747
557048 (kmt2a)	356,730,402,747
559945 (dot1l)	356,730,402,747
560793 (kmt2ca)	356,730,402,747
560856 (kmt2ba)	356,730,402,747
563799 (ash1l)	356,730,402,747
564575 (setmar)	356,730,402,747
566825 (kmt2bb)	356,730,402,747
567970 (setd1ba)	356,730,402,747
568616 (smyd2b)	356,730,402,747
569027 (smyd1b)	356,730,402,747
569041 (kmt5c)	356,730,402,747
569250 (ehmt2)	356,730,402,747
569507 (smyd3)	356,730,402,747
571274 (setd1bb)	356,730,402,747
572849 (kmt5b)	356,730,402,747
664754 (ezh1)	356,730,402,747
768131 (setdb1b)	356,730,402,747
768133 (ezh2)	356,730,402,747
797296 (prdm2b)	356,730,402,747
100036767 (plod2)	237,770,283,787
556077 (plod3)	237,770,283,787
777635 (plod1a)	237,770,283,787
796749 (si:ch73-54n14.2)	473,711,519,728
100000709 (nsd2)	473,730,519,747
100003615 (prdm2a)	473,730,519,747
100005761 (ehmt1a)	473,730,519,747
100006350 (whsc1l1)	473,730,519,747
100536523 (kmt2d)	473,730,519,747
321245 (smyd1a)	473,730,519,747
325395 (kmt2e)	473,730,519,747
326906 (suv39h1b)	473,730,519,747
335153 (setdb2)	473,730,519,747
393876 (prdm9)	473,730,519,747
402830 (ehmt1b)	473,730,519,747
436729 (setd7)	473,730,519,747
445198 (suv39h1a)	473,730,519,747
541423 (smyd2a)	473,730,519,747
553292 (setdb1a)	473,730,519,747
556086 (nsd1a)	473,730,519,747
556535 (setd1a)	473,730,519,747
557048 (kmt2a)	473,730,519,747
559945 (dot1l)	473,730,519,747
560793 (kmt2ca)	473,730,519,747
560856 (kmt2ba)	473,730,519,747
563799 (ash1l)	473,730,519,747
564575 (setmar)	473,730,519,747
566825 (kmt2bb)	473,730,519,747
567970 (setd1ba)	473,730,519,747
568616 (smyd2b)	473,730,519,747
569027 (smyd1b)	473,730,519,747
569250 (ehmt2)	473,730,519,747
569507 (smyd3)	473,730,519,747
571274 (setd1bb)	473,730,519,747
664754 (ezh1)	473,730,519,747
768131 (setdb1b)	473,730,519,747
768133 (ezh2)	473,730,519,747
794199 (setd2)	473,730,519,747
797296 (prdm2b)	473,730,519,747
100000026 (aldh3a1)	845,700,891,717
100005587 (aldh9a1a.1)	845,700,891,717
100536795 (wu:fb14d09)	845,700,891,717
323653 (aldh3a2a)	845,700,891,717
334197 (aldh7a1)	845,700,891,717
368239 (aldh2.2)	845,700,891,717
393462 (aldh2.1)	845,700,891,717
399481 (aldh9a1b)	845,700,891,717
447920 (aldh3a2b)	845,700,891,717
492710 (aldh16a1)	845,700,891,717
559560 (hykk.2)	496,114,542,131
559635 (hykk.1)	496,114,542,131
map00311: Penicillin and cephalosporin biosynthesis	887,66,1057,100
dre00020: Citrate cycle (TCA cycle)	1281,387,1361,412
dre00310: Lysine degradation	40,45,213,70
map00300: Lysine biosynthesis	39,383,118,417
dre00780: Biotin metabolism	96,331,173,365
dre00020: Citrate cycle (TCA cycle)	736,557,810,582
