C05917 (Iodopsin)	359,373,4
C00473 (Retinol)	198,272,4
C00376 (Retinal)	359,272,4
C02094 (beta-Carotene)	359,208,4
C00777 (Retinoate)	551,208,4
C02075 (Retinyl ester)	198,373,4
C02588 (Retinyl palmitate)	198,373,4
C00899 (11-cis-Retinol)	198,474,4
C02110 (11-cis-Retinal)	359,474,4
C16682 (9-cis-Retinol)	198,128,4
C16681 (9-cis-Retinal)	360,128,4
C15493 (9-cis-Retinoic acid)	551,128,4
C15492 (all-trans-13,14-Dihydroretinol)	100,208,4
C00778 (Rhodopsin)	410,474,4
C05914 (Bathorhodopsin)	410,423,4
C05915 (Lumirhodopsin)	410,373,4
C05916 (Metarhodopsin)	410,323,4
C03455 (11-cis-Retinyl palmitate)	198,575,4
C05916 (Metarhodopsin)	410,272,4
C11061 (all-trans-Retinoyl-beta-glucuronide)	699,373,4
C16677 (all-trans-4-Hydroxyretinoic acid)	699,208,4
C16678 (all-trans-4-Oxoretinoic acid)	848,208,4
C16683 (4-Oxoretinol)	301,208,4
C16680 (all-trans-5,6-Epoxyretinoic acid)	699,323,4
C16679 (all-trans-18-Hydroxyretinoic acid)	699,272,4
C21797 (all-trans-3,4-Didehydroretinol)	100,176,4
116517 (adh5)	229,250,275,267
393580 (bco1l)	336,224,382,241
84039 (bco1)	336,224,382,241
116713 (aldh1a2)	444,209,490,226
570457 (aox6)	444,188,490,205
64265 (aox5)	444,188,490,205
553239 (lrata)	200,330,246,347
553501 (lratb)	200,330,246,347
378722 (rdh10b)	246,469,292,486
556528 (rdh5)	246,469,292,486
562840 (rdh10a)	246,469,292,486
325922 (retsat)	127,200,173,217
563241 (si:ch1073-13h15.3)	127,200,173,217
677660 (retsatl)	127,200,173,217
777751 (zgc:154169)	127,200,173,217
100004076 (rpe65c)	175,410,221,427
393724 (rpe65a)	175,410,221,427
436597 (rdh12)	253,130,299,147
556528 (rdh5)	253,130,299,147
325875 (dgat1a)	150,532,196,549
553239 (lrata)	200,532,246,549
553501 (lratb)	200,532,246,549
325875 (dgat1a)	150,330,196,347
30381 (cyp26a1)	571,189,617,206
324188 (cyp26b1)	571,189,617,206
554036 (cyp26c1)	571,189,617,206
553969 (cyp3a65)	619,210,665,227
140634 (cyp1a)	619,189,665,206
30381 (cyp26a1)	733,189,779,206
324188 (cyp26b1)	733,189,779,206
554036 (cyp26c1)	733,189,779,206
30381 (cyp26a1)	222,200,268,217
280648 (rdh8a)	229,271,275,288
378722 (rdh10b)	229,271,275,288
393761 (rdh8b)	229,271,275,288
436597 (rdh12)	229,271,275,288
553564 (zgc:109982)	229,271,275,288
556557 (zmp:0000001048)	229,271,275,288
562840 (rdh10a)	229,271,275,288
393539 (dhrs4)	277,271,323,288
450050 (dhrs3b)	277,271,323,288
30381 (cyp26a1)	594,234,640,251
324188 (cyp26b1)	594,234,640,251
554036 (cyp26c1)	594,234,640,251
553969 (cyp3a65)	594,325,640,342
553969 (cyp3a65)	570,274,616,291
140634 (cyp1a)	570,253,616,270
140634 (cyp1a)	781,189,827,206
553969 (cyp3a65)	781,210,827,227
393539 (dhrs4)	253,109,299,126
570457 (aox6)	444,109,490,126
64265 (aox5)	444,109,490,126
116713 (aldh1a2)	444,130,490,147
100006320 (ugt2a1)	594,364,640,381
406731 (ugt1ab)	594,364,640,381
553952 (ugt2a2)	594,364,640,381
570913 (ugt5g1)	594,364,640,381
641488 (ugt1a1)	594,364,640,381
100037326 (pnpla4)	117,305,163,322
405814 (sdr16c5a)	277,250,323,267
406799 (sdr16c5b)	277,250,323,267
563950 (si:dkey-221h15.4)	277,250,323,267
558396 (cyp27c1)	127,168,173,185
dre00830: Retinol metabolism	40,45,311,70
map00906: Carotenoid biosynthesis	322,145,397,179
