562072 (ltbp1)	130,457,176,474
561901 (thbs1b)	46,458,92,475
323883 (cul1a)	443,417,489,434
406816 (cul1b)	443,417,489,434
449846 (rbx1)	443,400,489,417
559111 (smad4a)	492,867,538,884
560317 (si:dkey-222b8.1)	492,867,538,884
559111 (smad4a)	492,796,538,813
560317 (si:dkey-222b8.1)	492,796,538,813
100331938	205,849,251,866
30457 (acvr2ba)	205,849,251,866
553359 (acvr2aa)	205,849,251,866
100331105 (acvr1c)	205,832,251,849
30183 (acvr1ba)	205,832,251,849
30639 (smad2)	379,832,425,849
326283 (smad3b)	379,832,425,849
58092 (smad3a)	379,832,425,849
338101 (spaw)	130,848,176,865
799352 (ndr1)	130,848,176,865
326282 (smad7)	379,796,425,813
564395 (smad6b)	379,796,425,813
30639 (smad2)	379,759,425,776
326283 (smad3b)	379,759,425,776
58092 (smad3a)	379,759,425,776
30164 (pitx2)	744,831,790,848
324109 (sp1)	700,550,746,567
559273 (ep300a)	700,533,746,550
565612 (ep300b)	700,533,746,550
566841 (crebbpa)	700,533,746,550
567111 (crebbpb)	700,533,746,550
393141 (mycb)	813,476,859,493
406813 (tfdp1a)	700,493,746,510
402908 (e2f5)	700,476,746,493
406741 (e2f4)	700,476,746,493
795522 (rbl1)	700,459,746,476
246093 (id3)	746,254,792,271
266599 (id2a)	746,254,792,271
30493 (id1)	746,254,792,271
321364 (id2b)	746,254,792,271
664761 (id4)	746,254,792,271
100331938	205,776,251,793
30457 (acvr2ba)	205,776,251,793
553359 (acvr2aa)	205,776,251,793
30183 (acvr1ba)	205,759,251,776
30615 (acvr1l)	205,759,251,776
100329520	130,776,176,793
100332902	130,776,176,793
101887111	130,776,176,793
30275 (inhbb)	130,776,176,793
553816 (inhbab)	130,776,176,793
100004116 (fsta)	46,787,92,804
30145 (lft1)	76,716,122,733
30146 (lft2)	76,716,122,733
406349 (rps6kb1b)	455,688,501,705
562242 (rps6kb1a)	455,688,501,705
393885 (zgc:56064)	329,688,375,705
406582 (ppp2cb)	329,688,375,705
406685 (ppp2r1ba)	329,688,375,705
449548 (ppp2r1bb)	329,688,375,705
550585 (ppp2ca)	329,688,375,705
100329779 (rock1)	455,663,501,680
321070 (rock2b)	455,663,501,680
100006041 (rhoab)	329,663,375,680
406411 (rhoaa)	329,663,375,680
406659 (rhoac)	329,663,375,680
436718 (rhocb)	329,663,375,680
751630 (zgc:153713)	329,663,375,680
559111 (smad4a)	492,508,538,525
560317 (si:dkey-222b8.1)	492,508,538,525
100005449 (zfyve9a)	379,508,425,525
794689 (zfyve16)	379,508,425,525
30639 (smad2)	379,475,425,492
326283 (smad3b)	379,475,425,492
58092 (smad3a)	379,475,425,492
393716 (skp1)	443,434,489,451
360144 (mapk1)	526,351,572,368
399480 (mapk3)	526,351,572,368
559111 (smad4a)	486,286,532,303
560317 (si:dkey-222b8.1)	486,286,532,303
326282 (smad7)	379,385,425,402
564395 (smad6b)	379,385,425,402
321695 (smurf1)	344,420,390,437
563633 (smurf2)	344,420,390,437
30739 (tgfbr2b)	205,492,251,509
560446 (si:dkey-101k6.5)	205,492,251,509
560578 (tgfbr1a)	205,475,251,492
792928 (tgfbr1b)	205,475,251,492
359834 (tgfb1a)	130,492,176,509
369194 (tgfb2)	130,492,176,509
369195 (tgfb3)	130,492,176,509
563884 (tgfb1b)	130,492,176,509
64698 (dcn)	46,496,92,513
405785 (tnfa)	145,396,191,413
405790 (ifng1)	145,374,191,391
555655 (bmpr2b)	205,310,251,327
562822 (bmpr2a)	205,310,251,327
100149664 (bmpr1bb)	205,293,251,310
30615 (acvr1l)	205,293,251,310
30742 (bmpr1ba)	205,293,251,310
447846 (bmpr1ab)	205,293,251,310
58145 (bmpr1aa)	205,293,251,310
100329171 (bmp16)	130,310,176,327
100334210 (gdf5)	130,310,176,327
30180 (gdf6b)	130,310,176,327
30584 (bmp7a)	130,310,176,327
30612 (bmp4)	130,310,176,327
30632 (bmp2b)	130,310,176,327
30642 (gdf7)	130,310,176,327
394026 (bmp5)	130,310,176,327
493624 (amh)	130,310,176,327
503761 (bmp6)	130,310,176,327
557567 (bmp7b)	130,310,176,327
561963 (bmp8a)	130,310,176,327
566470 (gdf6a)	130,310,176,327
30173 (nog3)	145,267,191,284
30185 (nog2)	145,267,191,284
404629 (nbl1)	46,299,92,316
30628 (smad1)	379,254,425,271
30641 (smad5)	379,254,425,271
445564 (smad9)	379,254,425,271
30161 (chrd)	74,259,120,276
431736 (bambib)	205,261,251,278
83496 (bambia)	205,261,251,278
431736 (bambib)	205,442,251,459
83496 (bambia)	205,442,251,459
431736 (bambib)	205,728,251,745
83496 (bambia)	205,728,251,745
100535338	649,568,695,585
321756 (tgif1)	649,568,695,585
797559 (fmodb)	46,522,92,539
100329171 (bmp16)	130,127,176,144
30612 (bmp4)	130,127,176,144
30632 (bmp2b)	130,127,176,144
503761 (bmp6)	130,127,176,144
321932 (hjv)	205,111,251,128
553359 (acvr2aa)	205,157,251,174
555655 (bmpr2b)	205,157,251,174
562822 (bmpr2a)	205,157,251,174
100149664 (bmpr1bb)	205,140,251,157
30615 (acvr1l)	205,140,251,157
30742 (bmpr1ba)	205,140,251,157
447846 (bmpr1ab)	205,140,251,157
58145 (bmpr1aa)	205,140,251,157
100329520	130,155,176,172
100332902	130,155,176,172
101887111	130,155,176,172
30275 (inhbb)	130,155,176,172
266983 (neo1a)	205,94,251,111
100329171 (bmp16)	130,215,176,232
30612 (bmp4)	130,215,176,232
30632 (bmp2b)	130,215,176,232
321842 (rgmd)	205,186,251,203
414272 (rgma)	205,186,251,203
414273 (rgmb)	205,186,251,203
553359 (acvr2aa)	205,232,251,249
555655 (bmpr2b)	205,232,251,249
562822 (bmpr2a)	205,232,251,249
100149664 (bmpr1bb)	205,215,251,232
30615 (acvr1l)	205,215,251,232
30742 (bmpr1ba)	205,215,251,232
447846 (bmpr1ab)	205,215,251,232
58145 (bmpr1aa)	205,215,251,232
559111 (smad4a)	486,168,532,185
560317 (si:dkey-222b8.1)	486,168,532,185
30628 (smad1)	379,140,425,157
30641 (smad5)	379,140,425,157
445564 (smad9)	379,140,425,157
402837 (hamp)	746,140,792,157
100002201 (grem2a)	46,327,92,344
100005728 (grem1b)	46,327,92,344
100332300	46,327,92,344
405778 (grem1a)	46,327,92,344
550399 (grem2b)	46,327,92,344
556634 (adamtsl7)	84,425,130,442
100330961 (fbn1)	130,425,176,442
dre04350: TGF-beta signaling pathway	40,45,293,70
dre04210: Apoptosis	914,449,1008,475
dre04110: Cell cycle	917,562,1002,590
dre04120: Ubiquitin mediated proteolysis	508,549,617,589
dre04010: MAPK signaling pathway	398,607,500,645
