C00836 (Sphinganine)	312,366,4
C12144 (Phytosphingosine)	350,294,4
C12145 (Phytoceramide)	457,294,4
C12126 (Dihydroceramide)	457,366,4
C01290 (Lactosylceramide)	313,453,4
C06124 (Sphingosine 1-phosphate)	619,146,4
C01190 (Glucosylceramide)	457,454,4
C01120 (Sphinganine 1-phosphate)	312,146,4
C00346 (Ethanolamine phosphate)	457,146,4
C06062 (Ceramide phosphoethanolamine)	763,283,4
C05681 (Ceramide 2-aminoethylphosphonate)	763,308,4
C02934 (3-Dehydrosphinganine)	205,366,4
C00065 (L-Serine)	113,307,4
C00154 (Palmitoyl-CoA)	95,366,4
C00319 (Sphingosine)	619,221,4
C00195 (N-Acylsphingosine)	620,365,4
C02686 (Galactosylceramide)	620,526,4
C01747 (Psychosine)	763,149,4
C03640 (Sphingosyl-phosphocholine)	886,366,4
C02960 (Ceramide 1-phosphate)	763,454,4
C00550 (Sphingomyelin)	763,365,4
C06125 (Sulfatide)	763,526,4
C06128 (GM4)	475,526,4
C06126 (Digalactosylceramide)	619,633,4
C06127 (Digalactosylceramide sulfate)	762,634,4
555411 (acer3)	376,414,422,431
100003745 (sgpp1)	682,456,728,473
100330698 (sgpp2)	682,456,728,473
100003745 (sgpp1)	523,178,569,195
100330698 (sgpp2)	523,178,569,195
100003745 (sgpp1)	233,222,279,239
100330698 (sgpp2)	233,222,279,239
393549 (asah1b)	376,393,422,410
450068 (asah1a)	376,393,422,410
493602 (asah2)	376,393,422,410
393549 (asah1b)	376,275,422,292
450068 (asah1a)	376,275,422,292
493602 (asah2)	376,275,422,292
100330155 (cers4b)	376,346,422,363
259251 (cers2a)	376,346,422,363
568169 (cers1)	376,346,422,363
327075 (degs1)	509,356,555,373
402799 (degs2)	509,356,555,373
327075 (degs1)	436,331,482,348
402799 (degs2)	436,331,482,348
327075 (degs1)	313,331,359,348
402799 (degs2)	313,331,359,348
556700 (smpd1)	682,366,728,383
557756 (enpp7.1)	682,366,728,383
557817 (enpp7.2)	682,366,728,383
567548 (smpd2a)	682,366,728,383
567592 (smpd5)	682,366,728,383
568381 (smpd3)	682,366,728,383
569930 (zgc:153896)	682,366,728,383
793294 (smpd4)	682,366,728,383
797914 (smpd2b)	682,366,728,383
100330155 (cers4b)	504,272,550,289
259251 (cers2a)	504,272,550,289
568169 (cers1)	504,272,550,289
558496 (cerk)	682,413,728,430
791197 (zgc:158263)	682,413,728,430
335485 (plpp2b)	682,435,728,452
557680 (plpp3)	682,435,728,452
559124 (ppap2d)	682,435,728,452
563806 (plpp2a)	682,435,728,452
569053 (plpp1a)	682,435,728,452
794598	682,435,728,452
335485 (plpp2b)	473,178,519,195
557680 (plpp3)	473,178,519,195
559124 (ppap2d)	473,178,519,195
563806 (plpp2a)	473,178,519,195
569053 (plpp1a)	473,178,519,195
794598	473,178,519,195
335485 (plpp2b)	182,222,228,239
557680 (plpp3)	182,222,228,239
559124 (ppap2d)	182,222,228,239
563806 (plpp2a)	182,222,228,239
569053 (plpp1a)	182,222,228,239
794598	182,222,228,239
445168 (sptlc3)	124,358,170,375
553646 (sptlc2a)	124,358,170,375
553981 (sptlc1)	124,358,170,375
557286 (sptlc2b)	124,358,170,375
394114 (kdsr)	233,367,279,384
793735 (gal3st1a)	682,625,728,642
450083 (gla)	614,568,660,585
793735 (gal3st1a)	682,518,728,535
100000684 (neu3.5)	527,517,573,534
445250 (neu3.2)	527,517,573,534
553569 (neu4)	527,517,573,534
555206 (neu3.3)	527,517,573,534
559850 (neu1)	527,517,573,534
780844 (neu3.1)	527,517,573,534
793046 (neu3.4)	527,517,573,534
553508 (ugt8)	575,484,621,501
548343 (glb1)	376,456,422,473
559072 (gba)	510,445,556,462
559240 (gba2)	510,445,556,462
553944 (ugcg)	510,416,556,433
100331179 (acer2)	617,258,663,275
393549 (asah1b)	617,258,663,275
450068 (asah1a)	617,258,663,275
493602 (asah2)	617,258,663,275
550266 (acer1)	617,258,663,275
100150090 (sphk2)	598,178,644,195
100331840 (sphk1)	598,178,644,195
100150090 (sphk2)	288,222,334,239
100331840 (sphk1)	288,222,334,239
100037312 (sgpl1)	509,129,555,146
100037312 (sgpl1)	376,138,422,155
406385 (galcb)	620,463,666,480
449649 (galca)	620,463,666,480
541416 (arsa)	682,564,728,581
393912 (b4galt6)	376,436,422,453
556193 (sgms2a)	682,327,728,344
566563 (sgms1)	682,327,728,344
323020 (cers5)	376,367,422,384
564867 (cers6)	376,367,422,384
323020 (cers5)	554,272,600,289
564867 (cers6)	554,272,600,289
dre00604: Glycosphingolipid biosynthesis - ganglio series	97,605,267,639
dre00603: Glycosphingolipid biosynthesis - globo and isoglobo series	97,561,267,595
dre00601: Glycosphingolipid biosynthesis - lacto and neolacto series	97,517,267,551
dre00260: Glycine	52,167,178,201
serine and threonine metabolism	52,167,178,201
dre00600: Sphingolipid metabolism	40,45,254,70
