562963 (oxa1l)	82,187,128,204
619260 (srp14)	274,265,320,282
327335 (srp72)	323,248,369,265
446119 (srp68)	323,265,369,282
393963 (srp54)	372,265,418,282
406652 (srp19)	372,248,418,265
569063 (srpr)	274,296,320,313
394071 (srp9)	274,248,320,265
393963 (srp54)	82,248,128,265
563660 (sec62)	274,172,320,189
436861 (sec63)	320,172,366,189
606666 (spcs1)	272,504,318,521
541342 (spcs2)	317,504,363,521
192298 (sec61a1)	274,145,320,162
266796 (sec61al2)	274,145,320,162
405884 (spcs3)	363,504,409,521
436794 (sec11a)	409,504,455,521
795154 (immp1l)	272,526,318,543
445299 (immp2l)	318,526,364,543
436845 (srprb)	274,313,320,330
791986 (sec61b)	320,145,366,162
436772 (sec61g)	366,145,412,162
378848 (hspa5)	274,199,320,216
dre03060: Protein export	40,45,176,70
