C06178 (1-Methylpyrrolinium)	470,337,4
C15523 (2,6-Dihydroxynicotinate)	580,682,4
C00022 (Pyruvate)	714,667,4
C00163 (Propanoate)	755,643,4
C03652 ((2R,3S)-2,3-Dimethylmalate)	714,593,4
C00922 (2,3-Dimethylmaleate)	618,593,4
C02295 (Methylitaconate)	618,529,4
C02930 (2-Methyleneglutarate)	706,529,4
C16390 ((S)-2-(Hydroxymethyl)glutarate)	777,529,4
C16159 (2-Formylglutarate)	777,450,4
C04226 (6-Oxo-1,4,5,6-tetrahydronicotinate)	682,450,4
C16152 (Blue pigment)	308,802,4
C03458 (2,3,6-Trihydroxypyridine)	308,753,4
C03056 (2,6-Dihydroxypyridine)	151,753,4
C16151 (2,6-Dihydroxy-N-methylmyosmine)	83,594,4
C15986 (2,6-Dihydroxypseudooxynicotine)	151,594,4
C01297 (6-Hydroxypseudooxynicotine)	151,536,4
C01056 ((S)-6-Hydroxynicotine)	96,442,4
C16150 ((R,S)-Nicotine)	151,358,4
C00006 (NADP+)	1017,86,4
C00003 (NAD+)	1008,240,4
C00857 (Deamino-NAD+)	1008,358,4
C00455 (Nicotinamide D-ribonucleotide)	869,240,4
C01185 (Nicotinate D-ribonucleotide)	869,358,4
C03722 (Quinolinate)	869,436,4
C00111 (Glycerone phosphate)	899,494,4
C00049 (L-Aspartate)	869,613,4
C00122 (Fumarate)	754,753,4
C01384 (Maleic acid)	667,753,4
C01596 (Maleamate)	580,753,4
C01059 (2,5-Dihydroxypyridine)	537,584,4
C01020 (6-Hydroxynicotinate)	580,450,4
C00253 (Nicotinate)	580,358,4
C02918 (1-Methylnicotinamide)	474,240,4
C03150 (Nicotinamide-beta-riboside)	720,240,4
C05840 (Iminoaspartate)	869,508,4
C05841 (Nicotinate D-ribonucleoside)	719,358,4
C05380 (Nicotinurate)	502,392,4
C01004 (N-Methylnicotinate)	484,481,4
C05843 (N1-Methyl-4-pyridone-5-carboxamide)	347,240,4
C05842 (N1-Methyl-2-pyridone-5-carboxamide)	347,202,4
C03043 ((R)-6-Hydroxynicotine)	151,442,4
C00153 (Nicotinamide)	584,240,4
C19631 (6-Hydroxy-3-succinoylpyridine)	303,536,4
C00232 (Succinate semialdehyde)	303,637,4
C18232 (N-Formylmaleamic acid)	537,668,4
C20381 (3,3'-Bipyridine-2,2',5,5',6,6'-hexol)	423,801,4
C00334 (4-Aminobutanoate)	303,699,4
C15987 (4-Methylaminobutyrate)	200,637,4
C20361 (Pseudooxynicotine)	303,389,4
C19569 (3-Succinoylpyridine)	303,460,4
C19567 (4-Oxo-1-(3-pyridyl)-1-butanone)	400,389,4
C21154 (N-Methylmyosmine)	247,389,4
C21075 (5-(N-Methyl-4,5-dihydro-1H-pyrrol-2-yl)pyridin-2-ol)	151,497,4
C00042 (Succinate)	397,637,4
447919 (aspdh)	871,558,917,575
550370 (nudt12)	912,392,958,409
100536156	912,371,958,388
562399 (enpp1)	912,371,958,388
386710 (mibp2)	766,350,812,367
541321 (nmrk1)	766,350,812,367
64674 (mibp)	766,350,812,367
402953 (pnp6)	630,350,676,367
791647 (pnp5a)	630,350,676,367
336257 (nmnat2)	912,330,958,347
550322 (nmnat1)	912,330,958,347
572070 (si:ch73-170l17.1)	912,330,958,347
336257 (nmnat2)	912,309,958,326
550322 (nmnat1)	912,309,958,326
572070 (si:ch73-170l17.1)	912,309,958,326
798974 (nadsyn1)	1014,284,1060,301
393864 (naprt)	695,307,741,324
550370 (nudt12)	912,269,958,286
100536156	912,248,958,265
562399 (enpp1)	912,248,958,265
336257 (nmnat2)	912,212,958,229
550322 (nmnat1)	912,212,958,229
572070 (si:ch73-170l17.1)	912,212,958,229
336257 (nmnat2)	912,191,958,208
550322 (nmnat1)	912,191,958,208
572070 (si:ch73-170l17.1)	912,191,958,208
386710 (mibp2)	766,202,812,219
541321 (nmrk1)	766,202,812,219
64674 (mibp)	766,202,812,219
402953 (pnp6)	630,202,676,219
791647 (pnp5a)	630,202,676,219
100330160 (nampta)	699,150,745,167
324211 (namptb)	699,150,745,167
101886891	766,117,812,134
393330 (zgc:64002)	509,233,555,250
445071 (nadk2)	1063,171,1109,188
550242 (nadka)	1063,171,1109,188
562771 (nadkb)	1063,171,1109,188
406619 (nnt)	1141,149,1187,166
570457 (aox6)	397,194,443,211
64265 (aox5)	397,194,443,211
570457 (aox6)	396,232,442,249
64265 (aox5)	396,232,442,249
322309 (sirt2)	766,136,812,153
415161 (sirt6)	766,136,812,153
436878 (sirt5)	766,136,812,153
557125 (si:dkey-103i16.6)	766,136,812,153
558775 (sirt3)	766,136,812,153
791628 (sirt4)	766,136,812,153
796135 (sirt7)	766,136,812,153
797132 (sirt1)	766,136,812,153
101886891	870,78,916,95
321720 (nt5c3a)	766,249,812,266
324845 (nt5c2a)	766,249,812,266
393906 (nt5e)	766,249,812,266
557972 (nt5c2b)	766,249,812,266
561683 (nt5c1bb)	766,249,812,266
562627 (nt5c1aa)	766,249,812,266
798022 (nt5c1ba)	766,249,812,266
799449 (nt5c1ab)	766,249,812,266
321720 (nt5c3a)	766,374,812,391
324845 (nt5c2a)	766,374,812,391
557972 (nt5c2b)	766,374,812,391
561683 (nt5c1bb)	766,374,812,391
562627 (nt5c1aa)	766,374,812,391
798022 (nt5c1ba)	766,374,812,391
799449 (nt5c1ab)	766,374,812,391
dre00620: Pyruvate metabolism	758,663,831,697
map00660: C5-Branched dibasic acid metabolism	646,703,785,737
dre00760: Nicotinate and nicotinamide metabolism	40,45,380,70
dre00250: Alanine	808,736,932,770
aspartate and glutamate metabolism	808,736,932,770
dre00380: Tryptophan metabolism	944,423,1082,448
map00960: Tropane	278,293,444,327
piperidine and pyridine alkaloid biosynthesis	278,293,444,327
dre00250: Alanine	363,682,435,716
aspartate and glutamate metabolism	363,682,435,716
dre00020: Citrate cycle (TCA cycle)	433,625,510,650
