C05981 (Phosphatidylinositol-3,4,5-trisphosphate)	486,586,4
C00020 (AMP)	242,284,4
C00123 (L-Leucine)	449,112,4
C00062 (L-Arginine)	449,137,4
245699 (insra)	127,621,173,638
245700 (insrb)	127,621,173,638
245701 (igf1ra)	127,621,173,638
245702 (igf1rb)	127,621,173,638
559281 (irs1)	315,620,361,637
100000252 (pik3r3b)	463,620,509,637
100002263 (pik3cb)	463,620,509,637
394174 (pik3cd)	463,620,509,637
404211 (pik3r2)	463,620,509,637
557176 (pik3r1)	463,620,509,637
561737 (pik3ca)	463,620,509,637
30716 (raf1a)	315,515,361,532
403065 (braf)	315,515,361,532
557109 (raf1b)	315,515,361,532
360144 (mapk1)	315,441,361,458
399480 (mapk3)	315,441,361,458
30380 (nras)	315,552,361,569
393228 (zgc:55558)	315,552,361,569
445289 (kras)	315,552,361,569
550286 (hrasa)	315,552,361,569
553656 (hrasb)	315,552,361,569
100002225 (map2k2b)	315,478,361,495
406728 (map2k1)	315,478,361,495
563181 (map2k2a)	315,478,361,495
368415 (ptenb)	524,578,570,595
794088 (ptena)	524,578,570,595
403000 (pdpk1b)	463,535,509,552
100149794 (akt3b)	463,485,509,502
101910198 (akt1)	463,485,509,502
378972 (akt2)	463,485,509,502
403146 (akt2l)	463,485,509,502
560549 (akt3a)	463,485,509,502
100330617 (tsc1b)	463,365,509,382
337167 (tsc1a)	463,365,509,382
567524 (tsc2)	463,365,509,382
393702 (rheb)	556,373,602,390
767781 (rhebl1)	556,373,602,390
799566 (eif4ebp1)	913,432,959,449
406349 (rps6kb1b)	913,469,959,486
562242 (rps6kb1a)	913,469,959,486
100006041 (rhoab)	913,569,959,586
406411 (rhoaa)	913,569,959,586
406659 (rhoac)	913,569,959,586
436718 (rhocb)	913,569,959,586
751630 (zgc:153713)	913,569,959,586
100003514 (prkcg)	913,605,959,622
100006675 (prkcba)	913,605,959,622
100333967 (si:ch73-374l24.1)	913,605,959,622
393953 (prkcbb)	913,605,959,622
497384 (prkcaa)	913,605,959,622
324140 (sgk1)	913,641,959,658
559050 (sgk2b)	913,641,959,658
393750 (tbc1d7)	463,382,509,399
325358 (rraga)	662,197,708,214
100000325 (rragcb)	662,214,708,231
570568 (rragd)	662,214,708,231
573492 (rragca)	662,214,708,231
100009657 (rps6ka3b)	315,404,361,421
337670 (rps6kal)	315,404,361,421
338219 (rps6ka3a)	315,404,361,421
571285 (rps6ka2)	315,404,361,421
777728 (rps6ka1)	315,404,361,421
100001198 (prkaa1)	315,275,361,292
572074 (prkaa2)	315,275,361,292
406308 (grb2b)	218,589,264,606
493609 (grb2a)	218,589,264,606
378866 (ddit4)	315,308,361,325
393732 (eif4e2rs1)	1001,433,1047,450
541523 (eif4e2)	1001,433,1047,450
550549 (eif4e1c)	1001,433,1047,450
79380 (eif4ea)	1001,433,1047,450
100170793 (ulk1a)	913,395,959,412
100329702 (ulk2)	913,395,959,412
558848 (ulk1b)	913,395,959,412
445028 (rps6)	1001,479,1047,496
405785 (tnfa)	44,372,90,389
563560 (ikbkb)	315,372,361,389
406471 (tnfrsf1a)	127,372,173,389
406349 (rps6kb1b)	315,664,361,681
562242 (rps6kb1a)	315,664,361,681
797250 (slc7a5)	127,197,173,214
399488 (slc3a2b)	127,214,173,231
790938 (zgc:158423)	127,214,173,231
796322 (slc3a2a)	127,214,173,231
556286 (sos1)	315,589,361,606
561670 (sos2)	315,589,361,606
559391 (nprl2)	646,117,692,134
562995 (depdc5)	646,117,692,134
564989 (nprl3)	646,117,692,134
541544 (rnf152)	725,165,771,182
563708 (skp2)	725,145,771,162
103909113 (wdr59)	556,117,602,134
334749 (seh1l)	556,117,602,134
393208 (mios)	556,117,602,134
406336 (wdr24)	556,117,602,134
798071 (sec13)	556,117,602,134
100149745 (sesn2)	474,104,520,121
192335 (atp6v1e1b)	337,184,383,201
286779 (atp6v1h)	337,184,383,201
335025 (atp6v1g1)	337,184,383,201
337583 (atp6v1ab)	337,184,383,201
359839 (atp6v1ba)	337,184,383,201
359840 (atp6v1b2)	337,184,383,201
368907 (atp6v1c1a)	337,184,383,201
393935 (atp6v1d)	337,184,383,201
394110 (atp6v1aa)	337,184,383,201
436799 (atp6v1f)	337,184,383,201
449655 (atp6v1c1b)	337,184,383,201
562137 (slc38a9)	337,163,383,180
100329656 (lamtor1)	556,174,602,191
100333504 (lamtor5)	556,174,602,191
445155 (lamtor2)	556,174,602,191
553597 (lamtor3)	556,174,602,191
561019 (lamtor4)	556,174,602,191
393287 (chuk)	594,485,640,502
114433 (igf1)	44,621,90,638
30262 (ins)	44,621,90,638
566735 (insb)	44,621,90,638
446167 (grb10a)	219,664,265,681
562032 (grb10b)	219,664,265,681
446167 (grb10a)	913,321,959,338
562032 (grb10b)	913,321,959,338
678628 (flcn)	556,241,602,258
324863 (fnip1)	556,224,602,241
336619 (eif4bb)	1001,459,1047,476
553214 (eif4ba)	1001,459,1047,476
324254 (mtor)	728,376,774,393
768177 (deptor)	794,339,840,356
792689 (mlst8)	794,362,840,379
560455 (rptor)	662,355,708,372
566559 (akt1s1)	662,400,708,417
570077 (tti1)	794,410,840,427
777634 (telo2)	794,386,840,403
324254 (mtor)	728,606,774,623
100537865 (prr5b)	662,636,708,653
555584 (prr5a)	662,636,708,653
768177 (deptor)	794,569,840,586
792689 (mlst8)	794,593,840,610
561835 (rictorb)	662,606,708,623
100537196 (mapkap1)	662,576,708,593
570077 (tti1)	794,641,840,658
777634 (telo2)	794,617,840,634
30654 (gsk3ba)	315,340,361,357
560194 (gsk3aa)	315,340,361,357
100148840 (wnt7bb)	44,340,90,357
100332722 (wnt6a)	44,340,90,357
30105 (wnt5b)	44,340,90,357
30122 (wnt8a)	44,340,90,357
30123 (wnt4)	44,340,90,357
30128 (wnt1)	44,340,90,357
30144 (wnt8b)	44,340,90,357
30171 (wnt10a)	44,340,90,357
30283 (wnt11r)	44,340,90,357
30308 (wnt10b)	44,340,90,357
359837 (wnt2ba)	44,340,90,357
556087 (wnt2bb)	44,340,90,357
561831 (wnt6b)	44,340,90,357
563427 (wnt7ba)	44,340,90,357
565677 (wnt9b)	44,340,90,357
565714 (wnt7aa)	44,340,90,357
568191 (wnt5a)	44,340,90,357
569420 (wnt3)	44,340,90,357
60632 (wnt3a)	44,340,90,357
751644 (wnt9a)	44,340,90,357
791563 (wnt16)	44,340,90,357
791595 (wnt11)	44,340,90,357
30363 (fzd4)	127,331,173,348
30364 (fzd5)	127,331,173,348
30366 (fzd10)	127,331,173,348
30369 (fzd7a)	127,331,173,348
30370 (fzd2)	127,331,173,348
30412 (fzd7b)	127,331,173,348
393533 (fzd6)	127,331,173,348
557384 (fzd1)	127,331,173,348
557447 (fzd9a)	127,331,173,348
565921 (fzd3a)	127,331,173,348
567746 (fzd3b)	127,331,173,348
58023 (fzd9b)	127,331,173,348
58072 (fzd8b)	127,331,173,348
58073 (fzd8a)	127,331,173,348
100003877 (lrp6)	127,348,173,365
568518 (lrp5)	127,348,173,365
100149082 (dvl3)	219,340,265,357
323630 (dvl2)	219,340,265,357
560032 (dvl1b)	219,340,265,357
569863 (dvl1a)	219,340,265,357
80972 (dvl3a)	219,340,265,357
797680 (clip1a)	913,284,959,301
550537 (stk11)	314,228,360,245
100536950 (wu:fj77h11)	268,228,314,245
334550 (strada)	268,228,314,245
406822 (cab39l1)	360,228,406,245
415235 (cab39)	360,228,406,245
492361 (cab39l)	360,228,406,245
327294 (castor2)	474,152,520,169
449937 (castor1)	474,128,520,145
dre04150: mTOR signaling pathway	40,45,260,70
dre04010: MAPK signaling pathway	187,471,290,506
dre04910: Insulin signaling pathway	36,650,130,682
map04152: AMPK signaling pathway	423,268,518,300
dre04810: Regulation of actin cytoskeleton	1178,577,1276,609
map04151: PI3K-Akt signaling pathway	435,648,532,680
dre04140: Autophagy - animal	1200,390,1290,419
dre00561: Glycerolipid metabolism	1199,349,1289,378
