C01330 (Sodium cation)	716,138,4
C00076 (Calcium cation)	693,377,4
C13050 (Cyclic ADP-ribose)	474,597,4
C13051 (Nicotinic acid adenine dinucleotide phosphate)	474,634,4
C06124 (Sphingosine 1-phosphate)	435,685,4
C00004 (NADH)	254,663,4
C00002 (ATP)	254,594,4
C00165 (Diacylglycerol)	435,562,4
C01245 (D-myo-Inositol 1,4,5-trisphosphate)	435,509,4
C00575 (3',5'-Cyclic AMP)	276,544,4
C00575 (3',5'-Cyclic AMP)	413,202,4
C01330 (Sodium cation)	133,121,4
C00076 (Calcium cation)	133,252,4
C00076 (Calcium cation)	132,301,4
C00076 (Calcium cation)	132,320,4
C00076 (Calcium cation)	132,338,4
C00076 (Calcium cation)	132,391,4
322720 (itpkcb)	850,574,896,591
368717 (itpka)	850,574,896,591
562919 (itpkca)	850,574,896,591
563019 (itpkb)	850,574,896,591
100148976 (adcy8)	850,479,896,496
557026 (adcy1a)	850,479,896,496
560410 (si:ch211-132f19.7)	850,479,896,496
560719 (si:dkey-206f10.1)	850,479,896,496
569499 (adcy1b)	850,479,896,496
571825 (adcy3a)	850,479,896,496
100536162 (pde1cb)	850,504,896,521
564465 (pde1a)	850,504,896,521
404036 (nos2a)	850,441,896,458
563654 (nos2b)	850,441,896,458
60658 (nos1)	850,441,896,458
322126 (vdac2)	787,164,833,181
334582 (vdac1)	787,164,833,181
393186 (zgc:56235)	787,164,833,181
406529 (vdac3)	787,164,833,181
336612 (ppiaa)	741,172,787,189
447887 (ppifa)	741,172,787,189
641328 (ppifb)	741,172,787,189
553489 (slc8a1a)	159,108,205,125
560561 (slc8a3)	159,108,205,125
567212 (slc8a2b)	159,108,205,125
568512 (slc8a4a)	159,108,205,125
797199 (slc8a1b)	159,108,205,125
553489 (slc8a1a)	741,133,787,150
560561 (slc8a3)	741,133,787,150
567212 (slc8a2b)	741,133,787,150
568512 (slc8a4a)	741,133,787,150
797199 (slc8a1b)	741,133,787,150
100144566 (camk1da)	850,381,896,398
393802 (camk1gb)	850,381,896,398
436815 (camk2d2)	850,381,896,398
445208 (camk2d1)	850,381,896,398
550270 (camk4)	850,381,896,398
550436 (camk2a)	850,381,896,398
555945 (camk1a)	850,381,896,398
562064 (camk2b1)	850,381,896,398
791176 (camk1db)	850,381,896,398
791855 (camk2g1)	850,381,896,398
793359 (camk2g2)	850,381,896,398
794026 (camk1b)	850,381,896,398
798222 (camk2b)	850,381,896,398
447814 (ppp3r1b)	850,356,896,373
550554 (ppp3cb)	850,356,896,373
557926 (ppp3cca)	850,356,896,373
564337 (ppp3r1a)	850,356,896,373
565241 (ppp3ccb)	850,356,896,373
794574 (ppp3ca)	850,356,896,373
100003514 (prkcg)	850,603,896,620
100006675 (prkcba)	850,603,896,620
100333967 (si:ch73-374l24.1)	850,603,896,620
393953 (prkcbb)	850,603,896,620
497384 (prkcaa)	850,603,896,620
245950 (ptk2bb)	850,544,896,561
567534 (tpcn1)	589,632,635,649
777614 (tpcn2)	589,632,635,649
101886891	159,625,205,642
568288 (plce1)	331,535,377,552
100535958 (ighv4-5)	159,543,205,560
100007677 (erbb4a)	159,477,205,494
100149258	159,477,205,494
101885162 (si:ch73-383l1.1)	159,477,205,494
378478 (egfra)	159,477,205,494
386635 (erbb3a)	159,477,205,494
386856 (pdgfra)	159,477,205,494
386966 (erbb2)	159,477,205,494
544664 (erbb3b)	159,477,205,494
559529 (pdgfrb)	159,477,205,494
569836 (erbb4b)	159,477,205,494
571431	159,477,205,494
445232 (gna15.1)	245,432,291,449
445297 (gna14)	245,432,291,449
493613 (gna11b)	245,432,291,449
556160 (gna14a)	245,432,291,449
562625 (gna15.4)	245,432,291,449
563953 (gna11a)	245,432,291,449
570108 (gnaq)	245,432,291,449
100003342 (grin2ca)	159,383,205,400
100005675 (grin1b)	159,383,205,400
100149482	159,383,205,400
100333648 (grin2cb)	159,383,205,400
100537531 (si:ch73-380n15.2)	159,383,205,400
259258 (p2rx4a)	159,383,205,400
373879 (p2rx5)	159,383,205,400
387296 (p2rx1)	159,383,205,400
387297 (p2rx2)	159,383,205,400
387298 (p2rx7)	159,383,205,400
387299 (p2rx8)	159,383,205,400
387300 (p2rx3b)	159,383,205,400
387301 (p2rx4b)	159,383,205,400
394199 (chrna7)	159,383,205,400
449864 (grin2da)	159,383,205,400
563297 (grin2aa)	159,383,205,400
566141 (si:ch211-39a7.1)	159,383,205,400
570493 (grin2ab)	159,383,205,400
58147 (p2rx3a)	159,383,205,400
767745 (grin1a)	159,383,205,400
373867 (plcg1)	331,511,377,528
561747 (plcg2)	331,511,377,528
100150090 (sphk2)	331,677,377,694
100331840 (sphk1)	331,677,377,694
100003770 (mylk5)	850,245,896,262
449707 (mylk4b)	850,245,896,262
492576 (mylkb)	850,245,896,262
558685 (mylk2)	850,245,896,262
561635 (mylk3)	850,245,896,262
566845 (mylk4a)	850,245,896,262
569510 (mylka)	850,245,896,262
337489 (plcd1b)	331,464,377,481
555443 (plcd1a)	331,464,377,481
562569 (plcd3b)	331,464,377,481
565669 (plcd4a)	331,464,377,481
569040 (plcd3a)	331,464,377,481
100149388 (itpr1b)	589,507,635,524
562585 (itpr2)	589,507,635,524
567611 (itpr1a)	589,507,635,524
794666 (itpr3)	589,507,635,524
393937 (phkg2)	850,270,896,287
554046 (phkg1b)	850,270,896,287
556199 (phka2)	850,270,896,287
565379 (phkg1a)	850,270,896,287
569706 (phkb)	850,270,896,287
572183 (phka1a)	850,270,896,287
100126126 (ryr2a)	589,449,635,466
561350 (ryr3)	589,449,635,466
568463 (ryr2b)	589,449,635,466
570245 (ryr1b)	589,449,635,466
798565 (ryr1a)	589,449,635,466
100001532 (plcb3)	331,487,377,504
100537538	331,487,377,504
407700 (plcb4)	331,487,377,504
569376 (plcb2)	331,487,377,504
402892 (orai1b)	159,243,205,260
555612 (orai2)	159,243,205,260
566671 (orai1a)	159,243,205,260
170581 (cacna1c)	159,292,205,309
403310 (cacna1da)	159,292,205,309
405791 (cacna1sb)	159,292,205,309
559964 (cacna1fb)	159,292,205,309
570683 (cacna1sa)	159,292,205,309
555941 (cacna1ba)	159,311,205,328
562796 (cacna1bb)	159,311,205,328
564274 (cacna1e)	159,311,205,328
569528 (cacna1ab)	159,311,205,328
100000544 (ptger3)	159,432,205,449
100000981 (htr2cl1)	159,432,205,449
100001530 (oxtr)	159,432,205,449
100002125 (tacr2)	159,432,205,449
100002627 (ptafr)	159,432,205,449
100003535 (ptger1c)	159,432,205,449
100003539 (tacr1a)	159,432,205,449
100004739 (cysltr2a)	159,432,205,449
100004938 (si:dkey-63b1.1)	159,432,205,449
100137117 (si:dkey-1h24.2)	159,432,205,449
100149100 (adra1ba)	159,432,205,449
100149161	159,432,205,449
100149598 (chrm3b)	159,432,205,449
100150246 (grm1b)	159,432,205,449
100330960 (bdkrb2)	159,432,205,449
100331465	159,432,205,449
100332913 (grm5b)	159,432,205,449
100333270	159,432,205,449
100333455 (agtr1b)	159,432,205,449
100334963 (cysltr3)	159,432,205,449
100535026 (ltb4r2a)	159,432,205,449
100537296 (ltb4r2b)	159,432,205,449
102216340 (tbxa2r)	159,432,205,449
114447 (cxcr4b)	159,432,205,449
114550 (ednraa)	159,432,205,449
140747 (cxcr4a)	159,432,205,449
30442 (ednrba)	159,432,205,449
352938 (chrm2a)	159,432,205,449
368199 (bdkrb1)	159,432,205,449
402920 (lhcgr)	159,432,205,449
492486 (adra1bb)	159,432,205,449
553675 (cysltr1)	159,432,205,449
555482 (tacr3a)	159,432,205,449
555516 (chrm2b)	159,432,205,449
555576 (grm1a)	159,432,205,449
555939 (avpr1ab)	159,432,205,449
556431 (trhr2)	159,432,205,449
557259 (adra1ab)	159,432,205,449
558477 (f2r)	159,432,205,449
558878 (trhra)	159,432,205,449
559201 (tacr3l)	159,432,205,449
559315 (ptger1a)	159,432,205,449
559806 (htr2ab)	159,432,205,449
560808 (htr2aa)	159,432,205,449
563111 (cysltr2b)	159,432,205,449
564017 (tacr1b)	159,432,205,449
564945 (ptger1b)	159,432,205,449
567289 (grpr)	159,432,205,449
568406 (grm5a)	159,432,205,449
568614 (adra1d)	159,432,205,449
569038 (cckar)	159,432,205,449
569344 (ntsr1)	159,432,205,449
569382 (trhrb)	159,432,205,449
571591 (avpr1aa)	159,432,205,449
571679 (chrm3a)	159,432,205,449
571808 (ptgfr)	159,432,205,449
735302 (hrh1)	159,432,205,449
751784 (htr2b)	159,432,205,449
792708 (chrm1a)	159,432,205,449
794215	159,432,205,449
794278 (si:dkey-163m14.6)	159,432,205,449
794365 (si:dkey-163m14.7)	159,432,205,449
794575 (agtr1a)	159,432,205,449
794658 (chrm1b)	159,432,205,449
798498 (adra1aa)	159,432,205,449
799082 (si:dkey-163m14.2)	159,432,205,449
799156	159,432,205,449
799227	159,432,205,449
192322 (calm2b)	763,369,809,386
321808 (calm3b)	763,369,809,386
327379 (calm3a)	763,369,809,386
336121 (calm2a)	763,369,809,386
368217 (calm1b)	763,369,809,386
406660 (calm1a)	763,369,809,386
560151 (calml4a)	763,369,809,386
100002038 (si:rp71-17i16.4)	850,212,896,229
353247 (tnnc1a)	850,212,896,229
415175 (tnnc1b)	850,212,896,229
58082 (tnnc2)	850,212,896,229
100038774 (si:dkey-251i10.1)	741,155,787,172
192321 (slc25a5)	741,155,787,172
327067 (slc25a4)	741,155,787,172
566370 (slc25a6)	741,155,787,172
768182 (mcu)	741,105,787,122
100148976 (adcy8)	331,193,377,210
100333702 (adcy9)	331,193,377,210
101884360	331,193,377,210
557026 (adcy1a)	331,193,377,210
557902 (adcy2b)	331,193,377,210
560410 (si:ch211-132f19.7)	331,193,377,210
560719 (si:dkey-206f10.1)	331,193,377,210
563724 (adcy2a)	331,193,377,210
568726 (adcy7)	331,193,377,210
569499 (adcy1b)	331,193,377,210
571825 (adcy3a)	331,193,377,210
260440 (atp2a1)	589,295,635,312
393940 (atp2a2a)	589,295,635,312
494489 (atp2a1l)	589,295,635,312
562640 (si:dkey-28b4.8)	589,295,635,312
568265 (atp2a2b)	589,295,635,312
568671 (atp2a3)	589,295,635,312
100001636 (drd6b)	159,193,205,210
100002285 (drd7)	159,193,205,210
100005590 (hrh2b)	159,193,205,210
100037315 (adrb2b)	159,193,205,210
100038775 (htr5aa)	159,193,205,210
100149598 (chrm3b)	159,193,205,210
100536080 (htr7)	159,193,205,210
100536970 (drd5a)	159,193,205,210
101882850 (htr4)	159,193,205,210
368475 (htr5ab)	159,193,205,210
553978 (chrm5a)	159,193,205,210
557194 (adrb1)	159,193,205,210
558248 (adrb3a)	159,193,205,210
560100 (adora2b)	159,193,205,210
561491 (chrm5b)	159,193,205,210
561701 (adora2aa)	159,193,205,210
562111 (htr7a)	159,193,205,210
563567	159,193,205,210
565304 (htr7b)	159,193,205,210
565838 (adrb2a)	159,193,205,210
566118 (adora2ab)	159,193,205,210
568126 (drd1b)	159,193,205,210
568269 (htr6)	159,193,205,210
571679 (chrm3a)	159,193,205,210
572143 (htr7c)	159,193,205,210
735303 (hrh2a)	159,193,205,210
792519 (adrb3b)	159,193,205,210
792634 (drd1a)	159,193,205,210
792708 (chrm1a)	159,193,205,210
794658 (chrm1b)	159,193,205,210
797212	159,193,205,210
555548 (pln)	589,193,635,210
393998 (prkacba)	450,193,496,210
445076 (prkacab)	450,193,496,210
563147 (prkacbb)	450,193,496,210
564064 (prkacaa)	450,193,496,210
492467 (gnal)	245,193,291,210
557353 (gnas)	245,193,291,210
560875 (cacna1ha)	159,330,205,347
563904 (cacna1g)	159,330,205,347
566351 (cacna1i)	159,330,205,347
378746 (atp2b1a)	159,149,205,166
436745 (atp2b3a)	159,149,205,166
557430 (atp2b2)	159,149,205,166
558525 (atp2b3b)	159,149,205,166
561190 (atp2b1b)	159,149,205,166
100334881 (stim2a)	485,237,531,254
556360 (stim1a)	485,237,531,254
563901 (stim2b)	485,237,531,254
114410 (casq2)	515,449,561,466
445226 (casq1a)	515,449,561,466
767757 (casq1b)	515,449,561,466
100038781 (trdn)	589,424,635,441
559236 (unm_hu7910)	589,474,635,491
553296 (hrc)	533,322,579,339
553296 (hrc)	533,398,579,415
map04730: Long-term depression	941,439,1082,464
map04720: Long-term potentiation	941,406,1082,431
dre04070: Phosphatidylinositol signaling system	948,564,1075,598
dre04210: Apoptosis	972,332,1050,357
dre04010: MAPK signaling pathway	956,290,1067,324
dre04020: Calcium signaling pathway	40,45,290,70
