100149268 (polr2b)	367,380,413,397
553347 (polr2a)	367,397,413,414
334669 (polr2c)	413,380,459,397
436588 (polr2d)	477,380,523,397
445170 (polr2eb)	634,380,680,397
436817 (polr2f)	680,380,726,397
324088 (polr2gl)	523,380,569,397
550263 (polr2h)	726,380,772,397
449992 (polr2i)	569,380,615,397
553705 (polr2l)	707,397,753,414
554099 (polr2j)	413,397,459,414
796803 (polr2k)	661,397,707,414
562329 (polr3b)	367,475,413,492
572258 (polr3a)	367,492,413,509
393201 (polr3c)	477,475,523,492
393257 (polr3d)	523,475,569,492
393538 (polr1c)	413,492,459,509
436826 (polr3k)	569,475,615,492
445412 (polr1d)	413,475,459,492
436749 (polr3h)	477,492,523,509
100000978 (polr3g)	523,492,569,509
449786 (polr3glb)	523,492,569,509
394162 (polr3f)	569,492,615,509
325603 (polr1b)	367,562,413,579
327078 (polr1a)	367,579,413,596
541428 (znrd1)	477,562,523,579
402856 (twistnb)	542,579,588,596
553733 (polr1e)	496,579,542,596
336518 (polr3e)	615,492,661,509
393538 (polr1c)	413,579,459,596
445412 (polr1d)	413,562,459,579
dre03020: RNA polymerase	40,45,186,72
