G00164	1311,463,4
G00163	1311,392,4
G00162	1311,323,4
G00157	1311,254,4
C00054 (Adenosine 3',5'-bisphosphate)	1343,660,4
C00053 (3'-Phosphoadenylyl sulfate)	1282,623,4
C00033 (Acetate)	1283,660,4
493783 (extl3)	1288,272,1334,289
558373 (extl2)	1288,272,1334,289
560951 (xylt1)	1021,294,1064,294,1064,298,1021,298
563446 (xylt2)	1021,294,1064,294,1064,298,1021,298
493780 (ext2)	128,295,178,295,178,297,128,297
497279 (ext1a)	128,295,178,295,178,297,128,297
497280 (ext1b)	128,295,178,295,178,297,128,297
497281 (ext1c)	128,295,178,295,178,297,128,297
100317129 (ndst3)	356,453,402,470
100329944 (ndst1a)	356,453,402,470
570459 (ndst1b)	356,453,402,470
793524 (ndst2a)	356,453,402,470
798226 (ndst2b)	356,453,402,470
571246 (hs3st2)	522,753,568,770
557111 (hs3st1l1)	356,753,402,770
565201 (hs3st1)	356,753,402,770
378450 (hs6st2)	163,601,209,618
557111 (hs3st1l1)	163,753,209,770
565201 (hs3st1)	163,753,209,770
100329339 (si:ch211-216b21.2)	763,932,809,949
558084 (hs3st3b1b)	763,932,809,949
571246 (hs3st2)	916,932,962,949
553162 (hs6st1a)	1082,790,1128,807
791107 (hs6st1b)	1082,790,1128,807
100007670 (glceb)	587,502,633,519
405776 (glcea)	587,502,633,519
445022 (b4galt7)	937,294,980,294,980,298,937,298
100151174 (hs2st1b)	941,601,987,618
791188 (hs2st1a)	941,601,987,618
493780 (ext2)	1288,343,1334,360
497279 (ext1a)	1288,343,1334,360
497280 (ext1b)	1288,343,1334,360
497281 (ext1c)	1288,343,1334,360
493783 (extl3)	1289,413,1335,430
100007670 (glceb)	1289,709,1335,726
405776 (glcea)	1289,709,1335,726
572324 (b3galt6)	851,294,894,294,894,298,851,298
192334 (b3gat3)	761,294,804,294,804,298,761,298
493783 (extl3)	671,294,714,294,714,298,671,298
558373 (extl2)	671,294,714,294,714,298,671,298
493780 (ext2)	567,294,610,294,610,298,567,298
497279 (ext1a)	567,294,610,294,610,298,567,298
497280 (ext1b)	567,294,610,294,610,298,567,298
497281 (ext1c)	567,294,610,294,610,298,567,298
493783 (extl3)	479,294,522,294,522,298,479,298
493780 (ext2)	375,294,418,294,418,298,375,298
497279 (ext1a)	375,294,418,294,418,298,375,298
497280 (ext1b)	375,294,418,294,418,298,375,298
497281 (ext1c)	375,294,418,294,418,298,375,298
493780 (ext2)	285,294,328,294,328,298,285,298
497279 (ext1a)	285,294,328,294,328,298,285,298
497280 (ext1b)	285,294,328,294,328,298,285,298
497281 (ext1c)	285,294,328,294,328,298,285,298
493780 (ext2)	182,294,225,294,225,298,182,298
497279 (ext1a)	182,294,225,294,225,298,182,298
497280 (ext1b)	182,294,225,294,225,298,182,298
497281 (ext1c)	182,294,225,294,225,298,182,298
100151174 (hs2st1b)	522,601,568,618
791188 (hs2st1a)	522,601,568,618
553162 (hs6st1a)	675,601,721,618
791107 (hs6st1b)	675,601,721,618
569353 (hs6st3b)	215,601,261,618
792524 (hs6st3a)	215,601,261,618
569353 (hs6st3b)	727,601,773,618
792524 (hs6st3a)	727,601,773,618
569353 (hs6st3b)	1132,790,1178,807
792524 (hs6st3a)	1132,790,1178,807
100317129 (ndst3)	1289,631,1335,648
100329944 (ndst1a)	1289,631,1335,648
570459 (ndst1b)	1289,631,1335,648
793524 (ndst2a)	1289,631,1335,648
798226 (ndst2b)	1289,631,1335,648
100329339 (si:ch211-216b21.2)	966,932,1012,949
558084 (hs3st3b1b)	966,932,1012,949
100329339 (si:ch211-216b21.2)	1107,933,1153,950
558084 (hs3st3b1b)	1107,933,1153,950
dre00532: Glycosaminoglycan biosynthesis - chondroitin sulfate / dermatan sulfate	1252,142,1368,176
dre00534: Glycosaminoglycan biosynthesis - heparan sulfate / heparin	40,45,556,70
dre00531: Glycosaminoglycan degradation	1261,971,1377,1005
