C06771 (Triethanolamine)	1253,519,4
C06772 (Diethanolamine)	1144,519,4
C00084 (Acetaldehyde)	1068,464,4
C00641 (1,2-Diacyl-sn-glycerol)	708,437,4
C01996 (Acetylcholine)	1144,312,4
C04230 (1-Acyl-sn-glycero-3-phosphocholine)	816,176,4
C00307 (CDP-choline)	816,311,4
C00588 (Choline phosphate)	924,312,4
C00114 (Choline)	1032,312,4
C00157 (Phosphatidylcholine)	708,220,4
C00570 (CDP-ethanolamine)	816,519,4
C01233 (sn-Glycero-3-phosphoethanolamine)	924,626,4
C00344 (Phosphatidylglycerol)	345,770,4
C03892 (Phosphatidylglycerophosphate)	345,704,4
C00641 (1,2-Diacyl-sn-glycerol)	494,770,4
C01210 (N-Methylethanolamine phosphate)	924,419,4
C13482 (Phosphodimethylethanolamine)	924,366,4
C03974 (2-Acyl-sn-glycerol 3-phosphate)	352,329,4
C00093 (sn-Glycerol 3-phosphate)	1068,626,4
C00111 (Glycerone phosphate)	112,220,4
C00189 (Ethanolamine)	1032,519,4
C03872 (L-Serine-phosphoethanolamine)	816,465,4
C00093 (sn-Glycerol 3-phosphate)	352,220,4
C00269 (CDP-diacylglycerol)	345,632,4
C01194 (1-Phosphatidyl-D-myo-inositol)	217,584,4
C00513 (CDP-glycerol)	435,220,4
C00681 (1-Acyl-sn-glycerol 3-phosphate)	276,329,4
C00416 (Phosphatidate)	352,437,4
C00093 (sn-Glycerol 3-phosphate)	1068,220,4
C03372 (Acylglycerone phosphate)	112,329,4
C05973 (2-Acyl-sn-glycero-3-phosphoethanolamine)	816,669,4
C04438 (1-Acyl-sn-glycero-3-phosphoethanolamine)	816,590,4
C05976 (Aminoacyl-phosphatidylglycerol)	495,802,4
C00040 (Acyl-CoA)	389,366,4
C05980 (Cardiolipin)	217,770,4
C05974 (2-Acyl-sn-glycero-3-phosphoserine)	609,669,4
C02737 (Phosphatidylserine)	522,632,4
C00350 (Phosphatidylethanolamine)	708,628,4
C01241 (Phosphatidyl-N-methylethanolamine)	647,382,4
C00670 (sn-Glycero-3-phosphocholine)	924,220,4
C00040 (Acyl-CoA)	389,251,4
C00346 (Ethanolamine phosphate)	924,519,4
C04308 (Phosphatidyl-N-dimethylethanolamine)	647,310,4
C04233 (2-Acyl-sn-glycero-3-phosphocholine)	816,257,4
C03819 (1-Acylglycerophosphoinositol)	104,584,4
C18129 (Monolysocardiolipin)	104,770,4
C18126 (1-Acyl-sn-glycero-3-phosphoglycerol)	345,842,4
C18125 (1-Acyl-sn-glycero-3-phosphoserine)	609,590,4
C18168 (Diacylglycerylhomoserine)	797,361,4
C18169 (Diacylglyceryl-N,N,N-trimethylhomoserine)	891,361,4
C00623 (sn-Glycerol 1-phosphate)	352,130,4
C04590 (3-(O-Geranylgeranyl)-sn-glycerol 1-phosphate)	452,130,4
C04638 (2,3-Bis-O-(geranylgeranyl)glycerol 1-phosphate)	552,130,4
C18059 (CDP-2,3-bis-O-(geranylgeranyl)-sn-glycerol)	652,130,4
C20466 (2,3-Bis-O-(geranylgeranyl)-sn-glycero-1-phospho-L-serine)	752,130,4
C20518 (2,3-Bis-(O-phytanyl)-sn-glycerol 1-phosphate)	552,191,4
100004136 (ptdss2)	565,634,611,651
393931 (ptdss1a)	498,336,544,353
559442 (ptdss1b)	498,336,544,353
572335 (gnpat)	89,269,135,286
327566 (lpcat4)	740,202,786,219
553683 (lpcat2)	740,202,786,219
555566 (lpcat3)	740,202,786,219
555969 (lpcat1)	740,202,786,219
322605 (chpt1)	705,271,751,288
570720 (cept1b)	705,271,751,288
100001552 (pcyt1ba)	838,302,884,319
550327 (pcyt1aa)	838,302,884,319
553770 (pcyt1ab)	838,302,884,319
555725 (pcyt1bb)	838,302,884,319
558499 (chka)	958,294,1004,311
563589 (chkb)	958,294,1004,311
114549 (ache)	1070,313,1116,330
100170938 (chata)	1070,293,1116,310
450016 (pcyt2)	838,513,884,530
555330 (etnk2)	958,500,1004,517
558499 (chka)	958,500,1004,517
563589 (chkb)	958,500,1004,517
565971 (etnk1)	958,500,1004,517
436896 (rarres3l)	740,222,786,239
100148818 (si:ch73-55i23.1)	740,178,786,195
100149324 (proca1)	740,178,786,195
30554 (pla2g4aa)	740,178,786,195
402802 (pla2g12a)	740,178,786,195
406370 (pla2g6)	740,178,786,195
406739 (pla2g12b)	740,178,786,195
436622 (zgc:92162)	740,178,786,195
436896 (rarres3l)	740,178,786,195
559087 (pla2g4ab)	740,178,786,195
560649 (si:ch211-214p16.3)	740,178,786,195
565386 (pla2g4f.2)	740,178,786,195
571738 (pla2g1b)	740,178,786,195
641423 (pla2g3)	740,178,786,195
798864 (pla2g4f.1)	740,178,786,195
100137124 (dgkh)	403,450,449,467
100150463 (dgke)	403,450,449,467
100331649 (dgki)	403,450,449,467
100536469	403,450,449,467
553380 (dgkza)	403,450,449,467
557324 (dgkb)	403,450,449,467
565122 (si:dkey-172j4.3)	403,450,449,467
567728	403,450,449,467
724010 (dgkaa)	403,450,449,467
100334794 (plpp4)	539,418,585,435
335485 (plpp2b)	539,418,585,435
431758 (plpp5)	539,418,585,435
557680 (plpp3)	539,418,585,435
558422 (lipin2)	539,418,585,435
559124 (ppap2d)	539,418,585,435
560638 (si:ch73-21k16.1)	539,418,585,435
563806 (plpp2a)	539,418,585,435
569053 (plpp1a)	539,418,585,435
794598	539,418,585,435
799099 (lpin1)	539,418,585,435
556641 (pld1a)	403,395,449,412
565743 (pld2)	403,395,449,412
571938 (pld3)	403,395,449,412
572492 (pld1b)	403,395,449,412
799278 (si:ch211-168k14.2)	403,395,449,412
436896 (rarres3l)	542,661,588,678
556641 (pld1a)	403,494,449,511
565743 (pld2)	403,494,449,511
571938 (pld3)	403,494,449,511
572492 (pld1b)	403,494,449,511
799278 (si:ch211-168k14.2)	403,494,449,511
100148818 (si:ch73-55i23.1)	740,583,786,600
100149324 (proca1)	740,583,786,600
30554 (pla2g4aa)	740,583,786,600
402802 (pla2g12a)	740,583,786,600
406370 (pla2g6)	740,583,786,600
406739 (pla2g12b)	740,583,786,600
436622 (zgc:92162)	740,583,786,600
436896 (rarres3l)	740,583,786,600
559087 (pla2g4ab)	740,583,786,600
560649 (si:ch211-214p16.3)	740,583,786,600
565386 (pla2g4f.2)	740,583,786,600
571738 (pla2g1b)	740,583,786,600
641423 (pla2g3)	740,583,786,600
798864 (pla2g4f.1)	740,583,786,600
406265 (agpat4)	254,382,300,399
406554 (lclat1)	254,382,300,399
406734 (agpat3)	254,382,300,399
570695 (mboat2a)	254,382,300,399
572841 (mboat1)	254,382,300,399
692278 (mboat2b)	254,382,300,399
767778 (agpat5)	254,382,300,399
777624 (agpat2)	254,382,300,399
404620 (cdipt)	255,576,301,593
436896 (rarres3l)	740,629,786,646
100002812 (phospho1)	958,519,1004,536
100332911 (gpam)	228,269,274,286
436958 (gpat3)	228,269,274,286
558437 (gpat2)	228,269,274,286
567414 (agpat9l)	228,269,274,286
678522 (gpat4)	228,269,274,286
325181 (gpd1b)	147,182,193,199
406615 (gpd1c)	147,182,193,199
449663 (gpd1l)	147,182,193,199
550404 (gpd1a)	147,182,193,199
751628 (gpd2)	147,241,193,258
793137 (lcat)	740,157,786,174
492483 (gpcpd1)	958,201,1004,218
767699 (pmt)	901,389,947,406
557632 (selenoi)	706,558,752,575
570720 (cept1b)	706,558,752,575
503936 (pnpla7b)	838,609,884,626
550279 (lypla1)	838,609,884,626
560649 (si:ch211-214p16.3)	838,609,884,626
560986 (pnpla6)	838,609,884,626
767699 (pmt)	901,441,947,458
767699 (pmt)	901,335,947,352
327566 (lpcat4)	740,609,786,626
555566 (lpcat3)	740,609,786,626
570695 (mboat2a)	740,609,786,626
572841 (mboat1)	740,609,786,626
692278 (mboat2b)	740,609,786,626
393722 (lypla2)	838,628,884,645
503936 (pnpla7b)	838,628,884,645
560649 (si:ch211-214p16.3)	838,628,884,645
560986 (pnpla6)	838,628,884,645
100002015 (cds1)	348,558,394,575
394161 (cds2)	348,558,394,575
393722 (lypla2)	838,222,884,239
503936 (pnpla7b)	838,222,884,239
560649 (si:ch211-214p16.3)	838,222,884,239
560986 (pnpla6)	838,222,884,239
393393 (adprm)	365,179,411,196
553433 (pisd)	565,615,611,632
100002812 (phospho1)	958,313,1004,330
393127 (pemt)	623,257,669,274
492483 (gpcpd1)	958,607,1004,624
335008 (pla2g15)	838,203,884,220
503936 (pnpla7b)	838,203,884,220
550279 (lypla1)	838,203,884,220
560649 (si:ch211-214p16.3)	838,203,884,220
560986 (pnpla6)	838,203,884,220
393127 (pemt)	624,342,670,359
393127 (pemt)	624,410,670,427
100534896 (pgs1)	323,660,369,677
405867 (crls1)	254,762,300,779
393509 (mboat7)	139,567,185,584
406265 (agpat4)	139,567,185,584
406554 (lclat1)	139,567,185,584
406734 (agpat3)	139,567,185,584
321965 (taz)	139,752,185,769
406554 (lclat1)	139,752,185,769
327566 (lpcat4)	322,810,368,827
406554 (lclat1)	322,810,368,827
553683 (lpcat2)	322,810,368,827
555969 (lpcat1)	322,810,368,827
561832 (lpgat1)	322,810,368,827
327566 (lpcat4)	542,582,588,599
555566 (lpcat3)	542,582,588,599
570695 (mboat2a)	542,582,588,599
572841 (mboat1)	542,582,588,599
692278 (mboat2b)	542,582,588,599
393421 (etnppl)	958,455,1004,472
557205 (phykpl)	958,455,1004,472
100334794 (plpp4)	539,439,585,456
431758 (plpp5)	539,439,585,456
dre00565: Ether lipid metabolism	48,379,176,404
dre00010: Glycolysis / Gluconeogenesis	1141,426,1210,451
dre00563: Glycosylphosphatidylinositol (GPI)-anchor biosynthesis	149,515,284,540
dre00561: Glycerolipid metabolism	44,85,181,110
dre00260: Glycine	645,712,767,746
serine and threonine metabolism	645,712,767,746
dre00620: Pyruvate metabolism	1141,397,1259,422
dre00564: Glycerophospholipid metabolism	40,45,323,70
dre00562: Inositol phosphate metabolism	137,647,298,672
