560212 (top3a)	613,747,659,764
793414 (top3b)	613,747,659,764
572540 (blm)	882,876,928,893
322269 (sem1)	1064,342,1110,359
554171 (rad52)	992,364,1038,381
406637 (mre11a)	975,210,1021,227
553029 (rad50)	975,193,1021,210
541414 (xrcc3)	623,349,669,366
450081 (rad51c)	623,366,669,383
553395 (xrcc2)	724,383,770,400
553395 (xrcc2)	570,366,616,383
404608 (rad51d)	724,366,770,383
404608 (rad51d)	570,349,616,366
450081 (rad51c)	678,366,724,383
406721 (rad51b)	678,349,724,366
450081 (rad51c)	570,317,616,334
406839 (mus81)	665,730,711,747
406637 (mre11a)	879,210,925,227
553029 (rad50)	879,193,925,210
406721 (rad51b)	570,300,616,317
544655 (nbn)	975,227,1021,244
327491 (rpa1)	992,320,1038,337
393196 (rpa3)	992,320,1038,337
65226 (rpa2)	992,320,1038,337
406487 (rad51)	992,342,1038,359
100332307 (eme2)	665,747,711,764
558350 (eme1)	665,747,711,764
566758 (brca2)	1110,342,1156,359
394119 (rad54l)	989,484,1035,501
560482 (rad54b)	989,484,1035,501
556456 (pold1)	894,659,940,676
571834 (si:dkey-28b4.7)	894,659,940,676
692256 (pold3)	894,659,940,676
796456 (pold2)	894,659,940,676
572540 (blm)	613,730,659,747
550504 (ssbp1)	230,193,276,210
678602 (sycp3)	1191,342,1237,359
503536 (rbbp8)	1064,210,1110,227
558923 (palb2)	1110,325,1156,342
100535018 (uimc1)	1136,284,1182,301
449820 (abraxas2a)	1136,267,1182,284
794038 (brip1)	1156,227,1202,244
100147913 (bard1)	1064,227,1110,244
407679 (topbp1)	1156,199,1202,216
403064 (atm)	1110,108,1156,125
550474 (babam2)	1191,267,1237,284
445296 (babam1)	1191,250,1237,267
100333845 (brcc3)	1191,284,1237,301
dre03440: Homologous recombination	40,45,279,70
