G10596	637,317,4
G00022	537,685,4
G00021	629,685,4
G00020	721,685,4
G00019	721,638,4
G00018 (DS 3)	537,731,4
G00017	629,731,4
G00016	721,731,4
G00015	820,638,4
G00014	820,571,4
G00013	820,501,4
G00012	723,501,4
G00011	543,501,4
G00171	362,501,4
G00009	261,501,4
G00008	261,409,4
G00007	453,317,4
G00006	736,226,4
G00005	637,121,4
G00004	545,121,4
G00003	453,121,4
G00002 (N,N'-Chitobiosyldiphosphodolichol)	362,121,4
G00001 (N-Acetyl-D-glucosaminyldiphosphodolichol)	261,121,4
C03021 (Protein asparagine)	302,431,4
C01246 (Dolichyl beta-D-glucosyl phosphate)	362,336,4
C03862 (Dolichyl phosphate D-mannose)	637,247,4
C00621 (Dolichyl diphosphate)	180,474,4
C00381 (Dolichol)	67,335,4
C00110 (Dolichyl phosphate)	180,336,4
G10526	736,121,4
G10595	736,317,4
G10597	545,317,4
G10598	453,409,4
G10599	362,409,4
G00010	453,501,4
C00096 (GDP-mannose)	372,177,4
C06081 (Polyprenol)	67,260,4
G10694	633,501,4
450072 (alg14)	282,121,328,138
393782 (dpm3)	429,247,475,264
796295 (dpm2)	384,247,430,264
445327 (alg6)	430,359,476,376
569494 (alg12)	573,309,619,326
393598 (alg9)	669,309,715,326
553725 (alg3)	714,265,760,282
101884072 (mgat5b)	650,676,696,693
724006 (mgat5)	650,676,696,693
474331 (dolpp1)	156,400,202,417
797512 (fut8a)	742,722,788,739
100333333 (mgat4c)	559,676,605,693
492796 (zgc:101663)	559,676,605,693
100148828 (b4galt2)	650,723,696,740
550425 (b4galt1)	650,723,696,740
556544 (si:dkey-199f5.8)	650,723,696,740
561756 (b4galt3)	650,723,696,740
768123 (b4galt1l)	650,723,696,740
403116 (st6gal2a)	559,723,605,740
445376 (st6gal1)	559,723,605,740
553676 (mgat3a)	742,631,788,648
570828 (mgat3b)	742,631,788,648
100000478 (mgat2)	798,594,844,611
100333987 (man2a2)	798,524,844,541
560219 (man2a1)	798,524,844,541
556237 (man1b1b)	557,492,603,509
562592 (man1b1a)	557,492,603,509
431727 (mgat4b)	742,676,788,693
563038 (mgat4a)	742,676,788,693
100334730 (ganab)	384,492,430,509
567913 (mogs)	282,492,328,509
407614 (alg11)	714,181,760,198
266797 (stt3a)	215,446,261,463
323918 (stt3b)	215,446,261,463
751635 (alg5)	248,337,294,354
403068 (alg2)	475,113,521,130
334161 (alg1)	384,113,430,130
436733 (zgc:92907)	282,104,328,121
557181 (alg13)	282,104,328,121
445202 (dpm1)	409,230,455,247
566539 (dpagt1)	190,113,236,130
799960 (dolk)	100,318,146,335
100331575 (alg10)	138,905,158,905,158,909,138,909
569494 (alg12)	394,819,409,834,413,834,398,819
327601 (alg8)	198,905,218,905,218,909,198,909
445327 (alg6)	259,905,279,905,279,909,259,909
407614 (alg11)	323,905,343,905,343,909,323,909
407614 (alg11)	388,905,408,905,408,909,388,909
393598 (alg9)	330,863,350,863,350,867,330,867
393598 (alg9)	330,814,350,814,350,818,330,818
553725 (alg3)	392,865,407,850,411,850,396,865
403068 (alg2)	453,845,473,865,477,865,457,845
403068 (alg2)	452,905,472,885,476,885,456,905
334161 (alg1)	515,873,535,873,535,877,515,877
436733 (zgc:92907)	593,873,613,873,613,877,593,877
450072 (alg14)	593,873,613,873,613,877,593,877
557181 (alg13)	593,873,613,873,613,877,593,877
566539 (dpagt1)	671,873,691,873,691,877,671,877
567913 (mogs)	136,1048,156,1048,156,1052,136,1052
100333987 (man2a2)	392,962,407,977,411,977,396,962
560219 (man2a1)	392,962,407,977,411,977,396,962
100334730 (ganab)	196,1048,216,1048,216,1052,196,1052
100334730 (ganab)	257,1048,277,1048,277,1052,257,1052
101882461	321,1048,341,1048,341,1052,321,1052
335538 (man1a2)	321,1048,341,1048,341,1052,321,1052
566078 (man1a1)	321,1048,341,1048,341,1052,321,1052
101882461	386,1048,406,1048,406,1052,386,1052
335538 (man1a2)	386,1048,406,1048,406,1052,386,1052
566078 (man1a1)	386,1048,406,1048,406,1052,386,1052
556237 (man1b1b)	328,1006,348,1006,348,1010,328,1010
562592 (man1b1a)	328,1006,348,1006,348,1010,328,1010
101882461	328,957,348,957,348,961,328,961
335538 (man1a2)	328,957,348,957,348,961,328,961
566078 (man1a1)	328,957,348,957,348,961,328,961
100333987 (man2a2)	390,1008,405,993,409,993,394,1008
560219 (man2a1)	390,1008,405,993,409,993,394,1008
101884072 (mgat5b)	296,1103,311,1118,315,1118,300,1103
724006 (mgat5)	296,1103,311,1118,315,1118,300,1103
431727 (mgat4b)	296,1206,311,1221,315,1221,300,1206
563038 (mgat4a)	296,1206,311,1221,315,1221,300,1206
403116 (st6gal2a)	159,1158,179,1158,179,1162,159,1162
445376 (st6gal1)	159,1158,179,1158,179,1162,159,1162
100000478 (mgat2)	295,1159,310,1144,314,1144,299,1159
797512 (fut8a)	502,1132,517,1147,521,1147,506,1132
100333333 (mgat4c)	294,1128,314,1128,314,1132,294,1132
492796 (zgc:101663)	294,1128,314,1128,314,1132,294,1132
100148828 (b4galt2)	219,1158,239,1158,239,1162,219,1162
550425 (b4galt1)	219,1158,239,1158,239,1162,219,1162
556544 (si:dkey-199f5.8)	219,1158,239,1158,239,1162,219,1162
561756 (b4galt3)	219,1158,239,1158,239,1162,219,1162
768123 (b4galt1l)	219,1158,239,1158,239,1162,219,1162
553676 (mgat3a)	360,1178,380,1178,380,1182,360,1182
570828 (mgat3b)	360,1178,380,1178,380,1182,360,1182
403116 (st6gal2a)	158,1254,178,1254,178,1258,158,1258
445376 (st6gal1)	158,1254,178,1254,178,1258,158,1258
100148828 (b4galt2)	218,1254,238,1254,238,1258,218,1258
550425 (b4galt1)	218,1254,238,1254,238,1258,218,1258
556544 (si:dkey-199f5.8)	218,1254,238,1254,238,1258,218,1258
561756 (b4galt3)	218,1254,238,1254,238,1258,218,1258
768123 (b4galt1l)	218,1254,238,1254,238,1258,218,1258
393649 (mgat1a)	295,1253,310,1238,314,1238,299,1253
558524 (mgat1b)	295,1253,310,1238,314,1238,299,1253
325561 (rpn1)	261,446,307,463
335985 (rpn2)	261,446,307,463
406408 (ddost)	261,446,307,463
553582 (tusc3)	261,446,307,463
566527 (dad1)	261,446,307,463
403068 (alg2)	566,113,612,130
407614 (alg11)	658,113,704,130
393598 (alg9)	485,308,531,325
327601 (alg8)	391,401,437,418
100331575 (alg10)	294,401,340,418
100334730 (ganab)	473,492,519,509
393649 (mgat1a)	742,492,788,509
558524 (mgat1b)	742,492,788,509
560717 (srd5a3)	44,286,90,303
101882461	649,492,695,509
335538 (man1a2)	649,492,695,509
566078 (man1a1)	649,492,695,509
dre00513: Various types of N-glycan biosynthesis	480,419,607,453
dre00511: Other glycan degradation	393,668,470,702
dre00533: Glycosaminoglycan biosynthesis - keratan sulfate	883,621,972,655
dre00563: Glycosylphosphatidylinositol (GPI)-anchor biosynthesis	576,137,699,182
dre00051: Fructose and mannose metabolism	199,160,323,194
dre00510: N-Glycan biosynthesis	40,45,234,70
dre00520: Amino sugar and nucleotide sugar metabolism	70,114,165,159
dre00515: Mannose type O-glycan biosynthesis	461,191,591,225
dre00900: Terpenoid backbone biosynthesis	11,183,124,217
