G00181 (Disialosylglobopentaosylceramide)	220,525,4
G00096 (IV3GalNAcb-Gb4Cer)	219,344,4
G00099 (Globo-H)	220,435,4
G00100 (V3(NeuAc)2-Gb5Cer)	333,616,4
G00101	445,525,4
G00098 (Monosialylgalactosylgloboside)	333,525,4
G00097 (Galactosylgloboside)	333,435,4
G00104	668,435,4
G00103	557,435,4
G00102	445,435,4
G00106	108,344,4
G00105 (GalGb3Cer)	108,292,4
G00094 (Globoside)	333,250,4
G00095 (Forssman antigen	445,250,4
IV3GalNAca-Gb4Cer)	445,250,4
G00093 (Globotriaosylceramide)	221,250,4
G00092 (Lactosylceramide)	108,250,4
G00403 (iGb3-Cer)	221,162,4
G00392 (iGb4-Cer)	333,162,4
G02977	445,162,4
G00107	108,434,4
G11492 (IV4-alpha-Gal-Gb4Cer)	445,292,4
G13080 (NORint)	555,292,4
G13081 (NOR2 antigen)	666,292,4
445562 (st3gal2)	310,470,356,487
560778 (naga)	364,255,410,272
323613 (hexb)	251,256,297,273
550460 (hexa)	251,256,297,273
553210 (st8sia1)	311,563,357,580
796410 (fut9a)	585,425,631,442
450083 (gla)	139,209,185,226
387303 (gbgt1l4)	363,228,409,245
553210 (st8sia1)	77,733,107,733,107,737,77,737
387303 (gbgt1l4)	235,683,265,683,265,687,235,687
445562 (st3gal2)	171,733,201,733,201,737,171,737
796410 (fut9a)	166,656,181,641,185,641,170,656
387303 (gbgt1l4)	363,153,409,170
387303 (gbgt1l4)	235,898,265,898,265,902,235,902
dre00600: Sphingolipid metabolism	68,100,145,134
dre00603: Glycosphingolipid biosynthesis - globo and isoglobo series	40,45,537,70
