C00575 (3',5'-Cyclic AMP)	255,319,4
30225 (smo)	67,352,113,369
100332121 (si:ch211-237c6.4)	271,258,317,275
368421 (gpr161)	271,258,317,275
100006858 (csnk1e)	248,397,294,414
192307 (csnk1a1)	248,397,294,414
322106 (csnk1da)	248,397,294,414
406533 (csnk1db)	248,397,294,414
494092 (csnk1g1)	248,397,294,414
554152 (csnk1g2a)	248,397,294,414
561724 (csnk1g2b)	248,397,294,414
30654 (gsk3ba)	248,416,294,433
560194 (gsk3aa)	248,416,294,433
393998 (prkacba)	248,378,294,395
445076 (prkacab)	248,378,294,395
563147 (prkacbb)	248,378,294,395
564064 (prkacaa)	248,378,294,395
30154 (gli2a)	170,380,216,397
352930 (gli1)	170,380,216,397
403042 (gli3)	170,380,216,397
548610 (gli2b)	170,380,216,397
544651 (kif7)	170,347,216,364
30154 (gli2a)	170,550,216,567
352930 (gli1)	170,550,216,567
403042 (gli3)	170,550,216,567
548610 (gli2b)	170,550,216,567
323883 (cul1a)	248,463,294,480
406816 (cul1b)	248,463,294,480
334373 (fbxw11a)	248,480,294,497
406825 (fbxw11b)	248,480,294,497
30154 (gli2a)	72,718,118,735
352930 (gli1)	72,718,118,735
403042 (gli3)	72,718,118,735
548610 (gli2b)	72,718,118,735
30181 (ptch2)	121,718,167,735
30189 (ptch1)	121,718,167,735
326102 (hhip)	170,718,216,735
30181 (ptch2)	117,258,163,275
30189 (ptch1)	117,258,163,275
30225 (smo)	67,412,113,429
30225 (smo)	666,302,712,319
30154 (gli2a)	764,547,810,564
352930 (gli1)	764,547,810,564
403042 (gli3)	764,547,810,564
548610 (gli2b)	764,547,810,564
30154 (gli2a)	746,189,792,206
352930 (gli1)	746,189,792,206
403042 (gli3)	746,189,792,206
548610 (gli2b)	746,189,792,206
544651 (kif7)	746,155,792,172
100001615 (sufu)	746,172,792,189
30181 (ptch2)	475,352,521,369
30189 (ptch1)	475,352,521,369
280652 (cdon)	532,352,578,369
334628 (boc)	532,352,578,369
568184 (lrp2a)	532,352,578,369
777760 (gas1b)	532,352,578,369
796318 (gas1a)	532,352,578,369
321695 (smurf1)	551,532,597,549
563633 (smurf2)	551,532,597,549
30181 (ptch2)	475,532,521,549
30189 (ptch1)	475,532,521,549
30269 (shha)	475,286,521,303
30299 (ihhb)	475,286,521,303
30444 (shhb)	475,286,521,303
558147 (dhh)	475,286,521,303
619520 (ihha)	475,286,521,303
569403 (grk3)	700,423,746,440
100006858 (csnk1e)	700,404,746,421
192307 (csnk1a1)	700,404,746,421
322106 (csnk1da)	700,404,746,421
406533 (csnk1db)	700,404,746,421
494092 (csnk1g1)	700,404,746,421
554152 (csnk1g2a)	700,404,746,421
561724 (csnk1g2b)	700,404,746,421
30154 (gli2a)	668,718,714,735
352930 (gli1)	668,718,714,735
403042 (gli3)	668,718,714,735
548610 (gli2b)	668,718,714,735
30181 (ptch2)	717,718,763,735
30189 (ptch1)	717,718,763,735
326102 (hhip)	766,718,812,735
30225 (smo)	636,477,682,494
100332121 (si:ch211-237c6.4)	819,278,865,295
368421 (gpr161)	819,278,865,295
321378 (arrb2a)	710,237,756,254
394099 (arrb2b)	710,237,756,254
436678 (arr3a)	710,237,756,254
553266 (arrb1)	710,237,756,254
796867 (arr3b)	710,237,756,254
550267 (kif3a)	710,220,756,237
100005514 (spop)	699,634,745,651
541318 (spopla)	699,634,745,651
324655 (cul3a)	699,617,745,634
572370 (cul3b)	699,617,745,634
100001615 (sufu)	833,462,879,479
324655 (cul3a)	910,453,956,470
572370 (cul3b)	910,453,956,470
100005514 (spop)	910,470,956,487
541318 (spopla)	910,470,956,487
100332121 (si:ch211-237c6.4)	833,393,879,410
368421 (gpr161)	833,393,879,410
30225 (smo)	635,352,681,369
393998 (prkacba)	729,379,775,396
445076 (prkacab)	729,379,775,396
563147 (prkacbb)	729,379,775,396
564064 (prkacaa)	729,379,775,396
100001615 (sufu)	170,363,216,380
30222 (ccnd1)	219,718,265,735
799608 (ccnd2a)	219,718,265,735
100007048 (bcl2b)	268,718,314,735
570772 (bcl2a)	268,718,314,735
30222 (ccnd1)	815,718,861,735
799608 (ccnd2a)	815,718,861,735
100007048 (bcl2b)	864,718,910,735
570772 (bcl2a)	864,718,910,735
791154 (megf8)	545,394,591,411
553327 (mgrn1b)	545,414,591,431
793939 (mgrn1a)	545,414,591,431
100535551 (gb:eh551987)	584,352,630,369
767723 (mosmob)	584,352,630,369
326102 (hhip)	425,352,471,369
dre04340: Hedgehog signaling pathway	40,45,307,70
dre04120: Ubiquitin mediated proteolysis	222,504,336,540
