C02189 ([Protein]-L-serine)	75,187,4
G10617 (Dolichyl phosphate D-mannose)	97,123,4
G13082	218,494,4
G13027	218,187,4
G13026	218,341,4
G13085	147,494,4
G13088	218,570,4
G13100	289,494,4
G13028	476,341,4
G13086 (O-Mannose core M2)	476,418,4
G13083	476,494,4
G13089	476,570,4
G13090	422,493,4
G13087	338,187,4
G13092 (Phospho-core M3)	577,187,4
G13093	577,264,4
G13099	1180,341,4
G13096	817,341,4
G13091 (O-mannose core M3)	458,187,4
C01068 (D-Ribitol 5-phosphate)	637,123,4
C00063 (CTP)	594,136,4
C00789 (CDP-ribitol)	637,199,4
G13094	577,341,4
G13095	697,341,4
G13097	937,341,4
G13098	1057,341,4
G13084 (O-Mannose core M1)	218,418,4
100148828 (b4galt2)	195,364,241,381
550425 (b4galt1)	195,364,241,381
556544 (si:dkey-199f5.8)	195,364,241,381
561756 (b4galt3)	195,364,241,381
768123 (b4galt1l)	195,364,241,381
563878 (pomt2)	130,178,176,195
569769 (pomt1)	130,178,176,195
571876 (pomgnt1)	195,250,241,267
407659 (st3gal3b)	124,444,170,461
445060 (b3gat2)	195,444,241,461
548607 (b3gat1a)	195,444,241,461
445322 (chst10)	195,518,241,535
796410 (fut9a)	266,444,312,461
407659 (st3gal3b)	130,643,160,643,160,647,130,647
100148828 (b4galt2)	200,643,230,643,230,647,200,647
550425 (b4galt1)	200,643,230,643,230,647,200,647
556544 (si:dkey-199f5.8)	200,643,230,643,230,647,200,647
561756 (b4galt3)	200,643,230,643,230,647,200,647
768123 (b4galt1l)	200,643,230,643,230,647,200,647
571876 (pomgnt1)	290,643,320,643,320,647,290,647
563878 (pomt2)	365,643,395,643,395,647,365,647
569769 (pomt1)	365,643,395,643,395,647,365,647
445322 (chst10)	85,690,115,690,115,694,85,694
445060 (b3gat2)	161,690,191,690,191,694,161,694
548607 (b3gat1a)	161,690,191,690,191,694,161,694
100148828 (b4galt2)	230,690,260,690,260,694,230,694
550425 (b4galt1)	230,690,260,690,260,694,230,694
556544 (si:dkey-199f5.8)	230,690,260,690,260,694,230,694
561756 (b4galt3)	230,690,260,690,260,694,230,694
768123 (b4galt1l)	230,690,260,690,260,694,230,694
563878 (pomt2)	391,690,421,690,421,694,391,694
569769 (pomt1)	391,690,421,690,421,694,391,694
571876 (pomgnt1)	317,690,347,690,347,694,317,694
100148828 (b4galt2)	127,745,108,726,112,726,131,745
550425 (b4galt1)	127,745,108,726,112,726,131,745
556544 (si:dkey-199f5.8)	127,745,108,726,112,726,131,745
561756 (b4galt3)	127,745,108,726,112,726,131,745
768123 (b4galt1l)	127,745,108,726,112,726,131,745
796410 (fut9a)	108,779,127,760,131,760,112,779
571876 (pomgnt1)	188,752,218,752,218,756,188,756
563878 (pomt2)	262,752,292,752,292,756,262,756
569769 (pomt1)	262,752,292,752,292,756,262,756
101884072 (mgat5b)	323,333,369,350
100148828 (b4galt2)	451,364,497,381
550425 (b4galt1)	451,364,497,381
556544 (si:dkey-199f5.8)	451,364,497,381
561756 (b4galt3)	451,364,497,381
768123 (b4galt1l)	451,364,497,381
407659 (st3gal3b)	399,444,445,461
497644 (pomgnt2)	251,178,297,195
553716 (b3galnt2)	373,178,419,195
492773 (pomk)	489,178,535,195
446213 (large1)	852,332,898,349
446214 (large2)	852,332,898,349
407659 (st3gal3b)	130,860,160,860,160,864,130,864
100148828 (b4galt2)	200,859,230,859,230,863,200,863
550425 (b4galt1)	200,859,230,859,230,863,200,863
556544 (si:dkey-199f5.8)	200,859,230,859,230,863,200,863
561756 (b4galt3)	200,859,230,859,230,863,200,863
768123 (b4galt1l)	200,859,230,859,230,863,200,863
101884072 (mgat5b)	304,882,286,864,290,864,308,882
571876 (pomgnt1)	287,912,304,895,308,895,291,912
563878 (pomt2)	352,887,382,887,382,891,352,891
569769 (pomt1)	352,887,382,887,382,891,352,891
407659 (st3gal3b)	130,912,160,912,160,916,130,916
100148828 (b4galt2)	200,911,230,911,230,915,200,915
550425 (b4galt1)	200,911,230,911,230,915,200,915
556544 (si:dkey-199f5.8)	200,911,230,911,230,915,200,915
561756 (b4galt3)	200,911,230,911,230,915,200,915
768123 (b4galt1l)	200,911,230,911,230,915,200,915
100148828 (b4galt2)	632,860,662,860,662,864,632,864
550425 (b4galt1)	632,860,662,860,662,864,632,864
556544 (si:dkey-199f5.8)	632,860,662,860,662,864,632,864
561756 (b4galt3)	632,860,662,860,662,864,632,864
768123 (b4galt1l)	632,860,662,860,662,864,632,864
101884072 (mgat5b)	735,882,717,864,721,864,739,882
571876 (pomgnt1)	718,913,735,896,739,896,722,913
563878 (pomt2)	783,888,813,888,813,892,783,892
569769 (pomt1)	783,888,813,888,813,892,783,892
100148828 (b4galt2)	632,911,662,911,662,915,632,915
550425 (b4galt1)	632,911,662,911,662,915,632,915
556544 (si:dkey-199f5.8)	632,911,662,911,662,915,632,915
561756 (b4galt3)	632,911,662,911,662,915,632,915
768123 (b4galt1l)	632,911,662,911,662,915,632,915
563878 (pomt2)	1021,1041,1051,1041,1051,1045,1021,1045
569769 (pomt1)	1021,1041,1051,1041,1051,1045,1021,1045
497644 (pomgnt2)	944,1040,974,1040,974,1044,944,1044
553716 (b3galnt2)	855,1040,885,1040,885,1044,855,1044
445060 (b3gat2)	453,444,499,461
548607 (b3gat1a)	453,444,499,461
445322 (chst10)	453,518,499,535
101669768 (b4gat1)	729,332,775,349
798716 (ispd)	614,153,660,170
100006345 (fktn)	554,213,600,230
571426 (fkrp)	554,291,600,308
557187 (rxylt1)	609,333,655,350
446213 (large1)	972,332,1018,349
446214 (large2)	972,332,1018,349
445060 (b3gat2)	564,860,594,860,594,864,564,864
548607 (b3gat1a)	564,860,594,860,594,864,564,864
445322 (chst10)	492,860,522,860,522,864,492,864
492773 (pomk)	956,1012,974,1030,978,1030,960,1012
100006345 (fktn)	767,1040,797,1040,797,1044,767,1044
571426 (fkrp)	696,1040,726,1040,726,1044,696,1044
557187 (rxylt1)	625,1040,655,1040,655,1044,625,1044
101669768 (b4gat1)	560,1040,590,1040,590,1044,560,1044
446213 (large1)	486,1040,516,1040,516,1044,486,1044
446214 (large2)	486,1040,516,1040,516,1044,486,1044
446213 (large1)	417,1040,447,1040,447,1044,417,1044
446214 (large2)	417,1040,447,1040,447,1044,417,1044
446213 (large1)	342,1040,372,1040,372,1044,342,1044
446214 (large2)	342,1040,372,1040,372,1044,342,1044
446213 (large1)	275,1040,305,1040,305,1044,275,1044
446214 (large2)	275,1040,305,1040,305,1044,275,1044
446213 (large1)	201,1040,231,1040,231,1044,201,1044
446214 (large2)	201,1040,231,1040,231,1044,201,1044
dre00515: Mannose type O-glycan biosynthesis	40,45,353,70
dre00510: N-Glycan biosynthesis	186,105,262,139
