C00076 (Calcium cation)	197,402,4
C00076 (Calcium cation)	418,410,4
C00076 (Calcium cation)	193,519,4
C01330 (Sodium cation)	280,529,4
C01330 (Sodium cation)	385,108,4
C00076 (Calcium cation)	533,495,4
C00238 (Potassium cation)	598,113,4
C01330 (Sodium cation)	587,212,4
C00080 (H+)	535,210,4
C01330 (Sodium cation)	545,113,4
C00575 (3',5'-Cyclic AMP)	683,275,4
C00076 (Calcium cation)	297,402,4
C00547 (L-Noradrenaline)	677,60,4
C00788 (L-Adrenaline)	685,97,4
C07056 (Isoproterenol)	721,72,4
C00165 (Diacylglycerol)	871,591,4
C01245 (D-myo-Inositol 1,4,5-trisphosphate)	949,625,4
C00076 (Calcium cation)	870,622,4
C00547 (L-Noradrenaline)	1144,566,4
C00788 (L-Adrenaline)	1144,590,4
C01330 (Sodium cation)	326,111,4
C00076 (Calcium cation)	431,218,4
C00238 (Potassium cation)	486,218,4
C00076 (Calcium cation)	374,218,4
100003220 (cacng6b)	215,397,261,414
100003329 (cacng8b)	215,397,261,414
100034540 (cacng7a)	215,397,261,414
100034580 (cacng6a)	215,397,261,414
100148645 (cacna2d3)	215,397,261,414
100331116 (cacng5b)	215,397,261,414
100535196 (cacna2d3a)	215,397,261,414
170581 (cacna1c)	215,397,261,414
322013 (cacng1a)	215,397,261,414
393614 (cacng2a)	215,397,261,414
403310 (cacna1da)	215,397,261,414
405791 (cacna1sb)	215,397,261,414
436925 (cacnb1)	215,397,261,414
559964 (cacna1fb)	215,397,261,414
561434 (cacna2d1a)	215,397,261,414
562422 (cacnb4a)	215,397,261,414
564883 (cacng3b)	215,397,261,414
565158 (cacnb3a)	215,397,261,414
567438 (cacng3a)	215,397,261,414
568225 (cacna2d4a)	215,397,261,414
568759 (cacna2d2b)	215,397,261,414
570683 (cacna1sa)	215,397,261,414
571193 (cacng1b)	215,397,261,414
678560 (cacnb4b)	215,397,261,414
794222 (cacng4b)	215,397,261,414
795492 (cacnb2a)	215,397,261,414
797409 (cacng5a)	215,397,261,414
100126126 (ryr2a)	341,397,387,414
568463 (ryr2b)	341,397,387,414
553489 (slc8a1a)	357,151,403,168
560561 (slc8a3)	357,151,403,168
567212 (slc8a2b)	357,151,403,168
568512 (slc8a4a)	357,151,403,168
797199 (slc8a1b)	357,151,403,168
553489 (slc8a1a)	212,516,258,533
560561 (slc8a3)	212,516,258,533
567212 (slc8a2b)	212,516,258,533
568512 (slc8a4a)	212,516,258,533
797199 (slc8a1b)	212,516,258,533
260440 (atp2a1)	597,428,643,445
393940 (atp2a2a)	597,428,643,445
494489 (atp2a1l)	597,428,643,445
562640 (si:dkey-28b4.8)	597,428,643,445
568265 (atp2a2b)	597,428,643,445
568671 (atp2a3)	597,428,643,445
353247 (tnnc1a)	504,524,550,541
415175 (tnnc1b)	504,524,550,541
58071 (tnnt2a)	530,561,576,578
337770 (si:ch73-187m15.4)	497,623,543,640
408256 (actc1a)	497,623,543,640
570210 (zgc:86709)	497,623,543,640
58114 (actc1b)	497,623,543,640
30324 (tpma)	520,606,566,623
324244 (tpm4b)	520,606,566,623
373076 (tpm3)	520,606,566,623
393908 (tpm1)	520,606,566,623
406437 (tpm4a)	520,606,566,623
415209 (tpm2)	520,606,566,623
100329748	497,677,543,694
100329813	497,677,543,694
100537244 (myl2a)	497,677,543,694
100884147 (myh7ba)	497,677,543,694
30616 (myh7)	497,677,543,694
574004 (myl4)	497,677,543,694
677750 (myl2b)	497,677,543,694
768300 (myh7l)	497,677,543,694
100037383 (atp1b4)	570,151,616,168
114457 (atp1b2b)	570,151,616,168
245703 (atp1a1a.5)	570,151,616,168
30468 (atp1b3a)	570,151,616,168
64267 (atp1b1a)	570,151,616,168
64269 (atp1b2a)	570,151,616,168
64272 (atp1b3b)	570,151,616,168
64273 (atp1b1b)	570,151,616,168
64609 (atp1a2a)	570,151,616,168
64610 (atp1a3a)	570,151,616,168
64611 (atp1a3b)	570,151,616,168
64612 (atp1a1a.1)	570,151,616,168
64613 (atp1a1a.2)	570,151,616,168
64614 (atp1a1a.3)	570,151,616,168
64615 (atp1a1a.4)	570,151,616,168
64616 (atp1a1b)	570,151,616,168
794522 (si:ch211-139a5.9)	570,151,616,168
101885761 (slc9a1a)	517,151,563,168
795135 (slc9a1b)	517,151,563,168
557194 (adrb1)	630,151,676,168
558248 (adrb3a)	630,151,676,168
792519 (adrb3b)	630,151,676,168
100037315 (adrb2b)	739,151,785,168
565838 (adrb2a)	739,151,785,168
557353 (gnas)	646,190,692,207
557353 (gnas)	709,190,755,207
100006888 (gnai3)	772,190,818,207
323509 (gnaia)	772,190,818,207
327650 (gnai2b)	772,190,818,207
336421 (gnai2a)	772,190,818,207
393946 (gnai1)	772,190,818,207
100148976 (adcy8)	679,228,725,245
100333702 (adcy9)	679,228,725,245
101884360	679,228,725,245
557026 (adcy1a)	679,228,725,245
557902 (adcy2b)	679,228,725,245
560410 (si:ch211-132f19.7)	679,228,725,245
560719 (si:dkey-206f10.1)	679,228,725,245
560807 (adcy6b)	679,228,725,245
562619 (adcy5)	679,228,725,245
563724 (adcy2a)	679,228,725,245
568726 (adcy7)	679,228,725,245
569499 (adcy1b)	679,228,725,245
570652 (adcy6a)	679,228,725,245
571825 (adcy3a)	679,228,725,245
393998 (prkacba)	620,298,666,315
445076 (prkacab)	620,298,666,315
563147 (prkacbb)	620,298,666,315
564064 (prkacaa)	620,298,666,315
100007492	812,250,858,267
101886666 (pik3r6b)	812,250,858,267
323588 (pik3r5)	812,250,858,267
406598 (pik3cg)	812,250,858,267
564261 (si:rp71-17i16.5)	812,250,858,267
100149794 (akt3b)	894,250,940,267
101910198 (akt1)	894,250,940,267
378972 (akt2)	894,250,940,267
403146 (akt2l)	894,250,940,267
560549 (akt3a)	894,250,940,267
360144 (mapk1)	753,250,799,267
399480 (mapk3)	753,250,799,267
100006516 (atf2)	775,413,821,430
100333318 (creb3l4)	775,413,821,430
338317 (creb3l1)	775,413,821,430
406514 (atf4a)	775,413,821,430
406853 (creb3l3l)	775,413,821,430
553700 (creb3l3a)	775,413,821,430
556410 (atf4b)	775,413,821,430
565910 (creb5b)	775,413,821,430
567018 (atf7b)	775,413,821,430
573207 (creb1a)	775,413,821,430
777612 (atf6b)	775,413,821,430
791169 (creb3l2)	775,413,821,430
555548 (pln)	566,445,612,462
100005325 (scn1bb)	303,151,349,168
555423 (scn1ba)	303,151,349,168
566069 (scn4ba)	303,151,349,168
566868 (scn5lab)	303,151,349,168
795688 (scn12aa)	303,151,349,168
100003223 (ppp1cb)	656,505,702,522
327301 (ppp1cab)	656,505,702,522
334597 (ppp1cbl)	656,505,702,522
407980 (ppp1caa)	656,505,702,522
571753 (ppp1cc)	656,505,702,522
100002802 (ppp2r2ca)	678,569,724,586
100005981 (ppp2r5ca)	678,569,724,586
327263 (ppp2r2ab)	678,569,724,586
373878 (ppp2r5eb)	678,569,724,586
373881 (ppp2r5ea)	678,569,724,586
393100 (ppp2r3c)	678,569,724,586
393885 (zgc:56064)	678,569,724,586
405816 (ppp2r2d)	678,569,724,586
406582 (ppp2cb)	678,569,724,586
406610 (ppp2r5d)	678,569,724,586
406685 (ppp2r1ba)	678,569,724,586
449548 (ppp2r1bb)	678,569,724,586
550585 (ppp2ca)	678,569,724,586
557208 (ppp2r5cb)	678,569,724,586
558752 (ppp2r2aa)	678,569,724,586
558810 (ppp2r2bb)	678,569,724,586
559392 (ppp2r2cb)	678,569,724,586
562282 (ppp2r5b)	678,569,724,586
562460 (ppp2r5a)	678,569,724,586
565849 (ppp2r3a)	678,569,724,586
566032 (ppp2r3b)	678,569,724,586
192322 (calm2b)	280,334,326,351
321808 (calm3b)	280,334,326,351
327379 (calm3a)	280,334,326,351
336121 (calm2a)	280,334,326,351
368217 (calm1b)	280,334,326,351
406660 (calm1a)	280,334,326,351
560151 (calml4a)	280,334,326,351
436815 (camk2d2)	276,255,322,272
445208 (camk2d1)	276,255,322,272
550436 (camk2a)	276,255,322,272
562064 (camk2b1)	276,255,322,272
791855 (camk2g1)	276,255,322,272
793359 (camk2g2)	276,255,322,272
798222 (camk2b)	276,255,322,272
100333455 (agtr1b)	1048,517,1094,534
503772 (agtr2)	1048,517,1094,534
794575 (agtr1a)	1048,517,1094,534
445232 (gna15.1)	968,539,1014,556
445297 (gna14)	968,539,1014,556
562625 (gna15.4)	968,539,1014,556
563953 (gna11a)	968,539,1014,556
570108 (gnaq)	968,539,1014,556
100001532 (plcb3)	887,539,933,556
100537538	887,539,933,556
407700 (plcb4)	887,539,933,556
569376 (plcb2)	887,539,933,556
100333967 (si:ch73-374l24.1)	810,539,856,556
497384 (prkcaa)	810,539,856,556
101886094 (rapgef3)	707,301,753,318
559170 (rapgef4)	707,301,753,318
100002318 (mapk13)	853,299,899,316
266756 (mapk14b)	853,299,899,316
30681 (mapk12a)	853,299,899,316
415185 (mapk11)	853,299,899,316
557810 (mapk12b)	853,299,899,316
562552 (zgc:171775)	853,299,899,316
65237 (mapk14a)	853,299,899,316
100002802 (ppp2r2ca)	270,430,316,447
100005981 (ppp2r5ca)	270,430,316,447
327263 (ppp2r2ab)	270,430,316,447
373878 (ppp2r5eb)	270,430,316,447
373881 (ppp2r5ea)	270,430,316,447
393100 (ppp2r3c)	270,430,316,447
393885 (zgc:56064)	270,430,316,447
405816 (ppp2r2d)	270,430,316,447
406582 (ppp2cb)	270,430,316,447
406610 (ppp2r5d)	270,430,316,447
406685 (ppp2r1ba)	270,430,316,447
449548 (ppp2r1bb)	270,430,316,447
550585 (ppp2ca)	270,430,316,447
557208 (ppp2r5cb)	270,430,316,447
558752 (ppp2r2aa)	270,430,316,447
558810 (ppp2r2bb)	270,430,316,447
559392 (ppp2r2cb)	270,430,316,447
562282 (ppp2r5b)	270,430,316,447
562460 (ppp2r5a)	270,430,316,447
565849 (ppp2r3a)	270,430,316,447
566032 (ppp2r3b)	270,430,316,447
100003223 (ppp1cb)	269,456,315,473
327301 (ppp1cab)	269,456,315,473
334597 (ppp1cbl)	269,456,315,473
407980 (ppp1caa)	269,456,315,473
571753 (ppp1cc)	269,456,315,473
100149100 (adra1ba)	1048,558,1094,575
492486 (adra1bb)	1048,558,1094,575
557259 (adra1ab)	1048,558,1094,575
568614 (adra1d)	1048,558,1094,575
798498 (adra1aa)	1048,558,1094,575
100002802 (ppp2r2ca)	364,597,410,614
100005981 (ppp2r5ca)	364,597,410,614
327263 (ppp2r2ab)	364,597,410,614
373878 (ppp2r5eb)	364,597,410,614
373881 (ppp2r5ea)	364,597,410,614
393100 (ppp2r3c)	364,597,410,614
393885 (zgc:56064)	364,597,410,614
405816 (ppp2r2d)	364,597,410,614
406582 (ppp2cb)	364,597,410,614
406610 (ppp2r5d)	364,597,410,614
406685 (ppp2r1ba)	364,597,410,614
449548 (ppp2r1bb)	364,597,410,614
550585 (ppp2ca)	364,597,410,614
557208 (ppp2r5cb)	364,597,410,614
558752 (ppp2r2aa)	364,597,410,614
558810 (ppp2r2bb)	364,597,410,614
559392 (ppp2r2cb)	364,597,410,614
562282 (ppp2r5b)	364,597,410,614
562460 (ppp2r5a)	364,597,410,614
565849 (ppp2r3a)	364,597,410,614
566032 (ppp2r3b)	364,597,410,614
555432 (crema)	912,444,958,461
100007048 (bcl2b)	909,321,955,338
570772 (bcl2a)	909,321,955,338
565173 (rps6ka5)	775,452,821,469
360144 (mapk1)	810,493,856,510
399480 (mapk3)	810,493,856,510
378746 (atp2b1a)	410,151,456,168
436745 (atp2b3a)	410,151,456,168
557430 (atp2b2)	410,151,456,168
558525 (atp2b3b)	410,151,456,168
561190 (atp2b1b)	410,151,456,168
101886280	463,151,509,168
557498 (kcnq1.1)	463,151,509,168
322485 (agt)	1125,517,1171,534
dre04261: Adrenergic signaling in cardiomyocytes	40,45,406,70
dre04020: Calcium signaling pathway	319,510,436,544
dre04260: Cardiac muscle contraction	27,228,144,262
map04151: PI3K-Akt signaling pathway	854,200,971,234
