G00034	340,497,4
G00033	340,433,4
G00032	471,370,4
G00031	340,370,4
G00030	340,306,4
G00029	471,242,4
G00028	340,242,4
G00027	601,116,4
G00026	471,116,4
G00025	471,179,4
G00023 (Tn antigen)	206,242,4
G00035 (Sialyl-Tn antigen)	204,116,4
C02189 ([Protein]-L-serine)	75,242,4
G10611 (UDP-N-acetyl-D-galactosamine)	96,207,4
G00024 (T antigen)	340,179,4
100332076 (gcnt3)	379,231,425,248
724080 (b4galt5)	379,362,425,379
564336 (st6galnac1.1)	512,106,558,123
564336 (st6galnac1.1)	181,144,227,161
445562 (st3gal2)	379,107,425,124
100170813 (galnt18a)	126,234,172,251
100310831 (galnt18b)	126,234,172,251
100330695 (galnt13)	126,234,172,251
100331984 (galnt3)	126,234,172,251
100334784 (galnt5)	126,234,172,251
100535692 (galnt8b.2)	126,234,172,251
103910015	126,234,172,251
406477 (galnt6)	126,234,172,251
503760 (poc1bl)	126,234,172,251
553668 (galnt7)	126,234,172,251
558716 (galnt11)	126,234,172,251
559073 (galnt1)	126,234,172,251
559373 (galnt8b.1)	126,234,172,251
559736 (galnt12)	126,234,172,251
562739 (galnt14)	126,234,172,251
567794 (galnt17)	126,234,172,251
568547 (galnt8a.1)	126,234,172,251
568915 (si:ch211-15e22.3)	126,234,172,251
570248 (galnt2)	126,234,172,251
797549 (galnt9)	126,234,172,251
799387 (galnt16)	126,234,172,251
324052 (c1galt1c1)	244,171,290,188
337131 (c1galt1b)	244,171,290,188
555344 (si:dkey-202e17.1)	244,171,290,188
557675 (c1galt1a)	244,171,290,188
100332076 (gcnt3)	379,171,425,188
324510 (gcnt4a)	379,171,425,188
724080 (b4galt5)	414,858,434,858,434,862,414,862
564336 (st6galnac1.1)	133,676,153,676,153,680,133,680
445562 (st3gal2)	133,790,153,790,153,794,133,794
100170813 (galnt18a)	497,985,517,985,517,989,497,989
100310831 (galnt18b)	497,985,517,985,517,989,497,989
100330695 (galnt13)	497,985,517,985,517,989,497,989
100331984 (galnt3)	497,985,517,985,517,989,497,989
100334784 (galnt5)	497,985,517,985,517,989,497,989
100535692 (galnt8b.2)	497,985,517,985,517,989,497,989
103910015	497,985,517,985,517,989,497,989
406477 (galnt6)	497,985,517,985,517,989,497,989
503760 (poc1bl)	497,985,517,985,517,989,497,989
553668 (galnt7)	497,985,517,985,517,989,497,989
558716 (galnt11)	497,985,517,985,517,989,497,989
559073 (galnt1)	497,985,517,985,517,989,497,989
559373 (galnt8b.1)	497,985,517,985,517,989,497,989
559736 (galnt12)	497,985,517,985,517,989,497,989
562739 (galnt14)	497,985,517,985,517,989,497,989
567794 (galnt17)	497,985,517,985,517,989,497,989
568547 (galnt8a.1)	497,985,517,985,517,989,497,989
568915 (si:ch211-15e22.3)	497,985,517,985,517,989,497,989
570248 (galnt2)	497,985,517,985,517,989,497,989
797549 (galnt9)	497,985,517,985,517,989,497,989
799387 (galnt16)	497,985,517,985,517,989,497,989
100170813 (galnt18a)	518,928,538,928,538,932,518,932
100310831 (galnt18b)	518,928,538,928,538,932,518,932
100330695 (galnt13)	518,928,538,928,538,932,518,932
100331984 (galnt3)	518,928,538,928,538,932,518,932
100334784 (galnt5)	518,928,538,928,538,932,518,932
100535692 (galnt8b.2)	518,928,538,928,538,932,518,932
103910015	518,928,538,928,538,932,518,932
406477 (galnt6)	518,928,538,928,538,932,518,932
503760 (poc1bl)	518,928,538,928,538,932,518,932
553668 (galnt7)	518,928,538,928,538,932,518,932
558716 (galnt11)	518,928,538,928,538,932,518,932
559073 (galnt1)	518,928,538,928,538,932,518,932
559373 (galnt8b.1)	518,928,538,928,538,932,518,932
559736 (galnt12)	518,928,538,928,538,932,518,932
562739 (galnt14)	518,928,538,928,538,932,518,932
567794 (galnt17)	518,928,538,928,538,932,518,932
568547 (galnt8a.1)	518,928,538,928,538,932,518,932
568915 (si:ch211-15e22.3)	518,928,538,928,538,932,518,932
570248 (galnt2)	518,928,538,928,538,932,518,932
797549 (galnt9)	518,928,538,928,538,932,518,932
799387 (galnt16)	518,928,538,928,538,932,518,932
100170813 (galnt18a)	579,858,599,858,599,862,579,862
100310831 (galnt18b)	579,858,599,858,599,862,579,862
100330695 (galnt13)	579,858,599,858,599,862,579,862
100331984 (galnt3)	579,858,599,858,599,862,579,862
100334784 (galnt5)	579,858,599,858,599,862,579,862
100535692 (galnt8b.2)	579,858,599,858,599,862,579,862
103910015	579,858,599,858,599,862,579,862
406477 (galnt6)	579,858,599,858,599,862,579,862
503760 (poc1bl)	579,858,599,858,599,862,579,862
553668 (galnt7)	579,858,599,858,599,862,579,862
558716 (galnt11)	579,858,599,858,599,862,579,862
559073 (galnt1)	579,858,599,858,599,862,579,862
559373 (galnt8b.1)	579,858,599,858,599,862,579,862
559736 (galnt12)	579,858,599,858,599,862,579,862
562739 (galnt14)	579,858,599,858,599,862,579,862
567794 (galnt17)	579,858,599,858,599,862,579,862
568547 (galnt8a.1)	579,858,599,858,599,862,579,862
568915 (si:ch211-15e22.3)	579,858,599,858,599,862,579,862
570248 (galnt2)	579,858,599,858,599,862,579,862
797549 (galnt9)	579,858,599,858,599,862,579,862
799387 (galnt16)	579,858,599,858,599,862,579,862
100170813 (galnt18a)	519,799,539,799,539,803,519,803
100310831 (galnt18b)	519,799,539,799,539,803,519,803
100330695 (galnt13)	519,799,539,799,539,803,519,803
100331984 (galnt3)	519,799,539,799,539,803,519,803
100334784 (galnt5)	519,799,539,799,539,803,519,803
100535692 (galnt8b.2)	519,799,539,799,539,803,519,803
103910015	519,799,539,799,539,803,519,803
406477 (galnt6)	519,799,539,799,539,803,519,803
503760 (poc1bl)	519,799,539,799,539,803,519,803
553668 (galnt7)	519,799,539,799,539,803,519,803
558716 (galnt11)	519,799,539,799,539,803,519,803
559073 (galnt1)	519,799,539,799,539,803,519,803
559373 (galnt8b.1)	519,799,539,799,539,803,519,803
559736 (galnt12)	519,799,539,799,539,803,519,803
562739 (galnt14)	519,799,539,799,539,803,519,803
567794 (galnt17)	519,799,539,799,539,803,519,803
568547 (galnt8a.1)	519,799,539,799,539,803,519,803
568915 (si:ch211-15e22.3)	519,799,539,799,539,803,519,803
570248 (galnt2)	519,799,539,799,539,803,519,803
797549 (galnt9)	519,799,539,799,539,803,519,803
799387 (galnt16)	519,799,539,799,539,803,519,803
100332076 (gcnt3)	433,711,443,721,447,721,437,711
100170813 (galnt18a)	506,724,526,724,526,728,506,728
100310831 (galnt18b)	506,724,526,724,526,728,506,728
100330695 (galnt13)	506,724,526,724,526,728,506,728
100331984 (galnt3)	506,724,526,724,526,728,506,728
100334784 (galnt5)	506,724,526,724,526,728,506,728
100535692 (galnt8b.2)	506,724,526,724,526,728,506,728
103910015	506,724,526,724,526,728,506,728
406477 (galnt6)	506,724,526,724,526,728,506,728
503760 (poc1bl)	506,724,526,724,526,728,506,728
553668 (galnt7)	506,724,526,724,526,728,506,728
558716 (galnt11)	506,724,526,724,526,728,506,728
559073 (galnt1)	506,724,526,724,526,728,506,728
559373 (galnt8b.1)	506,724,526,724,526,728,506,728
559736 (galnt12)	506,724,526,724,526,728,506,728
562739 (galnt14)	506,724,526,724,526,728,506,728
567794 (galnt17)	506,724,526,724,526,728,506,728
568547 (galnt8a.1)	506,724,526,724,526,728,506,728
568915 (si:ch211-15e22.3)	506,724,526,724,526,728,506,728
570248 (galnt2)	506,724,526,724,526,728,506,728
797549 (galnt9)	506,724,526,724,526,728,506,728
799387 (galnt16)	506,724,526,724,526,728,506,728
324052 (c1galt1c1)	432,641,442,631,446,631,436,641
337131 (c1galt1b)	432,641,442,631,446,631,436,641
555344 (si:dkey-202e17.1)	432,641,442,631,446,631,436,641
557675 (c1galt1a)	432,641,442,631,446,631,436,641
100332076 (gcnt3)	433,608,443,618,447,618,437,608
324510 (gcnt4a)	433,608,443,618,447,618,437,608
100170813 (galnt18a)	507,621,527,621,527,625,507,625
100310831 (galnt18b)	507,621,527,621,527,625,507,625
100330695 (galnt13)	507,621,527,621,527,625,507,625
100331984 (galnt3)	507,621,527,621,527,625,507,625
100334784 (galnt5)	507,621,527,621,527,625,507,625
100535692 (galnt8b.2)	507,621,527,621,527,625,507,625
103910015	507,621,527,621,527,625,507,625
406477 (galnt6)	507,621,527,621,527,625,507,625
503760 (poc1bl)	507,621,527,621,527,625,507,625
553668 (galnt7)	507,621,527,621,527,625,507,625
558716 (galnt11)	507,621,527,621,527,625,507,625
559073 (galnt1)	507,621,527,621,527,625,507,625
559373 (galnt8b.1)	507,621,527,621,527,625,507,625
559736 (galnt12)	507,621,527,621,527,625,507,625
562739 (galnt14)	507,621,527,621,527,625,507,625
567794 (galnt17)	507,621,527,621,527,625,507,625
568547 (galnt8a.1)	507,621,527,621,527,625,507,625
568915 (si:ch211-15e22.3)	507,621,527,621,527,625,507,625
570248 (galnt2)	507,621,527,621,527,625,507,625
797549 (galnt9)	507,621,527,621,527,625,507,625
799387 (galnt16)	507,621,527,621,527,625,507,625
324052 (c1galt1c1)	191,791,201,781,205,781,195,791
337131 (c1galt1b)	191,791,201,781,205,781,195,791
555344 (si:dkey-202e17.1)	191,791,201,781,205,781,195,791
557675 (c1galt1a)	191,791,201,781,205,781,195,791
564336 (st6galnac1.1)	192,758,202,768,206,768,196,758
100170813 (galnt18a)	266,771,286,771,286,775,266,775
100310831 (galnt18b)	266,771,286,771,286,775,266,775
100330695 (galnt13)	266,771,286,771,286,775,266,775
100331984 (galnt3)	266,771,286,771,286,775,266,775
100334784 (galnt5)	266,771,286,771,286,775,266,775
100535692 (galnt8b.2)	266,771,286,771,286,775,266,775
103910015	266,771,286,771,286,775,266,775
406477 (galnt6)	266,771,286,771,286,775,266,775
503760 (poc1bl)	266,771,286,771,286,775,266,775
553668 (galnt7)	266,771,286,771,286,775,266,775
558716 (galnt11)	266,771,286,771,286,775,266,775
559073 (galnt1)	266,771,286,771,286,775,266,775
559373 (galnt8b.1)	266,771,286,771,286,775,266,775
559736 (galnt12)	266,771,286,771,286,775,266,775
562739 (galnt14)	266,771,286,771,286,775,266,775
567794 (galnt17)	266,771,286,771,286,775,266,775
568547 (galnt8a.1)	266,771,286,771,286,775,266,775
568915 (si:ch211-15e22.3)	266,771,286,771,286,775,266,775
570248 (galnt2)	266,771,286,771,286,775,266,775
797549 (galnt9)	266,771,286,771,286,775,266,775
799387 (galnt16)	266,771,286,771,286,775,266,775
100170813 (galnt18a)	217,676,237,676,237,680,217,680
100310831 (galnt18b)	217,676,237,676,237,680,217,680
100330695 (galnt13)	217,676,237,676,237,680,217,680
100331984 (galnt3)	217,676,237,676,237,680,217,680
100334784 (galnt5)	217,676,237,676,237,680,217,680
100535692 (galnt8b.2)	217,676,237,676,237,680,217,680
103910015	217,676,237,676,237,680,217,680
406477 (galnt6)	217,676,237,676,237,680,217,680
503760 (poc1bl)	217,676,237,676,237,680,217,680
553668 (galnt7)	217,676,237,676,237,680,217,680
558716 (galnt11)	217,676,237,676,237,680,217,680
559073 (galnt1)	217,676,237,676,237,680,217,680
559373 (galnt8b.1)	217,676,237,676,237,680,217,680
559736 (galnt12)	217,676,237,676,237,680,217,680
562739 (galnt14)	217,676,237,676,237,680,217,680
567794 (galnt17)	217,676,237,676,237,680,217,680
568547 (galnt8a.1)	217,676,237,676,237,680,217,680
568915 (si:ch211-15e22.3)	217,676,237,676,237,680,217,680
570248 (galnt2)	217,676,237,676,237,680,217,680
797549 (galnt9)	217,676,237,676,237,680,217,680
799387 (galnt16)	217,676,237,676,237,680,217,680
100170813 (galnt18a)	131,602,151,602,151,606,131,606
100310831 (galnt18b)	131,602,151,602,151,606,131,606
100330695 (galnt13)	131,602,151,602,151,606,131,606
100331984 (galnt3)	131,602,151,602,151,606,131,606
100334784 (galnt5)	131,602,151,602,151,606,131,606
100535692 (galnt8b.2)	131,602,151,602,151,606,131,606
103910015	131,602,151,602,151,606,131,606
406477 (galnt6)	131,602,151,602,151,606,131,606
503760 (poc1bl)	131,602,151,602,151,606,131,606
553668 (galnt7)	131,602,151,602,151,606,131,606
558716 (galnt11)	131,602,151,602,151,606,131,606
559073 (galnt1)	131,602,151,602,151,606,131,606
559373 (galnt8b.1)	131,602,151,602,151,606,131,606
559736 (galnt12)	131,602,151,602,151,606,131,606
562739 (galnt14)	131,602,151,602,151,606,131,606
567794 (galnt17)	131,602,151,602,151,606,131,606
568547 (galnt8a.1)	131,602,151,602,151,606,131,606
568915 (si:ch211-15e22.3)	131,602,151,602,151,606,131,606
570248 (galnt2)	131,602,151,602,151,606,131,606
797549 (galnt9)	131,602,151,602,151,606,131,606
799387 (galnt16)	131,602,151,602,151,606,131,606
dre00533: Glycosaminoglycan biosynthesis - keratan sulfate	558,163,650,197
dre00512: Mucin type O-glycan biosynthesis	40,45,339,70
