C02165 (Leukotriene B4)	435,161,4
C14776 (8(S)-HETE)	435,161,4
C15493 (9-cis-Retinoic acid)	435,247,4
C15493 (9-cis-Retinoic acid)	435,697,4
C14767 (9(S)-HODE)	435,613,4
C14762 (13(S)-HODE)	435,613,4
C15493 (9-cis-Retinoic acid)	435,470,4
334529 (aqp7)	863,812,909,829
100136866 (zgc:172295)	813,824,859,841
378727 (pck1)	813,801,859,818
406473 (pck2)	813,801,859,818
100034463 (plin1)	863,617,909,634
794841 (plin2)	863,617,909,634
436636 (cd36)	120,123,166,140
494096 (zgc:101540)	120,151,166,168
541410 (slc27a1a)	120,151,166,168
550432 (slc27a4)	120,151,166,168
553512 (slc27a1b)	120,151,166,168
568835 (slc27a6)	120,151,166,168
568883	120,151,166,168
171478 (fabp3)	205,124,251,141
30708 (fabp2)	205,124,251,141
407736 (fabp7b)	205,124,251,141
415166 (fabp6)	205,124,251,141
58128 (fabp7a)	205,124,251,141
791610 (fabp1a)	205,124,251,141
557714 (pparab)	547,201,593,218
30464 (rxrga)	547,218,593,235
30530 (rxrba)	547,218,593,235
436617 (rxrgb)	547,218,593,235
555578 (rxraa)	547,218,593,235
30754 (ppardb)	547,426,593,443
30464 (rxrga)	547,443,593,460
30530 (rxrba)	547,443,593,460
436617 (rxrgb)	547,443,593,460
555578 (rxraa)	547,443,593,460
557037 (pparg)	547,651,593,668
30464 (rxrga)	547,668,593,685
30530 (rxrba)	547,668,593,685
436617 (rxrgb)	547,668,593,685
555578 (rxraa)	547,668,593,685
393839 (scp2a)	813,558,859,575
431754 (acaa1)	813,535,859,552
406283 (acadm)	863,569,909,586
394156 (acadl)	863,546,909,563
100000859 (ehhadh)	813,489,859,506
100005717 (cpt2)	863,523,909,540
100333227	863,500,909,517
558088 (cpt1aa)	863,500,909,517
560000 (cpt1ab)	863,500,909,517
100006023 (acsbg1)	813,449,859,466
334561 (acsl4b)	813,449,859,466
335159 (acsbg2)	813,449,859,466
393622 (acsl4a)	813,449,859,466
445175 (acsl1b)	813,449,859,466
447860 (acsl5)	813,449,859,466
555308 (acsl1a)	813,449,859,466
559656 (acsl3b)	813,449,859,466
566863 (acsl6)	813,449,859,466
567157 (acsl3a)	813,449,859,466
100331214	813,426,859,443
101884800	813,426,859,443
30354 (lpl)	813,426,859,443
436636 (cd36)	863,414,909,431
171478 (fabp3)	813,403,859,420
394148 (cyp7a1)	813,294,859,311
541410 (slc27a1a)	863,391,909,408
550432 (slc27a4)	863,391,909,408
553512 (slc27a1b)	863,391,909,408
394060 (hmgcs1)	813,105,859,122
100002756 (sorbs1)	813,663,859,680
492647 (angptl4)	813,617,859,634
406421 (acox3)	813,581,859,598
449662 (acox1)	813,581,859,598
393543 (ilk)	813,731,859,748
791610 (fabp1a)	813,380,859,397
403000 (pdpk1b)	863,731,909,748
445125 (pltp)	863,180,909,197
562602 (adipoqa)	863,640,909,657
751715 (adipoqb)	863,640,909,657
386661 (scd)	813,254,859,271
553734 (scdb)	813,254,859,271
140615 (fads2)	863,243,909,260
445281 (cyp8b1)	813,317,859,334
548341 (nr1h3)	863,294,909,311
322341 (cyp27a1.4)	863,317,909,334
565876 (si:dkey-91i10.3)	863,317,909,334
795106 (cyp27a1.2)	863,317,909,334
30355 (apoa1a)	813,145,859,162
550134 (ubb)	813,765,859,782
777766 (ubc)	813,765,859,782
393831 (dbi)	813,357,859,374
492719 (me3)	813,231,859,248
768196 (me1)	813,231,859,248
dre04920: Adipocytokine signaling pathway	504,148,631,182
dre00071: Fatty acid degradation	963,134,1101,159
dre00072: Synthesis and degradation of ketone bodies	958,213,1106,247
dre00120: Primary bile acid biosynthesis	963,174,1101,199
dre00564: Glycerophospholipid metabolism	963,264,1101,298
dre03320: PPAR signaling pathway	48,28,263,53
