C00195 (N-Acylsphingosine)	639,212,4
C00638 (Long-chain fatty acid)	308,688,4
C15493 (9-cis-Retinoic acid)	224,758,4
C00165 (Diacylglycerol)	639,159,4
C00083 (Malonyl-CoA)	474,810,4
C00040 (Acyl-CoA)	711,212,4
C00162 (Fatty acid)	796,113,4
415099 (rela)	368,238,414,255
565756 (nfkb1)	368,238,414,255
323099 (nfkbiab)	451,238,497,255
406463 (nfkbiaa)	451,238,497,255
790944 (nfkbie)	451,238,497,255
333979 (ptpn11a)	202,525,248,542
393426 (ptpn11b)	202,525,248,542
406596 (socs3b)	368,342,414,359
100333227	688,802,734,819
558088 (cpt1aa)	688,802,734,819
560000 (cpt1ab)	688,802,734,819
100000750 (g6pcb)	393,681,439,698
445118 (g6pca.1)	393,681,439,698
563180 (g6pca.2)	393,681,439,698
790919 (g6pc3)	393,681,439,698
378727 (pck1)	344,681,390,698
406473 (pck2)	344,681,390,698
100006023 (acsbg1)	773,204,819,221
334561 (acsl4b)	773,204,819,221
335159 (acsbg2)	773,204,819,221
393622 (acsl4a)	773,204,819,221
445175 (acsl1b)	773,204,819,221
447860 (acsl5)	773,204,819,221
555308 (acsl1a)	773,204,819,221
559656 (acsl3b)	773,204,819,221
566863 (acsl6)	773,204,819,221
567157 (acsl3a)	773,204,819,221
100150233 (lepa)	36,473,82,490
564348 (lepb)	36,473,82,490
353221 (pomca)	534,473,580,490
100001198 (prkaa1)	451,507,497,524
100170795 (prkab2)	451,507,497,524
335232 (prkab1b)	451,507,497,524
406440 (prkag1)	451,507,497,524
436905 (prkab1a)	451,507,497,524
553319 (prkag3a)	451,507,497,524
568316 (prkag2b)	451,507,497,524
570761 (prkag2a)	451,507,497,524
572074 (prkaa2)	451,507,497,524
678619 (prkag3b)	451,507,497,524
100001198 (prkaa1)	285,802,331,819
100170795 (prkab2)	285,802,331,819
335232 (prkab1b)	285,802,331,819
406440 (prkag1)	285,802,331,819
436905 (prkab1a)	285,802,331,819
553319 (prkag3a)	285,802,331,819
568316 (prkag2b)	285,802,331,819
570761 (prkag2a)	285,802,331,819
572074 (prkaa2)	285,802,331,819
678619 (prkag3b)	285,802,331,819
562602 (adipoqa)	36,802,82,819
751715 (adipoqb)	36,802,82,819
556236 (acacb)	368,802,414,819
557714 (pparab)	285,733,331,750
406821 (adipor1b)	119,802,165,819
436740 (adipor1a)	119,802,165,819
560140 (adipor2)	119,802,165,819
555521 (prkcq)	534,152,580,169
567241 (lepr)	119,473,165,490
100170786 (camkk1b)	202,802,248,819
101884909	202,802,248,819
550537 (stk11)	202,802,248,819
30281 (npy)	534,541,580,558
30464 (rxrga)	285,750,331,767
30530 (rxrba)	285,750,331,767
436617 (rxrgb)	285,750,331,767
555578 (rxraa)	285,750,331,767
100321338 (slc2a1b)	368,836,414,853
100334818	368,836,414,853
555778 (slc2a1a)	368,836,414,853
393287 (chuk)	451,186,497,203
541530 (ikbkg)	451,186,497,203
563560 (ikbkb)	451,186,497,203
100037357 (tnfrsf1b)	119,169,165,186
100149042 (agrp)	534,507,580,524
30767 (stat3)	285,473,331,490
100149273 (mapk9)	451,152,497,169
562720 (mapk8a)	451,152,497,169
569698 (mapk10)	451,152,497,169
65236 (mapk8b)	451,152,497,169
100149794 (akt3b)	534,238,580,255
101910198 (akt1)	534,238,580,255
378972 (akt2)	534,238,580,255
403146 (akt2l)	534,238,580,255
560549 (akt3a)	534,238,580,255
324254 (mtor)	451,118,497,135
100005446	285,152,331,169
557526 (traf2b)	285,152,331,169
564295 (traf2a)	285,152,331,169
100329897 (irs4a)	532,213,578,229
393285 (irs2a)	532,213,578,229
559281 (irs1)	532,213,578,229
572001 (irs2b)	532,213,578,229
794462	532,213,578,229
406471 (tnfrsf1a)	119,135,165,152
436636 (cd36)	773,152,819,169
553418 (ppargc1a)	368,525,414,542
58130 (tradd)	202,135,248,152
30298 (jak2b)	202,473,248,490
30307 (jak2a)	202,473,248,490
405785 (tnfa)	36,152,82,169
dre04920: Adipocytokine signaling pathway	40,45,330,70
dre04910: Insulin signaling pathway	553,309,694,334
dre04010: MAPK signaling pathway	176,616,281,650
