C20640 (Cyclic GMP-AMP)	514,217,4
57933 (caspa)	594,606,640,623
57923 (pycard)	534,606,580,623
405770 (il1b)	720,596,766,613
692289 (tbk1)	674,270,720,287
437024 (ikbke)	674,291,720,308
564854 (irf3)	797,303,843,320
393650 (irf7)	797,326,843,343
100126803 (ifnphi3)	974,307,1020,324
360134 (ifnphi1)	974,307,1020,324
562867 (mavs)	560,167,606,184
101243556 (tmem173)	619,209,665,226
415099 (rela)	797,399,843,416
565756 (nfkb1)	797,399,843,416
567460 (ripk1l)	593,444,639,461
100004555 (ripk3)	593,461,639,478
58119 (adar)	348,380,394,397
100885851 (il6)	974,397,1020,414
393287 (chuk)	698,444,744,461
541530 (ikbkg)	698,444,744,461
563560 (ikbkb)	698,444,744,461
100333797 (ddx58)	489,167,535,184
415099 (rela)	797,120,843,137
565756 (nfkb1)	797,120,843,137
323099 (nfkbiab)	797,444,843,461
406463 (nfkbiaa)	797,444,843,461
100885851 (il6)	974,134,1020,151
100000978 (polr3g)	309,180,355,197
336518 (polr3e)	309,180,355,197
393201 (polr3c)	309,180,355,197
393257 (polr3d)	309,180,355,197
393538 (polr1c)	309,180,355,197
394162 (polr3f)	309,180,355,197
436749 (polr3h)	309,180,355,197
436817 (polr2f)	309,180,355,197
436826 (polr3k)	309,180,355,197
445170 (polr2eb)	309,180,355,197
445412 (polr1d)	309,180,355,197
449786 (polr3glb)	309,180,355,197
550263 (polr2h)	309,180,355,197
553705 (polr2l)	309,180,355,197
562329 (polr3b)	309,180,355,197
572258 (polr3a)	309,180,355,197
796803 (polr2k)	309,180,355,197
797669 (ccl39.6)	974,437,1020,454
557043 (mb21d1)	387,208,433,225
dre04622: RIG-I-like receptor signaling pathway	466,123,587,157
dre04120: Ubiquitin mediated proteolysis	768,508,885,542
dre04623: Cytosolic DNA-sensing pathway	40,45,332,70
map04064: NF-kappa B signaling pathway	663,394,784,428
