494085 (pink1)	260,232,306,249
393620 (mfn1b)	387,157,433,174
567448 (mfn2)	387,157,433,174
100537262	568,185,614,202
559099 (usp30)	568,185,614,202
100332642 (ambra1a)	577,281,623,298
559106 (ambra1b)	577,281,623,298
565434 (usp8)	426,281,472,298
550328 (prkn)	388,232,434,249
336159 (optn)	740,263,786,280
692289 (tbk1)	847,218,893,235
406452 (sqstm1)	740,203,786,220
553776 (calcoco2)	740,233,786,250
337168 (nbr1a)	740,293,786,310
555713 (nbr1b)	740,293,786,310
326974 (gabarapa)	973,233,1019,250
403036 (gabarapl2)	973,233,1019,250
793200 (gabarapb)	973,233,1019,250
325084 (src)	259,496,305,513
100170793 (ulk1a)	260,522,306,539
558848 (ulk1b)	260,522,306,539
436984 (fundc1)	387,496,433,513
792181 (fundc2)	387,496,433,513
100535532 (csnk2a4)	259,469,305,486
30428 (csnk2b)	259,469,305,486
30488 (csnk2a2a)	259,469,305,486
30502 (csnk2a1)	259,469,305,486
415254 (zgc:86598)	259,469,305,486
556379 (csnk2a2b)	259,469,305,486
492357 (pgam5)	387,447,433,464
114401 (bcl2l1)	437,403,483,420
336116 (bnip3)	387,611,433,628
402792 (zgc:73226)	387,611,433,628
568155 (bnip4)	387,611,433,628
323563 (bnip3la)	387,649,433,666
554650 (bnip3lb)	387,649,433,666
327143 (rhot1a)	387,307,433,324
557574 (rhot2)	387,307,433,324
561933 (rhot1b)	387,307,433,324
393846 (becn1)	388,357,434,374
751649 (tomm7)	260,193,306,210
494180 (atg5)	582,324,628,341
100009663 (atg9a)	582,361,628,378
791223 (atg9b)	582,361,628,378
562289 (tfeb)	669,342,715,359
114833 (mitfb)	669,321,715,338
30080 (mitfa)	669,321,715,338
114834 (tfe3a)	669,363,715,380
564996 (tfe3b)	669,363,715,380
324152 (tax1bp1b)	740,173,786,190
561219 (tax1bp1a)	740,173,786,190
492676 (tbc1d15)	1005,310,1051,327
554092 (tbc1d17)	1005,310,1051,327
393902 (rab7)	1090,310,1136,327
431725 (zgc:91909)	1090,310,1136,327
449549 (zgc:100918)	1090,310,1136,327
797988 (fis1)	1006,354,1052,371
559355 (bcl2l13)	387,90,433,107
559564 (eif2ak3)	181,122,227,139
406514 (atf4a)	250,122,296,139
556410 (atf4b)	250,122,296,139
393202 (hif1ab)	213,611,259,628
101885420 (e2f1)	213,568,259,585
415099 (rela)	278,565,324,582
30590 (tp53)	213,684,259,701
100317924 (mras)	213,656,259,673
100536317 (si:ch73-116o1.2)	213,656,259,673
30380 (nras)	213,656,259,673
393228 (zgc:55558)	213,656,259,673
445289 (kras)	213,656,259,673
449660 (rras)	213,656,259,673
550286 (hrasa)	213,656,259,673
550513 (rras2)	213,656,259,673
553656 (hrasb)	213,656,259,673
324109 (sp1)	213,770,259,787
100149273 (mapk9)	181,164,227,181
562720 (mapk8a)	181,164,227,181
569698 (mapk10)	181,164,227,181
65236 (mapk8b)	181,164,227,181
335916 (jun)	250,164,296,181
30296 (foxo3b)	158,733,204,750
494532 (foxo3a)	158,733,204,750
450024 (cited2)	220,733,266,750
567448 (mfn2)	326,201,372,218
dre04137: Mitophagy - animal	40,45,230,70
dre04140: Autophagy - animal	1039,223,1139,257
