G00078 (iso-nLc8Cer)	1120,711,4
G00057	569,502,4
G00090 (V3Fuc,III3Fuc-nLc6Cer)	700,923,4
G00091	623,852,4
G00089 (V3Fuc-nLc6Cer)	700,852,4
G00088 (VI3NeuAc-nLc6Cer)	1077,531,4
G00087 (VI6NeuAc-nLc6Cer)	1077,579,4
G00086	506,994,4
G00067 (nLc6Cer)	966,639,4
G00085	506,923,4
G00084	506,852,4
G00069 (nLc8Cer)	506,781,4
G00064 (3',8'-LD1)	832,118,4
G00062 (Sialyl-3-paragloboside)	832,192,4
G00063 (IV3NeuAc,III3Fuc-nLc4Cer)	963,192,4
G00066 (nLc5Cer)	963,333,4
G00061 (Sialyl-6-paragloboside)	832,236,4
G00060 (III3Fuc-nLc4Cer)	569,335,4
G00083	1077,781,4
G00080	1195,781,4
G00075 (Type IIIAb)	756,923,4
G00074	832,923,4
G00073	832,852,4
G00072	832,781,4
G00071 (VI2Fuc-nLc6)	966,781,4
G00082	966,923,4
G00081	966,852,4
G00079	1120,781,4
G00092 (Lactosylceramide)	506,121,4
G00077	1120,639,4
G00068 (nLc7Cer)	506,639,4
G00076 (III3Fuc-nLc6Cer)	832,579,4
G00056 (III3,IV2Fuc-nLc4Cer)	700,502,4
G00055 (IV2Fuc-nLc4Cer)	700,411,4
G00052 (Type II B antigen)	832,411,4
G00051 (nLc5Cer)	832,340,4
G00050 (Paragloboside)	700,335,4
G00036 (Lc3Cer)	506,192,4
G00054 (Type II A antigen)	569,411,4
G00059 (Type IIIA glycolipid)	493,579,4
G00058 (Type IIIH glycolipid)	569,579,4
G00037 (Lc4Cer)	317,335,4
G00038	448,335,4
G00039 (Type IB glycolipid)	448,411,4
G00044 (IV2Fuc-Lc4Cer)	317,411,4
G00040	448,502,4
G00045 (IV2Fuc,III4Fuc-Lc4Cer)	317,502,4
G00042 (Type IA glycolipid)	185,411,4
G00043	185,502,4
G00046 (Fuc-Lc4Cer)	185,335,4
G00047 (3'-isoLM1)	448,257,4
G00048 (Fuc-3'-isoLM1)	569,257,4
G00428 (IV4Gala-nLc4-Cer)	832,270,4
G00889 (PX2)	832,301,4
10690 (FUT9)	898,560,944,577
10690 (FUT9)	508,937,554,954
10690 (FUT9)	508,866,554,883
10690 (FUT9)	968,866,1014,883
2526 (FUT4)	678,885,724,902
2525 (FUT3)	652,866,698,883
2527 (FUT5)	652,866,698,883
2528 (FUT6)	652,866,698,883
2525 (FUT3)	458,866,504,883
2527 (FUT5)	458,866,504,883
2528 (FUT6)	458,866,504,883
2525 (FUT3)	458,937,504,954
2527 (FUT5)	458,937,504,954
2528 (FUT6)	458,937,504,954
2525 (FUT3)	850,560,896,577
2527 (FUT5)	850,560,896,577
2528 (FUT6)	850,560,896,577
2525 (FUT3)	918,866,964,883
2527 (FUT5)	918,866,964,883
2528 (FUT6)	918,866,964,883
8702 (B4GALT4)	965,402,1011,419
8703 (B4GALT3)	915,402,961,419
8702 (B4GALT4)	638,194,684,211
8703 (B4GALT3)	590,194,636,211
8704 (B4GALT2)	638,173,684,190
2526 (FUT4)	484,814,530,831
2526 (FUT4)	678,814,724,831
2526 (FUT4)	944,814,990,831
2526 (FUT4)	678,457,724,474
2526 (FUT4)	877,194,923,211
2529 (FUT7)	877,194,923,211
2526 (FUT4)	615,337,661,354
2525 (FUT3)	652,795,698,812
2527 (FUT5)	652,795,698,812
2528 (FUT6)	652,795,698,812
2525 (FUT3)	458,795,504,812
2527 (FUT5)	458,795,504,812
2528 (FUT6)	458,795,504,812
2525 (FUT3)	918,795,964,812
2527 (FUT5)	918,795,964,812
2528 (FUT6)	918,795,964,812
2525 (FUT3)	652,437,698,454
2527 (FUT5)	652,437,698,454
2528 (FUT6)	652,437,698,454
2525 (FUT3)	590,316,636,333
2527 (FUT5)	590,316,636,333
2528 (FUT6)	590,316,636,333
10690 (FUT9)	702,866,748,883
28 (ABO)	1128,772,1174,789
28 (ABO)	777,913,823,930
2523 (FUT1)	1097,735,1143,752
2524 (FUT2)	1097,735,1143,752
10690 (FUT9)	702,795,748,812
2526 (FUT4)	484,885,530,902
10690 (FUT9)	508,795,554,812
2526 (FUT4)	877,581,923,598
10402 (ST3GAL6)	999,523,1045,540
2526 (FUT4)	484,956,530,973
2526 (FUT4)	944,885,990,902
28 (ABO)	877,772,923,789
2523 (FUT1)	809,874,855,891
2524 (FUT2)	809,874,855,891
10331 (B3GNT3)	615,631,661,648
10678 (B3GNT2)	615,631,661,648
28 (ABO)	999,772,1045,789
2651 (GCNT2)	999,630,1045,647
10690 (FUT9)	968,795,1014,812
6489 (ST8SIA1)	808,148,854,165
2525 (FUT3)	877,173,923,190
2527 (FUT5)	877,173,923,190
2528 (FUT6)	877,173,923,190
10402 (ST3GAL6)	738,184,784,201
10690 (FUT9)	638,316,684,333
10331 (B3GNT3)	877,324,923,341
10678 (B3GNT2)	877,324,923,341
79369 (B3GNT4)	877,324,923,341
2683 (B4GALT1)	939,383,985,400
28 (ABO)	738,402,784,419
2523 (FUT1)	678,367,724,384
2524 (FUT2)	678,367,724,384
2523 (FUT1)	809,367,855,384
2524 (FUT2)	809,367,855,384
84002 (B3GNT5)	484,144,530,161
10690 (FUT9)	702,437,748,454
28 (ABO)	615,402,661,419
2523 (FUT1)	944,735,990,752
2524 (FUT2)	944,735,990,752
28 (ABO)	513,570,559,587
2683 (B4GALT1)	590,173,636,190
2523 (FUT1)	547,523,593,540
2524 (FUT2)	547,523,593,540
8708 (B3GALT1)	337,173,383,190
8707 (B3GALT2)	385,173,431,190
10317 (B3GALT5)	362,194,408,211
2523 (FUT1)	295,367,341,384
2524 (FUT2)	295,367,341,384
2523 (FUT1)	425,367,471,384
2524 (FUT2)	425,367,471,384
28 (ABO)	362,402,408,419
2525 (FUT3)	295,445,341,462
2525 (FUT3)	425,445,471,462
28 (ABO)	227,402,273,419
2525 (FUT3)	162,445,208,462
2525 (FUT3)	227,324,273,341
6487 (ST3GAL3)	362,238,408,255
6484 (ST3GAL4)	362,259,408,276
2525 (FUT3)	484,249,530,266
28 (ABO)	391,1116,431,1116,431,1120,391,1120
6484 (ST3GAL4)	400,1074,430,1104,434,1104,404,1074
6487 (ST3GAL3)	400,1074,430,1104,434,1104,404,1074
28 (ABO)	399,1160,429,1130,433,1130,403,1160
2525 (FUT3)	447,1102,447,1072,451,1072,451,1102
2523 (FUT1)	446,1133,446,1163,450,1163,450,1133
2524 (FUT2)	446,1133,446,1163,450,1163,450,1133
10317 (B3GALT5)	471,1116,501,1116,501,1120,471,1120
8707 (B3GALT2)	471,1116,501,1116,501,1120,471,1120
8708 (B3GALT1)	471,1116,501,1116,501,1120,471,1120
2525 (FUT3)	524,1102,524,1072,528,1072,528,1102
84002 (B3GNT5)	559,1116,589,1116,589,1120,559,1120
28 (ABO)	620,1452,660,1452,660,1456,620,1456
10331 (B3GNT3)	668,1358,668,1430,672,1430,672,1358
10678 (B3GNT2)	668,1358,668,1430,672,1430,672,1358
79369 (B3GNT4)	668,1358,668,1430,672,1430,672,1358
10402 (ST3GAL6)	622,1491,669,1457,669,1461,622,1495
2651 (GCNT2)	673,1430,673,1390,677,1390,677,1430
2523 (FUT1)	681,1462,681,1502,685,1502,685,1462
2524 (FUT2)	681,1462,681,1502,685,1502,685,1462
2683 (B4GALT1)	696,1445,726,1445,726,1449,696,1449
8702 (B4GALT4)	696,1445,726,1445,726,1449,696,1449
8703 (B4GALT3)	696,1445,726,1445,726,1449,696,1449
8704 (B4GALT2)	696,1445,726,1445,726,1449,696,1449
10690 (FUT9)	755,1501,755,1461,759,1461,759,1501
2525 (FUT3)	755,1501,755,1461,759,1461,759,1501
2526 (FUT4)	755,1501,755,1461,759,1461,759,1501
2527 (FUT5)	755,1501,755,1461,759,1461,759,1501
2528 (FUT6)	755,1501,755,1461,759,1461,759,1501
2529 (FUT7)	755,1501,755,1461,759,1461,759,1501
84002 (B3GNT5)	784,1445,814,1445,814,1449,784,1449
28 (ABO)	673,1502,673,1462,677,1462,677,1502
6489 (ST8SIA1)	530,1494,560,1494,560,1498,530,1498
2523 (FUT1)	481,1477,498,1460,502,1460,485,1477
2524 (FUT2)	481,1477,498,1460,502,1460,485,1477
28 (ABO)	482,1434,497,1449,501,1449,486,1434
10690 (FUT9)	597,1377,617,1357,621,1357,601,1377
2525 (FUT3)	597,1377,617,1357,621,1357,601,1377
2526 (FUT4)	597,1377,617,1357,621,1357,601,1377
2527 (FUT5)	597,1377,617,1357,621,1357,601,1377
2528 (FUT6)	597,1377,617,1357,621,1357,601,1377
2683 (B4GALT1)	584,1308,619,1338,619,1342,584,1312
8702 (B4GALT4)	584,1308,619,1338,619,1342,584,1312
8703 (B4GALT3)	584,1308,619,1338,619,1342,584,1312
10402 (ST3GAL6)	566,1287,566,1257,570,1257,570,1287
10331 (B3GNT3)	531,1272,551,1292,555,1292,535,1272
10678 (B3GNT2)	531,1272,551,1292,555,1292,535,1272
10690 (FUT9)	461,1286,476,1271,480,1271,465,1286
2525 (FUT3)	461,1286,476,1271,480,1271,465,1286
2526 (FUT4)	461,1286,476,1271,480,1271,465,1286
2527 (FUT5)	461,1286,476,1271,480,1271,465,1286
2528 (FUT6)	461,1286,476,1271,480,1271,465,1286
28 (ABO)	530,1334,550,1314,554,1314,534,1334
28 (ABO)	522,1302,552,1302,552,1306,522,1306
2523 (FUT1)	571,1348,571,1318,575,1318,575,1348
2524 (FUT2)	571,1348,571,1318,575,1318,575,1348
2523 (FUT1)	386,1362,401,1347,405,1347,390,1362
2524 (FUT2)	386,1362,401,1347,405,1347,390,1362
28 (ABO)	387,1319,402,1334,406,1334,391,1319
2523 (FUT1)	705,1304,705,1334,709,1334,709,1304
2524 (FUT2)	705,1304,705,1334,709,1334,709,1304
53947 (A4GALT)	738,260,784,277
8706 (B3GALNT1)	738,294,784,311
53947 (A4GALT)	599,1443,660,1443,660,1447,599,1447
8706 (B3GALNT1)	661,1403,661,1430,665,1430,665,1403
hsa00600: Sphingolipid metabolism	344,103,424,137
hsa00601: Glycosphingolipid biosynthesis - lacto and neolacto series	40,45,541,70
