C04637 (1-Phosphatidyl-D-myo-inositol 4,5-bisphosphate)	971,165,4
C01245 (D-myo-Inositol 1,4,5-trisphosphate)	781,1098,4
C00076 (Calcium cation)	838,1098,4
C00338 (Lipopolysaccharide)	298,836,4
C05981 (Phosphatidylinositol-3,4,5-trisphosphate)	552,977,4
3688 (ITGB1)	344,298,390,315
6714 (SRC)	450,179,496,196
5879 (RAC1)	786,178,832,195
5880 (RAC2)	786,178,832,195
5881 (RAC3)	786,178,832,195
8976 (WASL)	904,199,950,216
10096 (ACTR3)	976,200,1022,217
10097 (ACTR2)	976,200,1022,217
57180 (ACTR3B)	976,200,1022,217
653857 (ACTR3C)	976,200,1022,217
2335 (FN1)	272,311,318,328
9564 (BCAR1)	531,178,577,195
1398 (CRK)	603,178,649,195
1399 (CRKL)	603,178,649,195
1793 (DOCK1)	675,178,721,195
23396 (PIP5K1C)	877,156,923,173
8394 (PIP5K1A)	877,156,923,173
8395 (PIP5K1B)	877,156,923,173
60 (ACTB)	1048,201,1094,218
71 (ACTG1)	1048,201,1094,218
5747 (PTK2)	450,304,496,321
147179 (WIPF2)	879,238,925,255
644150 (WIPF3)	879,238,925,255
7456 (WIPF1)	879,238,925,255
382 (ARF6)	853,117,899,134
2185 (PTK2B)	450,285,496,302
5829 (PXN)	532,304,578,321
9815 (GIT2)	675,320,721,337
8874 (ARHGEF7)	675,340,721,357
998 (CDC42)	786,331,832,348
7454 (WAS)	904,331,950,348
10096 (ACTR3)	975,291,1021,308
10097 (ACTR2)	975,291,1021,308
57180 (ACTR3B)	975,291,1021,308
653857 (ACTR3C)	975,291,1021,308
60 (ACTB)	1047,291,1093,308
71 (ACTG1)	1047,291,1093,308
387 (RHOA)	786,417,832,434
6093 (ROCK1)	904,417,950,434
9475 (ROCK2)	904,417,950,434
10458 (BAIAP2)	832,291,878,308
10163 (WASF2)	904,291,950,308
147945 (NLRP4)	892,589,938,606
4210 (MEFV)	892,615,938,632
29108 (PYCARD)	991,589,1037,606
834 (CASP1)	1037,589,1083,606
3606 (IL18)	1114,578,1160,595
3553 (IL1B)	1114,599,1160,616
3984 (LIMK1)	938,518,984,535
5585 (PKN1)	769,601,815,618
5586 (PKN2)	769,601,815,618
387 (RHOA)	674,601,720,618
27330 (RPS6KA6)	769,632,815,649
6195 (RPS6KA1)	769,632,815,649
6196 (RPS6KA2)	769,632,815,649
6197 (RPS6KA3)	769,632,815,649
114548 (NLRP3)	892,570,938,587
23365 (ARHGEF12)	675,417,721,434
64283 (ARHGEF28)	675,417,721,434
9138 (ARHGEF1)	675,417,721,434
3676 (ITGA4)	344,281,390,298
3678 (ITGA5)	344,281,390,298
2533 (FYB1)	442,387,488,404
8935 (SKAP2)	442,412,488,429
3932 (LCK)	422,1116,468,1133
7535 (ZAP70)	500,1116,546,1133
3937 (LCP2)	615,1116,661,1133
27040 (LAT)	615,1095,661,1112
5335 (PLCG1)	698,1089,744,1106
4772 (NFATC1)	918,1095,964,1112
4773 (NFATC2)	918,1095,964,1112
4775 (NFATC3)	918,1095,964,1112
3558 (IL2)	1162,1106,1208,1123
3586 (IL10)	1162,1126,1208,1143
10451 (VAV3)	615,1137,661,1154
7409 (VAV1)	615,1137,661,1154
7410 (VAV2)	615,1137,661,1154
2353 (FOS)	918,1116,964,1133
3725 (JUN)	918,1116,964,1133
5879 (RAC1)	835,519,881,536
3551 (IKBKB)	793,715,839,732
6885 (MAP3K7)	666,735,712,752
1432 (MAPK14)	918,809,964,826
5600 (MAPK11)	918,809,964,826
5603 (MAPK13)	918,809,964,826
6300 (MAPK12)	918,809,964,826
1147 (CHUK)	793,698,839,715
5599 (MAPK8)	918,834,964,851
5601 (MAPK9)	918,834,964,851
5602 (MAPK10)	918,834,964,851
7186 (TRAF2)	587,735,633,752
7189 (TRAF6)	587,735,633,752
10454 (TAB1)	666,701,712,718
23118 (TAB2)	666,718,712,735
4792 (NFKBIA)	917,715,963,732
8517 (IKBKG)	793,681,839,698
5609 (MAP2K7)	793,834,839,851
6416 (MAP2K4)	793,834,839,851
4790 (NFKB1)	917,750,963,767
5970 (RELA)	917,750,963,767
5606 (MAP2K3)	793,809,839,826
5608 (MAP2K6)	793,809,839,826
2353 (FOS)	1022,810,1068,827
3725 (JUN)	1022,810,1068,827
4615 (MYD88)	433,735,479,752
3654 (IRAK1)	510,744,556,761
7099 (TLR4)	344,827,390,844
51135 (IRAK4)	510,727,556,744
5594 (MAPK1)	918,781,964,798
5595 (MAPK3)	918,781,964,798
5604 (MAP2K1)	793,781,839,798
5605 (MAP2K2)	793,781,839,798
3576 (CXCL8)	1161,813,1207,830
7124 (TNF)	1161,746,1207,763
3456 (IFNB1)	1162,890,1208,907
3569 (IL6)	1161,768,1207,785
5290 (PIK3CA)	469,969,515,986
5291 (PIK3CB)	469,969,515,986
5293 (PIK3CD)	469,969,515,986
5295 (PIK3R1)	469,969,515,986
5296 (PIK3R2)	469,969,515,986
8503 (PIK3R3)	469,969,515,986
10000 (AKT3)	588,969,634,986
207 (AKT1)	588,969,634,986
208 (AKT2)	588,969,634,986
2932 (GSK3B)	713,951,759,968
6347 (CCL2)	713,987,759,1004
3553 (IL1B)	1161,790,1207,807
148022 (TICAM1)	510,891,556,908
29110 (TBK1)	666,891,712,908
3661 (IRF3)	918,891,964,908
10096 (ACTR3)	975,331,1021,348
10097 (ACTR2)	975,331,1021,348
57180 (ACTR3B)	975,331,1021,348
653857 (ACTR3C)	975,331,1021,348
60 (ACTB)	1047,331,1093,348
71 (ACTG1)	1047,331,1093,348
4790 (NFKB1)	918,1137,964,1154
5970 (RELA)	918,1137,964,1154
hsa04510: Focal adhesion	413,128,505,153
hsa04810: Regulation of actin cytoskeleton	1262,250,1377,284
hsa04621: NOD-like receptor signaling pathway	1042,514,1157,548
hsa05135: Yersinia infection	40,45,219,70
hsa04620: Toll-like receptor signaling pathway	413,676,528,710
hsa04660: T cell receptor signaling pathway	413,1161,528,1195
map03070: Bacterial secretion system	221,597,365,631
