C02135 (Angiotensin II)	458,378,4
C15849 (Angiotensin IV)	458,544,4
C15848 (Angiotensin III)	458,461,4
C15850 (Angiotensin (1-7))	458,188,4
C15852 (Angiotensin (1-5))	458,85,4
C15851 (Angiotensin (1-9))	335,188,4
C00873 (Angiotensin I)	233,378,4
C20972 (Angiotensin (5-8))	458,593,4
C20973 (Angiotensin (5-7))	458,642,4
C20971 (Alamandine)	525,244,4
C20970 (Angiotensin A)	493,315,4
59272 (ACE2)	407,300,453,317
59272 (ACE2)	269,229,315,246
1636 (ACE)	407,115,453,132
1636 (ACE)	369,148,415,165
1636 (ACE)	279,428,325,445
185 (AGTR1)	580,393,626,410
186 (AGTR2)	580,308,626,325
57486 (NLN)	345,258,391,275
7064 (THOP1)	345,238,391,255
4311 (MME)	345,278,391,295
290 (ANPEP)	407,490,453,507
2028 (ENPEP)	407,414,453,431
5476 (CTSA)	269,249,315,266
1359 (CPA3)	269,269,315,286
4142 (MAS1)	580,180,626,197
4311 (MME)	369,168,415,185
4012 (LNPEP)	580,535,626,552
1215 (CMA1)	280,382,326,399
1511 (CTSG)	280,402,326,419
183 (AGT)	73,369,119,386
5972 (REN)	148,381,194,398
10159 (ATP6AP2)	580,671,626,688
3816 (KLK1)	202,478,248,495
3817 (KLK2)	202,478,248,495
1511 (CTSG)	202,500,248,517
116512 (MRGPRD)	580,235,626,252
59272 (ACE2)	517,276,563,293
290 (ANPEP)	407,556,453,573
5550 (PREP)	407,605,453,622
5547 (PRCP)	407,323,453,340
hsa04614: Renin-angiotensin system	40,45,277,70
hsa04610: Complement and coagulation cascades	230,587,356,622
hsa04270: Vascular smooth muscle contraction	678,417,804,452
hsa04924: Renin secretion	80,282,192,307
hsa04925: Aldosterone synthesis and secretion	678,457,804,492
