C05981 (Phosphatidylinositol-3,4,5-trisphosphate)	443,195,4
C00416 (Phosphatidate)	664,388,4
C05981 (Phosphatidylinositol-3,4,5-trisphosphate)	414,468,4
2064 (ERBB2)	253,494,299,511
3845 (KRAS)	334,272,380,289
5290 (PIK3CA)	388,226,434,243
5291 (PIK3CB)	388,226,434,243
5293 (PIK3CD)	388,226,434,243
5295 (PIK3R1)	388,226,434,243
5296 (PIK3R2)	388,226,434,243
8503 (PIK3R3)	388,226,434,243
9459 (ARHGEF6)	491,125,537,142
10000 (AKT3)	491,188,537,205
207 (AKT1)	491,188,537,205
208 (AKT2)	491,188,537,205
5879 (RAC1)	594,114,640,131
5880 (RAC2)	594,114,640,131
5881 (RAC3)	594,114,640,131
1147 (CHUK)	594,150,640,167
3551 (IKBKB)	594,150,640,167
8517 (IKBKG)	594,150,640,167
4790 (NFKB1)	693,141,739,158
5970 (RELA)	693,141,739,158
572 (BAD)	570,188,616,205
598 (BCL2L1)	648,188,694,205
369 (ARAF)	472,273,518,290
5894 (RAF1)	472,273,518,290
673 (BRAF)	472,273,518,290
842 (CASP9)	581,229,627,246
5604 (MAP2K1)	586,273,632,290
5594 (MAPK1)	695,274,741,291
5595 (MAPK3)	695,274,741,291
5900 (RALGDS)	421,351,467,368
5898 (RALA)	498,351,544,368
5899 (RALB)	498,351,544,368
10928 (RALBP1)	577,351,623,368
5337 (PLD1)	575,379,621,396
5338 (PLD2)	575,379,621,396
5599 (MAPK8)	695,305,741,322
5601 (MAPK9)	695,305,741,322
5602 (MAPK10)	695,305,741,322
7039 (TGFA)	172,467,218,484
1950 (EGF)	172,490,218,507
5290 (PIK3CA)	328,461,374,478
5291 (PIK3CB)	328,461,374,478
5293 (PIK3CD)	328,461,374,478
5295 (PIK3R1)	328,461,374,478
5296 (PIK3R2)	328,461,374,478
8503 (PIK3R3)	328,461,374,478
3716 (JAK1)	328,504,374,521
10000 (AKT3)	459,461,505,478
207 (AKT1)	459,461,505,478
208 (AKT2)	459,461,505,478
6774 (STAT3)	459,511,505,528
6772 (STAT1)	459,534,505,551
598 (BCL2L1)	543,457,589,474
4790 (NFKB1)	543,485,589,502
5970 (RELA)	543,485,589,502
7422 (VEGFA)	960,522,1006,539
1029 (CDKN2A)	824,567,870,584
5879 (RAC1)	661,351,707,368
5880 (RAC2)	661,351,707,368
5881 (RAC3)	661,351,707,368
998 (CDC42)	661,351,707,368
1019 (CDK4)	887,588,933,605
1021 (CDK6)	887,588,933,605
5925 (RB1)	971,598,1017,615
1869 (E2F1)	971,636,1017,653
1870 (E2F2)	971,636,1017,653
1871 (E2F3)	971,636,1017,653
7040 (TGFB1)	171,794,217,811
7042 (TGFB2)	171,794,217,811
7043 (TGFB3)	171,794,217,811
7046 (TGFBR1)	253,784,299,801
7048 (TGFBR2)	253,801,299,818
4087 (SMAD2)	404,794,450,811
4088 (SMAD3)	404,794,450,811
4089 (SMAD4)	404,827,450,844
675 (BRCA2)	876,818,922,835
5888 (RAD51)	876,835,922,852
1956 (EGFR)	253,477,299,494
595 (CCND1)	887,605,933,622
2475 (MTOR)	543,430,589,447
6198 (RPS6KB1)	619,430,665,447
6199 (RPS6KB2)	619,430,665,447
7157 (TP53)	874,707,920,724
1026 (CDKN1A)	1004,687,1050,704
10912 (GADD45G)	1056,687,1102,704
1647 (GADD45A)	1056,687,1102,704
4616 (GADD45B)	1056,687,1102,704
581 (BAX)	1004,709,1050,726
578 (BAK1)	1056,709,1102,726
1643 (DDB2)	1004,731,1050,748
51426 (POLK)	1056,731,1102,748
hsa04210: Apoptosis	809,205,912,230
hsa04010: MAPK signaling pathway	548,299,651,333
hsa04012: ErbB signaling pathway	144,520,247,554
hsa04630: JAK-STAT signaling pathway	317,536,420,570
hsa04115: p53 signaling pathway	678,697,781,731
hsa04350: TGF-beta signaling pathway	525,816,628,850
hsa04110: Cell cycle	1026,569,1129,594
hsa04370: VEGF signaling pathway	988,478,1091,512
hsa05212: Pancreatic cancer	40,45,223,70
hsa04151: PI3K-Akt signaling pathway	355,131,458,165
