C05981 (Phosphatidylinositol-3,4,5-trisphosphate)	311,265,4
C00114 (Choline)	101,636,4
C00114 (Choline)	256,637,4
C00588 (Choline phosphate)	463,638,4
C00307 (CDP-choline)	604,638,4
C00157 (Phosphatidylcholine)	778,638,4
C04230 (1-Acyl-sn-glycero-3-phosphocholine)	622,731,4
C00670 (sn-Glycero-3-phosphocholine)	466,731,4
C00416 (Phosphatidate)	299,474,4
C00165 (Diacylglycerol)	593,549,4
C00162 (Fatty acid)	482,756,4
C00093 (sn-Glycerol 3-phosphate)	278,756,4
C00162 (Fatty acid)	657,757,4
C00307 (CDP-choline)	177,802,4
5599 (MAPK8)	757,187,803,204
5601 (MAPK9)	757,187,803,204
5602 (MAPK10)	757,187,803,204
5594 (MAPK1)	758,136,804,153
5595 (MAPK3)	758,136,804,153
6654 (SOS1)	321,136,367,153
6655 (SOS2)	321,136,367,153
3265 (HRAS)	414,136,460,153
3845 (KRAS)	414,136,460,153
4893 (NRAS)	414,136,460,153
5604 (MAP2K1)	662,136,708,153
5605 (MAP2K2)	662,136,708,153
5894 (RAF1)	559,136,605,153
10000 (AKT3)	420,255,466,272
207 (AKT1)	420,255,466,272
208 (AKT2)	420,255,466,272
5290 (PIK3CA)	205,255,251,272
5291 (PIK3CB)	205,255,251,272
5293 (PIK3CD)	205,255,251,272
5295 (PIK3R1)	205,255,251,272
5296 (PIK3R2)	205,255,251,272
8503 (PIK3R3)	205,255,251,272
5170 (PDPK1)	344,255,390,272
1956 (EGFR)	139,136,185,153
5156 (PDGFRA)	139,136,185,153
5159 (PDGFRB)	139,136,185,153
2885 (GRB2)	228,136,274,153
1950 (EGF)	63,136,109,153
5154 (PDGFA)	63,136,109,153
5155 (PDGFB)	63,136,109,153
56034 (PDGFC)	63,136,109,153
80310 (PDGFD)	63,136,109,153
126969 (SLC44A3)	137,628,183,645
204962 (SLC44A5)	137,628,183,645
23446 (SLC44A1)	137,628,183,645
57153 (SLC44A2)	137,628,183,645
60482 (SLC5A7)	137,628,183,645
6580 (SLC22A1)	137,628,183,645
6581 (SLC22A3)	137,628,183,645
6582 (SLC22A2)	137,628,183,645
6583 (SLC22A4)	137,628,183,645
6584 (SLC22A5)	137,628,183,645
80736 (SLC44A4)	137,628,183,645
1119 (CHKA)	311,612,357,629
1120 (CHKB)	311,612,357,629
5335 (PLCG1)	635,556,681,573
56994 (CHPT1)	668,616,714,633
5130 (PCYT1A)	501,614,547,631
9468 (PCYT1B)	501,614,547,631
10434 (LYPLA1)	525,708,571,725
100137049 (PLA2G4B)	703,708,749,725
123745 (PLA2G4E)	703,708,749,725
255189 (PLA2G4F)	703,708,749,725
283748 (PLA2G4D)	703,708,749,725
5321 (PLA2G4A)	703,708,749,725
8605 (PLA2G4C)	703,708,749,725
8681 (JMJD7-PLA2G4B)	703,708,749,725
56261 (GPCPD1)	327,735,373,752
5900 (RALGDS)	623,188,669,205
5337 (PLD1)	343,483,389,500
5338 (PLD2)	343,483,389,500
7248 (TSC1)	537,255,583,272
7249 (TSC2)	537,255,583,272
6009 (RHEB)	632,255,678,272
2475 (MTOR)	746,259,792,276
6198 (RPS6KB1)	851,237,897,254
6199 (RPS6KB2)	851,237,897,254
1978 (EIF4EBP1)	851,280,897,297
139189 (DGKK)	420,557,466,574
1606 (DGKA)	420,557,466,574
1607 (DGKB)	420,557,466,574
1608 (DGKG)	420,557,466,574
160851 (DGKH)	420,557,466,574
1609 (DGKQ)	420,557,466,574
8525 (DGKZ)	420,557,466,574
8526 (DGKE)	420,557,466,574
8527 (DGKD)	420,557,466,574
9162 (DGKI)	420,557,466,574
23396 (PIP5K1C)	696,348,742,365
8394 (PIP5K1A)	696,348,742,365
8395 (PIP5K1B)	696,348,742,365
7454 (WAS)	851,348,897,365
5879 (RAC1)	696,387,742,404
5880 (RAC2)	696,387,742,404
5881 (RAC3)	696,387,742,404
10163 (WASF2)	851,389,897,406
10810 (WASF3)	851,389,897,406
8936 (WASF1)	851,389,897,406
8611 (PLPP1)	443,520,489,537
8612 (PLPP2)	443,520,489,537
8613 (PLPP3)	443,520,489,537
6667 (SP1)	484,461,530,478
6667 (SP1)	194,578,240,595
2353 (FOS)	384,588,430,605
3725 (JUN)	384,588,430,605
3091 (HIF1A)	260,572,306,589
6667 (SP1)	570,588,616,605
100137049 (PLA2G4B)	1006,210,1052,227
123745 (PLA2G4E)	1006,210,1052,227
255189 (PLA2G4F)	1006,210,1052,227
283748 (PLA2G4D)	1006,210,1052,227
5321 (PLA2G4A)	1006,210,1052,227
8605 (PLA2G4C)	1006,210,1052,227
8681 (JMJD7-PLA2G4B)	1006,210,1052,227
5578 (PRKCA)	696,458,742,475
5579 (PRKCB)	696,458,742,475
5582 (PRKCG)	696,458,742,475
hsa05231: Choline metabolism in cancer	40,45,329,70
hsa04010: MAPK signaling pathway	646,87,758,121
hsa04151: PI3K-Akt signaling pathway	287,216,399,250
hsa00564: Glycerophospholipid metabolism	304,649,430,683
hsa04150: mTOR signaling pathway	713,289,825,323
hsa04810: Regulation of actin cytoskeleton	941,389,1053,423
