C00031 (D-Glucose)	91,856,4
C05981 (Phosphatidylinositol-3,4,5-trisphosphate)	394,1042,4
C00008 (ADP)	377,356,4
C00020 (AMP)	341,357,4
C00003 (NAD+)	596,530,4
C00076 (Calcium cation)	229,582,4
C00024 (Acetyl-CoA)	652,901,4
C00083 (Malonyl-CoA)	787,902,4
C00040 (Acyl-CoA)	787,951,4
C00085 (D-Fructose 6-phosphate)	463,177,4
C00665 (beta-D-Fructose 2,6-bisphosphate)	602,177,4
C00354 (D-Fructose 1,6-bisphosphate)	677,124,4
C00022 (Pyruvate)	846,126,4
C00668 (alpha-D-Glucose 6-phosphate)	403,177,4
C01172 (beta-D-Glucose 6-phosphate)	403,177,4
C00031 (D-Glucose)	287,177,4
C00024 (Acetyl-CoA)	805,873,4
C00083 (Malonyl-CoA)	919,877,4
C00162 (Fatty acid)	91,947,4
C00698 (Cl-)	103,694,4
C07151 (Metformin)	73,149,4
D08351 (Phenformin (BAN))	73,168,4
C00389 (Quercetin)	73,187,4
C00757 (Berberine)	73,206,4
C09731 (Epigallocatechin 3-gallate)	73,225,4
C04677 (1-(5'-Phosphoribosyl)-5-amino-4-imidazolecarboxamide)	73,244,4
51422 (PRKAG2)	424,574,470,591
53632 (PRKAG3)	424,574,470,591
5562 (PRKAA1)	424,574,470,591
5563 (PRKAA2)	424,574,470,591
5564 (PRKAB1)	424,574,470,591
5565 (PRKAB2)	424,574,470,591
5571 (PRKAG1)	424,574,470,591
3630 (INS)	69,1034,115,1051
3643 (INSR)	139,1034,185,1051
10000 (AKT3)	518,1034,564,1051
207 (AKT1)	518,1034,564,1051
208 (AKT2)	518,1034,564,1051
5290 (PIK3CA)	306,1034,352,1051
5291 (PIK3CB)	306,1034,352,1051
5293 (PIK3CD)	306,1034,352,1051
5295 (PIK3R1)	306,1034,352,1051
5296 (PIK3R2)	306,1034,352,1051
8503 (PIK3R3)	306,1034,352,1051
5170 (PDPK1)	432,1034,478,1051
3667 (IRS1)	226,1034,272,1051
8471 (IRS4)	226,1034,272,1051
8660 (IRS2)	226,1034,272,1051
3479 (IGF1)	69,990,115,1007
3480 (IGF1R)	139,990,185,1007
2308 (FOXO1)	634,472,680,489
2309 (FOXO3)	634,472,680,489
6517 (SLC2A4)	139,849,185,866
6794 (STK11)	332,454,378,471
2308 (FOXO1)	634,561,680,578
2309 (FOXO3)	634,561,680,578
23411 (SIRT1)	680,523,726,540
10891 (PPARGC1A)	719,576,765,593
10891 (PPARGC1A)	719,481,765,498
51094 (ADIPOR1)	139,573,185,590
79602 (ADIPOR2)	139,573,185,590
10645 (CAMKK2)	284,573,330,590
31 (ACACA)	694,871,740,888
126129 (CPT1C)	835,943,881,960
1374 (CPT1A)	835,943,881,960
1375 (CPT1B)	835,943,881,960
5207 (PFKFB1)	509,182,555,199
5208 (PFKFB2)	509,182,555,199
5209 (PFKFB3)	509,182,555,199
5210 (PFKFB4)	509,182,555,199
5211 (PFKL)	601,133,647,150
5213 (PFKM)	601,133,647,150
5214 (PFKP)	601,133,647,150
2203 (FBP1)	528,92,574,109
8789 (FBP2)	528,92,574,109
6517 (SLC2A4)	267,752,313,769
7249 (TSC2)	599,1025,645,1042
2475 (MTOR)	782,1034,828,1051
57521 (RPTOR)	782,1034,828,1051
84335 (AKT1S1)	782,1034,828,1051
9370 (ADIPOQ)	63,536,109,553
2997 (GYS1)	618,624,664,641
2998 (GYS2)	618,624,664,641
3172 (HNF4A)	631,262,677,279
5105 (PCK1)	796,274,842,291
5106 (PCK2)	796,274,842,291
2538 (G6PC)	796,251,842,268
57818 (G6PC2)	796,251,842,268
92579 (G6PC3)	796,251,842,268
6517 (SLC2A4)	837,481,883,498
6720 (SREBF1)	618,758,664,775
2194 (FASN)	831,738,877,755
31 (ACACA)	831,760,877,777
6319 (SCD)	831,782,877,799
79966 (SCD5)	831,782,877,799
29904 (EEF2K)	645,434,691,451
1938 (EEF2)	740,434,786,451
6198 (RPS6KB1)	865,997,911,1014
6199 (RPS6KB2)	865,997,911,1014
1978 (EIF4EBP1)	865,1022,911,1039
5468 (PPARG)	865,1047,911,1064
32 (ACACB)	835,850,881,867
200186 (CRTC2)	631,321,677,338
10891 (PPARGC1A)	798,322,844,339
23216 (TBC1D1)	360,658,406,675
55437 (STRADB)	378,454,424,471
92335 (STRADA)	378,454,424,471
51719 (CAB39)	365,437,411,454
81617 (CAB39L)	365,437,411,454
28227 (PPP2R3B)	431,654,477,671
55012 (PPP2R3C)	431,654,477,671
5515 (PPP2CA)	431,654,477,671
5516 (PPP2CB)	431,654,477,671
5518 (PPP2R1A)	431,654,477,671
5519 (PPP2R1B)	431,654,477,671
5520 (PPP2R2A)	431,654,477,671
5521 (PPP2R2B)	431,654,477,671
5522 (PPP2R2C)	431,654,477,671
5523 (PPP2R3A)	431,654,477,671
5525 (PPP2R5A)	431,654,477,671
5526 (PPP2R5B)	431,654,477,671
5527 (PPP2R5C)	431,654,477,671
5528 (PPP2R5D)	431,654,477,671
5529 (PPP2R5E)	431,654,477,671
55844 (PPP2R2D)	431,654,477,671
1994 (ELAVL1)	645,372,691,389
595 (CCND1)	765,357,811,374
890 (CCNA2)	765,387,811,404
8900 (CCNA1)	765,387,811,404
2538 (G6PC)	325,181,371,198
57818 (G6PC2)	325,181,371,198
92579 (G6PC3)	325,181,371,198
5105 (PCK1)	767,71,813,88
5106 (PCK2)	767,71,813,88
3991 (LIPE)	618,671,664,688
3156 (HMGCR)	618,712,664,729
148 (ADRA1A)	139,495,185,512
3953 (LEPR)	139,408,185,425
10645 (CAMKK2)	284,490,330,507
3952 (LEP)	63,302,109,319
948 (CD36)	139,939,185,956
1080 (CFTR)	139,686,185,703
10890 (RAB10)	324,713,370,730
4218 (RAB8A)	324,713,370,730
51552 (RAB14)	324,713,370,730
5862 (RAB2A)	324,713,370,730
9230 (RAB11B)	324,713,370,730
6009 (RHEB)	688,1034,734,1051
7248 (TSC1)	599,1041,645,1058
23417 (MLYCD)	696,921,742,938
6885 (MAP3K7)	438,397,484,414
10488 (CREB3)	655,292,701,309
1385 (CREB1)	655,292,701,309
148327 (CREB3L4)	655,292,701,309
64764 (CREB3L2)	655,292,701,309
84699 (CREB3L3)	655,292,701,309
90993 (CREB3L1)	655,292,701,309
9586 (CREB5)	655,292,701,309
8408 (ULK1)	865,1072,911,1089
hsa04152: AMPK signaling pathway	40,45,279,70
hsa00010: Glycolysis / Gluconeogenesis	710,147,805,181
hsa04151: PI3K-Akt signaling pathway	348,987,460,1021
hsa04110: Cell cycle	875,393,967,418
hsa04910: Insulin signaling pathway	226,987,338,1021
hsa04150: mTOR signaling pathway	684,1059,779,1093
hsa00500: Starch and sucrose metabolism	832,614,954,648
hsa01040: Biosynthesis of unsaturated fatty acids	895,773,1017,807
hsa00061: Fatty acid biosynthesis	894,730,1016,764
hsa04920: Adipocytokine signaling pathway	195,609,307,643
hsa04140: Autophagy - animal	1010,1063,1132,1097
