C15610 (Cholest-5-ene-3beta,26-diol)	1062,637,4
C00422 (Triacylglycerol)	998,1115,4
C02530 (Cholesterol ester)	788,1097,4
C00422 (Triacylglycerol)	788,1112,4
C00422 (Triacylglycerol)	854,1117,4
C02530 (Cholesterol ester)	731,1096,4
C02530 (Cholesterol ester)	914,1095,4
C00422 (Triacylglycerol)	914,1110,4
C00865 (Phospholipid)	632,1135,4
C02530 (Cholesterol ester)	601,1135,4
C02530 (Cholesterol ester)	670,1077,4
C00422 (Triacylglycerol)	171,266,4
C00162 (Fatty acid)	172,416,4
C00865 (Phospholipid)	400,213,4
C00187 (Cholesterol)	377,134,4
C00187 (Cholesterol)	434,277,4
C00865 (Phospholipid)	434,290,4
C02530 (Cholesterol ester)	532,284,4
C00865 (Phospholipid)	638,261,4
C00422 (Triacylglycerol)	638,346,4
C00162 (Fatty acid)	770,261,4
C00865 (Phospholipid)	770,298,4
C02530 (Cholesterol ester)	770,346,4
C00422 (Triacylglycerol)	883,292,4
C00162 (Fatty acid)	999,292,4
C00422 (Triacylglycerol)	1110,292,4
C00162 (Fatty acid)	1225,292,4
C00865 (Phospholipid)	1053,130,4
C02530 (Cholesterol ester)	1260,151,4
C00187 (Cholesterol)	1153,151,4
C02530 (Cholesterol ester)	581,491,4
C02530 (Cholesterol ester)	545,554,4
C00187 (Cholesterol)	377,494,4
C00187 (Cholesterol)	545,635,4
C00187 (Cholesterol)	926,637,4
C02530 (Cholesterol ester)	678,739,4
C02530 (Cholesterol ester)	755,739,4
C00187 (Cholesterol)	678,822,4
C00422 (Triacylglycerol)	771,762,4
C05122 (Taurocholate)	1062,822,4
C01921 (Glycocholate)	1062,822,4
C05465 (Taurochenodeoxycholate)	1062,822,4
C05466 (Glycochenodeoxycholate)	1062,822,4
C00865 (Phospholipid)	357,399,4
335 (APOA1)	958,1047,1004,1064
338 (APOB)	1008,1047,1054,1064
341 (APOC1)	1008,1067,1054,1084
344 (APOC2)	1008,1067,1054,1084
345 (APOC3)	1008,1067,1054,1084
348 (APOE)	1008,1087,1054,1104
4018 (LPA)	713,1047,759,1064
336 (APOA2)	958,1067,1004,1084
337 (APOA4)	958,1087,1004,1104
348 (APOE)	896,1067,942,1084
338 (APOB)	896,1047,942,1064
338 (APOB)	834,1047,880,1064
341 (APOC1)	834,1067,880,1084
344 (APOC2)	834,1067,880,1084
345 (APOC3)	834,1067,880,1084
348 (APOE)	834,1087,880,1104
338 (APOB)	773,1047,819,1064
338 (APOB)	713,1067,759,1084
338 (APOB)	655,1047,701,1064
335 (APOA1)	597,1047,643,1064
336 (APOA2)	597,1067,643,1084
341 (APOC1)	597,1087,643,1104
344 (APOC2)	597,1087,643,1104
345 (APOC3)	597,1087,643,1104
348 (APOE)	597,1107,643,1124
348 (APOE)	773,1067,819,1084
27329 (ANGPTL3)	99,344,145,361
51129 (ANGPTL4)	99,344,145,361
55908 (ANGPTL8)	99,383,145,400
350 (APOH)	47,310,93,327
344 (APOC2)	47,290,93,307
4023 (LPL)	120,300,166,317
19 (ABCA1)	354,168,400,185
19 (ABCA1)	354,425,400,442
19 (ABCA1)	1088,143,1134,160
335 (APOA1)	311,205,357,222
335 (APOA1)	1030,174,1076,191
335 (APOA1)	394,392,440,409
57552 (NCEH1)	1186,126,1232,143
6646 (SOAT1)	1186,158,1232,175
8435 (SOAT2)	1186,158,1232,175
3949 (LDLR)	1237,203,1283,220
948 (CD36)	1142,203,1188,220
341 (APOC1)	460,224,506,241
3931 (LCAT)	460,262,506,279
335 (APOA1)	460,204,506,221
5360 (PLTP)	680,290,726,307
1071 (CETP)	680,336,726,353
341 (APOC1)	680,376,726,393
9388 (LIPG)	680,241,726,258
4023 (LPL)	919,272,965,289
3990 (LIPC)	1139,272,1185,289
949 (SCARB1)	558,425,604,442
6272 (SORT1)	834,425,880,442
255738 (PCSK9)	1156,439,1202,456
3949 (LDLR)	1129,456,1175,473
255738 (PCSK9)	960,541,1006,558
3949 (LDLR)	933,558,979,575
255738 (PCSK9)	713,548,759,565
3949 (LDLR)	686,565,732,582
6272 (SORT1)	868,506,914,523
3949 (LDLR)	1240,425,1286,442
26119 (LDLRAP1)	1297,425,1343,442
29116 (MYLIP)	1349,488,1395,505
4018 (LPA)	1336,327,1382,344
3988 (LIPA)	549,580,595,597
10948 (STARD3)	496,687,542,704
4864 (NPC1)	546,687,592,704
9217 (VAPB)	496,704,542,721
9218 (VAPA)	496,704,542,721
114879 (OSBPL5)	546,704,592,721
10577 (NPC2)	591,659,637,676
6770 (STAR)	940,651,986,668
7416 (VDAC1)	894,663,940,680
7417 (VDAC2)	894,663,940,680
7419 (VDAC3)	894,663,940,680
10948 (STARD3)	775,629,821,646
7416 (VDAC1)	821,629,867,646
7417 (VDAC2)	821,629,867,646
7419 (VDAC3)	821,629,867,646
706 (TSPO)	856,646,902,663
6646 (SOAT1)	629,773,675,790
8435 (SOAT2)	629,773,675,790
6272 (SORT1)	837,705,883,722
338 (APOB)	837,722,883,739
338 (APOB)	1099,419,1145,436
1593 (CYP27A1)	963,617,1009,634
1581 (CYP7A1)	896,802,942,819
64240 (ABCG5)	1277,845,1323,862
64241 (ABCG8)	1277,845,1323,862
8647 (ABCB11)	1277,815,1323,832
6272 (SORT1)	1074,456,1120,473
4035 (LRP1)	252,546,298,563
4036 (LRP2)	252,546,298,563
4043 (LRPAP1)	250,583,296,600
348 (APOE)	206,546,252,563
hsa04975: Fat digestion and absorption	263,121,353,151
hsa04976: Bile secretion	1151,799,1231,817
hsa00100: Steroid biosynthesis	621,856,733,874
hsa00900: Terpenoid backbone biosynthesis	504,848,613,877
hsa00120: Primary bile acid biosynthesis	960,779,1056,807
hsa04979: Cholesterol metabolism	40,45,257,70
