57697 (FANCM)	298,388,344,405
2175 (FANCA)	293,320,339,337
2187 (FANCB)	303,303,349,320
2176 (FANCC)	279,337,325,354
2177 (FANCD2)	132,344,178,361
55215 (FANCI)	132,327,178,344
2178 (FANCE)	279,354,325,371
2188 (FANCF)	298,371,344,388
2189 (FANCG)	325,354,371,371
55120 (FANCL)	233,337,279,354
79728 (PALB2)	323,509,369,526
80233 (FAAP100)	247,320,293,337
641 (BLM)	440,367,486,384
57697 (FANCM)	279,127,325,144
80010 (RMI1)	394,350,440,367
116028 (RMI2)	440,350,486,367
7156 (TOP3A)	394,367,440,384
8940 (TOP3B)	394,367,440,384
84126 (ATRIP)	123,146,169,163
545 (ATR)	123,163,169,180
29935 (RPA4)	440,429,486,446
6117 (RPA1)	440,429,486,446
6118 (RPA2)	440,429,486,446
6119 (RPA3)	440,429,486,446
9894 (TELO2)	233,153,279,170
675 (BRCA2)	323,493,369,510
4292 (MLH1)	249,597,295,614
83990 (BRIP1)	249,554,295,571
672 (BRCA1)	203,554,249,571
5889 (RAD51C)	402,492,448,509
22909 (FAN1)	132,603,176,620
7398 (USP1)	168,284,214,301
57599 (WDR48)	168,267,214,284
29089 (UBE2T)	224,363,270,380
51455 (REV1)	165,480,211,497
100526739 (CENPS-CORT)	325,127,371,144
201254 (CENPX)	325,127,371,144
378708 (CENPS)	325,127,371,144
100526739 (CENPS-CORT)	344,388,390,405
201254 (CENPX)	344,388,390,405
378708 (CENPS)	344,388,390,405
5429 (POLH)	265,480,311,497
51426 (POLK)	215,502,261,519
5980 (REV3L)	215,480,261,497
11201 (POLI)	165,502,211,519
5395 (PMS2)	249,614,295,631
80198 (MUS81)	440,215,486,232
146956 (EME1)	440,232,486,249
197342 (EME2)	440,232,486,249
2072 (ERCC4)	440,270,486,287
2067 (ERCC1)	440,287,486,304
548593 (SLX1A)	498,270,544,287
79008 (SLX1B)	498,270,544,287
84464 (SLX4)	498,287,544,304
5888 (RAD51)	402,515,448,532
91442 (FAAP24)	279,144,325,161
91442 (FAAP24)	298,405,344,422
3280 (HES1)	353,320,399,337
353497 (POLN)	265,502,311,519
hsa03460: Fanconi anemia pathway	40,45,279,70
hsa03440: Homologous recombination	402,675,494,709
hsa03430: Mismatch repair	228,675,320,700
