C00076 (Calcium cation)	260,774,4
C00076 (Calcium cation)	927,970,4
C00238 (Potassium cation)	243,881,4
C01330 (Sodium cation)	389,1022,4
C00080 (H+)	369,948,4
C01330 (Sodium cation)	238,939,4
C00575 (3',5'-Cyclic AMP)	534,340,4
C00076 (Calcium cation)	710,964,4
C00165 (Diacylglycerol)	1016,109,4
C01245 (D-myo-Inositol 1,4,5-trisphosphate)	1016,143,4
C01330 (Sodium cation)	605,1113,4
C00076 (Calcium cation)	377,822,4
C00238 (Potassium cation)	378,1120,4
C00076 (Calcium cation)	347,649,4
C03758 (Dopamine)	84,369,4
C01312 (Prostaglandin I2)	52,213,4
C00780 (Serotonin)	219,335,4
C01996 (Acetylcholine)	194,439,4
C00334 (4-Aminobutanoate)	95,467,4
C00788 (L-Adrenaline)	83,335,4
C00212 (Adenosine)	155,369,4
C00020 (AMP)	531,511,4
C00288 (HCO3-)	358,216,4
C00076 (Calcium cation)	358,247,4
C00416 (Phosphatidate)	1016,81,4
C00186 ((S)-Lactate)	151,467,4
C00547 (L-Noradrenaline)	155,335,4
C00076 (Calcium cation)	719,1112,4
C01330 (Sodium cation)	720,1132,4
C00698 (Cl-)	535,1022,4
C01330 (Sodium cation)	242,582,4
C00238 (Potassium cation)	243,600,4
C20792 (Oleoylethanolamide)	53,282,4
C01089 ((R)-3-Hydroxybutanoate)	195,467,4
C20793 (3-Hydroxyoctanoate)	94,498,4
C00042 (Succinate)	196,501,4
C00584 (Prostaglandin E2)	209,369,4
775 (CACNA1C)	274,765,320,782
776 (CACNA1D)	274,765,320,782
778 (CACNA1F)	274,765,320,782
779 (CACNA1S)	274,765,320,782
6262 (RYR2)	740,957,786,974
487 (ATP2A1)	904,916,950,933
488 (ATP2A2)	904,916,950,933
489 (ATP2A3)	904,916,950,933
7137 (TNNI3)	806,811,852,828
23439 (ATP1B4)	360,1063,406,1080
476 (ATP1A1)	360,1063,406,1080
477 (ATP1A2)	360,1063,406,1080
478 (ATP1A3)	360,1063,406,1080
480 (ATP1A4)	360,1063,406,1080
481 (ATP1B1)	360,1063,406,1080
482 (ATP1B2)	360,1063,406,1080
483 (ATP1B3)	360,1063,406,1080
486 (FXYD2)	360,1063,406,1080
6548 (SLC9A1)	274,935,320,952
1128 (CHRM1)	274,462,320,479
1129 (CHRM2)	274,462,320,479
134 (ADORA1)	274,462,320,479
154 (ADRB2)	274,462,320,479
1813 (DRD2)	274,462,320,479
1909 (EDNRA)	274,462,320,479
2550 (GABBR1)	274,462,320,479
2693 (GHSR)	274,462,320,479
27198 (HCAR1)	274,462,320,479
2867 (FFAR2)	274,462,320,479
3350 (HTR1A)	274,462,320,479
3351 (HTR1B)	274,462,320,479
3352 (HTR1D)	274,462,320,479
3354 (HTR1E)	274,462,320,479
3355 (HTR1F)	274,462,320,479
338442 (HCAR2)	274,462,320,479
4886 (NPY1R)	274,462,320,479
5021 (OXTR)	274,462,320,479
56670 (SUCNR1)	274,462,320,479
5733 (PTGER3)	274,462,320,479
6751 (SSTR1)	274,462,320,479
6752 (SSTR2)	274,462,320,479
6755 (SSTR5)	274,462,320,479
8843 (HCAR3)	274,462,320,479
9568 (GABBR2)	274,462,320,479
2770 (GNAI1)	354,462,400,479
2771 (GNAI2)	354,462,400,479
2773 (GNAI3)	354,462,400,479
2778 (GNAS)	352,286,398,303
107 (ADCY1)	274,334,320,351
108 (ADCY2)	274,334,320,351
109 (ADCY3)	274,334,320,351
111 (ADCY5)	274,334,320,351
112 (ADCY6)	274,334,320,351
113 (ADCY7)	274,334,320,351
114 (ADCY8)	274,334,320,351
115 (ADCY9)	274,334,320,351
196883 (ADCY4)	274,334,320,351
5566 (PRKACA)	614,501,660,518
5567 (PRKACB)	614,501,660,518
5568 (PRKACG)	614,501,660,518
5290 (PIK3CA)	916,311,962,328
5291 (PIK3CB)	916,311,962,328
5293 (PIK3CD)	916,311,962,328
5295 (PIK3R1)	916,311,962,328
5296 (PIK3R2)	916,311,962,328
8503 (PIK3R3)	916,311,962,328
10000 (AKT3)	998,311,1044,328
207 (AKT1)	998,311,1044,328
208 (AKT2)	998,311,1044,328
5594 (MAPK1)	993,389,1039,406
5595 (MAPK3)	993,389,1039,406
5350 (PLN)	873,899,919,916
1080 (CFTR)	512,1063,558,1080
163688 (CALML6)	400,640,446,657
51806 (CALML5)	400,640,446,657
801 (CALM1)	400,640,446,657
805 (CALM2)	400,640,446,657
808 (CALM3)	400,640,446,657
810 (CALML3)	400,640,446,657
91860 (CALML4)	400,640,446,657
10411 (RAPGEF3)	610,389,656,406
11069 (RAPGEF4)	610,389,656,406
490 (ATP2B1)	274,812,320,829
491 (ATP2B2)	274,812,320,829
492 (ATP2B3)	274,812,320,829
493 (ATP2B4)	274,812,320,829
5906 (RAP1A)	706,389,752,406
5908 (RAP1B)	706,389,752,406
5894 (RAF1)	799,389,845,406
5604 (MAP2K1)	891,389,937,406
5605 (MAP2K2)	891,389,937,406
64411 (ARAP3)	916,228,962,245
673 (BRAF)	798,350,844,367
51196 (PLCE1)	920,108,966,125
5599 (MAPK8)	710,298,756,315
5601 (MAPK9)	710,298,756,315
5602 (MAPK10)	710,298,756,315
10488 (CREB3)	993,462,1039,479
1385 (CREB1)	993,462,1039,479
148327 (CREB3L4)	993,462,1039,479
64764 (CREB3L2)	993,462,1039,479
84699 (CREB3L3)	993,462,1039,479
90993 (CREB3L1)	993,462,1039,479
9586 (CREB5)	993,462,1039,479
1258 (CNGB1)	274,638,320,655
1259 (CNGA1)	274,638,320,655
1260 (CNGA2)	274,638,320,655
1261 (CNGA3)	274,638,320,655
1262 (CNGA4)	274,638,320,655
54714 (CNGB3)	274,638,320,655
387 (RHOA)	806,773,852,790
6093 (ROCK1)	882,773,928,790
9475 (ROCK2)	882,773,928,790
4659 (PPP1R12A)	958,773,1004,790
814 (CAMK4)	446,640,492,657
815 (CAMK2A)	446,640,492,657
816 (CAMK2B)	446,640,492,657
817 (CAMK2D)	446,640,492,657
818 (CAMK2G)	446,640,492,657
117 (ADCYAP1R1)	274,286,320,303
135 (ADORA2A)	274,286,320,303
139760 (GPR119)	274,286,320,303
153 (ADRB1)	274,286,320,303
1812 (DRD1)	274,286,320,303
1816 (DRD5)	274,286,320,303
2492 (FSHR)	274,286,320,303
2696 (GIPR)	274,286,320,303
2740 (GLP1R)	274,286,320,303
3360 (HTR4)	274,286,320,303
3362 (HTR6)	274,286,320,303
3973 (LHCGR)	274,286,320,303
4158 (MC2R)	274,286,320,303
4881 (NPR1)	274,286,320,303
5732 (PTGER2)	274,286,320,303
7253 (TSHR)	274,286,320,303
7434 (VIPR2)	274,286,320,303
4301 (AFDN)	916,270,962,287
10846 (PDE10A)	538,444,584,461
5139 (PDE3A)	538,444,584,461
5140 (PDE3B)	538,444,584,461
5141 (PDE4A)	538,444,584,461
5142 (PDE4B)	538,444,584,461
5143 (PDE4C)	538,444,584,461
5144 (PDE4D)	538,444,584,461
572 (BAD)	806,698,852,715
2737 (GLI3)	990,521,1036,538
4790 (NFKB1)	990,568,1036,585
5970 (RELA)	990,568,1036,585
5465 (PPARA)	990,627,1036,644
4772 (NFATC1)	990,668,1036,685
1387 (CREBBP)	970,479,1016,496
2033 (EP300)	970,479,1016,496
6662 (SOX9)	990,595,1036,612
10257 (ABCC4)	274,159,320,176
55811 (ADCY10)	403,239,449,256
22800 (RRAS2)	821,73,867,90
6237 (RRAS)	821,73,867,90
5337 (PLD1)	920,73,966,90
5338 (PLD2)	920,73,966,90
387 (RHOA)	996,228,1042,245
3991 (LIPE)	806,735,852,752
4852 (NPY)	77,527,123,544
51738 (GHRL)	131,527,177,544
2890 (GRIA1)	580,1063,626,1080
2891 (GRIA2)	580,1063,626,1080
2892 (GRIA3)	580,1063,626,1080
2893 (GRIA4)	580,1063,626,1080
116443 (GRIN3A)	696,1063,742,1080
116444 (GRIN3B)	696,1063,742,1080
2902 (GRIN1)	696,1063,742,1080
2903 (GRIN2A)	696,1063,742,1080
2904 (GRIN2B)	696,1063,742,1080
2905 (GRIN2C)	696,1063,742,1080
2906 (GRIN2D)	696,1063,742,1080
84876 (ORAI1)	274,875,320,892
5348 (FXYD1)	399,1046,445,1063
10021 (HCN4)	274,580,320,597
610 (HCN2)	274,580,320,597
84152 (PPP1R1B)	856,428,902,445
5499 (PPP1CA)	933,429,979,446
5500 (PPP1CB)	933,429,979,446
5501 (PPP1CC)	933,429,979,446
4792 (NFKBIA)	990,551,1036,568
268 (AMH)	1146,584,1192,601
627 (BDNF)	1146,425,1192,442
2353 (FOS)	1146,448,1192,465
3725 (JUN)	1146,470,1192,487
2735 (GLI1)	1146,502,1192,519
5727 (PTCH1)	1146,523,1192,540
64399 (HHIP)	1146,545,1192,562
2149 (F2R)	1146,668,1192,685
51 (ACOX1)	1146,627,1192,644
8310 (ACOX3)	1146,627,1192,644
10398 (MYL9)	1034,773,1080,790
7074 (TIAM1)	850,160,896,177
10451 (VAV3)	850,183,896,200
7409 (VAV1)	850,183,896,200
7410 (VAV2)	850,183,896,200
5879 (RAC1)	932,171,978,188
5880 (RAC2)	932,171,978,188
5881 (RAC3)	932,171,978,188
5058 (PAK1)	1012,171,1058,188
1081 (CGA)	131,274,177,291
2488 (FSHB)	131,274,177,291
5020 (OXT)	184,527,230,544
5443 (POMC)	131,241,177,258
2695 (GIP)	77,274,123,291
4878 (NPPA)	184,274,230,291
1906 (EDN1)	77,433,123,450
1907 (EDN2)	77,433,123,450
1908 (EDN3)	77,433,123,450
6750 (SST)	131,433,177,450
2641 (GCG)	184,241,230,258
116 (ADCYAP1)	77,208,123,225
7432 (VIP)	130,208,176,225
1081 (CGA)	77,241,123,258
7252 (TSHB)	77,241,123,258
1081 (CGA)	184,208,230,225
3972 (LHB)	184,208,230,225
hsa04024: cAMP signaling pathway	40,45,274,70
hsa04020: Calcium signaling pathway	321,686,438,720
hsa04260: Cardiac muscle contraction	985,944,1102,978
hsa04151: PI3K-Akt signaling pathway	1177,307,1294,341
hsa04015: Rap1 signaling pathway	868,340,985,374
hsa04720: Long-term potentiation	606,989,686,1023
hsa04972: Pancreatic secretion	487,934,567,968
hsa04976: Bile secretion	469,976,549,1010
hsa04740: Olfactory transduction	351,596,431,630
hsa00071: Fatty acid degradation	1336,622,1416,656
hsa04210: Apoptosis	852,668,932,693
hsa04340: Hedgehog signaling pathway	1231,537,1348,571
