3458 (IFNG)	319,644,365,661
5709 (PSMD3)	670,97,716,114
5718 (PSMD12)	716,97,762,114
5717 (PSMD11)	761,97,807,114
9861 (PSMD6)	807,97,853,114
5713 (PSMD7)	670,114,716,131
5719 (PSMD13)	716,114,762,131
10213 (PSMD14)	762,114,808,131
5714 (PSMD8)	807,114,853,131
7979 (SEM1)	853,114,899,131
5710 (PSMD4)	670,144,716,161
5708 (PSMD2)	670,195,716,212
5707 (PSMD1)	716,195,762,212
11047 (ADRM1)	762,195,808,212
5701 (PSMC2)	670,212,716,229
5700 (PSMC1)	716,212,762,229
5704 (PSMC4)	899,212,945,229
5706 (PSMC6)	807,212,853,229
5702 (PSMC3)	853,212,899,229
5705 (PSMC5)	762,212,808,229
5720 (PSME1)	948,113,994,130
5721 (PSME2)	994,113,1040,130
10197 (PSME3)	1063,115,1109,132
23198 (PSME4)	970,211,1016,228
5687 (PSMA6)	676,394,722,411
5683 (PSMA2)	722,394,768,411
5685 (PSMA4)	768,394,814,411
143471 (PSMA8)	814,394,860,411
5688 (PSMA7)	814,394,860,411
5686 (PSMA5)	860,394,906,411
5682 (PSMA1)	906,394,952,411
5684 (PSMA3)	952,394,998,411
5694 (PSMB6)	676,411,722,428
5695 (PSMB7)	722,411,768,428
5691 (PSMB3)	768,411,814,428
5690 (PSMB2)	814,411,860,428
5693 (PSMB5)	860,411,906,428
5689 (PSMB1)	906,411,952,428
5692 (PSMB4)	952,411,998,428
5698 (PSMB9)	676,478,722,495
5699 (PSMB10)	736,478,782,495
5696 (PSMB8)	792,478,838,495
122706 (PSMB11)	906,478,952,495
9491 (PSMF1)	370,836,416,853
51371 (POMP)	320,804,366,821
5698 (PSMB9)	270,684,316,701
5699 (PSMB10)	320,684,366,701
5696 (PSMB8)	370,684,416,701
5720 (PSME1)	320,747,366,764
5721 (PSME2)	320,764,366,781
hsa04120: Ubiquitin mediated proteolysis	62,431,190,465
hsa03050: Proteasome	40,45,164,70
