C05981 (Phosphatidylinositol-3,4,5-trisphosphate)	592,298,4
C01245 (D-myo-Inositol 1,4,5-trisphosphate)	581,454,4
C00165 (Diacylglycerol)	581,526,4
C00076 (Calcium cation)	695,466,4
C20640 (Cyclic GMP-AMP)	679,822,4
6198 (RPS6KB1)	861,236,907,253
6199 (RPS6KB2)	861,236,907,253
2475 (MTOR)	768,236,814,253
10000 (AKT3)	643,290,689,307
207 (AKT1)	643,290,689,307
208 (AKT2)	643,290,689,307
5290 (PIK3CA)	480,290,526,307
5291 (PIK3CB)	480,290,526,307
5293 (PIK3CD)	480,290,526,307
5295 (PIK3R1)	480,290,526,307
5296 (PIK3R2)	480,290,526,307
8503 (PIK3R3)	480,290,526,307
4790 (NFKB1)	768,308,814,325
5970 (RELA)	768,308,814,325
3265 (HRAS)	581,376,627,393
3845 (KRAS)	581,376,627,393
4893 (NRAS)	581,376,627,393
5894 (RAF1)	674,376,720,393
5604 (MAP2K1)	768,376,814,393
5605 (MAP2K2)	768,376,814,393
5594 (MAPK1)	861,376,907,393
5595 (MAPK3)	861,376,907,393
8772 (FADD)	385,1075,431,1092
841 (CASP8)	461,1067,507,1084
355 (FAS)	271,1067,317,1084
3105 (HLA-A)	718,1357,764,1374
3106 (HLA-B)	718,1357,764,1374
3107 (HLA-C)	718,1357,764,1374
3133 (HLA-E)	718,1357,764,1374
3134 (HLA-F)	718,1357,764,1374
3135 (HLA-G)	718,1357,764,1374
3105 (HLA-A)	271,1357,317,1374
3106 (HLA-B)	271,1357,317,1374
3107 (HLA-C)	271,1357,317,1374
3133 (HLA-E)	271,1357,317,1374
3134 (HLA-F)	271,1357,317,1374
3135 (HLA-G)	271,1357,317,1374
8717 (TRADD)	385,1058,431,1075
1147 (CHUK)	805,914,851,931
3551 (IKBKB)	805,914,851,931
8517 (IKBKG)	805,914,851,931
581 (BAX)	615,1122,661,1139
578 (BAK1)	615,1144,661,1161
54205 (CYCS)	756,1133,802,1150
836 (CASP3)	910,1133,956,1150
7132 (TNFRSF1A)	271,931,317,948
10681 (GNB5)	448,552,494,569
2782 (GNB1)	448,552,494,569
2783 (GNB2)	448,552,494,569
2784 (GNB3)	448,552,494,569
2785 (GNG3)	448,552,494,569
2786 (GNG4)	448,552,494,569
2787 (GNG5)	448,552,494,569
2788 (GNG7)	448,552,494,569
2790 (GNG10)	448,552,494,569
2791 (GNG11)	448,552,494,569
2792 (GNGT1)	448,552,494,569
2793 (GNGT2)	448,552,494,569
51764 (GNG13)	448,552,494,569
54331 (GNG2)	448,552,494,569
55970 (GNG12)	448,552,494,569
59345 (GNB4)	448,552,494,569
94235 (GNG8)	448,552,494,569
842 (CASP9)	834,1133,880,1150
637 (BID)	533,1133,579,1150
4772 (NFATC1)	933,437,979,454
4773 (NFATC2)	933,437,979,454
4775 (NFATC3)	933,437,979,454
4776 (NFATC4)	933,437,979,454
5530 (PPP3CA)	826,437,872,454
5532 (PPP3CB)	826,437,872,454
5533 (PPP3CC)	826,437,872,454
5534 (PPP3R1)	826,437,872,454
5535 (PPP3R2)	826,437,872,454
163688 (CALML6)	731,437,777,454
51806 (CALML5)	731,437,777,454
801 (CALM1)	731,437,777,454
805 (CALM2)	731,437,777,454
808 (CALM3)	731,437,777,454
810 (CALML3)	731,437,777,454
91860 (CALML4)	731,437,777,454
2767 (GNA11)	381,361,427,378
2776 (GNAQ)	381,361,427,378
6890 (TAP1)	718,1272,764,1289
6891 (TAP2)	718,1272,764,1289
6892 (TAPBP)	718,1289,764,1306
2770 (GNAI1)	381,290,427,307
2771 (GNAI2)	381,290,427,307
2773 (GNAI3)	381,290,427,307
2775 (GNAO1)	381,290,427,307
7124 (TNF)	182,931,228,948
7852 (CXCR4)	271,313,317,330
5747 (PTK2)	643,164,689,181
1398 (CRK)	840,176,886,193
1399 (CRKL)	840,176,886,193
5829 (PXN)	840,154,886,171
5578 (PRKCA)	731,478,777,495
5579 (PRKCB)	731,478,777,495
5582 (PRKCG)	731,478,777,495
2185 (PTK2B)	748,164,794,181
8737 (RIPK1)	480,922,526,939
8717 (TRADD)	526,922,572,939
7188 (TRAF5)	480,939,526,956
7186 (TRAF2)	526,939,572,956
2923 (PDIA3)	684,1311,730,1328
811 (CALR)	684,1328,730,1345
567 (B2M)	683,1396,729,1413
3708 (ITPR1)	622,473,668,490
3709 (ITPR2)	622,473,668,490
3710 (ITPR3)	622,473,668,490
3456 (IFNB1)	1225,799,1271,816
3439 (IFNA1)	1174,799,1220,816
3440 (IFNA2)	1174,799,1220,816
3441 (IFNA4)	1174,799,1220,816
3442 (IFNA5)	1174,799,1220,816
3443 (IFNA6)	1174,799,1220,816
3444 (IFNA7)	1174,799,1220,816
3445 (IFNA8)	1174,799,1220,816
3446 (IFNA10)	1174,799,1220,816
3447 (IFNA13)	1174,799,1220,816
3448 (IFNA14)	1174,799,1220,816
3449 (IFNA16)	1174,799,1220,816
3451 (IFNA17)	1174,799,1220,816
3452 (IFNA21)	1174,799,1220,816
29110 (TBK1)	825,814,871,831
3661 (IRF3)	979,814,1025,831
115004 (CGAS)	572,814,618,831
340061 (TMEM173)	730,814,776,831
920 (CD4)	271,281,317,298
1234 (CCR5)	271,334,317,351
4615 (MYD88)	356,666,402,683
5594 (MAPK1)	805,694,851,711
5595 (MAPK3)	805,694,851,711
6885 (MAP3K7)	636,683,682,700
1432 (MAPK14)	805,717,851,734
5600 (MAPK11)	805,717,851,734
5603 (MAPK13)	805,717,851,734
6300 (MAPK12)	805,717,851,734
3654 (IRAK1)	448,675,494,692
5599 (MAPK8)	805,740,851,757
5601 (MAPK9)	805,740,851,757
5602 (MAPK10)	805,740,851,757
7189 (TRAF6)	541,666,587,683
10454 (TAB1)	636,649,682,666
23118 (TAB2)	636,666,682,683
4792 (NFKBIA)	929,639,975,656
7124 (TNF)	1174,613,1220,630
7097 (TLR2)	271,645,317,662
7099 (TLR4)	271,683,317,700
51135 (IRAK4)	448,658,494,675
4790 (NFKB1)	929,611,975,628
5970 (RELA)	929,611,975,628
2353 (FOS)	929,715,975,732
3725 (JUN)	929,715,975,732
355 (FAS)	166,1271,212,1288
356 (FASLG)	271,1189,317,1206
983 (CDK1)	1198,1320,1244,1337
472 (ATM)	1198,1152,1244,1169
545 (ATR)	1198,1152,1244,1169
1111 (CHEK1)	1198,1200,1244,1217
995 (CDC25C)	1146,1265,1192,1282
85417 (CCNB3)	1198,1303,1244,1320
891 (CCNB1)	1198,1303,1244,1320
9133 (CCNB2)	1198,1303,1244,1320
572 (BAD)	768,339,814,356
2353 (FOS)	861,308,907,325
3725 (JUN)	861,308,907,325
5335 (PLCG1)	478,464,524,481
5336 (PLCG2)	478,464,524,481
1072 (CFL1)	825,552,871,569
1073 (CFL2)	825,552,871,569
3984 (LIMK1)	731,552,777,569
3985 (LIMK2)	731,552,777,569
10298 (PAK4)	636,552,682,569
106821730 (BUB1B-PAK6)	636,552,682,569
5058 (PAK1)	636,552,682,569
5062 (PAK2)	636,552,682,569
5063 (PAK3)	636,552,682,569
56924 (PAK6)	636,552,682,569
57144 (PAK5)	636,552,682,569
5879 (RAC1)	541,552,587,569
5880 (RAC2)	541,552,587,569
5881 (RAC3)	541,552,587,569
3456 (IFNB1)	1225,591,1271,608
3439 (IFNA1)	1174,591,1220,608
3440 (IFNA2)	1174,591,1220,608
3441 (IFNA4)	1174,591,1220,608
3442 (IFNA5)	1174,591,1220,608
3443 (IFNA6)	1174,591,1220,608
3444 (IFNA7)	1174,591,1220,608
3445 (IFNA8)	1174,591,1220,608
3446 (IFNA10)	1174,591,1220,608
3447 (IFNA13)	1174,591,1220,608
3448 (IFNA14)	1174,591,1220,608
3449 (IFNA16)	1174,591,1220,608
3451 (IFNA17)	1174,591,1220,608
3452 (IFNA21)	1174,591,1220,608
7124 (TNF)	1174,716,1220,733
100913187 (APOBEC3A_B)	1174,827,1220,844
140564 (APOBEC3D)	1174,827,1220,844
164668 (APOBEC3H)	1174,827,1220,844
200315 (APOBEC3A)	1174,827,1220,844
200316 (APOBEC3F)	1174,827,1220,844
27350 (APOBEC3C)	1174,827,1220,844
60489 (APOBEC3G)	1174,827,1220,844
9582 (APOBEC3B)	1174,827,1220,844
25939 (SAMHD1)	1225,827,1271,844
85363 (TRIM5)	1174,849,1220,866
684 (BST2)	1225,849,1271,866
1432 (MAPK14)	805,947,851,964
5600 (MAPK11)	805,947,851,964
5603 (MAPK13)	805,947,851,964
6300 (MAPK12)	805,947,851,964
5599 (MAPK8)	805,981,851,998
5601 (MAPK9)	805,981,851,998
5602 (MAPK10)	805,981,851,998
2353 (FOS)	929,981,975,998
3725 (JUN)	929,981,975,998
5606 (MAP2K3)	712,947,758,964
5608 (MAP2K6)	712,947,758,964
5609 (MAP2K7)	712,981,758,998
356 (FASLG)	166,1067,212,1084
355 (FAS)	166,1109,212,1126
915 (CD3D)	271,1254,317,1271
916 (CD3E)	271,1254,317,1271
917 (CD3G)	271,1254,317,1271
919 (CD247)	271,1254,317,1271
596 (BCL2)	615,1172,661,1189
598 (BCL2L1)	615,1194,661,1211
494551 (WEE2)	1249,1266,1295,1283
7465 (WEE1)	1249,1266,1295,1283
8450 (CUL4B)	1243,1091,1289,1108
8451 (CUL4A)	1243,1091,1289,1108
1642 (DDB1)	1198,1091,1244,1108
9730 (DCAF1)	1152,1091,1198,1108
6923 (ELOB)	709,1467,755,1484
8065 (CUL5)	755,1467,801,1484
6921 (ELOC)	709,1484,755,1501
9616 (RNF7)	755,1484,801,1501
100913187 (APOBEC3A_B)	844,1476,890,1493
140564 (APOBEC3D)	844,1476,890,1493
164668 (APOBEC3H)	844,1476,890,1493
200315 (APOBEC3A)	844,1476,890,1493
200316 (APOBEC3F)	844,1476,890,1493
27350 (APOBEC3C)	844,1476,890,1493
60489 (APOBEC3G)	844,1476,890,1493
9582 (APOBEC3B)	844,1476,890,1493
3105 (HLA-A)	510,1400,556,1417
3106 (HLA-B)	510,1400,556,1417
3107 (HLA-C)	510,1400,556,1417
3133 (HLA-E)	510,1400,556,1417
3134 (HLA-F)	510,1400,556,1417
3135 (HLA-G)	510,1400,556,1417
10053 (AP1M2)	464,1400,510,1417
1174 (AP1S1)	464,1400,510,1417
130340 (AP1S3)	464,1400,510,1417
162 (AP1B1)	464,1400,510,1417
164 (AP1G1)	464,1400,510,1417
8905 (AP1S2)	464,1400,510,1417
8906 (AP1G2)	464,1400,510,1417
8907 (AP1M1)	464,1400,510,1417
7133 (TNFRSF1B)	166,552,212,569
7124 (TNF)	271,552,317,569
598 (BCL2L1)	88,552,134,569
920 (CD4)	438,133,484,150
23291 (FBXW11)	410,171,456,188
6500 (SKP1)	410,171,456,188
8454 (CUL1)	410,171,456,188
8945 (BTRC)	410,171,456,188
9978 (RBX1)	410,171,456,188
572 (BAD)	464,1179,510,1196
1147 (CHUK)	805,639,851,656
3551 (IKBKB)	805,639,851,656
8517 (IKBKG)	805,639,851,656
4792 (NFKBIA)	929,914,975,931
4790 (NFKB1)	929,886,975,903
5970 (RELA)	929,886,975,903
hsa05170: Human immunodeficiency virus 1 infection	40,45,428,70
hsa04064: NF-kappa B signaling pathway	768,269,878,303
hsa04151: PI3K-Akt signaling pathway	614,225,738,259
hsa04612: Antigen processing and presentation	348,1312,462,1346
hsa04150: mTOR signaling pathway	760,205,913,230
hsa04210: Apoptosis	772,1160,881,1185
hsa04010: MAPK signaling pathway	591,334,699,368
hsa04810: Regulation of actin cytoskeleton	713,120,837,154
hsa03050: Proteasome	852,1240,961,1265
hsa04110: Cell cycle	1093,1124,1195,1149
hsa04668: TNF signaling pathway	505,1006,658,1031
hsa04623: Cytosolic DNA-sensing pathway	389,773,513,807
hsa04020: Calcium signaling pathway	562,407,686,441
hsa04620: Toll-like receptor signaling pathway	491,705,615,739
hsa04142: Lysosome	551,1480,639,1505
hsa04141: Protein processing in endoplasmic reticulum	533,120,675,154
