C00290 (Fibrin)	169,749,4
2161 (F12)	191,215,237,232
2160 (F11)	191,282,237,299
2158 (F9)	191,341,237,358
2159 (F10)	129,408,175,425
2155 (F7)	67,341,113,358
2243 (FGA)	57,741,103,758
2244 (FGB)	57,741,103,758
2266 (FGG)	57,741,103,758
2162 (F13A1)	155,692,201,709
2165 (F13B)	155,692,201,709
7035 (TFPI)	66,408,112,425
2149 (F2R)	258,594,304,611
3053 (SERPIND1)	62,477,108,494
462 (SERPINC1)	62,457,108,474
7450 (VWF)	242,368,288,385
5104 (SERPINA5)	62,497,108,514
5054 (SERPINE1)	415,478,461,495
5055 (SERPINB2)	415,478,461,495
5340 (PLG)	563,215,609,232
3827 (KNG1)	365,282,411,299
3818 (KLKB1)	364,215,410,232
5328 (PLAU)	500,468,546,485
5327 (PLAT)	500,488,546,505
623 (BDKRB1)	500,282,546,299
624 (BDKRB2)	500,282,546,299
4153 (MBL2)	953,222,999,239
10747 (MASP2)	953,239,999,256
5648 (MASP1)	953,239,999,256
712 (C1QA)	834,239,880,256
713 (C1QB)	834,239,880,256
714 (C1QC)	834,239,880,256
715 (C1R)	834,239,880,256
716 (C1S)	834,239,880,256
718 (C3)	793,443,839,460
710 (SERPING1)	894,266,940,283
3075 (CFH)	722,509,768,526
727 (C5)	793,596,839,613
729 (C6)	848,694,894,711
730 (C7)	848,694,894,711
731 (C8A)	848,694,894,711
732 (C8B)	848,694,894,711
733 (C8G)	848,694,894,711
735 (C9)	848,694,894,711
966 (CD59)	710,715,756,732
4179 (CD46)	769,395,815,412
1604 (CD55)	818,375,864,392
722 (C4BPA)	986,443,1032,460
725 (C4BPB)	986,443,1032,460
5627 (PROS1)	242,426,288,443
5624 (PROC)	298,478,344,495
7056 (THBD)	205,478,251,495
5265 (SERPINA1)	415,524,461,541
2147 (F2)	130,478,176,495
2 (A2M)	415,564,461,581
5345 (SERPINF2)	415,544,461,561
718 (C3)	694,330,740,347
720 (C4A)	894,330,940,347
721 (C4B)	894,330,940,347
717 (C2)	894,310,940,327
3075 (CFH)	647,222,693,239
3426 (CFI)	647,242,693,259
2153 (F5)	155,437,201,454
2157 (F8)	242,385,288,402
462 (SERPINC1)	254,282,300,299
1361 (CPB2)	212,692,258,709
1191 (CLU)	710,735,756,752
7448 (VTN)	710,755,756,772
1378 (CR1)	818,395,864,412
1379 (CR1L)	818,395,864,412
3426 (CFI)	769,375,815,392
5329 (PLAUR)	500,423,546,440
2151 (F2RL2)	258,625,304,642
9002 (F2RL3)	258,625,304,642
10544 (PROCR)	251,508,297,525
2152 (F3)	66,282,112,299
1380 (CR2)	1097,608,1143,625
3684 (ITGAM)	1097,650,1143,667
3689 (ITGB2)	1097,650,1143,667
3687 (ITGAX)	1097,692,1143,709
3689 (ITGB2)	1097,692,1143,709
11326 (VSIG4)	1097,532,1143,549
728 (C5AR1)	1097,731,1143,748
719 (C3AR1)	1097,489,1143,506
629 (CFB)	765,284,811,301
1675 (CFD)	765,304,811,321
1378 (CR1)	1097,571,1143,588
1379 (CR1L)	1097,571,1143,588
5104 (SERPINA5)	415,504,461,521
10878 (CFHR3)	760,479,806,496
3078 (CFHR1)	760,479,806,496
3080 (CFHR2)	760,479,806,496
81494 (CFHR5)	760,479,806,496
10877 (CFHR4)	652,492,698,509
hsa04610: Complement and coagulation cascades	40,45,374,70
hsa04662: B cell receptor signaling pathway	1192,601,1294,635
hsa04611: Platelet activation	372,638,473,663
hsa04750: Inflammatory mediator regulation of TRP channels	338,330,478,363
