C00076 (Calcium cation)	180,885,4
C01330 (Sodium cation)	822,392,4
C01330 (Sodium cation)	168,169,4
C01451 (Salicin)	167,578,4
C00076 (Calcium cation)	561,385,4
C01245 (D-myo-Inositol 1,4,5-trisphosphate)	491,456,4
C12284 (Saccharin sodium anhydrous)	166,374,4
D08836 (Acesulfame potassium (NF))	166,374,4
C19378 (Cyclamate)	166,374,4
C11045 (Aspartame)	166,374,4
C00089 (Sucrose)	166,385,4
C00095 (D-Fructose)	166,385,4
C00031 (D-Glucose)	166,385,4
C00208 (Maltose)	166,385,4
C00144 (GMP)	167,517,4
C01330 (Sodium cation)	822,446,4
C00020 (AMP)	293,478,4
C00575 (3',5'-Cyclic AMP)	320,331,4
C00076 (Calcium cation)	822,847,4
C01327 (Hydrochloric acid)	166,778,4
C01330 (Sodium cation)	822,799,4
C00008 (ADP)	816,193,4
C00076 (Calcium cation)	583,882,4
C00238 (Potassium cation)	824,752,4
C00002 (ATP)	815,153,4
C01330 (Sodium cation)	180,853,4
C00080 (H+)	166,869,4
C01996 (Acetylcholine)	811,574,4
C00334 (4-Aminobutanoate)	808,886,4
C00780 (Serotonin)	808,902,4
C00547 (L-Noradrenaline)	808,918,4
C00002 (ATP)	827,502,4
C12283 (Saccharin)	167,602,4
C06526 (Quinine)	167,590,4
C00130 (IMP)	167,529,4
C00025 (L-Glutamate)	167,541,4
C02265 (D-Phenylalanine)	166,397,4
C00133 (D-Alanine)	166,397,4
C00740 (D-Serine)	166,397,4
C00158 (Citrate)	166,790,4
C00149 ((S)-Malate)	166,802,4
C00238 (Potassium cation)	824,338,4
C00575 (3',5'-Cyclic AMP)	293,439,4
29850 (TRPM5)	748,381,794,398
80834 (TAS1R2)	209,370,255,387
5330 (PLCB2)	382,448,428,465
3710 (ITPR3)	482,376,528,393
6326 (SCN2A)	748,435,794,452
6328 (SCN3A)	748,435,794,452
6335 (SCN9A)	748,435,794,452
5136 (PDE1A)	316,448,364,465
5137 (PDE1C)	316,448,364,465
5153 (PDE1B)	316,448,364,465
773 (CACNA1A)	748,834,794,851
775 (CACNA1C)	748,834,794,851
342372 (PKD1L3)	210,772,256,789
10021 (HCN4)	748,785,794,802
6326 (SCN2A)	748,785,794,802
255022 (CALHM1)	748,490,794,507
6337 (SCNN1A)	209,161,255,178
6338 (SCNN1B)	209,161,255,178
6340 (SCNN1G)	209,161,255,178
954 (ENTPD2)	748,161,794,178
259285 (TAS2R39)	209,582,255,599
259286 (TAS2R40)	209,582,255,599
259287 (TAS2R41)	209,582,255,599
259289 (TAS2R43)	209,582,255,599
259290 (TAS2R31)	209,582,255,599
259291 (TAS2R45)	209,582,255,599
259292 (TAS2R46)	209,582,255,599
259293 (TAS2R30)	209,582,255,599
259294 (TAS2R19)	209,582,255,599
259295 (TAS2R20)	209,582,255,599
259296 (TAS2R50)	209,582,255,599
338398 (TAS2R60)	209,582,255,599
353164 (TAS2R42)	209,582,255,599
50831 (TAS2R3)	209,582,255,599
50832 (TAS2R4)	209,582,255,599
50833 (TAS2R16)	209,582,255,599
50834 (TAS2R1)	209,582,255,599
50835 (TAS2R9)	209,582,255,599
50836 (TAS2R8)	209,582,255,599
50837 (TAS2R7)	209,582,255,599
50838 (TAS2R13)	209,582,255,599
50839 (TAS2R10)	209,582,255,599
50840 (TAS2R14)	209,582,255,599
54429 (TAS2R5)	209,582,255,599
5726 (TAS2R38)	209,582,255,599
80835 (TAS1R1)	209,496,255,513
2911 (GRM1)	209,536,255,553
2914 (GRM4)	209,536,255,553
83756 (TAS1R3)	209,387,255,404
83756 (TAS1R3)	209,513,255,530
5030 (P2RY4)	493,697,539,714
8645 (KCNK5)	748,740,794,757
22953 (P2RX2)	563,262,609,279
40 (ASIC2)	210,861,256,878
9033 (PKD2L1)	210,789,256,806
5028 (P2RY1)	493,262,539,279
2554 (GABRA1)	421,640,467,657
2555 (GABRA2)	421,640,467,657
2556 (GABRA3)	421,640,467,657
2557 (GABRA4)	421,640,467,657
2558 (GABRA5)	421,640,467,657
2559 (GABRA6)	421,640,467,657
2550 (GABBR1)	493,640,539,657
9568 (GABBR2)	493,640,539,657
3350 (HTR1A)	563,640,609,657
3351 (HTR1B)	563,640,609,657
3352 (HTR1D)	563,640,609,657
3354 (HTR1E)	563,640,609,657
3355 (HTR1F)	563,640,609,657
22953 (P2RX2)	888,493,934,510
5024 (P2RX3)	888,516,934,533
1131 (CHRM3)	746,604,792,621
170572 (HTR3C)	888,892,934,909
200909 (HTR3D)	888,892,934,909
285242 (HTR3E)	888,892,934,909
3359 (HTR3A)	888,892,934,909
9177 (HTR3B)	888,892,934,909
112 (ADCY6)	209,322,255,339
114 (ADCY8)	209,322,255,339
196883 (ADCY4)	209,322,255,339
5566 (PRKACA)	382,323,428,340
5567 (PRKACB)	382,323,428,340
5568 (PRKACG)	382,323,428,340
2784 (GNB3)	316,378,362,395
346562 (GNAT3)	316,378,362,395
51764 (GNG13)	316,378,362,395
2784 (GNB3)	316,528,362,545
346562 (GNAT3)	316,528,362,545
51764 (GNG13)	316,528,362,545
hsa04742: Taste transduction	40,45,226,70
hsa04020: Calcium signaling pathway	513,401,613,439
