G10596	637,317,4
G00022	537,685,4
G00021	629,685,4
G00020	721,685,4
G00019	721,638,4
G00018 (DS 3)	537,731,4
G00017	629,731,4
G00016	721,731,4
G00015	820,638,4
G00014	820,571,4
G00013	820,501,4
G00012	723,501,4
G00011	543,501,4
G00171	362,501,4
G00009	261,501,4
G00008	261,409,4
G00007	453,317,4
G00006	736,226,4
G00005	637,121,4
G00004	545,121,4
G00003	453,121,4
G00002 (N,N'-Chitobiosyldiphosphodolichol)	362,121,4
G00001 (N-Acetyl-D-glucosaminyldiphosphodolichol)	261,121,4
C03021 (Protein asparagine)	302,431,4
C01246 (Dolichyl beta-D-glucosyl phosphate)	362,336,4
C03862 (Dolichyl phosphate D-mannose)	637,247,4
C00621 (Dolichyl diphosphate)	180,474,4
C00381 (Dolichol)	67,335,4
C00110 (Dolichyl phosphate)	180,336,4
G10526	736,121,4
G10595	736,317,4
G10597	545,317,4
G10598	453,409,4
G10599	362,409,4
G00010	453,501,4
C00096 (GDP-mannose)	372,177,4
C06081 (Polyprenol)	67,260,4
G10694	633,501,4
199857 (ALG14)	282,121,328,138
54344 (DPM3)	429,247,475,264
8818 (DPM2)	384,247,430,264
29929 (ALG6)	430,359,476,376
79087 (ALG12)	573,309,619,326
79796 (ALG9)	669,309,715,326
10195 (ALG3)	714,265,760,282
146664 (MGAT5B)	650,676,696,693
4249 (MGAT5)	650,676,696,693
57171 (DOLPP1)	156,400,202,417
2530 (FUT8)	742,722,788,739
25834 (MGAT4C)	559,676,605,693
2683 (B4GALT1)	650,723,696,740
8703 (B4GALT3)	650,723,696,740
8704 (B4GALT2)	650,723,696,740
6480 (ST6GAL1)	559,723,605,740
84620 (ST6GAL2)	559,723,605,740
4248 (MGAT3)	742,631,788,648
4247 (MGAT2)	798,594,844,611
4122 (MAN2A2)	798,524,844,541
4124 (MAN2A1)	798,524,844,541
11253 (MAN1B1)	557,492,603,509
11282 (MGAT4B)	742,676,788,693
11320 (MGAT4A)	742,676,788,693
152586 (MGAT4D)	742,676,788,693
23193 (GANAB)	384,492,430,509
7841 (MOGS)	282,492,328,509
440138 (ALG11)	714,181,760,198
201595 (STT3B)	215,446,261,463
3703 (STT3A)	215,446,261,463
29880 (ALG5)	248,337,294,354
85365 (ALG2)	475,113,521,130
56052 (ALG1)	384,113,430,130
79868 (ALG13)	282,104,328,121
8813 (DPM1)	409,230,455,247
1798 (DPAGT1)	190,113,236,130
22845 (DOLK)	100,318,146,335
144245 (ALG10B)	138,905,158,905,158,909,138,909
84920 (ALG10)	138,905,158,905,158,909,138,909
79087 (ALG12)	394,819,409,834,413,834,398,819
79053 (ALG8)	198,905,218,905,218,909,198,909
29929 (ALG6)	259,905,279,905,279,909,259,909
440138 (ALG11)	323,905,343,905,343,909,323,909
440138 (ALG11)	388,905,408,905,408,909,388,909
79796 (ALG9)	330,863,350,863,350,867,330,867
79796 (ALG9)	330,814,350,814,350,818,330,818
10195 (ALG3)	392,865,407,850,411,850,396,865
85365 (ALG2)	453,845,473,865,477,865,457,845
85365 (ALG2)	452,905,472,885,476,885,456,905
56052 (ALG1)	515,873,535,873,535,877,515,877
199857 (ALG14)	593,873,613,873,613,877,593,877
79868 (ALG13)	593,873,613,873,613,877,593,877
1798 (DPAGT1)	671,873,691,873,691,877,671,877
7841 (MOGS)	136,1048,156,1048,156,1052,136,1052
4122 (MAN2A2)	392,962,407,977,411,977,396,962
4124 (MAN2A1)	392,962,407,977,411,977,396,962
23193 (GANAB)	196,1048,216,1048,216,1052,196,1052
23193 (GANAB)	257,1048,277,1048,277,1052,257,1052
10905 (MAN1A2)	321,1048,341,1048,341,1052,321,1052
4121 (MAN1A1)	321,1048,341,1048,341,1052,321,1052
57134 (MAN1C1)	321,1048,341,1048,341,1052,321,1052
10905 (MAN1A2)	386,1048,406,1048,406,1052,386,1052
4121 (MAN1A1)	386,1048,406,1048,406,1052,386,1052
57134 (MAN1C1)	386,1048,406,1048,406,1052,386,1052
11253 (MAN1B1)	328,1006,348,1006,348,1010,328,1010
10905 (MAN1A2)	328,957,348,957,348,961,328,961
4121 (MAN1A1)	328,957,348,957,348,961,328,961
57134 (MAN1C1)	328,957,348,957,348,961,328,961
4122 (MAN2A2)	390,1008,405,993,409,993,394,1008
4124 (MAN2A1)	390,1008,405,993,409,993,394,1008
146664 (MGAT5B)	296,1103,311,1118,315,1118,300,1103
4249 (MGAT5)	296,1103,311,1118,315,1118,300,1103
11282 (MGAT4B)	296,1206,311,1221,315,1221,300,1206
11320 (MGAT4A)	296,1206,311,1221,315,1221,300,1206
152586 (MGAT4D)	296,1206,311,1221,315,1221,300,1206
6480 (ST6GAL1)	159,1158,179,1158,179,1162,159,1162
84620 (ST6GAL2)	159,1158,179,1158,179,1162,159,1162
4247 (MGAT2)	295,1159,310,1144,314,1144,299,1159
2530 (FUT8)	502,1132,517,1147,521,1147,506,1132
25834 (MGAT4C)	294,1128,314,1128,314,1132,294,1132
2683 (B4GALT1)	219,1158,239,1158,239,1162,219,1162
8703 (B4GALT3)	219,1158,239,1158,239,1162,219,1162
8704 (B4GALT2)	219,1158,239,1158,239,1162,219,1162
4248 (MGAT3)	360,1178,380,1178,380,1182,360,1182
6480 (ST6GAL1)	158,1254,178,1254,178,1258,158,1258
84620 (ST6GAL2)	158,1254,178,1254,178,1258,158,1258
2683 (B4GALT1)	218,1254,238,1254,238,1258,218,1258
8703 (B4GALT3)	218,1254,238,1254,238,1258,218,1258
8704 (B4GALT2)	218,1254,238,1254,238,1258,218,1258
4245 (MGAT1)	295,1253,310,1238,314,1238,299,1253
1603 (DAD1)	261,446,307,463
1650 (DDOST)	261,446,307,463
6184 (RPN1)	261,446,307,463
6185 (RPN2)	261,446,307,463
7991 (TUSC3)	261,446,307,463
85365 (ALG2)	566,113,612,130
440138 (ALG11)	658,113,704,130
79796 (ALG9)	485,308,531,325
79053 (ALG8)	391,401,437,418
144245 (ALG10B)	294,401,340,418
84920 (ALG10)	294,401,340,418
23193 (GANAB)	473,492,519,509
4245 (MGAT1)	742,492,788,509
79644 (SRD5A3)	44,286,90,303
10905 (MAN1A2)	649,492,695,509
4121 (MAN1A1)	649,492,695,509
57134 (MAN1C1)	649,492,695,509
hsa00513: Various types of N-glycan biosynthesis	480,419,607,453
hsa00511: Other glycan degradation	393,668,470,702
hsa00533: Glycosaminoglycan biosynthesis - keratan sulfate	883,621,972,655
hsa00563: Glycosylphosphatidylinositol (GPI)-anchor biosynthesis	576,137,699,182
hsa00051: Fructose and mannose metabolism	199,160,323,194
hsa00510: N-Glycan biosynthesis	40,45,234,70
hsa00520: Amino sugar and nucleotide sugar metabolism	70,114,165,159
hsa00515: Mannose type O-glycan biosynthesis	461,191,591,225
hsa00900: Terpenoid backbone biosynthesis	11,183,124,217
