C00031 (D-Glucose)	137,509,4
C00195 (N-Acylsphingosine)	669,598,4
C21011 ([Protein]-N(epsilon)-(carboxymethyl)lysine)	216,509,4
C21012 ([Protein]-N(epsilon)-(carboxyethyl)lysine)	216,509,4
C21013 ([Protein]-pyrraline)	216,509,4
C21014 ([Protein]-pentosidine)	216,509,4
C21011 ([Protein]-N(epsilon)-(carboxymethyl)lysine)	216,903,4
C21012 ([Protein]-N(epsilon)-(carboxyethyl)lysine)	216,903,4
C21013 ([Protein]-pyrraline)	216,903,4
C21014 ([Protein]-pentosidine)	216,903,4
C00165 (Diacylglycerol)	467,357,4
C01245 (D-myo-Inositol 1,4,5-trisphosphate)	465,409,4
C00076 (Calcium cation)	511,409,4
1536 (CYBB)	303,541,349,558
27035 (NOX1)	303,541,349,558
50507 (NOX4)	303,541,349,558
177 (AGER)	267,502,313,519
4790 (NFKB1)	885,449,931,466
5970 (RELA)	885,449,931,466
177 (AGER)	267,895,313,912
5579 (PRKCB)	447,895,493,912
5599 (MAPK8)	751,895,797,912
5601 (MAPK9)	751,895,797,912
5602 (MAPK10)	751,895,797,912
1958 (EGR1)	885,895,931,912
3265 (HRAS)	646,452,692,469
3845 (KRAS)	646,452,692,469
4893 (NRAS)	646,452,692,469
1432 (MAPK14)	751,372,797,389
5600 (MAPK11)	751,372,797,389
5603 (MAPK13)	751,372,797,389
6300 (MAPK12)	751,372,797,389
5594 (MAPK1)	751,328,797,345
5595 (MAPK3)	751,328,797,345
7042 (TGFB2)	183,164,229,181
7043 (TGFB3)	183,164,229,181
7046 (TGFBR1)	267,158,313,175
7048 (TGFBR2)	267,175,313,192
4087 (SMAD2)	646,158,692,175
4088 (SMAD3)	646,158,692,175
4089 (SMAD4)	751,184,797,201
1906 (EDN1)	1122,446,1168,463
2152 (F3)	1072,446,1118,463
7056 (THBD)	1022,472,1068,489
3552 (IL1A)	1022,426,1068,443
3553 (IL1B)	1022,426,1068,443
3569 (IL6)	1072,426,1118,443
7124 (TNF)	1022,446,1068,463
7412 (VCAM1)	1022,399,1068,416
3383 (ICAM1)	1072,399,1118,416
3576 (CXCL8)	1122,426,1168,443
3725 (JUN)	885,354,931,371
3717 (JAK2)	447,757,493,774
6776 (STAT5A)	646,824,692,841
6777 (STAT5B)	646,824,692,841
595 (CCND1)	1022,823,1068,840
1019 (CDK4)	1022,840,1068,857
6772 (STAT1)	646,775,692,792
6774 (STAT3)	646,775,692,792
5599 (MAPK8)	751,600,797,617
5601 (MAPK9)	751,600,797,617
5602 (MAPK10)	751,600,797,617
1432 (MAPK14)	751,622,797,639
5600 (MAPK11)	751,622,797,639
5603 (MAPK13)	751,622,797,639
6300 (MAPK12)	751,622,797,639
581 (BAX)	885,639,931,656
596 (BCL2)	885,611,931,628
836 (CASP3)	1022,624,1068,641
10000 (AKT3)	751,534,797,551
207 (AKT1)	751,534,797,551
208 (AKT2)	751,534,797,551
1729 (DIAPH1)	389,455,435,472
1277 (COL1A1)	1022,166,1068,183
1278 (COL1A2)	1022,166,1068,183
1281 (COL3A1)	1022,166,1068,183
1282 (COL4A1)	1022,166,1068,183
1284 (COL4A2)	1022,166,1068,183
1285 (COL4A3)	1022,166,1068,183
1286 (COL4A4)	1022,166,1068,183
1287 (COL4A5)	1022,166,1068,183
1288 (COL4A6)	1022,166,1068,183
5599 (MAPK8)	751,449,797,466
5601 (MAPK9)	751,449,797,466
5602 (MAPK10)	751,449,797,466
5290 (PIK3CA)	542,581,588,598
5291 (PIK3CB)	542,581,588,598
5293 (PIK3CD)	542,581,588,598
5295 (PIK3R1)	542,581,588,598
5296 (PIK3R2)	542,581,588,598
8503 (PIK3R3)	542,581,588,598
4846 (NOS3)	646,628,692,645
2308 (FOXO1)	885,577,931,594
5879 (RAC1)	646,498,692,515
998 (CDC42)	646,498,692,515
6774 (STAT3)	646,730,692,747
5292 (PIM1)	1022,680,1068,697
4772 (NFATC1)	1022,729,1068,746
2277 (VEGFD)	1022,349,1068,366
7422 (VEGFA)	1022,349,1068,366
7423 (VEGFB)	1022,349,1068,366
7424 (VEGFC)	1022,349,1068,366
6347 (CCL2)	1022,378,1068,395
5054 (SERPINE1)	1072,378,1118,395
4313 (MMP2)	1122,399,1168,416
177 (AGER)	1022,322,1068,339
6401 (SELE)	1122,378,1168,395
1277 (COL1A1)	1022,775,1068,792
1278 (COL1A2)	1022,775,1068,792
5578 (PRKCA)	542,371,588,388
5579 (PRKCB)	542,371,588,388
5580 (PRKCD)	542,371,588,388
5581 (PRKCE)	542,371,588,388
5590 (PRKCZ)	542,371,588,388
113026 (PLCD3)	389,372,435,389
23236 (PLCB1)	389,372,435,389
51196 (PLCE1)	389,372,435,389
5330 (PLCB2)	389,372,435,389
5331 (PLCB3)	389,372,435,389
5332 (PLCB4)	389,372,435,389
5333 (PLCD1)	389,372,435,389
5335 (PLCG1)	389,372,435,389
5336 (PLCG2)	389,372,435,389
84812 (PLCD4)	389,372,435,389
7040 (TGFB1)	1022,285,1068,302
7040 (TGFB1)	183,185,229,202
185 (AGTR1)	267,260,313,277
1536 (CYBB)	303,347,349,364
27035 (NOX1)	303,347,349,364
50507 (NOX4)	303,347,349,364
1027 (CDKN1B)	1022,106,1068,123
2335 (FN1)	1022,149,1068,166
183 (AGT)	183,260,229,277
hsa04933: AGE-RAGE signaling pathway in diabetic complications	40,45,510,70
hsa04010: MAPK signaling pathway	811,263,915,297
hsa04350: TGF-beta signaling pathway	369,172,473,206
hsa04151: PI3K-Akt signaling pathway	362,606,471,640
hsa04630: JAK-STAT signaling pathway	358,704,480,738
hsa04110: Cell cycle	1105,807,1174,832
hsa04614: Renin-angiotensin system	371,265,478,299
hsa04020: Calcium signaling pathway	517,330,617,364
