C02189 ([Protein]-L-serine)	75,187,4
G10617 (Dolichyl phosphate D-mannose)	97,123,4
G13082	218,494,4
G13027	218,187,4
G13026	218,341,4
G13085	147,494,4
G13088	218,570,4
G13100	289,494,4
G13028	476,341,4
G13086 (O-Mannose core M2)	476,418,4
G13083	476,494,4
G13089	476,570,4
G13090	422,493,4
G13087	338,187,4
G13092 (Phospho-core M3)	577,187,4
G13093	577,264,4
G13099	1180,341,4
G13096	817,341,4
G13091 (O-mannose core M3)	458,187,4
C01068 (D-Ribitol 5-phosphate)	637,123,4
C00063 (CTP)	594,136,4
C00789 (CDP-ribitol)	637,199,4
G13094	577,341,4
G13095	697,341,4
G13097	937,341,4
G13098	1057,341,4
G13084 (O-Mannose core M1)	218,418,4
2683 (B4GALT1)	195,364,241,381
8703 (B4GALT3)	195,364,241,381
8704 (B4GALT2)	195,364,241,381
10585 (POMT1)	130,178,176,195
29954 (POMT2)	130,178,176,195
55624 (POMGNT1)	195,250,241,267
6487 (ST3GAL3)	124,444,170,461
135152 (B3GAT2)	195,444,241,461
27087 (B3GAT1)	195,444,241,461
9486 (CHST10)	195,518,241,535
10690 (FUT9)	266,444,312,461
2526 (FUT4)	266,444,312,461
6487 (ST3GAL3)	130,643,160,643,160,647,130,647
2683 (B4GALT1)	200,643,230,643,230,647,200,647
8703 (B4GALT3)	200,643,230,643,230,647,200,647
8704 (B4GALT2)	200,643,230,643,230,647,200,647
55624 (POMGNT1)	290,643,320,643,320,647,290,647
10585 (POMT1)	365,643,395,643,395,647,365,647
29954 (POMT2)	365,643,395,643,395,647,365,647
9486 (CHST10)	85,690,115,690,115,694,85,694
135152 (B3GAT2)	161,690,191,690,191,694,161,694
27087 (B3GAT1)	161,690,191,690,191,694,161,694
2683 (B4GALT1)	230,690,260,690,260,694,230,694
8703 (B4GALT3)	230,690,260,690,260,694,230,694
8704 (B4GALT2)	230,690,260,690,260,694,230,694
10585 (POMT1)	391,690,421,690,421,694,391,694
29954 (POMT2)	391,690,421,690,421,694,391,694
55624 (POMGNT1)	317,690,347,690,347,694,317,694
2683 (B4GALT1)	127,745,108,726,112,726,131,745
8703 (B4GALT3)	127,745,108,726,112,726,131,745
8704 (B4GALT2)	127,745,108,726,112,726,131,745
10690 (FUT9)	108,779,127,760,131,760,112,779
2526 (FUT4)	108,779,127,760,131,760,112,779
55624 (POMGNT1)	188,752,218,752,218,756,188,756
10585 (POMT1)	262,752,292,752,292,756,262,756
29954 (POMT2)	262,752,292,752,292,756,262,756
146664 (MGAT5B)	323,333,369,350
2683 (B4GALT1)	451,364,497,381
8703 (B4GALT3)	451,364,497,381
8704 (B4GALT2)	451,364,497,381
6487 (ST3GAL3)	399,444,445,461
84892 (POMGNT2)	251,178,297,195
148789 (B3GALNT2)	373,178,419,195
84197 (POMK)	489,178,535,195
120071 (LARGE2)	852,332,898,349
9215 (LARGE1)	852,332,898,349
6487 (ST3GAL3)	130,860,160,860,160,864,130,864
2683 (B4GALT1)	200,859,230,859,230,863,200,863
8703 (B4GALT3)	200,859,230,859,230,863,200,863
8704 (B4GALT2)	200,859,230,859,230,863,200,863
146664 (MGAT5B)	304,882,286,864,290,864,308,882
55624 (POMGNT1)	287,912,304,895,308,895,291,912
10585 (POMT1)	352,887,382,887,382,891,352,891
29954 (POMT2)	352,887,382,887,382,891,352,891
6487 (ST3GAL3)	130,912,160,912,160,916,130,916
2683 (B4GALT1)	200,911,230,911,230,915,200,915
8703 (B4GALT3)	200,911,230,911,230,915,200,915
8704 (B4GALT2)	200,911,230,911,230,915,200,915
2683 (B4GALT1)	632,860,662,860,662,864,632,864
8703 (B4GALT3)	632,860,662,860,662,864,632,864
8704 (B4GALT2)	632,860,662,860,662,864,632,864
146664 (MGAT5B)	735,882,717,864,721,864,739,882
55624 (POMGNT1)	718,913,735,896,739,896,722,913
10585 (POMT1)	783,888,813,888,813,892,783,892
29954 (POMT2)	783,888,813,888,813,892,783,892
2683 (B4GALT1)	632,911,662,911,662,915,632,915
8703 (B4GALT3)	632,911,662,911,662,915,632,915
8704 (B4GALT2)	632,911,662,911,662,915,632,915
10585 (POMT1)	1021,1041,1051,1041,1051,1045,1021,1045
29954 (POMT2)	1021,1041,1051,1041,1051,1045,1021,1045
84892 (POMGNT2)	944,1040,974,1040,974,1044,944,1044
148789 (B3GALNT2)	855,1040,885,1040,885,1044,855,1044
135152 (B3GAT2)	453,444,499,461
27087 (B3GAT1)	453,444,499,461
9486 (CHST10)	453,518,499,535
11041 (B4GAT1)	729,332,775,349
729920 (CRPPA)	614,153,660,170
2218 (FKTN)	554,213,600,230
79147 (FKRP)	554,291,600,308
10329 (RXYLT1)	609,333,655,350
120071 (LARGE2)	972,332,1018,349
9215 (LARGE1)	972,332,1018,349
135152 (B3GAT2)	564,860,594,860,594,864,564,864
27087 (B3GAT1)	564,860,594,860,594,864,564,864
9486 (CHST10)	492,860,522,860,522,864,492,864
84197 (POMK)	956,1012,974,1030,978,1030,960,1012
2218 (FKTN)	767,1040,797,1040,797,1044,767,1044
79147 (FKRP)	696,1040,726,1040,726,1044,696,1044
10329 (RXYLT1)	625,1040,655,1040,655,1044,625,1044
11041 (B4GAT1)	560,1040,590,1040,590,1044,560,1044
120071 (LARGE2)	486,1040,516,1040,516,1044,486,1044
9215 (LARGE1)	486,1040,516,1040,516,1044,486,1044
120071 (LARGE2)	417,1040,447,1040,447,1044,417,1044
9215 (LARGE1)	417,1040,447,1040,447,1044,417,1044
120071 (LARGE2)	342,1040,372,1040,372,1044,342,1044
9215 (LARGE1)	342,1040,372,1040,372,1044,342,1044
120071 (LARGE2)	275,1040,305,1040,305,1044,275,1044
9215 (LARGE1)	275,1040,305,1040,305,1044,275,1044
120071 (LARGE2)	201,1040,231,1040,231,1044,201,1044
9215 (LARGE1)	201,1040,231,1040,231,1044,201,1044
hsa00515: Mannose type O-glycan biosynthesis	40,45,353,70
hsa00510: N-Glycan biosynthesis	186,105,262,139
