C01330 (Sodium cation)	716,138,4
C00076 (Calcium cation)	693,377,4
C13050 (Cyclic ADP-ribose)	474,597,4
C13051 (Nicotinic acid adenine dinucleotide phosphate)	474,634,4
C06124 (Sphingosine 1-phosphate)	435,685,4
C00004 (NADH)	254,663,4
C00002 (ATP)	254,594,4
C00165 (Diacylglycerol)	435,562,4
C01245 (D-myo-Inositol 1,4,5-trisphosphate)	435,509,4
C00575 (3',5'-Cyclic AMP)	276,544,4
C00575 (3',5'-Cyclic AMP)	413,202,4
C01330 (Sodium cation)	133,121,4
C00076 (Calcium cation)	133,252,4
C00076 (Calcium cation)	132,301,4
C00076 (Calcium cation)	132,320,4
C00076 (Calcium cation)	132,338,4
C00076 (Calcium cation)	132,391,4
3706 (ITPKA)	850,574,896,591
3707 (ITPKB)	850,574,896,591
80271 (ITPKC)	850,574,896,591
107 (ADCY1)	850,479,896,496
109 (ADCY3)	850,479,896,496
114 (ADCY8)	850,479,896,496
5136 (PDE1A)	850,504,896,521
5137 (PDE1C)	850,504,896,521
5153 (PDE1B)	850,504,896,521
4842 (NOS1)	850,441,896,458
4843 (NOS2)	850,441,896,458
4846 (NOS3)	850,441,896,458
7416 (VDAC1)	787,164,833,181
7417 (VDAC2)	787,164,833,181
7419 (VDAC3)	787,164,833,181
10105 (PPIF)	741,172,787,189
6543 (SLC8A2)	159,108,205,125
6546 (SLC8A1)	159,108,205,125
6547 (SLC8A3)	159,108,205,125
6543 (SLC8A2)	741,133,787,150
6546 (SLC8A1)	741,133,787,150
6547 (SLC8A3)	741,133,787,150
57118 (CAMK1D)	850,381,896,398
57172 (CAMK1G)	850,381,896,398
814 (CAMK4)	850,381,896,398
815 (CAMK2A)	850,381,896,398
816 (CAMK2B)	850,381,896,398
817 (CAMK2D)	850,381,896,398
818 (CAMK2G)	850,381,896,398
8536 (CAMK1)	850,381,896,398
5530 (PPP3CA)	850,356,896,373
5532 (PPP3CB)	850,356,896,373
5533 (PPP3CC)	850,356,896,373
5534 (PPP3R1)	850,356,896,373
5535 (PPP3R2)	850,356,896,373
5578 (PRKCA)	850,603,896,620
5579 (PRKCB)	850,603,896,620
5582 (PRKCG)	850,603,896,620
2185 (PTK2B)	850,544,896,561
219931 (TPCN2)	589,632,635,649
53373 (TPCN1)	589,632,635,649
952 (CD38)	159,625,205,642
51196 (PLCE1)	331,535,377,552
102723407 (IGH)	159,543,205,560
1956 (EGFR)	159,477,205,494
2064 (ERBB2)	159,477,205,494
2065 (ERBB3)	159,477,205,494
2066 (ERBB4)	159,477,205,494
5156 (PDGFRA)	159,477,205,494
5159 (PDGFRB)	159,477,205,494
2767 (GNA11)	245,432,291,449
2769 (GNA15)	245,432,291,449
2776 (GNAQ)	245,432,291,449
9630 (GNA14)	245,432,291,449
1139 (CHRNA7)	159,383,205,400
22953 (P2RX2)	159,383,205,400
2902 (GRIN1)	159,383,205,400
2903 (GRIN2A)	159,383,205,400
2905 (GRIN2C)	159,383,205,400
2906 (GRIN2D)	159,383,205,400
5023 (P2RX1)	159,383,205,400
5024 (P2RX3)	159,383,205,400
5025 (P2RX4)	159,383,205,400
5026 (P2RX5)	159,383,205,400
5027 (P2RX7)	159,383,205,400
9127 (P2RX6)	159,383,205,400
5335 (PLCG1)	331,511,377,528
5336 (PLCG2)	331,511,377,528
56848 (SPHK2)	331,677,377,694
8877 (SPHK1)	331,677,377,694
89869 (PLCZ1)	331,559,377,576
340156 (MYLK4)	850,245,896,262
4638 (MYLK)	850,245,896,262
85366 (MYLK2)	850,245,896,262
91807 (MYLK3)	850,245,896,262
113026 (PLCD3)	331,464,377,481
5333 (PLCD1)	331,464,377,481
84812 (PLCD4)	331,464,377,481
3708 (ITPR1)	589,507,635,524
3709 (ITPR2)	589,507,635,524
3710 (ITPR3)	589,507,635,524
5255 (PHKA1)	850,270,896,287
5256 (PHKA2)	850,270,896,287
5257 (PHKB)	850,270,896,287
5260 (PHKG1)	850,270,896,287
5261 (PHKG2)	850,270,896,287
6261 (RYR1)	589,449,635,466
6262 (RYR2)	589,449,635,466
6263 (RYR3)	589,449,635,466
23236 (PLCB1)	331,487,377,504
5330 (PLCB2)	331,487,377,504
5331 (PLCB3)	331,487,377,504
5332 (PLCB4)	331,487,377,504
80228 (ORAI2)	159,243,205,260
84876 (ORAI1)	159,243,205,260
93129 (ORAI3)	159,243,205,260
775 (CACNA1C)	159,292,205,309
776 (CACNA1D)	159,292,205,309
778 (CACNA1F)	159,292,205,309
779 (CACNA1S)	159,292,205,309
773 (CACNA1A)	159,311,205,328
774 (CACNA1B)	159,311,205,328
777 (CACNA1E)	159,311,205,328
10800 (CYSLTR1)	159,432,205,449
1128 (CHRM1)	159,432,205,449
1129 (CHRM2)	159,432,205,449
1131 (CHRM3)	159,432,205,449
146 (ADRA1D)	159,432,205,449
147 (ADRA1B)	159,432,205,449
148 (ADRA1A)	159,432,205,449
185 (AGTR1)	159,432,205,449
1909 (EDNRA)	159,432,205,449
1910 (EDNRB)	159,432,205,449
2149 (F2R)	159,432,205,449
2911 (GRM1)	159,432,205,449
2915 (GRM5)	159,432,205,449
2925 (GRPR)	159,432,205,449
3269 (HRH1)	159,432,205,449
3356 (HTR2A)	159,432,205,449
3357 (HTR2B)	159,432,205,449
3358 (HTR2C)	159,432,205,449
3973 (LHCGR)	159,432,205,449
4923 (NTSR1)	159,432,205,449
5021 (OXTR)	159,432,205,449
552 (AVPR1A)	159,432,205,449
553 (AVPR1B)	159,432,205,449
56413 (LTB4R2)	159,432,205,449
57105 (CYSLTR2)	159,432,205,449
5724 (PTAFR)	159,432,205,449
5731 (PTGER1)	159,432,205,449
5733 (PTGER3)	159,432,205,449
5737 (PTGFR)	159,432,205,449
623 (BDKRB1)	159,432,205,449
624 (BDKRB2)	159,432,205,449
6865 (TACR2)	159,432,205,449
6869 (TACR1)	159,432,205,449
6870 (TACR3)	159,432,205,449
6915 (TBXA2R)	159,432,205,449
7201 (TRHR)	159,432,205,449
7852 (CXCR4)	159,432,205,449
886 (CCKAR)	159,432,205,449
887 (CCKBR)	159,432,205,449
163688 (CALML6)	763,369,809,386
51806 (CALML5)	763,369,809,386
801 (CALM1)	763,369,809,386
805 (CALM2)	763,369,809,386
808 (CALM3)	763,369,809,386
810 (CALML3)	763,369,809,386
91860 (CALML4)	763,369,809,386
7125 (TNNC2)	850,212,896,229
7134 (TNNC1)	850,212,896,229
291 (SLC25A4)	741,155,787,172
292 (SLC25A5)	741,155,787,172
293 (SLC25A6)	741,155,787,172
83447 (SLC25A31)	741,155,787,172
90550 (MCU)	741,105,787,122
107 (ADCY1)	331,193,377,210
108 (ADCY2)	331,193,377,210
109 (ADCY3)	331,193,377,210
113 (ADCY7)	331,193,377,210
114 (ADCY8)	331,193,377,210
115 (ADCY9)	331,193,377,210
196883 (ADCY4)	331,193,377,210
487 (ATP2A1)	589,295,635,312
488 (ATP2A2)	589,295,635,312
489 (ATP2A3)	589,295,635,312
1128 (CHRM1)	159,193,205,210
1131 (CHRM3)	159,193,205,210
1133 (CHRM5)	159,193,205,210
135 (ADORA2A)	159,193,205,210
136 (ADORA2B)	159,193,205,210
153 (ADRB1)	159,193,205,210
154 (ADRB2)	159,193,205,210
155 (ADRB3)	159,193,205,210
1812 (DRD1)	159,193,205,210
1816 (DRD5)	159,193,205,210
3274 (HRH2)	159,193,205,210
3360 (HTR4)	159,193,205,210
3361 (HTR5A)	159,193,205,210
3362 (HTR6)	159,193,205,210
3363 (HTR7)	159,193,205,210
5350 (PLN)	589,193,635,210
5566 (PRKACA)	450,193,496,210
5567 (PRKACB)	450,193,496,210
5568 (PRKACG)	450,193,496,210
2774 (GNAL)	245,193,291,210
2778 (GNAS)	245,193,291,210
8911 (CACNA1I)	159,330,205,347
8912 (CACNA1H)	159,330,205,347
8913 (CACNA1G)	159,330,205,347
490 (ATP2B1)	159,149,205,166
491 (ATP2B2)	159,149,205,166
492 (ATP2B3)	159,149,205,166
493 (ATP2B4)	159,149,205,166
57620 (STIM2)	485,237,531,254
6786 (STIM1)	485,237,531,254
844 (CASQ1)	515,449,561,466
845 (CASQ2)	515,449,561,466
10345 (TRDN)	589,424,635,441
444 (ASPH)	589,474,635,491
3270 (HRC)	533,322,579,339
3270 (HRC)	533,398,579,415
hsa04730: Long-term depression	941,439,1082,464
hsa04720: Long-term potentiation	941,406,1082,431
hsa04070: Phosphatidylinositol signaling system	948,564,1075,598
hsa04210: Apoptosis	972,332,1050,357
hsa04010: MAPK signaling pathway	956,290,1067,324
hsa04020: Calcium signaling pathway	40,45,290,70
