C00951 (Estradiol-17beta)	563,34,4
C00410 (Progesterone)	563,34,4
C07653 (Flutamide)	563,34,4
C01227 (Dehydroepiandrosterone)	563,34,4
C00280 (Androstenedione)	563,34,4
C00735 (Cortisol)	563,34,4
C00762 (Cortisone)	563,34,4
C00187 (Cholesterol)	717,31,4
C05981 (Phosphatidylinositol-3,4,5-trisphosphate)	452,660,4
C00165 (Diacylglycerol)	284,1164,4
C01245 (D-myo-Inositol 1,4,5-trisphosphate)	284,1202,4
C00076 (Calcium cation)	334,1203,4
C00416 (Phosphatidate)	677,1160,4
C00122 (Fumarate)	966,123,4
C00149 ((S)-Malate)	966,168,4
C16038 (2-Amino-1-methyl-6-phenylimidazo[4,5-b]pyridine)	1776,28,4
C00777 (Retinoate)	1158,1206,4
C15493 (9-cis-Retinoic acid)	1158,1206,4
C00535 (Testosterone)	398,34,4
C03917 (Dihydrotestosterone)	483,34,4
C00575 (3',5'-Cyclic AMP)	356,522,4
C00165 (Diacylglycerol)	251,806,4
C01245 (D-myo-Inositol 1,4,5-trisphosphate)	223,806,4
C00076 (Calcium cation)	223,838,4
C00584 (Prostaglandin E2)	45,521,4
C00681 (1-Acyl-sn-glycerol 3-phosphate)	61,454,4
C01471 (Acrolein)	1174,117,4
C21642 (4-Hydroxynonenal)	1174,145,4
C00533 (Nitric oxide)	1174,174,4
C00704 (O2.-)	1209,117,4
C21641 (Hydroperoxyl radical)	1241,117,4
C00027 (Hydrogen peroxide)	1209,146,4
C16844 (Hydroxyl radical)	1241,146,4
C00039 (DNA)	1661,635,4
C00951 (Estradiol-17beta)	1221,1212,4
C00951 (Estradiol-17beta)	1221,1128,4
C00951 (Estradiol-17beta)	1221,1262,4
1630 (DCC)	110,212,156,229
836 (CASP3)	192,180,238,197
842 (CASP9)	256,202,302,219
836 (CASP3)	392,212,438,229
999 (CDH1)	108,306,154,323
1499 (CTNNB1)	154,306,200,323
51384 (WNT16)	29,377,75,394
54361 (WNT4)	29,377,75,394
7471 (WNT1)	29,377,75,394
7472 (WNT2)	29,377,75,394
7473 (WNT3)	29,377,75,394
7474 (WNT5A)	29,377,75,394
7475 (WNT6)	29,377,75,394
7476 (WNT7A)	29,377,75,394
7477 (WNT7B)	29,377,75,394
7478 (WNT8A)	29,377,75,394
7479 (WNT8B)	29,377,75,394
7480 (WNT10B)	29,377,75,394
7481 (WNT11)	29,377,75,394
7482 (WNT2B)	29,377,75,394
7483 (WNT9A)	29,377,75,394
7484 (WNT9B)	29,377,75,394
80326 (WNT10A)	29,377,75,394
81029 (WNT5B)	29,377,75,394
89780 (WNT3A)	29,377,75,394
1495 (CTNNA1)	168,289,214,306
1496 (CTNNA2)	168,289,214,306
29119 (CTNNA3)	168,289,214,306
1499 (CTNNB1)	366,307,412,324
3688 (ITGB1)	108,602,154,619
1855 (DVL1)	427,377,473,394
1856 (DVL2)	427,377,473,394
1857 (DVL3)	427,377,473,394
10319 (LAMC3)	29,594,75,611
1282 (COL4A1)	29,594,75,611
1284 (COL4A2)	29,594,75,611
1285 (COL4A3)	29,594,75,611
1286 (COL4A4)	29,594,75,611
1287 (COL4A5)	29,594,75,611
1288 (COL4A6)	29,594,75,611
22798 (LAMB4)	29,594,75,611
2335 (FN1)	29,594,75,611
284217 (LAMA1)	29,594,75,611
3908 (LAMA2)	29,594,75,611
3909 (LAMA3)	29,594,75,611
3910 (LAMA4)	29,594,75,611
3911 (LAMA5)	29,594,75,611
3912 (LAMB1)	29,594,75,611
3913 (LAMB2)	29,594,75,611
3914 (LAMB3)	29,594,75,611
3915 (LAMC1)	29,594,75,611
3918 (LAMC2)	29,594,75,611
3655 (ITGA6)	108,585,154,602
3673 (ITGA2)	108,585,154,602
3674 (ITGA2B)	108,585,154,602
3675 (ITGA3)	108,585,154,602
3685 (ITGAV)	108,585,154,602
5747 (PTK2)	288,595,334,612
5728 (PTEN)	398,614,444,631
11211 (FZD10)	108,369,154,386
2535 (FZD2)	108,369,154,386
7855 (FZD5)	108,369,154,386
7976 (FZD3)	108,369,154,386
8321 (FZD1)	108,369,154,386
8322 (FZD4)	108,369,154,386
8323 (FZD6)	108,369,154,386
8324 (FZD7)	108,369,154,386
8325 (FZD8)	108,369,154,386
8326 (FZD9)	108,369,154,386
26060 (APPL1)	256,220,302,237
25 (ABL1)	145,677,191,694
613 (BCR)	145,677,191,694
1398 (CRK)	288,660,334,677
1399 (CRKL)	288,660,334,677
867 (CBL)	288,677,334,694
1398 (CRK)	288,694,334,711
1399 (CRKL)	288,694,334,711
5290 (PIK3CA)	406,679,452,696
5291 (PIK3CB)	406,679,452,696
5293 (PIK3CD)	406,679,452,696
5295 (PIK3R1)	406,679,452,696
5296 (PIK3R2)	406,679,452,696
8503 (PIK3R3)	406,679,452,696
6776 (STAT5A)	525,851,571,868
6777 (STAT5B)	525,851,571,868
3716 (JAK1)	300,887,346,904
3717 (JAK2)	300,887,346,904
3718 (JAK3)	300,887,346,904
1956 (EGFR)	108,913,154,930
2064 (ERBB2)	108,933,154,950
5156 (PDGFRA)	108,959,154,976
5159 (PDGFRB)	108,959,154,976
3480 (IGF1R)	109,982,155,999
3815 (KIT)	108,1006,154,1023
2322 (FLT3)	109,1030,155,1047
4233 (MET)	109,1052,155,1069
2260 (FGFR1)	109,1076,155,1093
2261 (FGFR3)	109,1076,155,1093
2263 (FGFR2)	109,1076,155,1093
2264 (FGFR4)	109,1076,155,1093
10342 (TFG)	109,1142,155,1159
4914 (NTRK1)	109,1142,155,1159
7170 (TPM3)	109,1142,155,1159
7175 (TPR)	109,1142,155,1159
7039 (TGFA)	30,910,76,927
1950 (EGF)	30,933,76,950
3082 (HGF)	30,1052,76,1069
5154 (PDGFA)	30,959,76,976
5155 (PDGFB)	30,959,76,976
3479 (IGF1)	30,982,76,999
3481 (IGF2)	30,982,76,999
367 (AR)	476,125,522,142
3320 (HSP90AA1)	476,142,522,159
3326 (HSP90AB1)	476,142,522,159
7184 (HSP90B1)	476,142,522,159
367 (AR)	476,188,522,205
367 (AR)	476,205,522,222
2932 (GSK3B)	535,377,581,394
8312 (AXIN1)	581,394,627,411
8313 (AXIN2)	581,394,627,411
10297 (APC2)	627,394,673,411
324 (APC)	627,394,673,411
1147 (CHUK)	581,553,627,570
3551 (IKBKB)	581,553,627,570
8517 (IKBKG)	581,553,627,570
2475 (MTOR)	584,657,630,674
842 (CASP9)	584,685,630,702
572 (BAD)	584,714,630,731
4193 (MDM2)	584,764,630,781
1027 (CDKN1B)	584,791,630,808
598 (BCL2L1)	658,715,704,732
6774 (STAT3)	525,875,571,892
6772 (STAT1)	525,898,571,915
2885 (GRB2)	211,1006,259,1024
6654 (SOS1)	282,1006,328,1023
6655 (SOS2)	282,1006,328,1023
3265 (HRAS)	356,1006,402,1023
3845 (KRAS)	356,1006,402,1023
4893 (NRAS)	356,1006,402,1023
369 (ARAF)	438,1007,484,1024
5894 (RAF1)	438,1007,484,1024
673 (BRAF)	438,1007,484,1024
5604 (MAP2K1)	517,1007,563,1024
5605 (MAP2K2)	517,1007,563,1024
83593 (RASSF5)	447,933,493,950
11186 (RASSF1)	476,960,522,977
4792 (NFKBIA)	662,554,708,571
4790 (NFKB1)	662,587,708,604
4791 (NFKB2)	662,587,708,604
5970 (RELA)	662,587,708,604
6789 (STK4)	632,922,678,939
595 (CCND1)	632,947,678,964
5979 (RET)	232,1042,278,1059
8030 (CCDC6)	232,1042,278,1059
8031 (NCOA4)	232,1042,278,1059
11186 (RASSF1)	306,1077,352,1094
5335 (PLCG1)	208,1174,254,1191
5336 (PLCG2)	208,1174,254,1191
5900 (RALGDS)	457,1093,503,1110
5898 (RALA)	513,1138,559,1155
5899 (RALB)	513,1138,559,1155
387 (RHOA)	513,1186,559,1203
5879 (RAC1)	513,1186,559,1203
5880 (RAC2)	513,1186,559,1203
5881 (RAC3)	513,1186,559,1203
10928 (RALBP1)	589,1126,635,1143
5337 (PLD1)	589,1153,635,1170
5338 (PLD2)	589,1153,635,1170
5599 (MAPK8)	589,1186,635,1203
5601 (MAPK9)	589,1186,635,1203
5602 (MAPK10)	589,1186,635,1203
5879 (RAC1)	668,1126,714,1143
5880 (RAC2)	668,1126,714,1143
5881 (RAC3)	668,1126,714,1143
998 (CDC42)	668,1126,714,1143
3725 (JUN)	759,972,805,989
2353 (FOS)	759,995,805,1012
4609 (MYC)	759,1018,805,1035
7157 (TP53)	801,764,847,781
51176 (LEF1)	735,436,781,453
6932 (TCF7)	735,436,781,453
6934 (TCF7L2)	735,436,781,453
83439 (TCF7L1)	735,436,781,453
5578 (PRKCA)	322,1157,368,1174
5579 (PRKCB)	322,1157,368,1174
5582 (PRKCG)	322,1157,368,1174
6469 (SHH)	648,23,694,40
5727 (PTCH1)	648,72,694,89
6608 (SMO)	729,72,775,89
51684 (SUFU)	729,155,775,172
2271 (FH)	906,135,952,152
112398 (EGLN2)	1001,114,1047,131
112399 (EGLN3)	1001,114,1047,131
54583 (EGLN1)	1001,114,1047,131
6923 (ELOB)	1059,100,1105,117
6921 (ELOC)	1059,117,1105,134
7428 (VHL)	1059,134,1105,151
8453 (CUL2)	1105,117,1151,134
9978 (RBX1)	1105,134,1151,151
2034 (EPAS1)	1046,219,1092,236
3091 (HIF1A)	1046,219,1092,236
405 (ARNT)	999,277,1045,294
9915 (ARNT2)	999,277,1045,294
1387 (CREBBP)	1094,297,1140,314
2033 (EP300)	1094,297,1140,314
54205 (CYCS)	1288,186,1334,203
675 (BRCA2)	1329,292,1375,309
5888 (RAD51)	1329,309,1375,326
4292 (MLH1)	1533,288,1579,305
4436 (MSH2)	1534,310,1580,327
7040 (TGFB1)	1618,20,1664,37
7042 (TGFB2)	1618,20,1664,37
7043 (TGFB3)	1618,20,1664,37
7046 (TGFBR1)	1618,64,1664,81
7048 (TGFBR2)	1618,81,1664,98
4087 (SMAD2)	1618,131,1664,148
4088 (SMAD3)	1618,131,1664,148
4089 (SMAD4)	1687,131,1733,148
581 (BAX)	1412,399,1458,416
4437 (MSH3)	1465,399,1511,416
7048 (TGFBR2)	1519,399,1565,416
2956 (MSH6)	1466,422,1512,439
2122 (MECOM)	1674,277,1720,294
2122 (MECOM)	1674,299,1720,316
861 (RUNX1)	1674,299,1720,316
1487 (CTBP1)	1686,345,1732,362
1488 (CTBP2)	1686,345,1732,362
3065 (HDAC1)	1686,362,1732,379
3066 (HDAC2)	1686,362,1732,379
2950 (GSTP1)	1790,180,1836,197
5468 (PPARG)	977,1131,1023,1148
7849 (PAX8)	977,1131,1023,1148
6256 (RXRA)	1021,1104,1066,1121
6257 (RXRB)	1021,1104,1066,1121
6258 (RXRG)	1021,1104,1066,1121
5468 (PPARG)	1078,1104,1124,1121
5915 (RARB)	1136,1087,1182,1104
6256 (RXRA)	1136,1104,1182,1121
6257 (RXRB)	1136,1104,1182,1121
6258 (RXRG)	1136,1104,1182,1121
51176 (LEF1)	1257,1168,1303,1185
6932 (TCF7)	1257,1168,1303,1185
6934 (TCF7L2)	1257,1168,1303,1185
83439 (TCF7L1)	1257,1168,1303,1185
3728 (JUP)	1301,1196,1347,1213
5914 (RARA)	1417,1118,1463,1135
7704 (ZBTB16)	1417,1118,1463,1135
5371 (PML)	1477,1118,1523,1135
5914 (RARA)	1477,1118,1523,1135
861 (RUNX1)	1559,1118,1605,1135
862 (RUNX1T1)	1559,1118,1605,1135
6688 (SPI1)	1519,1062,1565,1079
6688 (SPI1)	1576,1062,1622,1079
1050 (CEBPA)	1637,1062,1683,1079
1050 (CEBPA)	1698,1062,1744,1079
861 (RUNX1)	1786,1063,1832,1080
7157 (TP53)	1423,542,1469,559
4193 (MDM2)	1469,579,1515,596
4286 (MITF)	1545,539,1592,555
4609 (MYC)	1636,732,1682,749
4149 (MAX)	1636,749,1682,766
7709 (ZBTB17)	1558,725,1604,742
595 (CCND1)	1337,729,1383,746
894 (CCND2)	1337,729,1383,746
896 (CCND3)	1337,729,1383,746
1026 (CDKN1A)	1392,673,1438,690
1019 (CDK4)	1337,712,1383,729
1021 (CDK6)	1337,712,1383,729
5925 (RB1)	1243,721,1289,738
1869 (E2F1)	1243,758,1289,775
1870 (E2F2)	1243,758,1289,775
1871 (E2F3)	1243,758,1289,775
1017 (CDK2)	1315,770,1361,787
898 (CCNE1)	1315,787,1361,804
9134 (CCNE2)	1315,787,1361,804
6502 (SKP2)	1432,872,1478,889
1163 (CKS1B)	1478,812,1524,829
1164 (CKS2)	1478,812,1524,829
890 (CCNA2)	1416,1011,1462,1028
8900 (CCNA1)	1416,1011,1462,1028
1027 (CDKN1B)	1397,806,1443,823
1030 (CDKN2B)	1430,724,1476,741
1029 (CDKN2A)	1300,669,1346,686
1029 (CDKN2A)	1546,579,1592,596
355 (FAS)	1468,71,1514,88
8772 (FADD)	1468,109,1514,126
841 (CASP8)	1468,146,1514,163
637 (BID)	1468,185,1514,202
650 (BMP2)	755,306,801,323
652 (BMP4)	755,306,801,323
2735 (GLI1)	808,306,854,323
64399 (HHIP)	755,331,801,348
5727 (PTCH1)	808,331,854,348
8643 (PTCH2)	808,331,854,348
51384 (WNT16)	808,356,854,373
54361 (WNT4)	808,356,854,373
7471 (WNT1)	808,356,854,373
7472 (WNT2)	808,356,854,373
7473 (WNT3)	808,356,854,373
7474 (WNT5A)	808,356,854,373
7475 (WNT6)	808,356,854,373
7476 (WNT7A)	808,356,854,373
7477 (WNT7B)	808,356,854,373
7478 (WNT8A)	808,356,854,373
7479 (WNT8B)	808,356,854,373
7480 (WNT10B)	808,356,854,373
7481 (WNT11)	808,356,854,373
7482 (WNT2B)	808,356,854,373
7483 (WNT9A)	808,356,854,373
7484 (WNT9B)	808,356,854,373
80326 (WNT10A)	808,356,854,373
81029 (WNT5B)	808,356,854,373
89780 (WNT3A)	808,356,854,373
354 (KLK3)	804,399,850,416
332 (BIRC5)	803,474,849,491
4609 (MYC)	805,504,851,521
595 (CCND1)	805,525,851,542
5743 (PTGS2)	790,551,836,568
4843 (NOS2)	790,572,836,589
596 (BCL2)	741,636,787,653
329 (BIRC2)	843,597,889,614
330 (BIRC3)	843,597,889,614
331 (XIAP)	843,597,889,614
79444 (BIRC7)	843,597,889,614
7185 (TRAF1)	843,619,889,636
7186 (TRAF2)	843,619,889,636
7187 (TRAF3)	843,619,889,636
7188 (TRAF5)	843,619,889,636
7189 (TRAF6)	843,619,889,636
9618 (TRAF4)	843,619,889,636
595 (CCND1)	791,642,837,659
598 (BCL2L1)	791,619,837,636
598 (BCL2L1)	780,862,826,879
2277 (VEGFD)	780,888,826,905
5228 (PGF)	780,888,826,905
7422 (VEGFA)	780,888,826,905
7423 (VEGFB)	780,888,826,905
7424 (VEGFC)	780,888,826,905
5155 (PDGFB)	1047,380,1093,397
2277 (VEGFD)	1047,357,1093,374
5228 (PGF)	1047,357,1093,374
7422 (VEGFA)	1047,357,1093,374
7423 (VEGFB)	1047,357,1093,374
7424 (VEGFC)	1047,357,1093,374
7039 (TGFA)	1099,357,1145,374
7040 (TGFB1)	1047,403,1093,420
7042 (TGFB2)	1047,403,1093,420
7043 (TGFB3)	1047,403,1093,420
6513 (SLC2A1)	995,357,1041,374
1612 (DAPK1)	631,1053,677,1070
1613 (DAPK3)	631,1053,677,1070
23604 (DAPK2)	631,1053,677,1070
1019 (CDK4)	884,1062,930,1079
2113 (ETS1)	759,1043,805,1060
2277 (VEGFD)	868,960,914,977
5228 (PGF)	868,960,914,977
7422 (VEGFA)	868,960,914,977
7423 (VEGFB)	868,960,914,977
7424 (VEGFC)	868,960,914,977
4312 (MMP1)	868,983,914,1000
4313 (MMP2)	868,983,914,1000
4318 (MMP9)	868,983,914,1000
3576 (CXCL8)	868,1005,914,1022
595 (CCND1)	884,1040,930,1057
1438 (CSF2RA)	1524,916,1570,933
1441 (CSF3R)	1524,938,1570,955
1436 (CSF1R)	1574,938,1620,955
3569 (IL6)	1645,938,1691,955
1869 (E2F1)	1698,916,1744,933
1870 (E2F2)	1698,916,1744,933
1871 (E2F3)	1698,916,1744,933
1441 (CSF3R)	1645,916,1691,933
4609 (MYC)	1698,938,1744,955
1436 (CSF1R)	1766,916,1812,933
596 (BCL2)	1403,226,1449,243
842 (CASP9)	1289,132,1335,149
595 (CCND1)	1300,971,1346,988
4609 (MYC)	1300,995,1346,1012
5467 (PPARD)	1300,1017,1346,1034
1026 (CDKN1A)	584,822,630,839
2308 (FOXO1)	584,740,630,757
4824 (NKX3-1)	459,595,505,612
5594 (MAPK1)	657,1006,703,1023
5595 (MAPK3)	657,1006,703,1023
10000 (AKT3)	480,655,526,672
207 (AKT1)	480,655,526,672
208 (AKT2)	480,655,526,672
1499 (CTNNB1)	618,377,664,394
2735 (GLI1)	729,207,775,224
2736 (GLI2)	729,207,775,224
2737 (GLI3)	729,207,775,224
356 (FASLG)	1468,20,1514,37
4254 (KITLG)	30,1007,76,1024
2323 (FLT3LG)	30,1029,76,1046
2246 (FGF1)	30,1077,76,1094
2247 (FGF2)	30,1077,76,1094
2248 (FGF3)	30,1077,76,1094
2249 (FGF4)	30,1077,76,1094
2250 (FGF5)	30,1077,76,1094
2251 (FGF6)	30,1077,76,1094
2252 (FGF7)	30,1077,76,1094
2253 (FGF8)	30,1077,76,1094
2254 (FGF9)	30,1077,76,1094
2255 (FGF10)	30,1077,76,1094
26281 (FGF20)	30,1077,76,1094
26291 (FGF21)	30,1077,76,1094
27006 (FGF22)	30,1077,76,1094
8074 (FGF23)	30,1077,76,1094
8817 (FGF18)	30,1077,76,1094
8822 (FGF17)	30,1077,76,1094
8823 (FGF16)	30,1077,76,1094
9965 (FGF19)	30,1077,76,1094
10161 (LPAR6)	108,442,154,459
185 (AGTR1)	108,442,154,459
1902 (LPAR1)	108,442,154,459
2149 (F2R)	108,442,154,459
23566 (LPAR3)	108,442,154,459
2846 (LPAR4)	108,442,154,459
57121 (LPAR5)	108,442,154,459
9002 (F2RL3)	108,442,154,459
9170 (LPAR2)	108,442,154,459
5731 (PTGER1)	108,513,154,530
5732 (PTGER2)	108,513,154,530
5733 (PTGER3)	108,513,154,530
5734 (PTGER4)	108,513,154,530
1909 (EDNRA)	108,721,154,738
1910 (EDNRB)	108,721,154,738
623 (BDKRB1)	108,721,154,738
624 (BDKRB2)	108,721,154,738
2778 (GNAS)	189,513,235,530
107 (ADCY1)	270,513,316,530
108 (ADCY2)	270,513,316,530
109 (ADCY3)	270,513,316,530
111 (ADCY5)	270,513,316,530
112 (ADCY6)	270,513,316,530
113 (ADCY7)	270,513,316,530
114 (ADCY8)	270,513,316,530
115 (ADCY9)	270,513,316,530
196883 (ADCY4)	270,513,316,530
5566 (PRKACA)	397,513,443,530
5567 (PRKACB)	397,513,443,530
5568 (PRKACG)	397,513,443,530
10681 (GNB5)	271,558,317,575
2782 (GNB1)	271,558,317,575
2783 (GNB2)	271,558,317,575
2784 (GNB3)	271,558,317,575
2785 (GNG3)	271,558,317,575
2786 (GNG4)	271,558,317,575
2787 (GNG5)	271,558,317,575
2788 (GNG7)	271,558,317,575
2790 (GNG10)	271,558,317,575
2791 (GNG11)	271,558,317,575
2792 (GNGT1)	271,558,317,575
2793 (GNGT2)	271,558,317,575
51764 (GNG13)	271,558,317,575
54331 (GNG2)	271,558,317,575
55970 (GNG12)	271,558,317,575
59345 (GNB4)	271,558,317,575
94235 (GNG8)	271,558,317,575
10672 (GNA13)	189,442,235,459
2768 (GNA12)	189,442,235,459
23365 (ARHGEF12)	271,442,317,459
57449 (PLEKHG5)	271,442,317,459
9138 (ARHGEF1)	271,442,317,459
9826 (ARHGEF11)	271,442,317,459
387 (RHOA)	352,442,398,459
6093 (ROCK1)	434,442,480,459
9475 (ROCK2)	434,442,480,459
5578 (PRKCA)	300,850,346,867
5579 (PRKCB)	300,850,346,867
5582 (PRKCG)	300,850,346,867
2767 (GNA11)	189,721,235,738
2776 (GNAQ)	189,721,235,738
23236 (PLCB1)	213,757,259,774
5330 (PLCB2)	213,757,259,774
5331 (PLCB3)	213,757,259,774
5332 (PLCB4)	213,757,259,774
10125 (RASGRP1)	302,962,348,979
10235 (RASGRP2)	302,962,348,979
115727 (RASGRP4)	302,962,348,979
25780 (RASGRP3)	302,962,348,979
2770 (GNAI1)	190,477,236,494
2771 (GNAI2)	190,477,236,494
2773 (GNAI3)	190,477,236,494
7852 (CXCR4)	108,477,154,494
6387 (CXCL12)	29,477,75,494
374654 (KIF7)	683,155,729,172
182 (JAG1)	820,23,866,40
3714 (JAG2)	820,23,866,40
4851 (NOTCH1)	847,72,893,89
4853 (NOTCH2)	847,72,893,89
4854 (NOTCH3)	847,72,893,89
4855 (NOTCH4)	847,72,893,89
10683 (DLL3)	876,23,922,40
28514 (DLL1)	876,23,922,40
54567 (DLL4)	876,23,922,40
2064 (ERBB2)	903,306,949,323
3280 (HES1)	877,331,923,348
388585 (HES5)	877,331,923,348
23462 (HEY1)	930,331,976,348
23493 (HEY2)	930,331,976,348
26508 (HEYL)	930,331,976,348
2324 (FLT4)	903,356,949,373
4780 (NFE2L2)	1192,232,1238,249
9817 (KEAP1)	1192,195,1238,212
3162 (HMOX1)	1169,427,1215,444
1728 (NQO1)	1221,427,1267,444
119391 (GSTO2)	1169,449,1215,466
221357 (GSTA5)	1169,449,1215,466
2938 (GSTA1)	1169,449,1215,466
2939 (GSTA2)	1169,449,1215,466
2940 (GSTA3)	1169,449,1215,466
2941 (GSTA4)	1169,449,1215,466
2944 (GSTM1)	1169,449,1215,466
2946 (GSTM2)	1169,449,1215,466
2947 (GSTM3)	1169,449,1215,466
2948 (GSTM4)	1169,449,1215,466
2949 (GSTM5)	1169,449,1215,466
2950 (GSTP1)	1169,449,1215,466
2952 (GSTT1)	1169,449,1215,466
2953 (GSTT2)	1169,449,1215,466
4257 (MGST1)	1169,449,1215,466
4258 (MGST2)	1169,449,1215,466
4259 (MGST3)	1169,449,1215,466
653689 (GSTT2B)	1169,449,1215,466
9446 (GSTO1)	1169,449,1215,466
10587 (TXNRD2)	1221,449,1267,466
114112 (TXNRD3)	1221,449,1267,466
7296 (TXNRD1)	1221,449,1267,466
10912 (GADD45G)	1322,585,1368,602
1647 (GADD45A)	1322,585,1368,602
4616 (GADD45B)	1322,585,1368,602
581 (BAX)	1270,607,1316,624
578 (BAK1)	1322,607,1368,624
1643 (DDB2)	1270,629,1316,646
51426 (POLK)	1322,629,1368,646
7015 (TERT)	1572,633,1618,650
7012 (TERC)	1572,650,1618,667
2099 (ESR1)	1198,1175,1244,1192
2100 (ESR2)	1198,1175,1244,1192
8202 (NCOA3)	1198,1073,1244,1090
8648 (NCOA1)	1198,1073,1244,1090
2353 (FOS)	1198,1090,1244,1107
3725 (JUN)	1198,1090,1244,1107
6667 (SP1)	1198,1090,1244,1107
2099 (ESR1)	1198,1056,1244,1073
2100 (ESR2)	1198,1056,1244,1073
4040 (LRP6)	108,386,154,403
4041 (LRP5)	108,386,154,403
10023 (FRAT1)	451,360,497,377
23401 (FRAT2)	451,360,497,377
238 (ALK)	329,936,375,953
27436 (EML4)	329,936,375,953
6198 (RPS6KB1)	658,657,704,674
6199 (RPS6KB2)	658,657,704,674
9252 (RPS6KA5)	759,1075,805,1092
4609 (MYC)	884,1087,930,1104
163688 (CALML6)	369,1195,415,1212
51806 (CALML5)	369,1195,415,1212
801 (CALM1)	369,1195,415,1212
805 (CALM2)	369,1195,415,1212
808 (CALM3)	369,1195,415,1212
810 (CALML3)	369,1195,415,1212
91860 (CALML4)	369,1195,415,1212
815 (CAMK2A)	445,1195,491,1212
816 (CAMK2B)	445,1195,491,1212
817 (CAMK2D)	445,1195,491,1212
818 (CAMK2G)	445,1195,491,1212
2002 (ELK1)	398,1157,444,1174
6500 (SKP1)	1432,855,1478,872
8454 (CUL1)	1432,855,1478,872
9978 (RBX1)	1432,855,1478,872
5366 (PMAIP1)	1480,217,1526,234
27113 (BBC3)	1531,217,1577,234
572 (BAD)	1480,239,1526,256
10018 (BCL2L11)	1531,239,1577,256
836 (CASP3)	1288,90,1334,107
840 (CASP7)	1288,90,1334,107
317 (APAF1)	1262,170,1308,187
11040 (PIM2)	780,842,826,859
5292 (PIM1)	780,842,826,859
2056 (EPO)	30,879,76,896
3439 (IFNA1)	30,879,76,896
3440 (IFNA2)	30,879,76,896
3441 (IFNA4)	30,879,76,896
3442 (IFNA5)	30,879,76,896
3443 (IFNA6)	30,879,76,896
3444 (IFNA7)	30,879,76,896
3445 (IFNA8)	30,879,76,896
3446 (IFNA10)	30,879,76,896
3447 (IFNA13)	30,879,76,896
3448 (IFNA14)	30,879,76,896
3449 (IFNA16)	30,879,76,896
3451 (IFNA17)	30,879,76,896
3452 (IFNA21)	30,879,76,896
3458 (IFNG)	30,879,76,896
3558 (IL2)	30,879,76,896
3562 (IL3)	30,879,76,896
3565 (IL4)	30,879,76,896
3567 (IL5)	30,879,76,896
3569 (IL6)	30,879,76,896
3574 (IL7)	30,879,76,896
3592 (IL12A)	30,879,76,896
3593 (IL12B)	30,879,76,896
3596 (IL13)	30,879,76,896
3600 (IL15)	30,879,76,896
51561 (IL23A)	30,879,76,896
1439 (CSF2RB)	109,879,155,896
149233 (IL23R)	109,879,155,896
2057 (EPOR)	109,879,155,896
3454 (IFNAR1)	109,879,155,896
3455 (IFNAR2)	109,879,155,896
3459 (IFNGR1)	109,879,155,896
3460 (IFNGR2)	109,879,155,896
3559 (IL2RA)	109,879,155,896
3560 (IL2RB)	109,879,155,896
3561 (IL2RG)	109,879,155,896
3563 (IL3RA)	109,879,155,896
3566 (IL4R)	109,879,155,896
3568 (IL5RA)	109,879,155,896
3570 (IL6R)	109,879,155,896
3572 (IL6ST)	109,879,155,896
3575 (IL7R)	109,879,155,896
3594 (IL12RB1)	109,879,155,896
3595 (IL12RB2)	109,879,155,896
3597 (IL13RA1)	109,879,155,896
3601 (IL15RA)	109,879,155,896
6773 (STAT2)	525,922,571,939
6775 (STAT4)	525,922,571,939
6778 (STAT6)	525,922,571,939
598 (BCL2L1)	1403,247,1449,264
578 (BAK1)	1340,208,1386,225
238 (ALK)	154,1209,200,1226
27436 (EML4)	154,1209,200,1226
2147 (F2)	29,686,75,703
3827 (KNG1)	29,709,75,726
1906 (EDN1)	29,732,75,749
183 (AGT)	29,755,75,772
2147 (F2)	29,405,75,422
183 (AGT)	29,426,75,443
map09020	51,26,231,53
hsa04520: Adherens junction	236,267,346,305
hsa04310: Wnt signaling pathway	235,392,346,430
hsa04512: ECM-receptor interaction	10,622,112,656
hsa04060: Cytokine-cytokine receptor interaction	10,828,113,862
hsa04630: JAK-STAT signaling pathway	426,801,539,835
hsa04010: MAPK signaling pathway	515,1037,616,1071
hsa04150: mTOR signaling pathway	573,611,676,645
hsa04210: Apoptosis	1340,107,1440,132
hsa04115: p53 signaling pathway	1453,488,1556,522
hsa04110: Cell cycle	1454,691,1556,716
hsa04370: VEGF signaling pathway	1025,499,1127,533
hsa03320: PPAR signaling pathway	946,1174,1049,1208
hsa04350: TGF-beta signaling pathway	1654,162,1757,196
hsa04510: Focal adhesion	164,614,276,639
hsa04151: PI3K-Akt signaling pathway	430,710,533,744
hsa04024: cAMP signaling pathway	367,541,470,575
hsa04330: Notch signaling pathway	763,100,863,134
hsa04340: Hedgehog signaling pathway	602,99,724,133
hsa04915: Estrogen signaling pathway	1171,964,1287,998
hsa04066: HIF-1 signaling pathway	931,209,1031,243
hsa04020: Calcium signaling pathway	236,1110,339,1144
