D00275 (Cisplatin (JP17/USP/INN))	145,213,4
D01790 (Oxaliplatin (JAN/USAN/INN))	145,246,4
D01363 (Carboplatin (JP17/USP/INN))	145,279,4
472 (ATM)	1174,495,1220,512
7157 (TP53)	1174,542,1220,559
596 (BCL2)	469,884,515,901
842 (CASP9)	908,598,954,615
836 (CASP3)	794,523,840,540
572 (BAD)	396,801,442,818
329 (BIRC2)	683,568,729,585
330 (BIRC3)	683,568,729,585
331 (XIAP)	683,568,729,585
332 (BIRC5)	683,568,729,585
317 (APAF1)	769,888,815,905
54205 (CYCS)	769,855,815,872
637 (BID)	586,679,632,696
841 (CASP8)	591,523,637,540
8772 (FADD)	387,523,433,540
355 (FAS)	221,523,267,540
356 (FASLG)	131,523,177,540
581 (BAX)	1342,553,1388,570
578 (BAK1)	1396,553,1442,570
5366 (PMAIP1)	1452,531,1498,548
27113 (BBC3)	1452,553,1498,570
355 (FAS)	1342,522,1388,539
581 (BAX)	527,765,573,782
578 (BAK1)	646,765,692,782
598 (BCL2L1)	469,861,515,878
27113 (BBC3)	638,973,684,990
5366 (PMAIP1)	579,973,625,990
1317 (SLC31A1)	221,214,267,231
538 (ATP7A)	221,338,267,355
540 (ATP7B)	221,338,267,355
1244 (ABCC2)	221,376,267,393
119391 (GSTO2)	610,318,656,335
221357 (GSTA5)	610,318,656,335
2938 (GSTA1)	610,318,656,335
2939 (GSTA2)	610,318,656,335
2940 (GSTA3)	610,318,656,335
2941 (GSTA4)	610,318,656,335
2944 (GSTM1)	610,318,656,335
2946 (GSTM2)	610,318,656,335
2947 (GSTM3)	610,318,656,335
2948 (GSTM4)	610,318,656,335
2949 (GSTM5)	610,318,656,335
2950 (GSTP1)	610,318,656,335
2952 (GSTT1)	610,318,656,335
2953 (GSTT2)	610,318,656,335
4257 (MGST1)	610,318,656,335
4258 (MGST2)	610,318,656,335
4259 (MGST3)	610,318,656,335
653689 (GSTT2B)	610,318,656,335
9446 (GSTO1)	610,318,656,335
4292 (MLH1)	1336,131,1382,148
7507 (XPA)	1208,261,1254,278
2067 (ERCC1)	1261,276,1307,293
7153 (TOP2A)	1322,289,1368,306
7155 (TOP2B)	1322,289,1368,306
672 (BRCA1)	1374,295,1420,312
4436 (MSH2)	1304,110,1350,127
2956 (MSH6)	1358,110,1404,127
4437 (MSH3)	1358,110,1404,127
2064 (ERBB2)	220,609,266,626
5290 (PIK3CA)	304,609,350,626
5291 (PIK3CB)	304,609,350,626
5293 (PIK3CD)	304,609,350,626
5295 (PIK3R1)	304,609,350,626
5296 (PIK3R2)	304,609,350,626
8503 (PIK3R3)	304,609,350,626
5170 (PDPK1)	388,609,434,626
10000 (AKT3)	472,609,518,626
207 (AKT1)	472,609,518,626
208 (AKT2)	472,609,518,626
5594 (MAPK1)	327,728,373,745
5595 (MAPK3)	327,728,373,745
538 (ATP7A)	794,375,840,392
540 (ATP7B)	794,375,840,392
1029 (CDKN2A)	1263,421,1309,438
4193 (MDM2)	1260,472,1306,489
1026 (CDKN1A)	680,649,726,666
5429 (POLH)	1203,129,1249,146
5980 (REV3L)	1226,152,1272,169
4217 (MAP3K5)	792,649,838,666
hsa04115: p53 signaling pathway	1196,602,1320,636
hsa01524: Platinum drug resistance	40,45,292,70
hsa04012: ErbB signaling pathway	329,635,453,669
hsa04210: Apoptosis	824,550,916,575
hsa03420: Nucleotide excision repair	1429,341,1553,375
hsa03430: Mismatch repair	1415,105,1526,130
hsa04110: Cell cycle	779,779,871,804
