C00080 (H+)	359,291,4
C05981 (Phosphatidylinositol-3,4,5-trisphosphate)	440,1009,4
C00027 (Hydrogen peroxide)	260,936,4
23430 (TPSD1)	52,298,98,315
64499 (TPSB2)	52,298,98,315
7177 (TPSAB1)	52,298,98,315
5340 (PLG)	52,318,98,335
5644 (PRSS1)	52,338,98,355
5645 (PRSS2)	52,338,98,355
5646 (PRSS3)	52,338,98,355
23586 (DDX58)	383,580,429,597
64135 (IFIH1)	383,601,429,618
57506 (MAVS)	459,590,505,607
7706 (TRIM25)	422,537,468,554
29110 (TBK1)	665,662,711,679
9641 (IKBKE)	665,679,711,696
7098 (TLR3)	367,670,413,687
148022 (TICAM1)	458,670,504,687
1147 (CHUK)	666,590,712,607
3551 (IKBKB)	666,590,712,607
8517 (IKBKG)	666,590,712,607
4790 (NFKB1)	765,556,811,573
5970 (RELA)	765,556,811,573
4792 (NFKBIA)	765,590,811,607
4793 (NFKBIB)	765,590,811,607
1387 (CREBBP)	922,703,968,720
2033 (EP300)	922,703,968,720
3661 (IRF3)	765,677,811,694
3665 (IRF7)	765,733,811,750
5290 (PIK3CA)	359,1001,405,1018
5291 (PIK3CB)	359,1001,405,1018
5293 (PIK3CD)	359,1001,405,1018
5295 (PIK3R1)	359,1001,405,1018
5296 (PIK3R2)	359,1001,405,1018
8503 (PIK3R3)	359,1001,405,1018
10000 (AKT3)	474,1001,520,1018
207 (AKT1)	474,1001,520,1018
208 (AKT2)	474,1001,520,1018
51284 (TLR7)	367,733,413,750
4615 (MYD88)	458,733,504,750
51135 (IRAK4)	573,733,619,750
114548 (NLRP3)	359,928,405,945
29108 (PYCARD)	359,945,405,962
834 (CASP1)	359,962,405,979
3553 (IL1B)	751,941,797,958
3606 (IL18)	751,962,797,979
90865 (IL33)	751,983,797,1000
3454 (IFNAR1)	196,858,242,875
3455 (IFNAR2)	196,858,242,875
3456 (IFNB1)	129,868,175,885
3716 (JAK1)	290,858,336,875
7297 (TYK2)	290,858,336,875
6772 (STAT1)	616,858,662,875
6773 (STAT2)	616,858,662,875
10379 (IRF9)	774,858,820,875
4599 (MX1)	1022,818,1068,835
4938 (OAS1)	1022,837,1068,854
4939 (OAS2)	1022,837,1068,854
4940 (OAS3)	1022,837,1068,854
103 (ADAR)	1022,856,1068,873
5371 (PML)	1022,875,1068,892
4261 (CIITA)	818,917,864,934
3108 (HLA-DMA)	1022,917,1068,934
3109 (HLA-DMB)	1022,917,1068,934
3111 (HLA-DOA)	1022,917,1068,934
3112 (HLA-DOB)	1022,917,1068,934
3113 (HLA-DPA1)	1022,917,1068,934
3115 (HLA-DPB1)	1022,917,1068,934
3117 (HLA-DQA1)	1022,917,1068,934
3118 (HLA-DQA2)	1022,917,1068,934
3119 (HLA-DQB1)	1022,917,1068,934
3122 (HLA-DRA)	1022,917,1068,934
3123 (HLA-DRB1)	1022,917,1068,934
3125 (HLA-DRB3)	1022,917,1068,934
3126 (HLA-DRB4)	1022,917,1068,934
3127 (HLA-DRB5)	1022,917,1068,934
3439 (IFNA1)	1022,724,1068,741
3440 (IFNA2)	1022,724,1068,741
3441 (IFNA4)	1022,724,1068,741
3442 (IFNA5)	1022,724,1068,741
3443 (IFNA6)	1022,724,1068,741
3444 (IFNA7)	1022,724,1068,741
3445 (IFNA8)	1022,724,1068,741
3446 (IFNA10)	1022,724,1068,741
3447 (IFNA13)	1022,724,1068,741
3448 (IFNA14)	1022,724,1068,741
3449 (IFNA16)	1022,724,1068,741
3451 (IFNA17)	1022,724,1068,741
3452 (IFNA21)	1022,724,1068,741
9021 (SOCS3)	579,819,625,836
6352 (CCL5)	1022,651,1068,668
3576 (CXCL8)	1022,613,1068,630
3456 (IFNB1)	1022,743,1068,760
3383 (ICAM1)	1022,696,1068,713
3552 (IL1A)	1022,528,1068,545
3553 (IL1B)	1022,528,1068,545
3569 (IL6)	1022,547,1068,564
7124 (TNF)	1022,585,1068,602
3592 (IL12A)	1022,566,1068,583
3593 (IL12B)	1022,566,1068,583
5610 (EIF2AK2)	487,496,533,513
5611 (DNAJC3)	466,456,512,473
3337 (DNAJB1)	382,456,428,473
1965 (EIF2S1)	616,496,662,513
4938 (OAS1)	393,386,439,403
4939 (OAS2)	393,386,439,403
4940 (OAS3)	393,386,439,403
6041 (RNASEL)	538,386,584,403
8743 (TNFSF10)	132,1031,178,1048
8795 (TNFRSF10B)	196,1031,242,1048
8797 (TNFRSF10A)	196,1031,242,1048
291 (SLC25A4)	550,1097,596,1114
292 (SLC25A5)	550,1097,596,1114
293 (SLC25A6)	550,1097,596,1114
83447 (SLC25A31)	550,1097,596,1114
7416 (VDAC1)	550,1080,596,1097
23633 (KPNA6)	1007,1376,1053,1393
3836 (KPNA1)	1007,1376,1053,1393
3838 (KPNA2)	1007,1376,1053,1393
3841 (KPNA5)	1007,1376,1053,1393
402569 (KPNA7)	1007,1376,1053,1393
7514 (XPO1)	925,1390,971,1407
5578 (PRKCA)	367,1257,413,1274
5894 (RAF1)	463,1257,509,1274
5604 (MAP2K1)	542,1257,588,1274
5605 (MAP2K2)	542,1257,588,1274
5594 (MAPK1)	621,1257,667,1274
5595 (MAPK3)	621,1257,667,1274
60 (ACTB)	239,1428,285,1445
71 (ACTG1)	239,1428,285,1445
2224 (FDPS)	244,1225,290,1242
91543 (RSAD2)	244,1190,290,1207
5340 (PLG)	149,1441,195,1458
10898 (CPSF4)	1233,1144,1279,1161
100529063 (BCL2L2-PABPN1)	1233,1161,1279,1178
390748 (PABPN1L)	1233,1161,1279,1178
8106 (PABPN1)	1233,1161,1279,1178
10482 (NXF1)	1031,1225,1077,1242
55998 (NXF5)	1031,1225,1077,1242
56000 (NXF3)	1031,1225,1077,1242
56001 (NXF2)	1031,1225,1077,1242
728343 (NXF2B)	1031,1225,1077,1242
29107 (NXT1)	1031,1242,1077,1259
55916 (NXT2)	1031,1242,1077,1259
8480 (RAE1)	1077,1242,1123,1259
11100 (HNRNPUL1)	1077,1225,1123,1242
4928 (NUP98)	863,1243,909,1260
6347 (CCL2)	1022,632,1068,649
3627 (CXCL10)	1022,670,1068,687
5579 (PRKCB)	496,266,542,283
56649 (TMPRSS4)	196,332,242,349
7113 (TMPRSS2)	196,332,242,349
9407 (TMPRSS11D)	196,353,242,370
356 (FASLG)	132,1052,178,1069
355 (FAS)	196,1052,242,1069
79671 (NLRX1)	459,573,505,590
8766 (RAB11A)	753,1344,799,1361
9230 (RAB11B)	753,1344,799,1361
3458 (IFNG)	129,890,175,907
3459 (IFNGR1)	196,890,242,907
3460 (IFNGR2)	196,890,242,907
3716 (JAK1)	290,890,336,907
3717 (JAK2)	290,890,336,907
6772 (STAT1)	616,890,662,907
7099 (TLR4)	196,712,242,729
7132 (TNFRSF1A)	196,1073,242,1090
7187 (TRAF3)	573,670,619,687
1147 (CHUK)	666,733,712,750
1147 (CHUK)	666,769,712,786
3551 (IKBKB)	666,769,712,786
4792 (NFKBIA)	765,769,811,786
4793 (NFKBIB)	765,769,811,786
4790 (NFKB1)	765,803,811,820
5970 (RELA)	765,803,811,820
896 (CCND3)	840,1052,886,1069
1019 (CDK4)	912,1042,958,1059
1021 (CDK6)	912,1042,958,1059
10241 (CALCOCO2)	620,629,666,646
3439 (IFNA1)	129,847,175,864
3440 (IFNA2)	129,847,175,864
3441 (IFNA4)	129,847,175,864
3442 (IFNA5)	129,847,175,864
3443 (IFNA6)	129,847,175,864
3444 (IFNA7)	129,847,175,864
3445 (IFNA8)	129,847,175,864
3446 (IFNA10)	129,847,175,864
3447 (IFNA13)	129,847,175,864
3448 (IFNA14)	129,847,175,864
3449 (IFNA16)	129,847,175,864
3451 (IFNA17)	129,847,175,864
3452 (IFNA21)	129,847,175,864
8772 (FADD)	281,1052,327,1069
841 (CASP8)	359,1044,405,1061
8717 (TRADD)	281,1035,327,1052
581 (BAX)	461,1099,507,1116
578 (BAK1)	461,1121,507,1138
54205 (CYCS)	607,1110,653,1127
836 (CASP3)	761,1110,807,1127
842 (CASP9)	685,1110,731,1127
637 (BID)	384,1110,430,1127
317 (APAF1)	607,1139,653,1156
hsa05164: Influenza A	40,45,162,70
hsa04144: Endocytosis	522,198,614,223
hsa04620: Toll-like receptor signaling pathway	479,695,596,729
hsa04630: JAK-STAT signaling pathway	384,827,501,861
hsa04621: NOD-like receptor signaling pathway	415,930,535,964
hsa04622: RIG-I-like receptor signaling pathway	526,552,633,586
hsa03015: mRNA surveillance pathway	996,1095,1153,1120
hsa00900: Terpenoid backbone biosynthesis	79,1247,200,1281
hsa04010: MAPK signaling pathway	499,1212,631,1246
hsa05416: Viral myocarditis	1201,675,1299,700
hsa03013: RNA transport	1044,1405,1136,1430
hsa04110: Cell cycle	991,1021,1081,1046
hsa04210: Apoptosis	624,1077,733,1102
