C00076 (Calcium cation)	784,768,4
C00305 (Magnesium cation)	725,768,4
C00002 (ATP)	991,762,4
C00027 (Hydrogen peroxide)	1146,373,4
C16844 (Hydroxyl radical)	1146,373,4
C00002 (ATP)	1099,228,4
C00195 (N-Acylsphingosine)	986,476,4
C00319 (Sphingosine)	1099,476,4
C00076 (Calcium cation)	845,421,4
C00076 (Calcium cation)	357,560,4
C14592 (N-Methyl-N'-nitro-N-nitrosoguanidine)	75,536,4
C00550 (Sphingomyelin)	914,450,4
C00219 (Arachidonate)	1043,414,4
C00076 (Calcium cation)	1099,177,4
7124 (TNF)	45,198,91,215
7132 (TNFRSF1A)	136,198,182,215
8717 (TRADD)	220,199,266,216
7186 (TRAF2)	234,182,280,199
7188 (TRAF5)	234,182,280,199
197259 (MLKL)	702,711,748,728
7099 (TLR4)	136,401,182,418
3454 (IFNAR1)	136,354,182,371
3455 (IFNAR2)	136,354,182,371
3459 (IFNGR1)	136,354,182,371
3460 (IFNGR2)	136,354,182,371
3439 (IFNA1)	45,354,91,371
3440 (IFNA2)	45,354,91,371
3441 (IFNA4)	45,354,91,371
3442 (IFNA5)	45,354,91,371
3443 (IFNA6)	45,354,91,371
3444 (IFNA7)	45,354,91,371
3445 (IFNA8)	45,354,91,371
3446 (IFNA10)	45,354,91,371
3447 (IFNA13)	45,354,91,371
3448 (IFNA14)	45,354,91,371
3449 (IFNA16)	45,354,91,371
3451 (IFNA17)	45,354,91,371
3452 (IFNA21)	45,354,91,371
3456 (IFNB1)	45,354,91,371
3458 (IFNG)	45,354,91,371
3716 (JAK1)	234,354,280,371
3717 (JAK2)	234,354,280,371
3718 (JAK3)	234,354,280,371
7297 (TYK2)	234,354,280,371
8795 (TNFRSF10B)	136,254,182,271
8797 (TNFRSF10A)	136,254,182,271
8743 (TNFSF10)	45,254,91,271
355 (FAS)	136,298,182,315
356 (FASLG)	45,298,91,315
329 (BIRC2)	328,174,374,191
330 (BIRC3)	328,174,374,191
331 (XIAP)	328,174,374,191
841 (CASP8)	629,262,675,279
8837 (CFLAR)	695,262,741,279
197259 (MLKL)	822,517,868,534
1540 (CYLD)	563,262,609,279
54822 (TRPM7)	762,711,808,728
7098 (TLR3)	328,445,374,462
8737 (RIPK1)	234,216,280,233
8772 (FADD)	629,245,675,262
7128 (TNFAIP3)	664,371,710,388
8772 (FADD)	234,306,280,323
11124 (FAF1)	234,289,280,306
8737 (RIPK1)	327,298,373,315
8737 (RIPK1)	234,254,280,271
5610 (EIF2AK2)	436,355,482,372
11035 (RIPK3)	695,321,741,338
8737 (RIPK1)	563,321,609,338
148022 (TICAM1)	328,401,374,418
10616 (RBCK1)	328,191,374,208
55072 (RNF31)	328,191,374,208
81858 (SHARPIN)	328,191,374,208
353376 (TICAM2)	234,401,280,418
8737 (RIPK1)	436,321,482,338
10379 (IRF9)	328,332,374,349
6772 (STAT1)	328,354,374,371
6773 (STAT2)	328,354,374,371
6774 (STAT3)	328,354,374,371
6775 (STAT4)	328,354,374,371
6776 (STAT5A)	328,354,374,371
6777 (STAT5B)	328,354,374,371
6778 (STAT6)	328,354,374,371
90865 (IL33)	933,781,979,798
3552 (IL1A)	933,759,979,776
3146 (HMGB1)	983,781,1029,798
3320 (HSP90AA1)	614,371,660,388
3326 (HSP90AB1)	614,371,660,388
81030 (ZBP1)	645,440,691,457
124044 (SPATA2L)	426,192,472,209
9825 (SPATA2)	426,192,472,209
27005 (USP21)	516,371,562,388
5834 (PYGB)	822,321,868,338
5836 (PYGL)	822,321,868,338
5837 (PYGM)	822,321,868,338
2752 (GLUL)	822,282,868,299
2746 (GLUD1)	907,243,953,260
2747 (GLUD2)	907,243,953,260
291 (SLC25A4)	969,160,1015,177
292 (SLC25A5)	969,160,1015,177
293 (SLC25A6)	969,160,1015,177
83447 (SLC25A31)	969,160,1015,177
6609 (SMPD1)	849,455,895,472
192111 (PGAM5)	962,517,1008,534
10059 (DNM1L)	1078,517,1124,534
114548 (NLRP3)	962,572,1008,589
3553 (IL1B)	1078,606,1124,623
29108 (PYCARD)	962,589,1008,606
834 (CASP1)	962,606,1008,623
5599 (MAPK8)	822,364,868,381
5601 (MAPK9)	822,364,868,381
5602 (MAPK10)	822,364,868,381
2495 (FTH1)	962,364,1008,381
2512 (FTL)	962,364,1008,381
823 (CAPN1)	962,427,1008,444
824 (CAPN2)	962,427,1008,444
3320 (HSP90AA1)	729,515,775,532
3326 (HSP90AB1)	729,515,775,532
637 (BID)	487,551,533,568
221613 (HIST1H2AA)	215,600,261,617
3012 (HIST1H2AE)	215,600,261,617
3013 (HIST1H2AD)	215,600,261,617
3014 (H2AFX)	215,600,261,617
3015 (H2AFZ)	215,600,261,617
317772 (HIST2H2AB)	215,600,261,617
474381 (H2AFB2)	215,600,261,617
474382 (H2AFB1)	215,600,261,617
55506 (H2AFY2)	215,600,261,617
55766 (H2AFJ)	215,600,261,617
723790 (HIST2H2AA4)	215,600,261,617
8329 (HIST1H2AI)	215,600,261,617
8330 (HIST1H2AK)	215,600,261,617
8331 (HIST1H2AJ)	215,600,261,617
8332 (HIST1H2AL)	215,600,261,617
8334 (HIST1H2AC)	215,600,261,617
8335 (HIST1H2AB)	215,600,261,617
8336 (HIST1H2AM)	215,600,261,617
8337 (HIST2H2AA3)	215,600,261,617
8338 (HIST2H2AC)	215,600,261,617
83740 (H2AFB3)	215,600,261,617
85235 (HIST1H2AH)	215,600,261,617
8969 (HIST1H2AG)	215,600,261,617
92815 (HIST3H2A)	215,600,261,617
94239 (H2AFV)	215,600,261,617
9555 (H2AFY)	215,600,261,617
9131 (AIFM1)	608,617,654,634
581 (BAX)	573,551,619,568
9131 (AIFM1)	238,617,284,634
823 (CAPN1)	401,551,447,568
824 (CAPN2)	401,551,447,568
10038 (PARP2)	268,569,314,586
10039 (PARP3)	268,569,314,586
142 (PARP1)	268,569,314,586
143 (PARP4)	268,569,314,586
596 (BCL2)	539,589,585,606
5478 (PPIA)	261,600,307,617
100137049 (PLA2G4B)	962,399,1008,416
123745 (PLA2G4E)	962,399,1008,416
255189 (PLA2G4F)	962,399,1008,416
283748 (PLA2G4D)	962,399,1008,416
5321 (PLA2G4A)	962,399,1008,416
8605 (PLA2G4C)	962,399,1008,416
8681 (JMJD7-PLA2G4B)	962,399,1008,416
815 (CAMK2A)	822,175,868,192
816 (CAMK2B)	822,175,868,192
817 (CAMK2D)	822,175,868,192
818 (CAMK2G)	822,175,868,192
1536 (CYBB)	822,103,868,120
100526767 (RNF103-CHMP3)	608,671,654,688
128866 (CHMP4B)	608,671,654,688
25978 (CHMP2B)	608,671,654,688
27183 (VPS4A)	608,671,654,688
27243 (CHMP2A)	608,671,654,688
29082 (CHMP4A)	608,671,654,688
5119 (CHMP1A)	608,671,654,688
51510 (CHMP5)	608,671,654,688
51652 (CHMP3)	608,671,654,688
57132 (CHMP1B)	608,671,654,688
79643 (CHMP6)	608,671,654,688
91782 (CHMP7)	608,671,654,688
92421 (CHMP4C)	608,671,654,688
9525 (VPS4B)	608,671,654,688
8878 (SQSTM1)	565,371,611,388
246 (ALOX15)	1075,394,1121,411
7416 (VDAC1)	998,177,1044,194
7417 (VDAC2)	998,177,1044,194
7419 (VDAC3)	998,177,1044,194
5481 (PPID)	946,177,992,194
291 (SLC25A4)	969,215,1015,232
292 (SLC25A5)	969,215,1015,232
293 (SLC25A6)	969,215,1015,232
83447 (SLC25A31)	969,215,1015,232
hsa04217: Necroptosis	40,45,149,70
hsa04668: TNF signaling pathway	231,148,360,168
hsa04210: Apoptosis	616,162,687,182
hsa04922: Glucagon signaling pathway	1187,312,1289,342
hsa00250: Alanine	1108,272,1225,302
aspartate and glutamate metabolism	1108,272,1225,302
