C05981 (Phosphatidylinositol-3,4,5-trisphosphate)	435,1476,4
51284 (TLR7)	450,472,496,489
54106 (TLR9)	450,472,496,489
4615 (MYD88)	520,472,566,489
3654 (IRAK1)	588,472,634,489
51135 (IRAK4)	588,472,634,489
3665 (IRF7)	660,472,706,489
3439 (IFNA1)	993,462,1039,479
3440 (IFNA2)	993,462,1039,479
3441 (IFNA4)	993,462,1039,479
3442 (IFNA5)	993,462,1039,479
3443 (IFNA6)	993,462,1039,479
3444 (IFNA7)	993,462,1039,479
3445 (IFNA8)	993,462,1039,479
3446 (IFNA10)	993,462,1039,479
3447 (IFNA13)	993,462,1039,479
3448 (IFNA14)	993,462,1039,479
3449 (IFNA16)	993,462,1039,479
3451 (IFNA17)	993,462,1039,479
3452 (IFNA21)	993,462,1039,479
7097 (TLR2)	252,555,298,572
7099 (TLR4)	252,555,298,572
23586 (DDX58)	438,301,484,318
4615 (MYD88)	432,555,478,572
3654 (IRAK1)	507,555,553,572
51135 (IRAK4)	507,555,553,572
4792 (NFKBIA)	817,588,863,605
4793 (NFKBIB)	817,588,863,605
4790 (NFKB1)	817,624,863,641
5970 (RELA)	817,624,863,641
64135 (IFIH1)	438,336,484,353
57506 (MAVS)	514,318,560,335
3661 (IRF3)	738,318,784,335
3456 (IFNB1)	993,483,1039,500
3454 (IFNAR1)	252,678,298,695
3455 (IFNAR2)	252,678,298,695
3716 (JAK1)	349,678,395,695
7297 (TYK2)	349,678,395,695
6772 (STAT1)	464,678,510,695
6773 (STAT2)	464,678,510,695
10379 (IRF9)	709,678,755,695
4938 (OAS1)	993,650,1039,667
4939 (OAS2)	993,650,1039,667
4940 (OAS3)	993,650,1039,667
3439 (IFNA1)	174,678,220,695
3440 (IFNA2)	174,678,220,695
3441 (IFNA4)	174,678,220,695
3442 (IFNA5)	174,678,220,695
3443 (IFNA6)	174,678,220,695
3444 (IFNA7)	174,678,220,695
3445 (IFNA8)	174,678,220,695
3446 (IFNA10)	174,678,220,695
3447 (IFNA13)	174,678,220,695
3448 (IFNA14)	174,678,220,695
3449 (IFNA16)	174,678,220,695
3451 (IFNA17)	174,678,220,695
3452 (IFNA21)	174,678,220,695
3456 (IFNB1)	174,678,220,695
4478 (MSN)	298,151,344,168
10332 (CLEC4M)	252,223,298,240
30835 (CD209)	252,223,298,240
4179 (CD46)	252,160,298,177
6504 (SLAMF1)	252,181,298,198
3559 (IL2RA)	252,1485,298,1502
3560 (IL2RB)	252,1485,298,1502
3561 (IL2RG)	252,1485,298,1502
3558 (IL2)	174,1485,220,1502
915 (CD3D)	252,1446,298,1463
916 (CD3E)	252,1446,298,1463
917 (CD3G)	252,1446,298,1463
940 (CD28)	252,1465,298,1482
5290 (PIK3CA)	363,1468,409,1485
5291 (PIK3CB)	363,1468,409,1485
5293 (PIK3CD)	363,1468,409,1485
5295 (PIK3R1)	363,1468,409,1485
5296 (PIK3R2)	363,1468,409,1485
8503 (PIK3R3)	363,1468,409,1485
10000 (AKT3)	462,1468,508,1485
207 (AKT1)	462,1468,508,1485
208 (AKT2)	462,1468,508,1485
3303 (HSPA1A)	709,749,755,766
3304 (HSPA1B)	709,749,755,766
3305 (HSPA1L)	709,749,755,766
3306 (HSPA2)	709,749,755,766
3310 (HSPA6)	709,749,755,766
3312 (HSPA8)	709,749,755,766
8667 (EIF3H)	781,849,827,866
3716 (JAK1)	363,1501,409,1518
3718 (JAK3)	363,1501,409,1518
6774 (STAT3)	462,1501,508,1518
6776 (STAT5A)	462,1501,508,1518
6777 (STAT5B)	462,1501,508,1518
3552 (IL1A)	993,520,1039,537
3553 (IL1B)	993,520,1039,537
3569 (IL6)	993,541,1039,558
3592 (IL12A)	993,562,1039,579
3593 (IL12B)	993,562,1039,579
4599 (MX1)	993,690,1039,707
10399 (RACK1)	291,661,337,678
868 (CBLB)	363,1429,409,1446
27102 (EIF2AK1)	611,880,657,897
440275 (EIF2AK4)	611,880,657,897
5610 (EIF2AK2)	611,880,657,897
9451 (EIF2AK3)	611,880,657,897
1965 (EIF2S1)	727,880,773,897
1147 (CHUK)	660,366,706,383
3551 (IKBKB)	660,366,706,383
8517 (IKBKG)	660,366,706,383
355 (FAS)	252,1024,298,1041
356 (FASLG)	174,1024,220,1041
7189 (TRAF6)	581,555,627,572
7128 (TNFAIP3)	581,600,627,617
2213 (FCGR2B)	252,1646,298,1663
1457 (CSNK2A1)	432,600,478,617
1459 (CSNK2A2)	432,600,478,617
1460 (CSNK2B)	432,600,478,617
283106 (CSNK2A3)	432,600,478,617
25898 (RCHY1)	488,924,534,941
7157 (TP53)	611,924,657,941
7161 (TP73)	611,958,657,975
27113 (BBC3)	993,958,1039,975
51209 (RAB9B)	306,860,352,877
9367 (RAB9A)	306,860,352,877
595 (CCND1)	462,1272,508,1289
894 (CCND2)	462,1272,508,1289
896 (CCND3)	462,1272,508,1289
898 (CCNE1)	462,1272,508,1289
9134 (CCNE2)	462,1272,508,1289
1017 (CDK2)	462,1289,508,1306
1019 (CDK4)	462,1289,508,1306
1021 (CDK6)	462,1289,508,1306
1027 (CDKN1B)	442,1228,488,1245
2932 (GSK3B)	553,1468,599,1485
103 (ADAR)	993,670,1039,687
6885 (MAP3K7)	654,547,700,564
23118 (TAB2)	654,564,700,581
9641 (IKBKE)	660,310,706,327
29110 (TBK1)	660,327,706,344
6504 (SLAMF1)	252,1585,298,1602
3592 (IL12A)	609,1613,655,1630
3593 (IL12B)	609,1613,655,1630
4792 (NFKBIA)	738,367,784,384
4793 (NFKBIB)	738,367,784,384
4790 (NFKB1)	737,403,783,420
5970 (RELA)	737,403,783,420
5599 (MAPK8)	745,537,791,554
5601 (MAPK9)	745,537,791,554
5602 (MAPK10)	745,537,791,554
2353 (FOS)	817,537,863,554
3725 (JUN)	817,537,863,554
8772 (FADD)	367,1024,413,1041
841 (CASP8)	459,1024,505,1041
8717 (TRADD)	297,1046,343,1063
572 (BAD)	525,1138,571,1155
581 (BAX)	614,1081,660,1098
578 (BAK1)	614,1103,660,1120
54205 (CYCS)	730,1092,776,1109
836 (CASP3)	909,1092,955,1109
842 (CASP9)	833,1092,879,1109
637 (BID)	532,1092,578,1109
596 (BCL2)	614,1131,660,1148
598 (BCL2L1)	614,1153,660,1170
317 (APAF1)	730,1122,776,1139
27102 (EIF2AK1)	993,711,1039,728
440275 (EIF2AK4)	993,711,1039,728
5610 (EIF2AK2)	993,711,1039,728
9451 (EIF2AK3)	993,711,1039,728
7187 (TRAF3)	587,318,633,335
1147 (CHUK)	745,588,791,605
3551 (IKBKB)	745,588,791,605
8517 (IKBKG)	745,588,791,605
hsa05162: Measles	40,45,132,70
hsa04660: T cell receptor signaling pathway	358,1350,473,1384
hsa04622: RIG-I-like receptor signaling pathway	491,360,606,394
hsa04620: Toll-like receptor signaling pathway	310,520,421,554
hsa04630: JAK-STAT signaling pathway	546,652,656,677
hsa04120: Ubiquitin mediated proteolysis	459,1419,572,1453
hsa04210: Apoptosis	400,1111,508,1136
hsa04110: Cell cycle	526,1251,618,1276
hsa04115: p53 signaling pathway	678,920,807,945
hsa04658: Th1 and Th2 cell differentiation	669,1576,784,1610
