C00165 (Diacylglycerol)	446,386,4
C01245 (D-myo-Inositol 1,4,5-trisphosphate)	446,424,4
C00575 (3',5'-Cyclic AMP)	445,331,4
C01330 (Sodium cation)	306,561,4
C00708 (Iodide)	171,551,4
C00708 (Iodide)	832,554,4
C02515 (3-Iodo-L-tyrosine)	907,667,4
C01060 (3,5-Diiodo-L-tyrosine)	961,667,4
C02515 (3-Iodo-L-tyrosine)	907,753,4
C01060 (3,5-Diiodo-L-tyrosine)	961,753,4
C01829 (Thyroxine)	961,812,4
C02465 (Triiodothyronine)	907,812,4
C02515 (3-Iodo-L-tyrosine)	425,757,4
C01060 (3,5-Diiodo-L-tyrosine)	479,754,4
C01829 (Thyroxine)	479,813,4
C02465 (Triiodothyronine)	430,816,4
C02465 (Triiodothyronine)	309,829,4
C01829 (Thyroxine)	309,806,4
C02465 (Triiodothyronine)	183,829,4
C01829 (Thyroxine)	183,806,4
C02515 (3-Iodo-L-tyrosine)	420,660,4
C01060 (3,5-Diiodo-L-tyrosine)	454,661,4
C01330 (Sodium cation)	169,650,4
C00238 (Potassium cation)	302,655,4
C00708 (Iodide)	438,581,4
C00005 (NADPH)	727,670,4
C00006 (NADP+)	725,624,4
C00007 (Oxygen)	813,671,4
C00027 (Hydrogen peroxide)	816,623,4
C00027 (Hydrogen peroxide)	915,624,4
C00076 (Calcium cation)	499,428,4
C00027 (Hydrogen peroxide)	907,715,4
C00027 (Hydrogen peroxide)	720,765,4
C00001 (H2O)	719,714,4
C00051 (Glutathione)	675,714,4
C00127 (Glutathione disulfide)	675,765,4
C00005 (NADPH)	631,765,4
C00006 (NADP+)	629,714,4
C00092 (D-Glucose 6-phosphate)	585,714,4
C00117 (D-Ribose 5-phosphate)	586,765,4
C00231 (D-Xylulose 5-phosphate)	586,765,4
C00708 (Iodide)	940,453,4
C02465 (Triiodothyronine)	1114,285,4
C01829 (Thyroxine)	1114,285,4
C01829 (Thyroxine)	113,731,4
C01829 (Thyroxine)	113,755,4
C01829 (Thyroxine)	113,781,4
C02465 (Triiodothyronine)	113,828,4
C02465 (Triiodothyronine)	113,852,4
C02465 (Triiodothyronine)	113,878,4
5566 (PRKACA)	482,322,528,339
5567 (PRKACB)	482,322,528,339
5568 (PRKACG)	482,322,528,339
1081 (CGA)	138,347,184,364
7252 (TSHB)	138,347,184,364
7253 (TSHR)	221,348,267,365
2776 (GNAQ)	289,377,335,394
23236 (PLCB1)	364,377,410,394
5330 (PLCB2)	364,377,410,394
5331 (PLCB3)	364,377,410,394
5332 (PLCB4)	364,377,410,394
2778 (GNAS)	289,322,335,339
107 (ADCY1)	365,322,411,339
108 (ADCY2)	365,322,411,339
109 (ADCY3)	365,322,411,339
111 (ADCY5)	365,322,411,339
112 (ADCY6)	365,322,411,339
113 (ADCY7)	365,322,411,339
114 (ADCY8)	365,322,411,339
115 (ADCY9)	365,322,411,339
196883 (ADCY4)	365,322,411,339
7038 (TG)	653,421,699,438
6528 (SLC5A5)	221,547,267,564
23439 (ATP1B4)	222,645,268,662
476 (ATP1A1)	222,645,268,662
477 (ATP1A2)	222,645,268,662
478 (ATP1A3)	222,645,268,662
480 (ATP1A4)	222,645,268,662
481 (ATP1B1)	222,645,268,662
482 (ATP1B2)	222,645,268,662
483 (ATP1B3)	222,645,268,662
486 (FXYD2)	222,645,268,662
5172 (SLC26A4)	747,547,793,564
50506 (DUOX2)	747,636,793,653
7173 (TPO)	747,583,793,600
389434 (IYD)	386,618,432,635
5578 (PRKCA)	482,377,528,394
5579 (PRKCB)	482,377,528,394
5582 (PRKCG)	482,377,528,394
7270 (TTF1)	579,317,625,334
8458 (TTF2)	579,340,625,357
7849 (PAX8)	579,364,625,381
10488 (CREB3)	579,387,625,404
1385 (CREB1)	579,387,625,404
1386 (ATF2)	579,387,625,404
1388 (ATF6B)	579,387,625,404
148327 (CREB3L4)	579,387,625,404
468 (ATF4)	579,387,625,404
64764 (CREB3L2)	579,387,625,404
84699 (CREB3L3)	579,387,625,404
90993 (CREB3L1)	579,387,625,404
9586 (CREB5)	579,387,625,404
7038 (TG)	912,689,958,706
7038 (TG)	912,773,958,790
7038 (TG)	430,777,476,794
405753 (DUOXA2)	748,688,794,705
7173 (TPO)	880,584,926,601
3708 (ITPR1)	479,458,525,475
3709 (ITPR2)	479,458,525,475
3710 (ITPR3)	479,458,525,475
7173 (TPO)	882,728,928,745
7038 (TG)	651,497,697,514
7038 (TG)	651,514,697,531
3309 (HSPA5)	620,447,666,464
7184 (HSP90B1)	620,469,666,486
821 (CANX)	685,447,731,464
9601 (PDIA4)	685,469,731,486
7038 (TG)	517,605,563,622
7038 (TG)	526,628,572,645
4036 (LRP2)	745,809,791,826
7038 (TG)	912,835,958,852
4036 (LRP2)	660,809,706,826
7038 (TG)	660,836,706,853
7038 (TG)	145,887,191,904
257202 (GPX6)	680,729,726,746
2876 (GPX1)	680,729,726,746
2877 (GPX2)	680,729,726,746
2878 (GPX3)	680,729,726,746
2880 (GPX5)	680,729,726,746
2882 (GPX7)	680,729,726,746
493869 (GPX8)	680,729,726,746
432 (ASGR1)	605,519,651,536
433 (ASGR2)	605,519,651,536
2936 (GSR)	629,729,675,746
213 (ALB)	51,722,97,739
7276 (TTR)	51,747,97,764
6906 (SERPINA7)	51,772,97,789
213 (ALB)	51,819,97,836
7276 (TTR)	51,844,97,861
6906 (SERPINA7)	51,869,97,886
hsa04918: Thyroid hormone synthesis	40,45,301,70
hsa04530: Tight junction	609,144,724,169
hsa00350: Tyrosine metabolism	983,679,1110,704
hsa04142: Lysosome	516,800,600,825
hsa04020: Calcium signaling pathway	327,447,439,481
hsa04146: Peroxisome	488,562,572,587
hsa00480: Glutathione metabolism	511,666,645,691
