5901 (RAN)	376,695,422,712
7514 (XPO1)	376,712,422,731
51068 (NMD3)	376,729,422,746
26851 (SNORD3B-1)	357,172,403,189
780851 (SNORD3A)	357,172,403,189
780852 (SNORD3B-2)	357,172,403,189
780853 (SNORD3C)	357,172,403,189
4549 (RNR1)	40,132,86,149
4550 (RNR2)	150,132,196,149
100169751 (RNA5S1)	205,132,251,149
100169753 (RNA5S2)	205,132,251,149
100169754 (RNA5S3)	205,132,251,149
100169755 (RNA5S4)	205,132,251,149
100169756 (RNA5S5)	205,132,251,149
100169757 (RNA5S6)	205,132,251,149
100169758 (RNA5S7)	205,132,251,149
100169759 (RNA5S8)	205,132,251,149
100169760 (RNA5S9)	205,132,251,149
100169761 (RNA5S10)	205,132,251,149
100169762 (RNA5S11)	205,132,251,149
100169763 (RNA5S12)	205,132,251,149
100169764 (RNA5S13)	205,132,251,149
100169765 (RNA5S14)	205,132,251,149
100169766 (RNA5S15)	205,132,251,149
100169767 (RNA5S16)	205,132,251,149
100169768 (RNA5S17)	205,132,251,149
6949 (TCOF1)	278,155,324,172
4809 (SNU13)	355,229,401,246
51602 (NOP58)	309,229,355,246
10528 (NOP56)	355,212,401,229
2091 (FBL)	309,212,355,229
55505 (NOP10)	486,229,532,246
55651 (NHP2)	486,212,532,229
54433 (GAR1)	440,229,486,246
1736 (DKC1)	440,212,486,229
51077 (FCF1)	277,290,323,307
29102 (DROSHA)	540,302,586,319
55226 (NAT10)	445,373,491,390
10813 (UTP14A)	445,290,491,307
9724 (UTP14C)	445,290,491,307
9790 (BMS1)	350,373,396,390
10171 (RCL1)	332,401,378,418
10248 (POP7)	408,481,454,498
10556 (RPP30)	408,481,454,498
10557 (RPP38)	408,481,454,498
10775 (POP4)	408,481,454,498
10799 (RPP40)	408,481,454,498
10940 (POP1)	408,481,454,498
138716 (RPP25L)	408,481,454,498
51367 (POP5)	408,481,454,498
54913 (RPP25)	408,481,454,498
22803 (XRN2)	550,582,596,599
54464 (XRN1)	550,582,596,599
23560 (GTPBP4)	628,542,674,559
26354 (GNL3)	628,574,674,591
29889 (GNL2)	628,574,674,591
54552 (GNL3L)	628,574,674,591
23195 (MDN1)	628,616,674,633
4931 (NVL)	628,595,674,612
100288562	482,582,528,599
101929601	482,582,528,599
101929627	482,582,528,599
25996 (REXO2)	482,582,528,599
57455 (REXO1)	482,582,528,599
81691 (REXO5)	482,582,528,599
10482 (NXF1)	430,696,476,713
55998 (NXF5)	430,696,476,713
56000 (NXF3)	430,696,476,713
56001 (NXF2)	430,696,476,713
728343 (NXF2B)	430,696,476,713
29107 (NXT1)	430,713,476,730
55916 (NXT2)	430,713,476,730
10199 (MPHOSPH10)	65,458,111,475
643802	65,458,111,475
92856 (IMP4)	86,475,132,492
55272 (IMP3)	40,475,86,492
84128 (WDR75)	178,350,224,367
84135 (UTP15)	132,333,178,350
84916 (UTP4)	86,350,132,367
55127 (HEATR1)	132,350,178,367
23160 (WDR43)	40,341,86,358
51096 (UTP18)	40,394,86,411
10607 (TBL3)	86,394,132,411
55813 (UTP6)	132,403,178,420
5822 (PWP2)	178,403,224,420
134430 (WDR36)	40,411,86,428
10885 (WDR3)	86,411,132,428
1457 (CSNK2A1)	65,273,111,290
1459 (CSNK2A2)	65,273,111,290
283106 (CSNK2A3)	65,273,111,290
1460 (CSNK2B)	65,256,111,273
65083 (NOL6)	40,290,86,307
55341 (LSG1)	550,778,596,795
79631 (EFL1)	487,788,533,805
27341 (RRP7A)	86,290,132,307
83732 (RIOK1)	311,772,357,789
166378 (SPATA5)	604,778,650,795
55781 (RIOK2)	311,795,357,812
102157402 (AK6)	243,795,289,812
6023 (RMRP)	408,498,454,515
3692 (EIF6)	487,713,533,730
10436 (EMG1)	350,351,396,368
51119 (SBDS)	487,771,533,788
55131 (RBM28)	563,637,609,654
28987 (NOB1)	325,651,371,668
hsa03008: Ribosome biogenesis in eukaryotes	40,45,350,70
hsa03010: Ribosome	370,880,462,905
