C01245 (D-myo-Inositol 1,4,5-trisphosphate)	594,547,4
C00076 (Calcium cation)	638,547,4
C00027 (Hydrogen peroxide)	556,504,4
1436 (CSF1R)	185,160,231,177
7186 (TRAF2)	338,350,384,367
7189 (TRAF6)	338,350,384,367
8792 (TNFRSF11A)	185,350,231,367
8600 (TNFSF11)	113,350,159,367
1435 (CSF1)	113,160,159,177
4982 (TNFRSF11B)	113,385,159,402
1540 (CYLD)	337,277,383,294
9846 (GAB2)	372,409,418,426
9020 (MAP3K14)	534,275,580,292
1147 (CHUK)	633,275,679,292
8517 (IKBKG)	533,316,579,333
1147 (CHUK)	533,333,579,350
3551 (IKBKB)	533,350,579,367
4792 (NFKBIA)	762,350,808,367
4790 (NFKB1)	762,315,808,332
5970 (RELA)	762,315,808,332
6885 (MAP3K7)	434,350,480,367
10454 (TAB1)	434,367,480,384
23118 (TAB2)	434,367,480,384
5608 (MAP2K6)	534,427,580,444
5604 (MAP2K1)	534,405,580,422
5599 (MAPK8)	617,449,663,466
5601 (MAPK9)	617,449,663,466
5602 (MAPK10)	617,449,663,466
1432 (MAPK14)	617,427,663,444
5600 (MAPK11)	617,427,663,444
5603 (MAPK13)	617,427,663,444
6300 (MAPK12)	617,427,663,444
4772 (NFATC1)	1018,275,1064,292
3456 (IFNB1)	1018,301,1064,318
3456 (IFNB1)	113,670,159,687
3454 (IFNAR1)	185,670,231,687
3455 (IFNAR2)	185,670,231,687
3716 (JAK1)	284,670,330,687
7297 (TYK2)	284,670,330,687
6772 (STAT1)	400,670,446,687
6773 (STAT2)	400,670,446,687
10379 (IRF9)	484,670,530,687
2534 (FYN)	463,232,509,249
3932 (LCK)	463,232,509,249
5290 (PIK3CA)	546,232,592,249
5291 (PIK3CB)	546,232,592,249
5293 (PIK3CD)	546,232,592,249
5295 (PIK3R1)	546,232,592,249
5296 (PIK3R2)	546,232,592,249
8503 (PIK3R3)	546,232,592,249
10000 (AKT3)	629,232,675,249
207 (AKT1)	629,232,675,249
208 (AKT2)	629,232,675,249
3552 (IL1A)	113,265,159,282
3553 (IL1B)	113,265,159,282
3554 (IL1R1)	185,265,231,282
3458 (IFNG)	113,205,159,222
3459 (IFNGR1)	185,205,231,222
3460 (IFNGR2)	185,205,231,222
6772 (STAT1)	284,205,330,222
2353 (FOS)	870,438,916,455
2354 (FOSB)	870,438,916,455
2355 (FOSL2)	870,438,916,455
3725 (JUN)	870,438,916,455
3726 (JUNB)	870,438,916,455
3727 (JUND)	870,438,916,455
8061 (FOSL1)	870,438,916,455
2209 (FCGR1A)	185,509,231,526
2212 (FCGR2A)	185,509,231,526
2213 (FCGR2B)	185,509,231,526
2214 (FCGR3A)	185,509,231,526
2215 (FCGR3B)	185,509,231,526
9103 (FCGR2C)	185,509,231,526
7305 (TYROBP)	185,587,231,604
695 (BTK)	289,462,335,479
7006 (TEC)	289,462,335,479
6850 (SYK)	271,548,317,565
29760 (BLNK)	338,538,384,555
3937 (LCP2)	338,538,384,555
5336 (PLCG2)	401,538,447,555
5530 (PPP3CA)	670,539,716,556
5532 (PPP3CB)	670,539,716,556
5533 (PPP3CC)	670,539,716,556
5534 (PPP3R1)	670,539,716,556
5535 (PPP3R2)	670,539,716,556
4772 (NFATC1)	763,539,809,556
814 (CAMK4)	670,603,716,620
1385 (CREB1)	870,603,916,620
2353 (FOS)	1018,625,1064,642
1513 (CTSK)	1018,531,1064,548
54 (ACP5)	1018,550,1064,567
799 (CALCR)	1018,569,1064,586
3690 (ITGB3)	1018,588,1064,605
6688 (SPI1)	870,552,916,569
4286 (MITF)	870,571,916,588
7124 (TNF)	113,293,159,310
7132 (TNFRSF1A)	185,293,231,310
4773 (NFATC2)	869,301,915,318
8651 (SOCS1)	284,640,330,657
9021 (SOCS3)	284,640,330,657
2274 (FHL2)	316,388,362,405
5468 (PPARG)	871,649,917,666
7040 (TGFB1)	113,312,159,329
7042 (TGFB2)	113,312,159,329
7046 (TGFBR1)	185,312,231,329
7048 (TGFBR2)	185,312,231,329
4791 (NFKB2)	762,275,808,292
5971 (RELB)	762,275,808,292
8878 (SQSTM1)	366,306,412,323
2885 (GRB2)	284,144,330,161
5594 (MAPK1)	369,144,415,161
5595 (MAPK3)	369,144,415,161
5609 (MAP2K7)	534,449,580,466
5879 (RAC1)	439,425,485,442
1535 (CYBA)	464,495,510,512
27035 (NOX1)	464,495,510,512
4688 (NCF2)	464,495,510,512
4689 (NCF4)	464,495,510,512
653361 (NCF1)	464,495,510,512
102725035	185,492,231,509
10288 (LILRB2)	185,492,231,509
10859 (LILRB1)	185,492,231,509
10990 (LILRB5)	185,492,231,509
11006 (LILRB4)	185,492,231,509
11024 (LILRA1)	185,492,231,509
11025 (LILRB3)	185,492,231,509
11026 (LILRA3)	185,492,231,509
11027 (LILRA2)	185,492,231,509
126014 (OSCAR)	185,492,231,509
23547 (LILRA4)	185,492,231,509
353514 (LILRA5)	185,492,231,509
79168 (LILRA6)	185,492,231,509
10326 (SIRPB1)	185,570,231,587
140885 (SIRPA)	185,570,231,587
54209 (TREM2)	185,570,231,587
55423 (SIRPG)	185,570,231,587
hsa04380: Osteoclast differentiation	40,45,293,70
hsa04630: JAK-STAT signaling pathway	364,628,473,662
hsa04010: MAPK signaling pathway	675,397,782,431
hsa04020: Calcium signaling pathway	534,562,641,596
hsa04064: NF-kappa B signaling pathway	619,316,726,350
hsa04151: PI3K-Akt signaling pathway	522,180,629,214
