C04599 (1-Methyl-4-phenyl-1,2,3,6-tetrahydropyridine)	508,705,4
C07593 (Rotenone)	539,749,4
C00002 (ATP)	943,876,4
C00008 (ADP)	925,841,4
C00009 (Orthophosphate)	957,841,4
C03758 (Dopamine)	1125,574,4
C00704 (O2.-)	1126,628,4
C00027 (Hydrogen peroxide)	1126,628,4
C00002 (ATP)	685,330,4
C00020 (AMP)	662,276,4
C00013 (Diphosphate)	695,276,4
C11310 (1-Methyl-4-phenylpyridinium)	564,707,4
C00002 (ATP)	1121,144,4
C00008 (ADP)	1179,145,4
C00009 (Orthophosphate)	1208,145,4
C00355 (3,4-Dihydroxy-L-phenylalanine)	1126,511,4
C00082 (L-Tyrosine)	1125,445,4
C03758 (Dopamine)	565,586,4
C00575 (3',5'-Cyclic AMP)	233,447,4
C00575 (3',5'-Cyclic AMP)	233,736,4
C00212 (Adenosine)	462,402,4
120892 (LRRK2)	962,692,1008,709
7317 (UBA1)	707,181,753,198
7318 (UBA7)	707,181,753,198
7314 (UBB)	707,211,753,228
7332 (UBE2L3)	802,181,848,198
9246 (UBE2L6)	802,181,848,198
7314 (UBB)	802,211,848,228
5071 (PRKN)	973,223,1019,240
5413 (SEPTIN5)	1079,350,1125,367
9627 (SNCAIP)	1079,381,1125,398
2861 (GPR37)	1080,318,1126,335
11315 (PARK7)	1142,716,1188,733
65018 (PINK1)	962,717,1008,734
6622 (SNCA)	1163,282,1209,299
7345 (UCHL1)	801,436,847,453
54205 (CYCS)	1268,756,1314,773
100532726 (NDUFC2-KCTD14)	843,736,889,753
126328 (NDUFA11)	843,736,889,753
374291 (NDUFS7)	843,736,889,753
4535 (ND1)	843,736,889,753
4536 (ND2)	843,736,889,753
4537 (ND3)	843,736,889,753
4538 (ND4)	843,736,889,753
4539 (ND4L)	843,736,889,753
4540 (ND5)	843,736,889,753
4541 (ND6)	843,736,889,753
4694 (NDUFA1)	843,736,889,753
4695 (NDUFA2)	843,736,889,753
4696 (NDUFA3)	843,736,889,753
4697 (NDUFA4)	843,736,889,753
4698 (NDUFA5)	843,736,889,753
4700 (NDUFA6)	843,736,889,753
4701 (NDUFA7)	843,736,889,753
4702 (NDUFA8)	843,736,889,753
4704 (NDUFA9)	843,736,889,753
4705 (NDUFA10)	843,736,889,753
4706 (NDUFAB1)	843,736,889,753
4707 (NDUFB1)	843,736,889,753
4708 (NDUFB2)	843,736,889,753
4709 (NDUFB3)	843,736,889,753
4710 (NDUFB4)	843,736,889,753
4711 (NDUFB5)	843,736,889,753
4712 (NDUFB6)	843,736,889,753
4713 (NDUFB7)	843,736,889,753
4714 (NDUFB8)	843,736,889,753
4715 (NDUFB9)	843,736,889,753
4716 (NDUFB10)	843,736,889,753
4717 (NDUFC1)	843,736,889,753
4718 (NDUFC2)	843,736,889,753
4719 (NDUFS1)	843,736,889,753
4720 (NDUFS2)	843,736,889,753
4722 (NDUFS3)	843,736,889,753
4723 (NDUFV1)	843,736,889,753
4724 (NDUFS4)	843,736,889,753
4725 (NDUFS5)	843,736,889,753
4726 (NDUFS6)	843,736,889,753
4728 (NDUFS8)	843,736,889,753
4729 (NDUFV2)	843,736,889,753
4731 (NDUFV3)	843,736,889,753
51079 (NDUFA13)	843,736,889,753
54539 (NDUFB11)	843,736,889,753
55967 (NDUFA12)	843,736,889,753
56901 (NDUFA4L2)	843,736,889,753
6389 (SDHA)	843,764,889,781
6390 (SDHB)	843,764,889,781
6391 (SDHC)	843,764,889,781
6392 (SDHD)	843,764,889,781
10975 (UQCR11)	843,793,889,810
1537 (CYC1)	843,793,889,810
27089 (UQCRQ)	843,793,889,810
29796 (UQCR10)	843,793,889,810
440567 (UQCRHL)	843,793,889,810
4519 (CYTB)	843,793,889,810
7381 (UQCRB)	843,793,889,810
7384 (UQCRC1)	843,793,889,810
7385 (UQCRC2)	843,793,889,810
7386 (UQCRFS1)	843,793,889,810
7388 (UQCRH)	843,793,889,810
125965 (COX6B2)	843,821,889,838
1327 (COX4I1)	843,821,889,838
1329 (COX5B)	843,821,889,838
1337 (COX6A1)	843,821,889,838
1339 (COX6A2)	843,821,889,838
1340 (COX6B1)	843,821,889,838
1345 (COX6C)	843,821,889,838
1346 (COX7A1)	843,821,889,838
1347 (COX7A2)	843,821,889,838
1349 (COX7B)	843,821,889,838
1350 (COX7C)	843,821,889,838
1351 (COX8A)	843,821,889,838
170712 (COX7B2)	843,821,889,838
341947 (COX8C)	843,821,889,838
4512 (COX1)	843,821,889,838
4513 (COX2)	843,821,889,838
4514 (COX3)	843,821,889,838
84701 (COX4I2)	843,821,889,838
9167 (COX7A2L)	843,821,889,838
9377 (COX5A)	843,821,889,838
10476 (ATP5PD)	843,850,889,867
4508 (ATP6)	843,850,889,867
4509 (ATP8)	843,850,889,867
498 (ATP5F1A)	843,850,889,867
506 (ATP5F1B)	843,850,889,867
509 (ATP5F1C)	843,850,889,867
513 (ATP5F1D)	843,850,889,867
514 (ATP5F1E)	843,850,889,867
515 (ATP5PB)	843,850,889,867
516 (ATP5MC1)	843,850,889,867
517 (ATP5MC2)	843,850,889,867
518 (ATP5MC3)	843,850,889,867
522 (ATP5PF)	843,850,889,867
539 (ATP5PO)	843,850,889,867
27429 (HTRA2)	1157,756,1203,773
10105 (PPIF)	1169,818,1215,835
291 (SLC25A4)	1169,818,1215,835
292 (SLC25A5)	1169,818,1215,835
293 (SLC25A6)	1169,818,1215,835
7416 (VDAC1)	1169,818,1215,835
7417 (VDAC2)	1169,818,1215,835
7419 (VDAC3)	1169,818,1215,835
83447 (SLC25A31)	1169,818,1215,835
7314 (UBB)	888,391,934,408
7314 (UBB)	888,419,934,436
7314 (UBB)	888,446,934,463
7314 (UBB)	712,391,758,408
7314 (UBB)	712,419,758,436
7314 (UBB)	712,446,758,463
7314 (UBB)	983,279,1029,296
7314 (UBB)	983,310,1029,327
7314 (UBB)	982,340,1028,357
118424 (UBE2J2)	802,272,848,289
51465 (UBE2J1)	802,272,848,289
7326 (UBE2G1)	802,272,848,289
7327 (UBE2G2)	802,272,848,289
7054 (TH)	1137,468,1183,485
6531 (SLC6A3)	590,495,636,512
842 (CASP9)	1410,755,1456,772
836 (CASP3)	1409,707,1455,724
317 (APAF1)	1330,786,1376,803
6570 (SLC18A1)	883,609,929,626
6571 (SLC18A2)	883,609,929,626
6531 (SLC6A3)	591,698,637,715
135 (ADORA2A)	381,394,427,411
1813 (DRD2)	381,489,427,506
1812 (DRD1)	381,769,427,786
2774 (GNAL)	304,394,350,411
2770 (GNAI1)	304,489,350,506
2771 (GNAI2)	304,489,350,506
2773 (GNAI3)	304,489,350,506
2774 (GNAL)	304,769,350,786
111 (ADCY5)	268,439,314,456
111 (ADCY5)	268,728,314,745
5566 (PRKACA)	152,439,198,456
5567 (PRKACB)	152,439,198,456
5568 (PRKACG)	152,439,198,456
5566 (PRKACA)	152,728,198,745
5567 (PRKACB)	152,728,198,745
5568 (PRKACG)	152,728,198,745
hsa04120: Ubiquitin mediated proteolysis	828,314,941,348
hsa03050: Proteasome	1229,158,1342,183
hsa04210: Apoptosis	1305,834,1418,859
hsa00190: Oxidative phosphorylation	698,810,811,844
hsa00350: Tyrosine metabolism	1156,504,1269,538
hsa05020: Prion diseases	40,45,220,70
hsa04728: Dopaminergic synapse	466,424,558,458
