C00704 (O2.-)	264,577,4
C00027 (Hydrogen peroxide)	264,577,4
C00533 (Nitric oxide)	264,577,4
3382 (ICA1)	143,277,189,294
940 (CD28)	545,228,591,245
3592 (IL12A)	491,269,537,286
3593 (IL12B)	491,269,537,286
1363 (CPE)	143,237,189,254
941 (CD80)	437,228,483,245
942 (CD86)	437,228,483,245
5798 (PTPRN)	143,217,189,234
5799 (PTPRN2)	143,217,189,234
2571 (GAD1)	143,196,189,213
2572 (GAD2)	143,196,189,213
3329 (HSPD1)	143,257,189,274
3558 (IL2)	519,348,565,365
3630 (INS)	143,176,189,193
356 (FASLG)	294,416,340,433
3002 (GZMB)	240,468,286,485
3108 (HLA-DMA)	437,205,483,222
3109 (HLA-DMB)	437,205,483,222
3111 (HLA-DOA)	437,205,483,222
3112 (HLA-DOB)	437,205,483,222
3113 (HLA-DPA1)	437,205,483,222
3115 (HLA-DPB1)	437,205,483,222
3117 (HLA-DQA1)	437,205,483,222
3118 (HLA-DQA2)	437,205,483,222
3119 (HLA-DQB1)	437,205,483,222
3122 (HLA-DRA)	437,205,483,222
3123 (HLA-DRB1)	437,205,483,222
3125 (HLA-DRB3)	437,205,483,222
3126 (HLA-DRB4)	437,205,483,222
3127 (HLA-DRB5)	437,205,483,222
3105 (HLA-A)	186,393,232,410
3106 (HLA-B)	186,393,232,410
3107 (HLA-C)	186,393,232,410
3133 (HLA-E)	186,393,232,410
3134 (HLA-F)	186,393,232,410
3135 (HLA-G)	186,393,232,410
355 (FAS)	186,416,232,433
3458 (IFNG)	240,490,286,507
3458 (IFNG)	576,348,622,365
5551 (PRF1)	240,449,286,466
3552 (IL1A)	240,550,286,567
3553 (IL1B)	240,550,286,567
7124 (TNF)	240,531,286,548
4049 (LTA)	240,509,286,526
hsa04210: Apoptosis	103,493,174,518
hsa04660: T cell receptor signaling pathway	595,208,694,242
hsa04940: Type I diabetes mellitus	40,45,258,70
