C06771 (Triethanolamine)	1253,519,4
C06772 (Diethanolamine)	1144,519,4
C00084 (Acetaldehyde)	1068,464,4
C00641 (1,2-Diacyl-sn-glycerol)	708,437,4
C01996 (Acetylcholine)	1144,312,4
C04230 (1-Acyl-sn-glycero-3-phosphocholine)	816,176,4
C00307 (CDP-choline)	816,311,4
C00588 (Choline phosphate)	924,312,4
C00114 (Choline)	1032,312,4
C00157 (Phosphatidylcholine)	708,220,4
C00570 (CDP-ethanolamine)	816,519,4
C01233 (sn-Glycero-3-phosphoethanolamine)	924,626,4
C00344 (Phosphatidylglycerol)	345,770,4
C03892 (Phosphatidylglycerophosphate)	345,704,4
C00641 (1,2-Diacyl-sn-glycerol)	494,770,4
C01210 (N-Methylethanolamine phosphate)	924,419,4
C13482 (Phosphodimethylethanolamine)	924,366,4
C03974 (2-Acyl-sn-glycerol 3-phosphate)	352,329,4
C00093 (sn-Glycerol 3-phosphate)	1068,626,4
C00111 (Glycerone phosphate)	112,220,4
C00189 (Ethanolamine)	1032,519,4
C03872 (L-Serine-phosphoethanolamine)	816,465,4
C00093 (sn-Glycerol 3-phosphate)	352,220,4
C00269 (CDP-diacylglycerol)	345,632,4
C01194 (1-Phosphatidyl-D-myo-inositol)	217,584,4
C00513 (CDP-glycerol)	435,220,4
C00681 (1-Acyl-sn-glycerol 3-phosphate)	276,329,4
C00416 (Phosphatidate)	352,437,4
C00093 (sn-Glycerol 3-phosphate)	1068,220,4
C03372 (Acylglycerone phosphate)	112,329,4
C05973 (2-Acyl-sn-glycero-3-phosphoethanolamine)	816,669,4
C04438 (1-Acyl-sn-glycero-3-phosphoethanolamine)	816,590,4
C05976 (Aminoacyl-phosphatidylglycerol)	495,802,4
C00040 (Acyl-CoA)	389,366,4
C05980 (Cardiolipin)	217,770,4
C05974 (2-Acyl-sn-glycero-3-phosphoserine)	609,669,4
C02737 (Phosphatidylserine)	522,632,4
C00350 (Phosphatidylethanolamine)	708,628,4
C01241 (Phosphatidyl-N-methylethanolamine)	647,382,4
C00670 (sn-Glycero-3-phosphocholine)	924,220,4
C00040 (Acyl-CoA)	389,251,4
C00346 (Ethanolamine phosphate)	924,519,4
C04308 (Phosphatidyl-N-dimethylethanolamine)	647,310,4
C04233 (2-Acyl-sn-glycero-3-phosphocholine)	816,257,4
C03819 (1-Acylglycerophosphoinositol)	104,584,4
C18129 (Monolysocardiolipin)	104,770,4
C18126 (1-Acyl-sn-glycero-3-phosphoglycerol)	345,842,4
C18125 (1-Acyl-sn-glycero-3-phosphoserine)	609,590,4
C18168 (Diacylglycerylhomoserine)	797,361,4
C18169 (Diacylglyceryl-N,N,N-trimethylhomoserine)	891,361,4
C00623 (sn-Glycerol 1-phosphate)	352,130,4
C04590 (3-(O-Geranylgeranyl)-sn-glycerol 1-phosphate)	452,130,4
C04638 (2,3-Bis-O-(geranylgeranyl)glycerol 1-phosphate)	552,130,4
C18059 (CDP-2,3-bis-O-(geranylgeranyl)-sn-glycerol)	652,130,4
C20466 (2,3-Bis-O-(geranylgeranyl)-sn-glycero-1-phospho-L-serine)	752,130,4
C20518 (2,3-Bis-(O-phytanyl)-sn-glycerol 1-phosphate)	552,191,4
81490 (PTDSS2)	565,634,611,651
9791 (PTDSS1)	498,336,544,353
8443 (GNPAT)	89,269,135,286
10162 (LPCAT3)	740,202,786,219
254531 (LPCAT4)	740,202,786,219
54947 (LPCAT2)	740,202,786,219
79888 (LPCAT1)	740,202,786,219
10390 (CEPT1)	705,271,751,288
56994 (CHPT1)	705,271,751,288
5130 (PCYT1A)	838,302,884,319
9468 (PCYT1B)	838,302,884,319
1119 (CHKA)	958,294,1004,311
1120 (CHKB)	958,294,1004,311
43 (ACHE)	1070,313,1116,330
1103 (CHAT)	1070,293,1116,310
5833 (PCYT2)	838,513,884,530
1119 (CHKA)	958,500,1004,517
1120 (CHKB)	958,500,1004,517
55224 (ETNK2)	958,500,1004,517
55500 (ETNK1)	958,500,1004,517
11145 (PLAAT3)	740,222,786,239
100137049 (PLA2G4B)	740,178,786,195
11145 (PLAAT3)	740,178,786,195
123745 (PLA2G4E)	740,178,786,195
151056 (PLB1)	740,178,786,195
255189 (PLA2G4F)	740,178,786,195
26279 (PLA2G2D)	740,178,786,195
283748 (PLA2G4D)	740,178,786,195
30814 (PLA2G2E)	740,178,786,195
391013 (PLA2G2C)	740,178,786,195
50487 (PLA2G3)	740,178,786,195
5319 (PLA2G1B)	740,178,786,195
5320 (PLA2G2A)	740,178,786,195
5321 (PLA2G4A)	740,178,786,195
5322 (PLA2G5)	740,178,786,195
64600 (PLA2G2F)	740,178,786,195
81579 (PLA2G12A)	740,178,786,195
8398 (PLA2G6)	740,178,786,195
8399 (PLA2G10)	740,178,786,195
84647 (PLA2G12B)	740,178,786,195
8605 (PLA2G4C)	740,178,786,195
8681 (JMJD7-PLA2G4B)	740,178,786,195
139189 (DGKK)	403,450,449,467
1606 (DGKA)	403,450,449,467
1607 (DGKB)	403,450,449,467
1608 (DGKG)	403,450,449,467
160851 (DGKH)	403,450,449,467
1609 (DGKQ)	403,450,449,467
8525 (DGKZ)	403,450,449,467
8526 (DGKE)	403,450,449,467
8527 (DGKD)	403,450,449,467
9162 (DGKI)	403,450,449,467
196051 (PLPP4)	539,418,585,435
23175 (LPIN1)	539,418,585,435
64900 (LPIN3)	539,418,585,435
84513 (PLPP5)	539,418,585,435
8611 (PLPP1)	539,418,585,435
8612 (PLPP2)	539,418,585,435
8613 (PLPP3)	539,418,585,435
9663 (LPIN2)	539,418,585,435
122618 (PLD4)	403,395,449,412
23646 (PLD3)	403,395,449,412
5337 (PLD1)	403,395,449,412
5338 (PLD2)	403,395,449,412
11145 (PLAAT3)	542,661,588,678
122618 (PLD4)	403,494,449,511
23646 (PLD3)	403,494,449,511
5337 (PLD1)	403,494,449,511
5338 (PLD2)	403,494,449,511
100137049 (PLA2G4B)	740,583,786,600
11145 (PLAAT3)	740,583,786,600
123745 (PLA2G4E)	740,583,786,600
151056 (PLB1)	740,583,786,600
255189 (PLA2G4F)	740,583,786,600
26279 (PLA2G2D)	740,583,786,600
283748 (PLA2G4D)	740,583,786,600
30814 (PLA2G2E)	740,583,786,600
391013 (PLA2G2C)	740,583,786,600
50487 (PLA2G3)	740,583,786,600
5319 (PLA2G1B)	740,583,786,600
5320 (PLA2G2A)	740,583,786,600
5321 (PLA2G4A)	740,583,786,600
5322 (PLA2G5)	740,583,786,600
64600 (PLA2G2F)	740,583,786,600
81579 (PLA2G12A)	740,583,786,600
8398 (PLA2G6)	740,583,786,600
8399 (PLA2G10)	740,583,786,600
84647 (PLA2G12B)	740,583,786,600
8605 (PLA2G4C)	740,583,786,600
8681 (JMJD7-PLA2G4B)	740,583,786,600
10554 (AGPAT1)	254,382,300,399
10555 (AGPAT2)	254,382,300,399
129642 (MBOAT2)	254,382,300,399
154141 (MBOAT1)	254,382,300,399
253558 (LCLAT1)	254,382,300,399
55326 (AGPAT5)	254,382,300,399
56894 (AGPAT3)	254,382,300,399
56895 (AGPAT4)	254,382,300,399
10423 (CDIPT)	255,576,301,593
11145 (PLAAT3)	740,629,786,646
162466 (PHOSPHO1)	958,519,1004,536
137964 (GPAT4)	228,269,274,286
150763 (GPAT2)	228,269,274,286
57678 (GPAM)	228,269,274,286
84803 (GPAT3)	228,269,274,286
23171 (GPD1L)	147,182,193,199
2819 (GPD1)	147,182,193,199
2820 (GPD2)	147,241,193,258
3931 (LCAT)	740,157,786,174
56261 (GPCPD1)	958,201,1004,218
10390 (CEPT1)	706,558,752,575
85465 (SELENOI)	706,558,752,575
10434 (LYPLA1)	838,609,884,626
10908 (PNPLA6)	838,609,884,626
151056 (PLB1)	838,609,884,626
375775 (PNPLA7)	838,609,884,626
10162 (LPCAT3)	740,609,786,626
129642 (MBOAT2)	740,609,786,626
154141 (MBOAT1)	740,609,786,626
254531 (LPCAT4)	740,609,786,626
10908 (PNPLA6)	838,628,884,645
11313 (LYPLA2)	838,628,884,645
151056 (PLB1)	838,628,884,645
375775 (PNPLA7)	838,628,884,645
1040 (CDS1)	348,558,394,575
8760 (CDS2)	348,558,394,575
10908 (PNPLA6)	838,222,884,239
11313 (LYPLA2)	838,222,884,239
151056 (PLB1)	838,222,884,239
375775 (PNPLA7)	838,222,884,239
56985 (ADPRM)	365,179,411,196
23761 (PISD)	565,615,611,632
162466 (PHOSPHO1)	958,313,1004,330
10400 (PEMT)	623,257,669,274
56261 (GPCPD1)	958,607,1004,624
10434 (LYPLA1)	838,203,884,220
10908 (PNPLA6)	838,203,884,220
151056 (PLB1)	838,203,884,220
23659 (PLA2G15)	838,203,884,220
375775 (PNPLA7)	838,203,884,220
10400 (PEMT)	624,342,670,359
10400 (PEMT)	624,410,670,427
9489 (PGS1)	323,660,369,677
54675 (CRLS1)	254,762,300,779
253558 (LCLAT1)	139,567,185,584
56894 (AGPAT3)	139,567,185,584
56895 (AGPAT4)	139,567,185,584
79143 (MBOAT7)	139,567,185,584
253558 (LCLAT1)	139,752,185,769
6901 (TAZ)	139,752,185,769
253558 (LCLAT1)	322,810,368,827
254531 (LPCAT4)	322,810,368,827
54947 (LPCAT2)	322,810,368,827
79888 (LPCAT1)	322,810,368,827
9926 (LPGAT1)	322,810,368,827
10162 (LPCAT3)	542,582,588,599
129642 (MBOAT2)	542,582,588,599
154141 (MBOAT1)	542,582,588,599
254531 (LPCAT4)	542,582,588,599
64850 (ETNPPL)	958,455,1004,472
196051 (PLPP4)	539,439,585,456
84513 (PLPP5)	539,439,585,456
hsa00565: Ether lipid metabolism	48,379,176,404
hsa00010: Glycolysis / Gluconeogenesis	1141,426,1210,451
hsa00563: Glycosylphosphatidylinositol (GPI)-anchor biosynthesis	149,515,284,540
hsa00561: Glycerolipid metabolism	44,85,181,110
hsa00260: Glycine	645,712,767,746
serine and threonine metabolism	645,712,767,746
hsa00620: Pyruvate metabolism	1141,397,1259,422
hsa00564: Glycerophospholipid metabolism	40,45,323,70
hsa00562: Inositol phosphate metabolism	137,647,298,672
