C00002 (ATP)	902,409,4
C00076 (Calcium cation)	627,319,4
C00076 (Calcium cation)	789,325,4
C00076 (Calcium cation)	712,449,4
C00076 (Calcium cation)	831,157,4
C01330 (Sodium cation)	845,265,4
C00076 (Calcium cation)	299,506,4
6444 (SGCD)	275,200,321,217
10368 (CACNG3)	646,313,692,330
10369 (CACNG2)	646,313,692,330
27091 (CACNG5)	646,313,692,330
27092 (CACNG4)	646,313,692,330
55799 (CACNA2D3)	646,313,692,330
59283 (CACNG8)	646,313,692,330
59284 (CACNG7)	646,313,692,330
59285 (CACNG6)	646,313,692,330
775 (CACNA1C)	646,313,692,330
776 (CACNA1D)	646,313,692,330
778 (CACNA1F)	646,313,692,330
779 (CACNA1S)	646,313,692,330
781 (CACNA2D1)	646,313,692,330
782 (CACNB1)	646,313,692,330
783 (CACNB2)	646,313,692,330
784 (CACNB3)	646,313,692,330
785 (CACNB4)	646,313,692,330
786 (CACNG1)	646,313,692,330
9254 (CACNA2D2)	646,313,692,330
93589 (CACNA2D4)	646,313,692,330
6262 (RYR2)	721,314,767,331
487 (ATP2A1)	839,350,885,367
488 (ATP2A2)	839,350,885,367
489 (ATP2A3)	839,350,885,367
6543 (SLC8A2)	813,200,859,217
6546 (SLC8A1)	813,200,859,217
6547 (SLC8A3)	813,200,859,217
22801 (ITGA11)	126,202,172,219
3655 (ITGA6)	126,202,172,219
3672 (ITGA1)	126,202,172,219
3673 (ITGA2)	126,202,172,219
3674 (ITGA2B)	126,202,172,219
3675 (ITGA3)	126,202,172,219
3676 (ITGA4)	126,202,172,219
3678 (ITGA5)	126,202,172,219
3679 (ITGA7)	126,202,172,219
3680 (ITGA9)	126,202,172,219
3685 (ITGAV)	126,202,172,219
8515 (ITGA10)	126,202,172,219
8516 (ITGA8)	126,202,172,219
3688 (ITGB1)	170,202,216,219
3690 (ITGB3)	170,202,216,219
3691 (ITGB4)	170,202,216,219
3693 (ITGB5)	170,202,216,219
3694 (ITGB6)	170,202,216,219
3695 (ITGB7)	170,202,216,219
3696 (ITGB8)	170,202,216,219
6445 (SGCG)	321,200,367,217
6443 (SGCB)	412,200,458,217
6442 (SGCA)	366,200,412,217
1605 (DAG1)	456,153,502,170
1605 (DAG1)	457,200,503,217
284217 (LAMA1)	457,114,503,131
3908 (LAMA2)	457,114,503,131
2010 (EMD)	591,504,637,521
4000 (LMNA)	559,529,605,546
7137 (TNNI3)	366,488,412,505
7134 (TNNC1)	312,472,358,489
7139 (TNNT2)	148,566,194,583
7168 (TPM1)	434,547,480,564
7169 (TPM2)	434,547,480,564
7170 (TPM3)	434,547,480,564
7171 (TPM4)	434,547,480,564
1756 (DMD)	404,275,450,292
70 (ACTC1)	414,517,460,534
4633 (MYL2)	368,583,414,600
7273 (TTN)	163,469,209,486
4607 (MYBPC3)	182,667,228,684
1674 (DES)	107,293,153,310
5562 (PRKAA1)	963,447,1009,464
5563 (PRKAA2)	963,447,1009,464
5564 (PRKAB1)	963,464,1009,481
5565 (PRKAB2)	963,464,1009,481
51422 (PRKAG2)	963,481,1009,498
53632 (PRKAG3)	963,481,1009,498
5571 (PRKAG1)	963,481,1009,498
1636 (ACE)	857,619,903,636
3479 (IGF1)	910,619,956,636
7040 (TGFB1)	963,619,1009,636
7042 (TGFB2)	963,619,1009,636
7043 (TGFB3)	963,619,1009,636
7124 (TNF)	837,645,883,662
3569 (IL6)	891,645,937,662
4634 (MYL3)	368,561,414,578
60 (ACTB)	370,321,416,338
71 (ACTG1)	370,321,416,338
60 (ACTB)	181,298,227,315
71 (ACTG1)	181,298,227,315
1674 (DES)	441,468,487,485
4624 (MYH6)	338,616,384,633
4625 (MYH7)	338,616,384,633
1906 (EDN1)	945,645,991,662
183 (AGT)	999,645,1045,662
hsa05410: Hypertrophic cardiomyopathy (HCM)	40,45,359,70
hsa04260: Cardiac muscle contraction	441,354,559,388
hsa04512: ECM-receptor interaction	317,124,435,158
hsa04630: JAK-STAT signaling pathway	820,574,938,608
hsa04350: TGF-beta signaling pathway	950,575,1068,609
hsa04614: Renin-angiotensin system	884,533,1002,567
