C01245 (D-myo-Inositol 1,4,5-trisphosphate)	411,160,4
C00076 (Calcium cation)	455,160,4
C00165 (Diacylglycerol)	413,205,4
C05981 (Phosphatidylinositol-3,4,5-trisphosphate)	600,292,4
C01245 (D-myo-Inositol 1,4,5-trisphosphate)	409,577,4
C00076 (Calcium cation)	450,577,4
C00165 (Diacylglycerol)	410,622,4
C05981 (Phosphatidylinositol-3,4,5-trisphosphate)	599,709,4
1950 (EGF)	172,187,218,204
7039 (TGFA)	172,210,218,227
5154 (PDGFA)	172,237,218,254
5155 (PDGFB)	172,237,218,254
3479 (IGF1)	172,262,218,279
1956 (EGFR)	256,208,302,225
5156 (PDGFRA)	256,237,302,254
5159 (PDGFRB)	256,237,302,254
3480 (IGF1R)	256,262,302,279
1950 (EGF)	173,604,219,621
7039 (TGFA)	173,627,219,644
5154 (PDGFA)	173,654,219,671
5155 (PDGFB)	173,654,219,671
3479 (IGF1)	173,679,219,696
1956 (EGFR)	257,624,303,641
5156 (PDGFRA)	257,654,303,671
5159 (PDGFRB)	257,654,303,671
3480 (IGF1R)	257,679,303,696
163688 (CALML6)	492,153,538,170
51806 (CALML5)	492,153,538,170
801 (CALM1)	492,153,538,170
805 (CALM2)	492,153,538,170
808 (CALM3)	492,153,538,170
810 (CALML3)	492,153,538,170
91860 (CALML4)	492,153,538,170
57118 (CAMK1D)	545,174,591,191
57172 (CAMK1G)	545,174,591,191
814 (CAMK4)	545,174,591,191
815 (CAMK2A)	545,174,591,191
816 (CAMK2B)	545,174,591,191
817 (CAMK2D)	545,174,591,191
818 (CAMK2G)	545,174,591,191
8536 (CAMK1)	545,174,591,191
5578 (PRKCA)	470,198,516,215
5579 (PRKCB)	470,198,516,215
5582 (PRKCG)	470,198,516,215
25759 (SHC2)	333,237,379,254
399694 (SHC4)	333,237,379,254
53358 (SHC3)	333,237,379,254
6464 (SHC1)	333,237,379,254
2885 (GRB2)	405,237,451,254
6654 (SOS1)	479,237,525,254
6655 (SOS2)	479,237,525,254
369 (ARAF)	626,237,672,254
5894 (RAF1)	626,237,672,254
673 (BRAF)	626,237,672,254
5604 (MAP2K1)	699,237,745,254
5605 (MAP2K2)	699,237,745,254
5594 (MAPK1)	773,237,819,254
5595 (MAPK3)	773,237,819,254
5290 (PIK3CA)	523,285,569,302
5291 (PIK3CB)	523,285,569,302
5293 (PIK3CD)	523,285,569,302
5295 (PIK3R1)	523,285,569,302
5296 (PIK3R2)	523,285,569,302
8503 (PIK3R3)	523,285,569,302
10000 (AKT3)	630,285,676,302
207 (AKT1)	630,285,676,302
208 (AKT2)	630,285,676,302
5728 (PTEN)	547,329,593,346
2475 (MTOR)	699,285,745,302
4193 (MDM2)	921,278,965,296
1029 (CDKN2A)	1003,278,1049,295
7157 (TP53)	872,309,918,326
595 (CCND1)	936,401,982,418
1019 (CDK4)	936,418,982,435
1021 (CDK6)	936,418,982,435
1029 (CDKN2A)	873,443,919,460
5925 (RB1)	1019,411,1065,428
1869 (E2F1)	1019,448,1065,465
1870 (E2F2)	1019,448,1065,465
1871 (E2F3)	1019,448,1065,465
5335 (PLCG1)	329,594,375,611
5336 (PLCG2)	329,594,375,611
163688 (CALML6)	491,570,537,587
51806 (CALML5)	491,570,537,587
801 (CALM1)	491,570,537,587
805 (CALM2)	491,570,537,587
808 (CALM3)	491,570,537,587
810 (CALML3)	491,570,537,587
91860 (CALML4)	491,570,537,587
57118 (CAMK1D)	543,591,589,608
57172 (CAMK1G)	543,591,589,608
814 (CAMK4)	543,591,589,608
815 (CAMK2A)	543,591,589,608
816 (CAMK2B)	543,591,589,608
817 (CAMK2D)	543,591,589,608
818 (CAMK2G)	543,591,589,608
8536 (CAMK1)	543,591,589,608
5578 (PRKCA)	468,615,514,632
5579 (PRKCB)	468,615,514,632
5582 (PRKCG)	468,615,514,632
25759 (SHC2)	330,654,376,671
399694 (SHC4)	330,654,376,671
53358 (SHC3)	330,654,376,671
6464 (SHC1)	330,654,376,671
2885 (GRB2)	403,654,449,671
6654 (SOS1)	477,654,523,671
6655 (SOS2)	477,654,523,671
3265 (HRAS)	551,654,597,671
3845 (KRAS)	551,654,597,671
4893 (NRAS)	551,654,597,671
369 (ARAF)	624,654,670,671
5894 (RAF1)	624,654,670,671
673 (BRAF)	624,654,670,671
5604 (MAP2K1)	697,654,743,671
5605 (MAP2K2)	697,654,743,671
5290 (PIK3CA)	521,702,567,719
5291 (PIK3CB)	521,702,567,719
5293 (PIK3CD)	521,702,567,719
5295 (PIK3R1)	521,702,567,719
5296 (PIK3R2)	521,702,567,719
8503 (PIK3R3)	521,702,567,719
10000 (AKT3)	627,702,673,719
207 (AKT1)	627,702,673,719
208 (AKT2)	627,702,673,719
2475 (MTOR)	697,702,743,719
595 (CCND1)	882,750,928,767
1019 (CDK4)	882,767,928,784
1021 (CDK6)	882,767,928,784
5925 (RB1)	965,760,1011,777
1869 (E2F1)	965,798,1011,815
1870 (E2F2)	965,798,1011,815
1871 (E2F3)	965,798,1011,815
5335 (PLCG1)	331,177,377,194
5336 (PLCG2)	331,177,377,194
3265 (HRAS)	552,237,598,254
3845 (KRAS)	552,237,598,254
4893 (NRAS)	552,237,598,254
1026 (CDKN1A)	872,375,918,392
5594 (MAPK1)	770,654,816,671
5595 (MAPK3)	770,654,816,671
5728 (PTEN)	392,853,438,870
7157 (TP53)	928,580,974,597
1026 (CDKN1A)	1058,560,1104,577
10912 (GADD45G)	1110,560,1156,577
1647 (GADD45A)	1110,560,1156,577
4616 (GADD45B)	1110,560,1156,577
581 (BAX)	1058,582,1104,599
578 (BAK1)	1110,582,1156,599
1643 (DDB2)	1058,604,1104,621
51426 (POLK)	1110,604,1156,621
hsa04060: Cytokine-cytokine receptor interaction	147,298,251,332
hsa04012: ErbB signaling pathway	324,299,428,333
hsa04020: Calcium signaling pathway	611,150,715,184
hsa04115: p53 signaling pathway	988,494,1092,528
hsa04020: Calcium signaling pathway	610,568,714,602
hsa04010: MAPK signaling pathway	726,567,830,601
hsa04150: mTOR signaling pathway	697,736,801,770
hsa04110: Cell cycle	1022,736,1126,761
hsa04010: MAPK signaling pathway	727,151,831,185
hsa04150: mTOR signaling pathway	697,318,801,352
hsa04110: Cell cycle	988,339,1092,364
hsa05214: Glioma	40,45,132,70
