C00696 (Prostaglandin D2)	818,563,4
C05952 (Leukotriene E4)	818,521,4
C05951 (Leukotriene D4)	838,494,4
C02166 (Leukotriene C4)	798,494,4
C00219 (Arachidonate)	710,530,4
C00374 (Heparin)	805,172,4
C00388 (Histamine)	752,172,4
C00076 (Calcium cation)	621,150,4
C00165 (Diacylglycerol)	542,195,4
C05981 (Phosphatidylinositol-3,4,5-trisphosphate)	339,190,4
C01245 (D-myo-Inositol 1,4,5-trisphosphate)	542,149,4
102723407 (IGH)	89,355,135,372
102723407 (IGH)	89,282,135,299
2207 (FCER1G)	156,389,202,406
2206 (MS4A2)	156,372,202,389
2205 (FCER1A)	156,355,202,372
2206 (MS4A2)	156,298,202,315
2205 (FCER1A)	156,281,202,298
2534 (FYN)	265,275,311,292
7124 (TNF)	762,392,808,409
3596 (IL13)	787,274,833,291
3565 (IL4)	733,274,779,291
10000 (AKT3)	598,248,644,265
207 (AKT1)	598,248,644,265
208 (AKT2)	598,248,644,265
1437 (CSF2)	760,333,806,350
1432 (MAPK14)	598,370,644,387
5600 (MAPK11)	598,370,644,387
5603 (MAPK13)	598,370,644,387
6300 (MAPK12)	598,370,644,387
5609 (MAP2K7)	525,309,571,326
6416 (MAP2K4)	525,309,571,326
5606 (MAP2K3)	525,370,571,387
5608 (MAP2K6)	525,370,571,387
5170 (PDPK1)	487,247,533,264
5290 (PIK3CA)	400,302,446,319
5291 (PIK3CB)	400,302,446,319
5293 (PIK3CD)	400,302,446,319
5295 (PIK3R1)	400,302,446,319
5296 (PIK3R2)	400,302,446,319
8503 (PIK3R3)	400,302,446,319
5578 (PRKCA)	602,189,648,206
9846 (GAB2)	309,223,355,240
3937 (LCP2)	341,346,387,363
695 (BTK)	282,131,328,148
6850 (SYK)	251,346,297,363
4067 (LYN)	228,228,274,245
27040 (LAT)	280,501,326,518
5335 (PLCG1)	416,161,462,178
5336 (PLCG2)	416,161,462,178
3635 (INPP5D)	210,172,256,189
2207 (FCER1G)	156,315,202,332
5594 (MAPK1)	602,435,648,452
5595 (MAPK3)	602,435,648,452
5604 (MAP2K1)	534,435,580,452
5605 (MAP2K2)	534,435,580,452
5894 (RAF1)	466,435,512,452
3265 (HRAS)	435,500,481,517
3845 (KRAS)	435,500,481,517
4893 (NRAS)	435,500,481,517
6654 (SOS1)	384,545,430,562
6655 (SOS2)	384,545,430,562
2885 (GRB2)	316,545,362,562
100137049 (PLA2G4B)	648,482,694,499
123745 (PLA2G4E)	648,482,694,499
255189 (PLA2G4F)	648,482,694,499
283748 (PLA2G4D)	648,482,694,499
5321 (PLA2G4A)	648,482,694,499
8605 (PLA2G4C)	648,482,694,499
8681 (JMJD7-PLA2G4B)	648,482,694,499
5599 (MAPK8)	598,309,644,326
5601 (MAPK9)	598,309,644,326
5602 (MAPK10)	598,309,644,326
5879 (RAC1)	449,340,495,357
5880 (RAC2)	449,340,495,357
5881 (RAC3)	449,340,495,357
10451 (VAV3)	384,435,430,452
7409 (VAV1)	384,435,430,452
7410 (VAV2)	384,435,430,452
3567 (IL5)	787,310,833,327
3562 (IL3)	733,310,779,327
240 (ALOX5)	718,537,764,554
241 (ALOX5AP)	718,554,764,571
hsa04070: Phosphatidylinositol signaling system	401,107,514,141
hsa04010: MAPK signaling pathway	508,481,620,515
hsa00590: Arachidonic acid metabolism	673,579,784,613
hsa04664: Fc epsilon RI signaling pathway	40,45,254,70
