23385 (NCSTN)	240,281,286,298
51107 (APH1A)	286,281,332,298
83464 (APH1B)	286,281,332,298
5663 (PSEN1)	286,264,332,281
5664 (PSEN2)	286,264,332,281
3065 (HDAC1)	640,316,686,333
3066 (HDAC2)	640,316,686,333
9541 (CIR1)	684,293,730,310
1487 (CTBP1)	573,293,619,310
1488 (CTBP2)	573,293,619,310
9612 (NCOR2)	670,270,716,287
171558 (PTCRA)	787,238,833,255
3280 (HES1)	787,184,833,201
388585 (HES5)	787,184,833,201
11317 (RBPJL)	640,211,686,228
3516 (RBPJ)	640,211,686,228
22938 (SNW1)	662,172,708,189
1387 (CREBBP)	585,180,631,197
2033 (EP300)	585,180,631,197
2648 (KAT2A)	585,180,631,197
8850 (KAT2B)	585,180,631,197
55534 (MAML3)	585,163,631,180
84441 (MAML2)	585,163,631,180
9794 (MAML1)	585,163,631,180
6868 (ADAM17)	123,310,169,327
55851 (PSENEN)	240,264,286,281
113878 (DTX2)	310,185,356,202
151636 (DTX3L)	310,185,356,202
1840 (DTX1)	310,185,356,202
196403 (DTX3)	310,185,356,202
23220 (DTX4)	310,185,356,202
8650 (NUMB)	274,155,320,172
9253 (NUMBL)	274,155,320,172
182 (JAG1)	60,257,106,274
3714 (JAG2)	60,257,106,274
4851 (NOTCH1)	166,211,212,228
4853 (NOTCH2)	166,211,212,228
4854 (NOTCH3)	166,211,212,228
4855 (NOTCH4)	166,211,212,228
1855 (DVL1)	221,136,267,153
1856 (DVL2)	221,136,267,153
1857 (DVL3)	221,136,267,153
3955 (LFNG)	114,135,160,152
4242 (MFNG)	114,135,160,152
5986 (RFNG)	114,135,160,152
10683 (DLL3)	60,211,106,228
28514 (DLL1)	60,211,106,228
54567 (DLL4)	60,211,106,228
342371 (ATXN1L)	692,316,738,333
6310 (ATXN1)	692,316,738,333
23462 (HEY1)	787,211,833,228
23493 (HEY2)	787,211,833,228
26508 (HEYL)	787,211,833,228
hsa04010: MAPK signaling pathway	339,375,448,415
hsa04330: Notch signaling pathway	40,45,279,70
