G11040	655,147,4
G10841	564,147,4
G01813	473,147,4
G12625	473,218,4
G12626	473,289,4
G00012	384,147,4
G00011	203,147,4
G13047	564,289,4
G13048	655,289,4
G13049	747,289,4
G13050	838,289,4
G00016	654,1782,4
G00017	744,1782,4
G10716	835,1782,4
G11000	744,1826,4
G11933	835,1826,4
G00014	563,1713,4
G00013	472,1713,4
G00012	382,1713,4
G00011	203,1713,4
G00015	654,1713,4
G00011	203,1448,4
G00012	378,1448,4
G00013	468,1448,4
G00014	559,1448,4
G10770	559,1519,4
G13057	651,1519,4
G13058	741,1519,4
G13059	832,1519,4
G00011	203,1210,4
G00012	383,1210,4
G00013	473,1210,4
G00014	564,1210,4
G10770	564,1280,4
G05477	656,1280,4
G10920	746,1280,4
G00015	661,616,4
G12617	1021,616,4
G13055	931,616,4
G13056	841,616,4
G00011	209,615,4
G00012	389,615,4
G00013	480,616,4
G00014	571,616,4
G10694	299,615,4
G00179	751,616,4
G10665	1021,699,4
G10694	293,147,4
G10694	293,1448,4
G10694	293,1210,4
G10694	293,1713,4
10905 (MAN1A2)	309,138,355,155
4121 (MAN1A1)	309,138,355,155
57134 (MAN1C1)	309,138,355,155
440138 (ALG11)	512,466,525,453,529,453,516,466
440138 (ALG11)	452,470,472,470,472,474,452,474
79796 (ALG9)	453,351,473,351,473,355,453,355
10195 (ALG3)	515,390,525,380,529,380,519,390
79087 (ALG12)	516,353,526,363,530,363,520,353
85365 (ALG2)	570,438,590,418,594,418,574,438
85365 (ALG2)	571,378,591,398,595,398,575,378
56052 (ALG1)	635,406,655,406,655,410,635,410
199857 (ALG14)	713,406,733,406,733,410,713,410
79868 (ALG13)	713,406,733,406,733,410,713,410
1603 (DAD1)	792,406,812,406,812,410,792,410
1650 (DDOST)	792,406,812,406,812,410,792,410
201595 (STT3B)	792,406,812,406,812,410,792,410
3703 (STT3A)	792,406,812,406,812,410,792,410
6184 (RPN1)	792,406,812,406,812,410,792,410
6185 (RPN2)	792,406,812,406,812,410,792,410
7991 (TUSC3)	792,406,812,406,812,410,792,410
85365 (ALG2)	392,851,412,831,416,831,396,851
85365 (ALG2)	392,798,412,818,416,818,396,798
56052 (ALG1)	459,822,479,822,479,826,459,826
199857 (ALG14)	535,826,545,836,549,836,539,826
79868 (ALG13)	535,826,545,836,549,836,539,826
1603 (DAD1)	606,842,626,842,626,846,606,846
1650 (DDOST)	606,842,626,842,626,846,606,846
201595 (STT3B)	606,842,626,842,626,846,606,846
3703 (STT3A)	606,842,626,842,626,846,606,846
6184 (RPN1)	606,842,626,842,626,846,606,846
6185 (RPN2)	606,842,626,842,626,846,606,846
7991 (TUSC3)	606,842,626,842,626,846,606,846
4245 (MGAT1)	328,850,348,850,348,854,328,854
4247 (MGAT2)	328,794,348,794,348,798,328,798
85365 (ALG2)	386,1942,406,1922,410,1922,390,1942
85365 (ALG2)	387,1886,407,1906,411,1906,391,1886
56052 (ALG1)	451,1912,471,1912,471,1916,451,1916
199857 (ALG14)	527,1912,537,1902,541,1902,531,1912
79868 (ALG13)	527,1912,537,1902,541,1902,531,1912
1603 (DAD1)	598,1893,618,1893,618,1897,598,1897
1650 (DDOST)	598,1893,618,1893,618,1897,598,1897
201595 (STT3B)	598,1893,618,1893,618,1897,598,1897
3703 (STT3A)	598,1893,618,1893,618,1897,598,1897
6184 (RPN1)	598,1893,618,1893,618,1897,598,1897
6185 (RPN2)	598,1893,618,1893,618,1897,598,1897
7991 (TUSC3)	598,1893,618,1893,618,1897,598,1897
283358 (B4GALNT3)	255,1861,265,1871,269,1871,259,1861
338707 (B4GALNT4)	255,1861,265,1871,269,1871,259,1861
2530 (FUT8)	528,1877,538,1887,542,1887,532,1877
64377 (CHST8)	177,1857,197,1857,197,1861,177,1861
83539 (CHST9)	177,1857,197,1857,197,1861,177,1861
4245 (MGAT1)	332,1966,342,1956,346,1956,336,1966
4247 (MGAT2)	324,1877,344,1877,344,1881,324,1881
2683 (B4GALT1)	253,1896,263,1886,267,1886,257,1896
8703 (B4GALT3)	253,1896,263,1886,267,1886,257,1896
8704 (B4GALT2)	253,1896,263,1886,267,1886,257,1896
6487 (ST3GAL3)	198,1896,218,1896,218,1900,198,1900
283358 (B4GALNT3)	266,1951,276,1961,280,1961,270,1951
338707 (B4GALNT4)	266,1951,276,1961,280,1961,270,1951
64377 (CHST8)	188,1948,208,1948,208,1952,188,1952
83539 (CHST9)	188,1948,208,1948,208,1952,188,1952
2683 (B4GALT1)	264,1986,274,1976,278,1976,268,1986
8703 (B4GALT3)	264,1986,274,1976,278,1976,268,1986
8704 (B4GALT2)	264,1986,274,1976,278,1976,268,1986
6487 (ST3GAL3)	209,1987,229,1987,229,1991,209,1991
11282 (MGAT4B)	334,1929,344,1939,348,1939,338,1929
11320 (MGAT4A)	334,1929,344,1939,348,1939,338,1929
152586 (MGAT4D)	334,1929,344,1939,348,1939,338,1929
25834 (MGAT4C)	334,1929,344,1939,348,1939,338,1929
2683 (B4GALT1)	258,1926,278,1926,278,1930,258,1930
8703 (B4GALT3)	258,1926,278,1926,278,1930,258,1930
8704 (B4GALT2)	258,1926,278,1926,278,1930,258,1930
6487 (ST3GAL3)	201,1926,221,1926,221,1930,201,1930
2530 (FUT8)	631,1735,677,1752
2683 (B4GALT1)	672,1774,718,1791
8703 (B4GALT3)	672,1774,718,1791
8704 (B4GALT2)	672,1774,718,1791
6487 (ST3GAL3)	764,1774,810,1791
283358 (B4GALNT3)	673,1818,719,1835
338707 (B4GALNT4)	673,1818,719,1835
64377 (CHST8)	765,1818,811,1835
83539 (CHST9)	765,1818,811,1835
10905 (MAN1A2)	309,1704,355,1721
4121 (MAN1A1)	309,1704,355,1721
57134 (MAN1C1)	309,1704,355,1721
4245 (MGAT1)	398,1704,444,1721
4122 (MAN2A2)	488,1704,534,1721
4124 (MAN2A1)	488,1704,534,1721
4247 (MGAT2)	579,1704,625,1721
10905 (MAN1A2)	305,1439,351,1456
4121 (MAN1A1)	305,1439,351,1456
57134 (MAN1C1)	305,1439,351,1456
4245 (MGAT1)	394,1439,440,1456
4122 (MAN2A2)	484,1439,530,1456
4124 (MAN2A1)	484,1439,530,1456
2530 (FUT8)	536,1470,582,1487
284004 (HEXD)	664,1510,710,1527
1603 (DAD1)	491,1578,511,1578,511,1582,491,1582
1650 (DDOST)	491,1578,511,1578,511,1582,491,1582
201595 (STT3B)	491,1578,511,1578,511,1582,491,1582
3703 (STT3A)	491,1578,511,1578,511,1582,491,1582
6184 (RPN1)	491,1578,511,1578,511,1582,491,1582
6185 (RPN2)	491,1578,511,1578,511,1582,491,1582
7991 (TUSC3)	491,1578,511,1578,511,1582,491,1582
199857 (ALG14)	412,1578,432,1578,432,1582,412,1582
79868 (ALG13)	412,1578,432,1578,432,1582,412,1582
56052 (ALG1)	334,1578,354,1578,354,1582,334,1582
2530 (FUT8)	422,1557,432,1567,436,1567,426,1557
85365 (ALG2)	270,1056,290,1036,294,1036,274,1056
85365 (ALG2)	270,1003,290,1023,294,1023,274,1003
56052 (ALG1)	335,1029,355,1029,355,1033,335,1033
199857 (ALG14)	413,1031,423,1041,427,1041,417,1031
79868 (ALG13)	413,1031,423,1041,427,1041,417,1031
1603 (DAD1)	484,1047,504,1047,504,1051,484,1051
1650 (DDOST)	484,1047,504,1047,504,1051,484,1051
201595 (STT3B)	484,1047,504,1047,504,1051,484,1051
3703 (STT3A)	484,1047,504,1047,504,1051,484,1051
6184 (RPN1)	484,1047,504,1047,504,1051,484,1051
6185 (RPN2)	484,1047,504,1047,504,1051,484,1051
7991 (TUSC3)	484,1047,504,1047,504,1051,484,1051
10905 (MAN1A2)	311,1201,357,1218
4121 (MAN1A1)	311,1201,357,1218
57134 (MAN1C1)	311,1201,357,1218
4245 (MGAT1)	399,1201,445,1218
4122 (MAN2A2)	489,1201,535,1218
4124 (MAN2A1)	489,1201,535,1218
2530 (FUT8)	541,1230,587,1247
1603 (DAD1)	497,1328,517,1328,517,1332,497,1332
1650 (DDOST)	497,1328,517,1328,517,1332,497,1332
201595 (STT3B)	497,1328,517,1328,517,1332,497,1332
3703 (STT3A)	497,1328,517,1328,517,1332,497,1332
6184 (RPN1)	497,1328,517,1328,517,1332,497,1332
6185 (RPN2)	497,1328,517,1328,517,1332,497,1332
7991 (TUSC3)	497,1328,517,1328,517,1332,497,1332
199857 (ALG14)	418,1328,438,1328,438,1332,418,1332
79868 (ALG13)	418,1328,438,1328,438,1332,418,1332
56052 (ALG1)	340,1328,360,1328,360,1332,340,1332
2530 (FUT8)	428,1307,438,1317,442,1317,432,1307
85365 (ALG2)	276,1303,296,1323,300,1323,280,1303
85365 (ALG2)	276,1356,296,1336,300,1336,280,1356
85365 (ALG2)	271,1551,291,1571,295,1571,275,1551
85365 (ALG2)	270,1606,290,1586,294,1586,274,1606
10905 (MAN1A2)	316,607,362,624
4121 (MAN1A1)	316,607,362,624
57134 (MAN1C1)	316,607,362,624
4245 (MGAT1)	405,607,451,624
4122 (MAN2A2)	496,607,542,624
4124 (MAN2A1)	496,607,542,624
4247 (MGAT2)	587,607,633,624
11253 (MAN1B1)	225,607,271,624
3073 (HEXA)	896,691,942,708
3074 (HEXB)	896,691,942,708
3073 (HEXA)	999,645,1045,662
3074 (HEXB)	999,645,1045,662
11253 (MAN1B1)	219,139,265,156
11253 (MAN1B1)	219,1440,265,1457
11253 (MAN1B1)	219,1202,265,1219
11253 (MAN1B1)	219,1705,265,1722
hsa00510: N-Glycan biosynthesis	27,135,156,160
hsa00513: Various types of N-glycan biosynthesis	40,45,385,70
hsa00510: N-Glycan biosynthesis	27,1701,156,1726
hsa00510: N-Glycan biosynthesis	27,1436,156,1461
hsa00510: N-Glycan biosynthesis	27,1197,156,1222
hsa00510: N-Glycan biosynthesis	33,603,162,628
