C00575 (3',5'-Cyclic AMP)	583,427,4
C00076 (Calcium cation)	624,169,4
C01245 (D-myo-Inositol 1,4,5-trisphosphate)	608,256,4
C00165 (Diacylglycerol)	681,390,4
C00076 (Calcium cation)	628,320,4
C00008 (ADP)	220,382,4
C02198 (Thromboxane A2)	220,191,4
C02198 (Thromboxane A2)	909,823,4
C00533 (Nitric oxide)	685,668,4
C00942 (3',5'-Cyclic GMP)	848,667,4
C05981 (Phosphatidylinositol-3,4,5-trisphosphate)	639,491,4
C01312 (Prostaglandin I2)	220,490,4
C00219 (Arachidonate)	428,788,4
C00427 (Prostaglandin H2)	674,775,4
C05956 (Prostaglandin G2)	675,797,4
C00076 (Calcium cation)	220,321,4
C00002 (ATP)	235,285,4
3708 (ITPR1)	661,311,707,328
3709 (ITPR2)	661,311,707,328
3710 (ITPR3)	661,311,707,328
2149 (F2R)	273,230,319,247
9002 (F2RL3)	273,230,319,247
5028 (P2RY1)	273,352,319,369
6915 (TBXA2R)	273,182,319,199
23236 (PLCB1)	455,352,501,369
5330 (PLCB2)	455,352,501,369
5331 (PLCB3)	455,352,501,369
5332 (PLCB4)	455,352,501,369
51206 (GP6)	273,528,319,545
3673 (ITGA2)	273,600,319,617
3688 (ITGB1)	273,600,319,617
2814 (GP5)	273,658,319,675
5336 (PLCG2)	455,603,501,620
10125 (RASGRP1)	782,381,828,398
10235 (RASGRP2)	782,381,828,398
5906 (RAP1A)	879,381,925,398
5908 (RAP1B)	879,381,925,398
54518 (APBB1IP)	977,381,1023,398
7094 (TLN1)	1076,381,1122,398
83660 (TLN2)	1076,381,1122,398
3674 (ITGA2B)	1186,381,1232,398
3690 (ITGB3)	1186,381,1232,398
84876 (ORAI1)	602,105,648,122
5290 (PIK3CA)	368,600,416,617
5291 (PIK3CB)	368,600,416,617
5293 (PIK3CD)	368,600,416,617
5295 (PIK3R1)	368,600,416,617
5296 (PIK3R2)	368,600,416,617
8503 (PIK3R3)	368,600,416,617
10000 (AKT3)	454,659,500,676
207 (AKT1)	454,659,500,676
208 (AKT2)	454,659,500,676
4846 (NOS3)	567,659,613,676
2977 (GUCY1A2)	747,659,793,676
2982 (GUCY1A1)	747,659,793,676
2983 (GUCY1B1)	747,659,793,676
5592 (PRKG1)	906,659,952,676
5593 (PRKG2)	906,659,952,676
1432 (MAPK14)	1001,659,1047,676
5600 (MAPK11)	1001,659,1047,676
5603 (MAPK13)	1001,659,1047,676
6300 (MAPK12)	1001,659,1047,676
5594 (MAPK1)	1094,659,1140,676
5595 (MAPK3)	1094,659,1140,676
2776 (GNAQ)	368,352,414,369
10672 (GNA13)	368,182,414,199
23365 (ARHGEF12)	455,182,501,199
9138 (ARHGEF1)	455,182,501,199
387 (RHOA)	680,182,726,199
6093 (ROCK1)	772,182,818,199
9475 (ROCK2)	772,182,818,199
4659 (PPP1R12A)	863,182,909,199
5499 (PPP1CA)	863,182,909,199
5500 (PPP1CB)	863,182,909,199
5501 (PPP1CC)	863,182,909,199
103910 (MYL12B)	961,182,1007,199
10627 (MYL12A)	961,182,1007,199
340156 (MYLK4)	772,229,818,246
4638 (MYLK)	772,229,818,246
85366 (MYLK2)	772,229,818,246
91807 (MYLK3)	772,229,818,246
64805 (P2RY12)	274,418,320,435
2770 (GNAI1)	368,418,414,435
2771 (GNAI2)	368,418,414,435
2773 (GNAI3)	368,418,414,435
107 (ADCY1)	459,418,505,435
108 (ADCY2)	459,418,505,435
109 (ADCY3)	459,418,505,435
111 (ADCY5)	459,418,505,435
112 (ADCY6)	459,418,505,435
113 (ADCY7)	459,418,505,435
114 (ADCY8)	459,418,505,435
115 (ADCY9)	459,418,505,435
196883 (ADCY4)	459,418,505,435
146850 (PIK3R6)	458,482,504,499
23533 (PIK3R5)	458,482,504,499
5294 (PIK3CG)	458,482,504,499
5739 (PTGIR)	273,482,319,499
2778 (GNAS)	368,482,414,499
100137049 (PLA2G4B)	273,779,319,796
123745 (PLA2G4E)	273,779,319,796
255189 (PLA2G4F)	273,779,319,796
283748 (PLA2G4D)	273,779,319,796
5321 (PLA2G4A)	273,779,319,796
8605 (PLA2G4C)	273,779,319,796
8681 (JMJD7-PLA2G4B)	273,779,319,796
6786 (STIM1)	721,276,767,293
7450 (VWF)	46,684,92,701
5742 (PTGS1)	593,766,639,783
6916 (TBXAS1)	767,766,813,783
5566 (PRKACA)	782,420,828,437
5567 (PRKACB)	782,420,828,437
5568 (PRKACG)	782,420,828,437
7408 (VASP)	879,420,925,437
60 (ACTB)	977,420,1023,437
71 (ACTG1)	977,420,1023,437
1277 (COL1A1)	46,562,92,579
1278 (COL1A2)	46,562,92,579
1281 (COL3A1)	46,562,92,579
2243 (FGA)	1273,381,1319,398
2244 (FGB)	1273,381,1319,398
2266 (FGG)	1273,381,1319,398
83706 (FERMT3)	1076,350,1122,367
5023 (P2RX1)	273,312,319,329
2811 (GP1BA)	273,675,319,692
2812 (GP1BB)	273,692,319,709
2815 (GP9)	273,709,319,726
2207 (FCER1G)	294,545,340,562
4067 (LYN)	392,514,438,531
2534 (FYN)	391,538,437,555
3937 (LCP2)	429,586,475,603
695 (BTK)	442,620,488,637
6850 (SYK)	317,576,363,593
4067 (LYN)	331,727,377,744
5584 (PRKCI)	782,347,828,364
5590 (PRKCZ)	782,347,828,364
8773 (SNAP23)	273,859,319,876
8673 (VAMP8)	319,859,365,876
8673 (VAMP8)	579,859,625,876
10672 (GNA13)	1124,428,1170,445
6714 (SRC)	1065,474,1111,491
6850 (SYK)	1094,507,1140,524
2212 (FCGR2A)	1186,507,1232,524
2909 (ARHGAP35)	977,474,1023,491
387 (RHOA)	879,474,925,491
2147 (F2)	197,230,243,247
hsa05211: Renal cell carcinoma	40,45,244,70
hsa04020: Calcium signaling pathway	423,261,546,295
hsa04015: Rap1 signaling pathway	874,337,997,371
hsa00590: Arachidonic acid metabolism	883,762,1006,796
hsa04020: Calcium signaling pathway	155,733,278,767
hsa04610: Complement and coagulation cascades	1232,325,1355,359
hsa04151: PI3K-Akt signaling pathway	340,680,463,714
