C00338 (Lipopolysaccharide)	138,743,4
C00165 (Diacylglycerol)	487,136,4
C00575 (3',5'-Cyclic AMP)	447,123,4
C01245 (D-myo-Inositol 1,4,5-trisphosphate)	410,136,4
C00076 (Calcium cation)	314,175,4
5923 (RASGRF1)	369,227,415,244
5924 (RASGRF2)	369,227,415,244
11221 (DUSP10)	766,355,812,372
1843 (DUSP1)	766,355,812,372
1844 (DUSP2)	766,355,812,372
1846 (DUSP4)	766,355,812,372
1847 (DUSP5)	766,355,812,372
1848 (DUSP6)	766,355,812,372
1849 (DUSP7)	766,355,812,372
1850 (DUSP8)	766,355,812,372
1852 (DUSP9)	766,355,812,372
80824 (DUSP16)	766,355,812,372
1845 (DUSP3)	717,355,763,372
5778 (PTPN7)	717,355,763,372
5801 (PTPRR)	717,355,763,372
84867 (PTPN5)	717,355,763,372
5495 (PPM1B)	573,761,619,778
356 (FASLG)	114,683,160,700
9448 (MAP4K4)	471,478,517,495
100137049 (PLA2G4B)	827,210,873,227
123745 (PLA2G4E)	827,210,873,227
255189 (PLA2G4F)	827,210,873,227
283748 (PLA2G4D)	827,210,873,227
5321 (PLA2G4A)	827,210,873,227
8605 (PLA2G4C)	827,210,873,227
8681 (JMJD7-PLA2G4B)	827,210,873,227
3925 (STMN1)	827,186,873,203
4137 (MAPT)	827,165,873,182
4790 (NFKB1)	891,122,937,139
4791 (NFKB2)	891,122,937,139
5970 (RELA)	891,122,937,139
5971 (RELB)	891,122,937,139
1147 (CHUK)	763,133,809,150
3551 (IKBKB)	763,133,809,150
8517 (IKBKG)	763,133,809,150
9020 (MAP3K14)	763,112,809,129
5594 (MAPK1)	740,302,786,319
5595 (MAPK3)	740,302,786,319
8649 (LAMTOR3)	714,277,760,294
5605 (MAP2K2)	653,313,699,330
5604 (MAP2K1)	653,291,699,308
5894 (RAF1)	558,327,604,344
673 (BRAF)	558,303,604,320
5921 (RASA1)	398,362,444,379
4763 (NF1)	398,341,444,358
5578 (PRKCA)	464,248,510,265
5579 (PRKCB)	464,248,510,265
5582 (PRKCG)	464,248,510,265
5906 (RAP1A)	505,210,551,227
5908 (RAP1B)	505,210,551,227
5566 (PRKACA)	505,161,551,178
5567 (PRKACB)	505,161,551,178
5568 (PRKACG)	505,161,551,178
9693 (RAPGEF2)	424,220,470,237
5922 (RASA2)	334,355,380,372
22800 (RRAS2)	385,302,431,319
22808 (MRAS)	385,302,431,319
3265 (HRAS)	385,302,431,319
3845 (KRAS)	385,302,431,319
4893 (NRAS)	385,302,431,319
6237 (RRAS)	385,302,431,319
10125 (RASGRP1)	369,248,415,265
10235 (RASGRP2)	369,248,415,265
115727 (RASGRP4)	369,248,415,265
25780 (RASGRP3)	369,248,415,265
6654 (SOS1)	323,302,369,319
6655 (SOS2)	323,302,369,319
2768 (GNA12)	239,355,285,372
55970 (GNG12)	239,355,285,372
2885 (GRB2)	260,302,306,319
1436 (CSF1R)	197,302,243,319
1956 (EGFR)	197,302,243,319
1969 (EPHA2)	197,302,243,319
2064 (ERBB2)	197,302,243,319
2065 (ERBB3)	197,302,243,319
2066 (ERBB4)	197,302,243,319
2260 (FGFR1)	197,302,243,319
2261 (FGFR3)	197,302,243,319
2263 (FGFR2)	197,302,243,319
2264 (FGFR4)	197,302,243,319
2321 (FLT1)	197,302,243,319
2322 (FLT3)	197,302,243,319
2324 (FLT4)	197,302,243,319
3480 (IGF1R)	197,302,243,319
3643 (INSR)	197,302,243,319
3791 (KDR)	197,302,243,319
3815 (KIT)	197,302,243,319
4233 (MET)	197,302,243,319
4804 (NGFR)	197,302,243,319
4914 (NTRK1)	197,302,243,319
4915 (NTRK2)	197,302,243,319
5156 (PDGFRA)	197,302,243,319
5159 (PDGFRB)	197,302,243,319
7010 (TEK)	197,302,243,319
10368 (CACNG3)	197,167,243,184
10369 (CACNG2)	197,167,243,184
27091 (CACNG5)	197,167,243,184
27092 (CACNG4)	197,167,243,184
55799 (CACNA2D3)	197,167,243,184
59283 (CACNG8)	197,167,243,184
59284 (CACNG7)	197,167,243,184
59285 (CACNG6)	197,167,243,184
773 (CACNA1A)	197,167,243,184
774 (CACNA1B)	197,167,243,184
775 (CACNA1C)	197,167,243,184
776 (CACNA1D)	197,167,243,184
777 (CACNA1E)	197,167,243,184
778 (CACNA1F)	197,167,243,184
779 (CACNA1S)	197,167,243,184
781 (CACNA2D1)	197,167,243,184
782 (CACNB1)	197,167,243,184
783 (CACNB2)	197,167,243,184
784 (CACNB3)	197,167,243,184
785 (CACNB4)	197,167,243,184
786 (CACNG1)	197,167,243,184
8911 (CACNA1I)	197,167,243,184
8912 (CACNA1H)	197,167,243,184
8913 (CACNA1G)	197,167,243,184
9254 (CACNA2D2)	197,167,243,184
93589 (CACNA2D4)	197,167,243,184
3164 (NR4A1)	891,906,937,923
5598 (MAPK7)	740,906,786,923
5607 (MAP2K5)	653,906,699,923
51701 (NLK)	763,843,809,860
994 (CDC25B)	828,813,874,830
8986 (RPS6KA4)	828,791,874,808
9252 (RPS6KA5)	828,791,874,808
7867 (MAPKAPK3)	828,770,874,787
9261 (MAPKAPK2)	828,770,874,787
468 (ATF4)	891,792,937,809
4208 (MEF2C)	891,727,937,744
4149 (MAX)	891,705,937,722
1649 (DDIT3)	891,683,937,700
2005 (ELK4)	891,661,937,678
7157 (TP53)	891,605,937,622
2002 (ELK1)	891,584,937,601
1386 (ATF2)	891,562,937,579
1432 (MAPK14)	740,694,786,711
5600 (MAPK11)	740,694,786,711
5603 (MAPK13)	740,694,786,711
6300 (MAPK12)	740,694,786,711
100506012 (PPP5D1)	634,747,680,764
5536 (PPP5C)	634,747,680,764
5608 (MAP2K6)	653,710,699,727
5606 (MAP2K3)	653,679,699,696
11221 (DUSP10)	764,583,810,600
1844 (DUSP2)	764,583,810,600
1846 (DUSP4)	764,583,810,600
1847 (DUSP5)	764,583,810,600
1849 (DUSP7)	764,583,810,600
1850 (DUSP8)	764,583,810,600
1852 (DUSP9)	764,583,810,600
80824 (DUSP16)	764,583,810,600
1845 (DUSP3)	720,605,766,622
5778 (PTPN7)	720,605,766,622
5801 (PTPRR)	720,605,766,622
84867 (PTPN5)	720,605,766,622
5494 (PPM1A)	663,583,709,600
10000 (AKT3)	620,605,666,622
207 (AKT1)	620,605,666,622
208 (AKT2)	620,605,666,622
51347 (TAOK3)	557,818,603,835
57551 (TAOK1)	557,818,603,835
9344 (TAOK2)	557,818,603,835
4216 (MAP3K4)	557,791,603,808
3315 (HSPB1)	891,760,937,777
6885 (MAP3K7)	557,724,603,741
4217 (MAP3K5)	557,694,603,711
9064 (MAP3K6)	557,664,603,681
51776 (MAP3K20)	557,620,603,637
7786 (MAP3K12)	557,600,603,617
9175 (MAP3K13)	557,580,603,597
5871 (MAP4K2)	471,644,517,661
6788 (STK3)	471,604,517,621
6789 (STK4)	471,604,517,621
51295 (ECSIT)	404,770,450,787
23118 (TAB2)	404,746,450,763
10454 (TAB1)	404,724,450,741
10912 (GADD45G)	338,791,384,808
1647 (GADD45A)	338,791,384,808
4616 (GADD45B)	338,791,384,808
7189 (TRAF6)	338,759,384,776
1616 (DAXX)	432,694,478,711
7186 (TRAF2)	369,644,415,661
836 (CASP3)	369,604,415,621
929 (CD14)	197,734,243,751
7046 (TGFBR1)	197,705,243,722
7048 (TGFBR2)	197,705,243,722
355 (FAS)	197,683,243,700
3554 (IL1R1)	197,654,243,671
3556 (IL1RAP)	197,654,243,671
7132 (TNFRSF1A)	197,621,243,638
7040 (TGFB1)	114,705,160,722
7042 (TGFB2)	114,705,160,722
7043 (TGFB3)	114,705,160,722
3552 (IL1A)	114,654,160,671
3553 (IL1B)	114,654,160,671
7124 (TNF)	114,621,160,638
8550 (MAPKAPK5)	828,748,874,765
5879 (RAC1)	385,543,431,560
5880 (RAC2)	385,543,431,560
5881 (RAC3)	385,543,431,560
998 (CDC42)	385,543,431,560
5058 (PAK1)	471,543,517,560
5062 (PAK2)	471,543,517,560
10746 (MAP3K2)	557,543,603,560
4215 (MAP3K3)	557,543,603,560
23542 (MAPK8IP2)	701,522,747,539
9479 (MAPK8IP1)	701,522,747,539
4296 (MAP3K11)	557,511,603,528
5609 (MAP2K7)	653,511,699,528
5599 (MAPK8)	740,494,786,511
5601 (MAPK9)	740,494,786,511
5602 (MAPK10)	740,494,786,511
6416 (MAP2K4)	653,478,699,495
1398 (CRK)	695,442,741,459
1399 (CRKL)	695,442,741,459
408 (ARRB1)	642,442,688,459
409 (ARRB2)	642,442,688,459
2122 (MECOM)	770,446,816,463
3303 (HSPA1A)	770,425,816,442
3304 (HSPA1B)	770,425,816,442
3305 (HSPA1L)	770,425,816,442
3306 (HSPA2)	770,425,816,442
3310 (HSPA6)	770,425,816,442
3312 (HSPA8)	770,425,816,442
3727 (JUND)	891,505,937,522
2353 (FOS)	891,483,937,500
3725 (JUN)	891,483,937,500
4775 (NFATC3)	891,458,937,475
4772 (NFATC1)	891,437,937,454
5530 (PPP3CA)	826,382,872,399
5532 (PPP3CB)	826,382,872,399
5533 (PPP3CC)	826,382,872,399
5534 (PPP3R1)	826,382,872,399
5535 (PPP3R2)	826,382,872,399
23162 (MAPK8IP3)	714,421,760,438
2316 (FLNA)	661,421,707,438
2317 (FLNB)	661,421,707,438
2318 (FLNC)	661,421,707,438
4214 (MAP3K1)	557,467,603,484
1326 (MAP3K8)	557,443,603,460
11184 (MAP4K1)	471,511,517,528
8491 (MAP4K3)	471,445,517,462
2353 (FOS)	1057,302,1103,319
6722 (SRF)	955,302,1001,319
4609 (MYC)	891,335,937,352
2005 (ELK4)	891,313,937,330
2002 (ELK1)	891,291,937,308
468 (ATF4)	891,263,937,280
27330 (RPS6KA6)	827,273,873,290
6195 (RPS6KA1)	827,273,873,290
6196 (RPS6KA2)	827,273,873,290
6197 (RPS6KA3)	827,273,873,290
2872 (MKNK2)	827,252,873,269
8569 (MKNK1)	827,252,873,269
1435 (CSF1)	114,302,160,319
1942 (EFNA1)	114,302,160,319
1943 (EFNA2)	114,302,160,319
1944 (EFNA3)	114,302,160,319
1945 (EFNA4)	114,302,160,319
1946 (EFNA5)	114,302,160,319
1950 (EGF)	114,302,160,319
2069 (EREG)	114,302,160,319
2246 (FGF1)	114,302,160,319
2247 (FGF2)	114,302,160,319
2248 (FGF3)	114,302,160,319
2249 (FGF4)	114,302,160,319
2250 (FGF5)	114,302,160,319
2251 (FGF6)	114,302,160,319
2252 (FGF7)	114,302,160,319
2253 (FGF8)	114,302,160,319
2254 (FGF9)	114,302,160,319
2255 (FGF10)	114,302,160,319
2277 (VEGFD)	114,302,160,319
2323 (FLT3LG)	114,302,160,319
26281 (FGF20)	114,302,160,319
26291 (FGF21)	114,302,160,319
27006 (FGF22)	114,302,160,319
284 (ANGPT1)	114,302,160,319
285 (ANGPT2)	114,302,160,319
3082 (HGF)	114,302,160,319
3479 (IGF1)	114,302,160,319
3481 (IGF2)	114,302,160,319
3630 (INS)	114,302,160,319
374 (AREG)	114,302,160,319
4254 (KITLG)	114,302,160,319
4803 (NGF)	114,302,160,319
4908 (NTF3)	114,302,160,319
4909 (NTF4)	114,302,160,319
51378 (ANGPT4)	114,302,160,319
5154 (PDGFA)	114,302,160,319
5155 (PDGFB)	114,302,160,319
5228 (PGF)	114,302,160,319
56034 (PDGFC)	114,302,160,319
627 (BDNF)	114,302,160,319
7039 (TGFA)	114,302,160,319
7422 (VEGFA)	114,302,160,319
7423 (VEGFB)	114,302,160,319
7424 (VEGFC)	114,302,160,319
80310 (PDGFD)	114,302,160,319
8074 (FGF23)	114,302,160,319
8817 (FGF18)	114,302,160,319
8822 (FGF17)	114,302,160,319
8823 (FGF16)	114,302,160,319
9965 (FGF19)	114,302,160,319
8717 (TRADD)	276,621,322,638
4615 (MYD88)	276,654,322,671
3654 (IRAK1)	306,707,352,724
51135 (IRAK4)	306,707,352,724
369 (ARAF)	558,279,604,296
hsa04010: MAPK signaling pathway	40,45,268,70
hsa04070: Phosphatidylinositol signaling system	569,67,690,105
hsa04110: Cell cycle	1284,466,1318,737
hsa04210: Apoptosis	1176,610,1270,636
hsa04310: Wnt signaling pathway	992,833,1086,871
hsa04115: p53 signaling pathway	992,595,1086,633
hsa04668: TNF signaling pathway	245,576,339,614
