C05981 (Phosphatidylinositol-3,4,5-trisphosphate)	438,953,4
1630 (DCC)	253,511,299,528
836 (CASP3)	334,471,380,488
7040 (TGFB1)	173,587,219,604
7042 (TGFB2)	173,587,219,604
7043 (TGFB3)	173,587,219,604
5290 (PIK3CA)	476,348,522,365
5291 (PIK3CB)	476,348,522,365
5293 (PIK3CD)	476,348,522,365
5295 (PIK3R1)	476,348,522,365
5296 (PIK3R2)	476,348,522,365
8503 (PIK3R3)	476,348,522,365
842 (CASP9)	400,503,446,520
26060 (APPL1)	400,520,446,537
836 (CASP3)	535,511,581,528
10297 (APC2)	661,142,707,159
324 (APC)	661,142,707,159
4087 (SMAD2)	405,589,451,606
4088 (SMAD3)	405,589,451,606
7046 (TGFBR1)	254,580,300,597
4089 (SMAD4)	405,621,451,638
4292 (MLH1)	859,517,905,534
4436 (MSH2)	859,538,905,555
3845 (KRAS)	421,394,467,411
369 (ARAF)	502,394,548,411
5894 (RAF1)	502,394,548,411
673 (BRAF)	502,394,548,411
5599 (MAPK8)	680,460,726,477
5601 (MAPK9)	680,460,726,477
5602 (MAPK10)	680,460,726,477
8312 (AXIN1)	609,160,655,177
8313 (AXIN2)	609,160,655,177
8312 (AXIN1)	611,241,657,258
8313 (AXIN2)	611,241,657,258
5900 (RALGDS)	470,460,516,477
387 (RHOA)	610,460,656,477
5879 (RAC1)	610,460,656,477
5880 (RAC2)	610,460,656,477
5881 (RAC3)	610,460,656,477
332 (BIRC5)	999,201,1045,218
4609 (MYC)	999,236,1045,253
595 (CCND1)	999,259,1045,276
10297 (APC2)	657,241,703,258
324 (APC)	657,241,703,258
5604 (MAP2K1)	581,394,627,411
5605 (MAP2K2)	581,394,627,411
5594 (MAPK1)	741,394,787,411
5595 (MAPK3)	741,394,787,411
3725 (JUN)	883,369,929,386
2353 (FOS)	883,394,929,411
4609 (MYC)	883,419,929,436
54205 (CYCS)	532,775,578,792
596 (BCL2)	629,736,675,753
7157 (TP53)	880,761,926,778
51176 (LEF1)	883,220,929,237
6932 (TCF7)	883,220,929,237
6934 (TCF7L2)	883,220,929,237
83439 (TCF7L1)	883,220,929,237
2932 (GSK3B)	568,177,614,194
2932 (GSK3B)	569,258,615,275
1499 (CTNNB1)	650,177,696,194
1499 (CTNNB1)	653,258,699,275
10000 (AKT3)	502,305,548,322
207 (AKT1)	502,305,548,322
208 (AKT2)	502,305,548,322
572 (BAD)	591,331,637,348
842 (CASP9)	591,357,637,374
2956 (MSH6)	1058,670,1104,687
581 (BAX)	1002,697,1048,714
4437 (MSH3)	1002,670,1048,687
7048 (TGFBR2)	254,597,300,614
7048 (TGFBR2)	1002,644,1048,661
595 (CCND1)	1000,395,1046,412
1026 (CDKN1A)	1010,741,1056,758
10912 (GADD45G)	1062,741,1108,758
1647 (GADD45A)	1062,741,1108,758
4616 (GADD45B)	1062,741,1108,758
581 (BAX)	1010,763,1056,780
578 (BAK1)	1062,763,1108,780
1643 (DDB2)	1010,785,1056,802
51426 (POLK)	1062,785,1108,802
5366 (PMAIP1)	629,778,675,795
572 (BAD)	681,778,727,795
10018 (BCL2L11)	629,800,675,817
27113 (BBC3)	681,800,727,817
5898 (RALA)	540,460,586,477
5899 (RALB)	540,460,586,477
3265 (HRAS)	465,874,511,891
3845 (KRAS)	465,874,511,891
4893 (NRAS)	465,874,511,891
6198 (RPS6KB1)	624,944,670,961
6199 (RPS6KB2)	624,944,670,961
6654 (SOS1)	397,874,443,891
6655 (SOS2)	397,874,443,891
2885 (GRB2)	328,874,374,891
2475 (MTOR)	547,944,593,961
10000 (AKT3)	471,944,517,961
207 (AKT1)	471,944,517,961
208 (AKT2)	471,944,517,961
5290 (PIK3CA)	358,944,404,961
5291 (PIK3CB)	358,944,404,961
5293 (PIK3CD)	358,944,404,961
5295 (PIK3R1)	358,944,404,961
5296 (PIK3R2)	358,944,404,961
8503 (PIK3R3)	358,944,404,961
5594 (MAPK1)	669,874,715,891
5595 (MAPK3)	669,874,715,891
5604 (MAP2K1)	602,874,648,891
5605 (MAP2K2)	602,874,648,891
369 (ARAF)	534,874,580,891
5894 (RAF1)	534,874,580,891
673 (BRAF)	534,874,580,891
1956 (EGFR)	254,908,300,925
1950 (EGF)	173,874,219,891
7039 (TGFA)	173,897,219,914
2069 (EREG)	173,920,219,937
374 (AREG)	173,943,219,960
hsa04310: Wnt signaling pathway	415,200,526,234
hsa04110: Cell cycle	968,321,1079,346
hsa04210: Apoptosis	657,304,768,329
hsa04010: MAPK signaling pathway	580,418,691,452
hsa04350: TGF-beta signaling pathway	553,553,664,587
hsa04210: Apoptosis	355,755,466,780
hsa04115: p53 signaling pathway	845,790,956,824
hsa05210: Colorectal cancer	52,30,228,55
hsa04151: PI3K-Akt signaling pathway	370,309,481,343
hsa04150: mTOR signaling pathway	551,904,662,938
hsa04012: ErbB signaling pathway	141,804,252,838
