C05981 (Phosphatidylinositol-3,4,5-trisphosphate)	284,474,4
C11554 (1-Phosphatidyl-1D-myo-inositol 3,4-bisphosphate)	284,474,4
C00575 (3',5'-Cyclic AMP)	219,370,4
C00410 (Progesterone)	74,237,4
3480 (IGF1R)	122,468,168,485
3479 (IGF1)	55,482,101,499
3630 (INS)	55,454,101,471
4342 (MOS)	504,258,550,275
132864 (CPEB2)	369,205,415,222
22849 (CPEB3)	369,205,415,222
64506 (CPEB1)	369,205,415,222
80315 (CPEB4)	369,205,415,222
107 (ADCY1)	121,362,167,379
108 (ADCY2)	121,362,167,379
109 (ADCY3)	121,362,167,379
111 (ADCY5)	121,362,167,379
112 (ADCY6)	121,362,167,379
113 (ADCY7)	121,362,167,379
114 (ADCY8)	121,362,167,379
115 (ADCY9)	121,362,167,379
196883 (ADCY4)	121,362,167,379
891 (CCNB1)	542,475,588,492
983 (CDK1)	542,438,588,455
3845 (KRAS)	249,516,295,533
5290 (PIK3CA)	205,467,251,484
5291 (PIK3CB)	205,467,251,484
5293 (PIK3CD)	205,467,251,484
5295 (PIK3R1)	205,467,251,484
5296 (PIK3R2)	205,467,251,484
8503 (PIK3R3)	205,467,251,484
983 (CDK1)	857,293,903,310
10000 (AKT3)	277,429,323,446
207 (AKT1)	277,429,323,446
208 (AKT2)	277,429,323,446
5140 (PDE3B)	239,395,285,412
10393 (ANAPC10)	859,510,905,527
246184 (CDC26)	859,510,905,527
25847 (ANAPC13)	859,510,905,527
29882 (ANAPC2)	859,510,905,527
29945 (ANAPC4)	859,510,905,527
51433 (ANAPC5)	859,510,905,527
51434 (ANAPC7)	859,510,905,527
51529 (ANAPC11)	859,510,905,527
64682 (ANAPC1)	859,510,905,527
8697 (CDC23)	859,510,905,527
8881 (CDC16)	859,510,905,527
996 (CDC27)	859,510,905,527
51343 (FZR1)	787,509,833,526
10459 (MAD2L2)	767,466,813,483
4085 (MAD2L1)	767,466,813,483
8379 (MAD1L1)	767,466,813,483
699 (BUB1)	732,390,778,407
993 (CDC25A)	659,362,705,379
994 (CDC25B)	659,362,705,379
995 (CDC25C)	659,362,705,379
5347 (PLK1)	542,362,588,379
85417 (CCNB3)	857,277,903,294
891 (CCNB1)	857,277,903,294
9133 (CCNB2)	857,277,903,294
3320 (HSP90AA1)	445,292,491,309
3326 (HSP90AB1)	445,292,491,309
5566 (PRKACA)	269,362,315,379
5567 (PRKACB)	269,362,315,379
5568 (PRKACG)	269,362,315,379
9088 (PKMYT1)	777,257,823,274
27330 (RPS6KA6)	706,257,752,274
6195 (RPS6KA1)	706,257,752,274
6196 (RPS6KA2)	706,257,752,274
6197 (RPS6KA3)	706,257,752,274
5594 (MAPK1)	640,257,686,274
5595 (MAPK3)	640,257,686,274
5604 (MAP2K1)	574,258,620,275
2770 (GNAI1)	214,254,260,271
2771 (GNAI2)	214,254,260,271
2773 (GNAI3)	214,254,260,271
1017 (CDK2)	626,156,672,173
983 (CDK1)	626,121,672,138
890 (CCNA2)	508,172,554,189
8900 (CCNA1)	508,172,554,189
100310812 (SPDYE2B)	508,139,554,156
100505767 (SPDYE18)	508,139,554,156
100996746 (SPDYE11)	508,139,554,156
102723555 (SPDYE16)	508,139,554,156
102723849 (SPDYE17)	508,139,554,156
245711 (SPDYA)	508,139,554,156
285955 (SPDYE1)	508,139,554,156
387778 (SPDYC)	508,139,554,156
388333 (SPDYE4)	508,139,554,156
441272 (SPDYE3)	508,139,554,156
441273 (SPDYE2)	508,139,554,156
442590 (SPDYE5)	508,139,554,156
729597 (SPDYE6)	508,139,554,156
6790 (AURKA)	287,205,333,222
1432 (MAPK14)	331,154,377,171
5599 (MAPK8)	331,154,377,171
5600 (MAPK11)	331,154,377,171
5601 (MAPK9)	331,154,377,171
5602 (MAPK10)	331,154,377,171
5603 (MAPK13)	331,154,377,171
6300 (MAPK12)	331,154,377,171
5241 (PGR)	214,137,260,154
5290 (PIK3CA)	331,121,377,138
5291 (PIK3CB)	331,121,377,138
5293 (PIK3CD)	331,121,377,138
5295 (PIK3R1)	331,121,377,138
5296 (PIK3R2)	331,121,377,138
8503 (PIK3R3)	331,121,377,138
369 (ARAF)	348,516,394,533
5894 (RAF1)	348,516,394,533
673 (BRAF)	348,516,394,533
6793 (STK10)	384,363,430,380
3835 (KIF22)	542,514,588,531
hsa04010: MAPK signaling pathway	610,200,721,234
hsa04914: Progesterone-mediated oocyte maturation	40,45,419,70
hsa04110: Cell cycle	847,200,958,225
