C00024 (Acetyl-CoA)	768,498,4
C00151 (L-Amino acid)	105,215,4
C01879 (5-Oxoproline)	195,143,4
C00097 (L-Cysteine)	415,248,4
C00025 (L-Glutamate)	542,175,4
C00037 (Glycine)	490,304,4
C01419 (Cys-Gly)	332,377,4
C03740 ((5-L-Glutamyl)-L-amino acid)	195,297,4
C00051 (Glutathione)	332,456,4
C00669 (gamma-L-Glutamyl-L-cysteine)	542,456,4
C03646 (Bis-gamma-glutamylcystine)	746,460,4
C00127 (Glutathione disulfide)	66,456,4
C00005 (NADPH)	117,500,4
C00006 (NADP+)	270,500,4
C01322 (RX)	359,498,4
C02320 (R-S-Glutathione)	441,525,4
C05730 (Glutathionylspermidine)	498,684,4
C00025 (L-Glutamate)	523,498,4
C05729 (R-S-Cysteinylglycine)	548,525,4
C00037 (Glycine)	726,498,4
C05726 (S-Substituted L-cysteine)	749,525,4
C05727 (S-Substituted N-acetyl-L-cysteine)	856,525,4
C00077 (L-Ornithine)	207,715,4
C00134 (Putrescine)	207,642,4
C00315 (Spermidine)	384,645,4
C02090 (Trypanothione)	621,684,4
C03170 (Trypanothione disulfide)	849,684,4
C00005 (NADPH)	776,580,4
C00006 (NADP+)	694,580,4
C05422 (Dehydroascorbate)	669,649,4
C00072 (Ascorbate)	801,649,4
C16664 (Tryparedoxin disulfide)	669,718,4
C16663 (Tryparedoxin)	801,718,4
C00750 (Spermine)	368,791,4
C16562 (Glutathionylspermine)	498,864,4
C16563 (Bis(glutathionyl)spermine)	621,864,4
C16564 (Bis(glutathionyl)spermine disulfide)	849,864,4
C01672 (Cadaverine)	188,920,4
C16565 (Aminopropylcadaverine)	294,920,4
C16566 (Glutathionylaminopropylcadaverine)	498,920,4
C16567 (Homotrypanothione)	621,920,4
C16568 (Homotrypanothione disulfide)	849,920,4
290 (ANPEP)	569,506,615,523
124975 (GGT6)	466,517,512,534
2678 (GGT1)	466,517,512,534
2686 (GGT7)	466,517,512,534
2687 (GGT5)	466,517,512,534
257202 (GPX6)	194,558,240,575
2876 (GPX1)	194,558,240,575
2877 (GPX2)	194,558,240,575
2878 (GPX3)	194,558,240,575
2880 (GPX5)	194,558,240,575
2882 (GPX7)	194,558,240,575
493869 (GPX8)	194,558,240,575
2879 (GPX4)	194,537,240,554
51060 (TXNDC12)	146,537,192,554
2539 (G6PD)	194,502,240,519
3417 (IDH1)	146,481,192,498
3418 (IDH2)	146,481,192,498
2937 (GSS)	435,448,481,465
2729 (GCLC)	519,266,565,283
2730 (GCLM)	519,266,565,283
124975 (GGT6)	309,421,355,438
2678 (GGT1)	309,421,355,438
2686 (GGT7)	309,421,355,438
2687 (GGT5)	309,421,355,438
290 (ANPEP)	334,314,380,331
26873 (OPLAH)	351,135,397,152
79017 (GGCT)	426,94,472,111
124975 (GGT6)	172,396,218,413
2678 (GGT1)	172,396,218,413
2686 (GGT7)	172,396,218,413
2687 (GGT5)	172,396,218,413
79017 (GGCT)	172,248,218,265
51471 (NAT8B)	778,517,824,534
9027 (NAT8)	778,517,824,534
119391 (GSTO2)	365,517,411,534
221357 (GSTA5)	365,517,411,534
27306 (HPGDS)	365,517,411,534
2938 (GSTA1)	365,517,411,534
2939 (GSTA2)	365,517,411,534
2940 (GSTA3)	365,517,411,534
2941 (GSTA4)	365,517,411,534
2944 (GSTM1)	365,517,411,534
2946 (GSTM2)	365,517,411,534
2947 (GSTM3)	365,517,411,534
2948 (GSTM4)	365,517,411,534
2949 (GSTM5)	365,517,411,534
2950 (GSTP1)	365,517,411,534
2952 (GSTT1)	365,517,411,534
2953 (GSTT2)	365,517,411,534
373156 (GSTK1)	365,517,411,534
4257 (MGST1)	365,517,411,534
4258 (MGST2)	365,517,411,534
4259 (MGST3)	365,517,411,534
653689 (GSTT2B)	365,517,411,534
9446 (GSTO1)	365,517,411,534
2936 (GSR)	146,449,192,466
5226 (PGD)	146,502,192,519
4953 (ODC1)	185,674,231,691
6723 (SRM)	267,634,313,651
6611 (SMS)	346,718,392,735
6723 (SRM)	214,912,260,929
50484 (RRM2B)	713,720,759,737
6240 (RRM1)	713,720,759,737
6241 (RRM2)	713,720,759,737
50484 (RRM2B)	713,781,759,798
6240 (RRM1)	713,781,759,798
6241 (RRM2)	713,781,759,798
51056 (LAP3)	334,333,380,350
51056 (LAP3)	617,506,663,523
494143 (CHAC2)	240,407,286,424
79094 (CHAC1)	240,407,286,424
hsa00480: Glutathione metabolism	40,45,259,70
hsa00250: Alanine	547,215,621,249
aspartate and glutamate metabolism	547,215,621,249
hsa00430: Taurine and hypotaurine metabolism	451,188,529,233
map00460: Cyanoamino acid metabolism	350,259,462,293
hsa00270: Cysteine and methionine metabolism	288,183,370,228
hsa00220: Arginine biosynthesis	146,761,270,786
