C01382 (Iodine)	212,131,4
D00636 (Amiodarone hydrochloride (JP17/USAN))	260,131,4
C02465 (Triiodothyronine)	1201,572,4
C01829 (Thyroxine)	1201,606,4
3108 (HLA-DMA)	402,625,448,642
3109 (HLA-DMB)	402,625,448,642
3111 (HLA-DOA)	402,625,448,642
3112 (HLA-DOB)	402,625,448,642
3113 (HLA-DPA1)	402,625,448,642
3115 (HLA-DPB1)	402,625,448,642
3117 (HLA-DQA1)	402,625,448,642
3118 (HLA-DQA2)	402,625,448,642
3119 (HLA-DQB1)	402,625,448,642
3122 (HLA-DRA)	402,625,448,642
3123 (HLA-DRB1)	402,625,448,642
3125 (HLA-DRB3)	402,625,448,642
3126 (HLA-DRB4)	402,625,448,642
3127 (HLA-DRB5)	402,625,448,642
959 (CD40LG)	702,625,748,642
958 (CD40)	785,625,831,642
3108 (HLA-DMA)	785,648,831,665
3109 (HLA-DMB)	785,648,831,665
3111 (HLA-DOA)	785,648,831,665
3112 (HLA-DOB)	785,648,831,665
3113 (HLA-DPA1)	785,648,831,665
3115 (HLA-DPB1)	785,648,831,665
3117 (HLA-DQA1)	785,648,831,665
3118 (HLA-DQA2)	785,648,831,665
3119 (HLA-DQB1)	785,648,831,665
3122 (HLA-DRA)	785,648,831,665
3123 (HLA-DRB1)	785,648,831,665
3125 (HLA-DRB3)	785,648,831,665
3126 (HLA-DRB4)	785,648,831,665
3127 (HLA-DRB5)	785,648,831,665
102723407 (IGH)	826,594,872,611
7173 (TPO)	217,402,263,419
7038 (TG)	217,430,263,447
7253 (TSHR)	217,492,263,509
3108 (HLA-DMA)	402,258,448,275
3109 (HLA-DMB)	402,258,448,275
3111 (HLA-DOA)	402,258,448,275
3112 (HLA-DOB)	402,258,448,275
3113 (HLA-DPA1)	402,258,448,275
3115 (HLA-DPB1)	402,258,448,275
3117 (HLA-DQA1)	402,258,448,275
3118 (HLA-DQA2)	402,258,448,275
3119 (HLA-DQB1)	402,258,448,275
3122 (HLA-DRA)	402,258,448,275
3123 (HLA-DRB1)	402,258,448,275
3125 (HLA-DRB3)	402,258,448,275
3126 (HLA-DRB4)	402,258,448,275
3127 (HLA-DRB5)	402,258,448,275
959 (CD40LG)	701,332,747,349
958 (CD40)	785,332,831,349
3108 (HLA-DMA)	785,357,831,374
3109 (HLA-DMB)	785,357,831,374
3111 (HLA-DOA)	785,357,831,374
3112 (HLA-DOB)	785,357,831,374
3113 (HLA-DPA1)	785,357,831,374
3115 (HLA-DPB1)	785,357,831,374
3117 (HLA-DQA1)	785,357,831,374
3118 (HLA-DQA2)	785,357,831,374
3119 (HLA-DQB1)	785,357,831,374
3122 (HLA-DRA)	785,357,831,374
3123 (HLA-DRB1)	785,357,831,374
3125 (HLA-DRB3)	785,357,831,374
3126 (HLA-DRB4)	785,357,831,374
3127 (HLA-DRB5)	785,357,831,374
102723407 (IGH)	826,387,872,404
7253 (TSHR)	1011,584,1057,601
7253 (TSHR)	1008,682,1054,699
355 (FAS)	1006,196,1052,213
102723407 (IGH)	939,678,985,695
356 (FASLG)	929,196,975,213
3105 (HLA-A)	1006,168,1052,185
3106 (HLA-B)	1006,168,1052,185
3107 (HLA-C)	1006,168,1052,185
3133 (HLA-E)	1006,168,1052,185
3134 (HLA-F)	1006,168,1052,185
3135 (HLA-G)	1006,168,1052,185
3002 (GZMB)	969,259,1015,276
5551 (PRF1)	969,234,1015,251
1081 (CGA)	939,712,985,729
7252 (TSHB)	939,712,985,729
102723407 (IGH)	955,328,1001,345
102723407 (IGH)	939,584,985,601
1493 (CTLA4)	253,179,299,196
3125 (HLA-DRB3)	192,179,238,196
3565 (IL4)	747,254,793,271
3567 (IL5)	747,276,793,293
3565 (IL4)	747,693,793,710
3567 (IL5)	747,720,793,737
3558 (IL2)	767,187,813,204
3439 (IFNA1)	306,126,352,143
3440 (IFNA2)	306,126,352,143
3441 (IFNA4)	306,126,352,143
3442 (IFNA5)	306,126,352,143
3443 (IFNA6)	306,126,352,143
3444 (IFNA7)	306,126,352,143
3445 (IFNA8)	306,126,352,143
3446 (IFNA10)	306,126,352,143
3447 (IFNA13)	306,126,352,143
3448 (IFNA14)	306,126,352,143
3449 (IFNA16)	306,126,352,143
3451 (IFNA17)	306,126,352,143
3452 (IFNA21)	306,126,352,143
941 (CD80)	402,280,448,297
942 (CD86)	402,280,448,297
940 (CD28)	482,281,528,298
942 (CD86)	402,648,448,665
940 (CD28)	483,648,529,665
3586 (IL10)	747,744,793,761
3586 (IL10)	747,299,793,316
hsa04660: T cell receptor signaling pathway	495,369,608,403
hsa04612: Antigen processing and presentation	344,369,456,403
hsa04514: Cell adhesion molecules (CAMs)	414,529,527,563
hsa04662: B cell receptor signaling pathway	789,483,901,517
hsa05320: Autoimmune thyroid disease	40,45,297,70
hsa04210: Apoptosis	1161,259,1267,284
hsa04610: Complement and coagulation cascades	922,403,1034,437
hsa04918: Thyroid hormone synthesis	1025,511,1137,545
