C00002 (ATP)	236,347,4
C00780 (Serotonin)	236,273,4
C00388 (Histamine)	236,312,4
C00584 (Prostaglandin E2)	947,123,4
C00076 (Calcium cation)	237,546,4
C01330 (Sodium cation)	237,546,4
C00165 (Diacylglycerol)	606,327,4
C01245 (D-myo-Inositol 1,4,5-trisphosphate)	463,328,4
C00575 (3',5'-Cyclic AMP)	947,314,4
C00165 (Diacylglycerol)	470,761,4
C01245 (D-myo-Inositol 1,4,5-trisphosphate)	470,792,4
C00219 (Arachidonate)	670,241,4
C00080 (H+)	238,596,4
C00076 (Calcium cation)	524,387,4
C00076 (Calcium cation)	237,482,4
C00076 (Calcium cation)	428,546,4
C00219 (Arachidonate)	1188,233,4
C14768 (5,6-EET)	1189,286,4
C14769 (8,9-EET)	1189,286,4
C00076 (Calcium cation)	835,141,4
C01330 (Sodium cation)	835,141,4
C06254 (Lysophospholipid)	754,311,4
C06866 (Capsaicin)	871,551,4
C05965 (12(S)-HPETE)	871,575,4
C05966 (15(S)-HPETE)	871,575,4
C04805 (5(S)-HETE)	871,575,4
C04742 ((15S)-15-Hydroxy-5,8,11-cis-13-trans-eicosatetraenoate)	871,575,4
C02165 (Leukotriene B4)	871,575,4
C09179 (Resiniferatoxin)	871,600,4
C12271 (N-Arachidonyl dopamine)	871,624,4
C11695 (Anandamide)	871,650,4
C00469 (Ethanol)	871,675,4
C09155 (Phorbol)	1201,566,4
C00400 ((-)-Menthol)	1201,604,4
C20171 (Icilin)	1201,626,4
C09844 (1,8-Cineole)	1201,651,4
C00903 (Cinnamaldehyde)	1201,690,4
C19317 (Allyl isothiocyanate)	1201,717,4
C07600 (Allicin)	1201,742,4
C20171 (Icilin)	1201,768,4
C00808 ((+)-Camphor)	871,756,4
C00809 ((-)-Camphor)	871,756,4
C20698 (2-Aminoethyl diphenylborinate)	871,777,4
C00219 (Arachidonate)	755,244,4
C12083 ((5Z,7E,9E,14Z,17Z)-Icosapentaenoate)	755,244,4
C00076 (Calcium cation)	1068,136,4
C01330 (Sodium cation)	1068,136,4
C05965 (12(S)-HPETE)	670,349,4
C01330 (Sodium cation)	237,632,4
C00076 (Calcium cation)	237,632,4
C00165 (Diacylglycerol)	1290,337,4
C01245 (D-myo-Inositol 1,4,5-trisphosphate)	1256,337,4
5029 (P2RY2)	286,338,332,355
623 (BDKRB1)	286,229,332,246
624 (BDKRB2)	286,229,332,246
3356 (HTR2A)	286,265,332,282
3357 (HTR2B)	286,265,332,282
3358 (HTR2C)	286,265,332,282
3269 (HRH1)	286,304,332,321
5732 (PTGER2)	924,169,970,186
5734 (PTGER4)	924,169,970,186
7442 (TRPV1)	286,539,332,556
40 (ASIC2)	286,624,332,641
41 (ASIC1)	286,624,332,641
51802 (ASIC5)	286,624,332,641
55515 (ASIC4)	286,624,332,641
9311 (ASIC3)	286,624,332,641
3554 (IL1R1)	286,714,332,731
3556 (IL1RAP)	286,714,332,731
4914 (NTRK1)	286,768,332,785
3553 (IL1B)	193,714,239,731
4803 (NGF)	194,768,240,785
2776 (GNAQ)	383,249,429,266
100137049 (PLA2G4B)	491,233,537,250
123745 (PLA2G4E)	491,233,537,250
255189 (PLA2G4F)	491,233,537,250
283748 (PLA2G4D)	491,233,537,250
5321 (PLA2G4A)	491,233,537,250
8398 (PLA2G6)	491,233,537,250
8605 (PLA2G4C)	491,233,537,250
8681 (JMJD7-PLA2G4B)	491,233,537,250
23236 (PLCB1)	493,273,539,290
5330 (PLCB2)	493,273,539,290
5331 (PLCB3)	493,273,539,290
5332 (PLCB4)	493,273,539,290
239 (ALOX12)	619,274,665,291
2778 (GNAS)	924,221,970,238
107 (ADCY1)	924,269,970,286
108 (ADCY2)	924,269,970,286
109 (ADCY3)	924,269,970,286
111 (ADCY5)	924,269,970,286
112 (ADCY6)	924,269,970,286
113 (ADCY7)	924,269,970,286
114 (ADCY8)	924,269,970,286
115 (ADCY9)	924,269,970,286
196883 (ADCY4)	924,269,970,286
5581 (PRKCE)	582,379,628,396
5566 (PRKACA)	927,338,973,355
5567 (PRKACB)	927,338,973,355
5568 (PRKACG)	927,338,973,355
815 (CAMK2A)	417,574,463,591
816 (CAMK2B)	417,574,463,591
817 (CAMK2D)	417,574,463,591
818 (CAMK2G)	417,574,463,591
1432 (MAPK14)	462,714,508,731
5599 (MAPK8)	462,714,508,731
5600 (MAPK11)	462,714,508,731
5601 (MAPK9)	462,714,508,731
5602 (MAPK10)	462,714,508,731
5603 (MAPK13)	462,714,508,731
6300 (MAPK12)	462,714,508,731
5335 (PLCG1)	376,768,422,785
5336 (PLCG2)	376,768,422,785
5290 (PIK3CA)	376,819,422,836
5291 (PIK3CB)	376,819,422,836
5293 (PIK3CD)	376,819,422,836
5295 (PIK3R1)	376,819,422,836
5296 (PIK3R2)	376,819,422,836
8503 (PIK3R3)	376,819,422,836
5581 (PRKCE)	545,752,591,769
5580 (PRKCD)	464,819,510,836
6714 (SRC)	549,819,595,836
7442 (TRPV1)	623,768,669,785
3708 (ITPR1)	414,378,460,395
3709 (ITPR2)	414,378,460,395
3710 (ITPR3)	414,378,460,395
8989 (TRPA1)	286,474,332,491
100137049 (PLA2G4B)	1196,201,1242,218
123745 (PLA2G4E)	1196,201,1242,218
255189 (PLA2G4F)	1196,201,1242,218
283748 (PLA2G4D)	1196,201,1242,218
5321 (PLA2G4A)	1196,201,1242,218
8398 (PLA2G6)	1196,201,1242,218
8605 (PLA2G4C)	1196,201,1242,218
8681 (JMJD7-PLA2G4B)	1196,201,1242,218
1573 (CYP2J2)	1196,252,1242,269
1579 (CYP4A11)	1196,252,1242,269
284541 (CYP4A22)	1196,252,1242,269
59341 (TRPV4)	1045,169,1091,186
79054 (TRPM8)	812,169,858,186
5499 (PPP1CA)	779,379,825,396
5500 (PPP1CB)	779,379,825,396
5501 (PPP1CC)	779,379,825,396
100137049 (PLA2G4B)	692,188,738,205
123745 (PLA2G4E)	692,188,738,205
255189 (PLA2G4F)	692,188,738,205
283748 (PLA2G4D)	692,188,738,205
5321 (PLA2G4A)	692,188,738,205
8398 (PLA2G6)	692,188,738,205
8605 (PLA2G4C)	692,188,738,205
8681 (JMJD7-PLA2G4B)	692,188,738,205
7442 (TRPV1)	988,626,1034,643
51393 (TRPV2)	988,718,1034,735
162514 (TRPV3)	988,765,1034,782
59341 (TRPV4)	1318,554,1364,571
79054 (TRPM8)	1318,622,1364,639
8989 (TRPA1)	1318,723,1364,740
3479 (IGF1)	868,718,914,735
2150 (F2RL1)	1268,169,1314,186
2776 (GNAQ)	1268,222,1314,239
23236 (PLCB1)	1268,269,1314,286
5330 (PLCB2)	1268,269,1314,286
5331 (PLCB3)	1268,269,1314,286
5332 (PLCB4)	1268,269,1314,286
5578 (PRKCA)	1268,388,1314,405
5579 (PRKCB)	1268,388,1314,405
5580 (PRKCD)	1268,388,1314,405
5581 (PRKCE)	1268,388,1314,405
5582 (PRKCG)	1268,388,1314,405
5583 (PRKCH)	1268,388,1314,405
5588 (PRKCQ)	1268,388,1314,405
163688 (CALML6)	492,574,538,591
51806 (CALML5)	492,574,538,591
801 (CALM1)	492,574,538,591
805 (CALM2)	492,574,538,591
808 (CALM3)	492,574,538,591
810 (CALML3)	492,574,538,591
91860 (CALML4)	492,574,538,591
5606 (MAP2K3)	384,714,430,731
5608 (MAP2K6)	384,714,430,731
3827 (KNG1)	213,229,259,246
hsa04750: Inflammatory mediator regulation of TRP channels	52,30,511,55
hsa00590: Arachidonic acid metabolism	1013,302,1125,336
hsa04020: Calcium signaling pathway	475,328,587,362
hsa04010: MAPK signaling pathway	328,673,440,707
