C00061 (FMN)	188,372,7
C00390 (Ubiquinol)	568,277,19
C00399 (Ubiquinone)	532,248,15
C00524 (Cytochrome c)	768,198,18
C00080 (H+)	283,314,4
C00080 (H+)	307,314,4
C00080 (H+)	307,155,4
C00004 (NADH)	135,446,4
C00003 (NAD+)	252,460,4
C00080 (H+)	267,460,4
C00122 (Fumarate)	472,400,4
C00080 (H+)	654,155,4
C00080 (H+)	654,376,4
C00080 (H+)	868,155,4
C00007 (Oxygen)	827,355,4
C00001 (H2O)	908,355,4
C00080 (H+)	868,355,4
C00080 (H+)	1067,161,4
C00008 (ADP)	1018,454,4
C00009 (Orthophosphate)	1004,454,4
C00080 (H+)	1067,464,4
C00013 (Diphosphate)	914,454,4
C00536 (Triphosphate)	815,454,4
C00002 (ATP)	1116,464,4
C00001 (H2O)	1129,464,4
C00042 (Succinate)	393,400,4
1327 (COX4I1)	297,746,343,763
84701 (COX4I2)	297,746,343,763
100532726 (NDUFC2-KCTD14)	619,605,665,622
4718 (NDUFC2)	619,605,665,622
4717 (NDUFC1)	573,605,619,622
4716 (NDUFB10)	481,605,527,622
4715 (NDUFB9)	435,605,481,622
4714 (NDUFB8)	389,605,435,622
4713 (NDUFB7)	343,605,389,622
4712 (NDUFB6)	297,605,343,622
4711 (NDUFB5)	251,605,297,622
4710 (NDUFB4)	205,605,251,622
4709 (NDUFB3)	159,605,205,622
4708 (NDUFB2)	113,605,159,622
4707 (NDUFB1)	67,605,113,622
126328 (NDUFA11)	573,581,619,598
4706 (NDUFAB1)	527,581,573,598
4705 (NDUFA10)	481,581,527,598
4704 (NDUFA9)	435,581,481,598
4702 (NDUFA8)	389,581,435,598
4701 (NDUFA7)	343,581,389,598
4700 (NDUFA6)	297,581,343,598
4698 (NDUFA5)	251,581,297,598
4697 (NDUFA4)	205,581,251,598
56901 (NDUFA4L2)	205,581,251,598
4696 (NDUFA3)	159,581,205,598
4695 (NDUFA2)	113,581,159,598
4694 (NDUFA1)	67,581,113,598
4731 (NDUFV3)	527,509,573,526
4729 (NDUFV2)	481,509,527,526
4723 (NDUFV1)	435,509,481,526
4728 (NDUFS8)	389,509,435,526
374291 (NDUFS7)	343,509,389,526
4726 (NDUFS6)	297,509,343,526
4725 (NDUFS5)	251,509,297,526
4724 (NDUFS4)	205,509,251,526
4722 (NDUFS3)	159,509,205,526
4720 (NDUFS2)	113,509,159,526
4719 (NDUFS1)	67,509,113,526
4541 (ND6)	343,486,389,503
4540 (ND5)	297,486,343,503
4539 (ND4L)	251,486,297,503
4538 (ND4)	205,486,251,503
4537 (ND3)	159,486,205,503
4536 (ND2)	113,486,159,503
4535 (ND1)	67,486,113,503
10063 (COX17)	849,746,895,763
1355 (COX15)	803,755,849,772
1353 (COX11)	757,755,803,772
100532726 (NDUFC2-KCTD14)	150,424,196,441
374291 (NDUFS7)	150,424,196,441
4694 (NDUFA1)	150,424,196,441
4695 (NDUFA2)	150,424,196,441
4696 (NDUFA3)	150,424,196,441
4697 (NDUFA4)	150,424,196,441
4698 (NDUFA5)	150,424,196,441
4700 (NDUFA6)	150,424,196,441
4701 (NDUFA7)	150,424,196,441
4702 (NDUFA8)	150,424,196,441
4704 (NDUFA9)	150,424,196,441
4705 (NDUFA10)	150,424,196,441
4706 (NDUFAB1)	150,424,196,441
4707 (NDUFB1)	150,424,196,441
4708 (NDUFB2)	150,424,196,441
4709 (NDUFB3)	150,424,196,441
4710 (NDUFB4)	150,424,196,441
4711 (NDUFB5)	150,424,196,441
4712 (NDUFB6)	150,424,196,441
4713 (NDUFB7)	150,424,196,441
4714 (NDUFB8)	150,424,196,441
4715 (NDUFB9)	150,424,196,441
4716 (NDUFB10)	150,424,196,441
4717 (NDUFC1)	150,424,196,441
4718 (NDUFC2)	150,424,196,441
4719 (NDUFS1)	150,424,196,441
4720 (NDUFS2)	150,424,196,441
4722 (NDUFS3)	150,424,196,441
4723 (NDUFV1)	150,424,196,441
4724 (NDUFS4)	150,424,196,441
4725 (NDUFS5)	150,424,196,441
4726 (NDUFS6)	150,424,196,441
4728 (NDUFS8)	150,424,196,441
4729 (NDUFV2)	150,424,196,441
4731 (NDUFV3)	150,424,196,441
51079 (NDUFA13)	150,424,196,441
54539 (NDUFB11)	150,424,196,441
55967 (NDUFA12)	150,424,196,441
56901 (NDUFA4L2)	150,424,196,441
1351 (COX8A)	711,746,757,763
341947 (COX8C)	711,746,757,763
1350 (COX7C)	665,746,711,763
1349 (COX7B)	619,746,665,763
170712 (COX7B2)	619,746,665,763
1346 (COX7A1)	573,746,619,763
1347 (COX7A2)	573,746,619,763
9167 (COX7A2L)	573,746,619,763
1345 (COX6C)	527,746,573,763
100532726 (NDUFC2-KCTD14)	174,403,220,420
126328 (NDUFA11)	174,403,220,420
374291 (NDUFS7)	174,403,220,420
4535 (ND1)	174,403,220,420
4536 (ND2)	174,403,220,420
4537 (ND3)	174,403,220,420
4538 (ND4)	174,403,220,420
4539 (ND4L)	174,403,220,420
4540 (ND5)	174,403,220,420
4541 (ND6)	174,403,220,420
4694 (NDUFA1)	174,403,220,420
4695 (NDUFA2)	174,403,220,420
4696 (NDUFA3)	174,403,220,420
4697 (NDUFA4)	174,403,220,420
4698 (NDUFA5)	174,403,220,420
4700 (NDUFA6)	174,403,220,420
4701 (NDUFA7)	174,403,220,420
4702 (NDUFA8)	174,403,220,420
4704 (NDUFA9)	174,403,220,420
4705 (NDUFA10)	174,403,220,420
4706 (NDUFAB1)	174,403,220,420
4707 (NDUFB1)	174,403,220,420
4708 (NDUFB2)	174,403,220,420
4709 (NDUFB3)	174,403,220,420
4710 (NDUFB4)	174,403,220,420
4711 (NDUFB5)	174,403,220,420
4712 (NDUFB6)	174,403,220,420
4713 (NDUFB7)	174,403,220,420
4714 (NDUFB8)	174,403,220,420
4715 (NDUFB9)	174,403,220,420
4716 (NDUFB10)	174,403,220,420
4717 (NDUFC1)	174,403,220,420
4718 (NDUFC2)	174,403,220,420
4719 (NDUFS1)	174,403,220,420
4720 (NDUFS2)	174,403,220,420
4722 (NDUFS3)	174,403,220,420
4723 (NDUFV1)	174,403,220,420
4724 (NDUFS4)	174,403,220,420
4725 (NDUFS5)	174,403,220,420
4726 (NDUFS6)	174,403,220,420
4728 (NDUFS8)	174,403,220,420
4729 (NDUFV2)	174,403,220,420
4731 (NDUFV3)	174,403,220,420
51079 (NDUFA13)	174,403,220,420
54539 (NDUFB11)	174,403,220,420
55967 (NDUFA12)	174,403,220,420
56901 (NDUFA4L2)	174,403,220,420
10975 (UQCR11)	631,339,677,356
1537 (CYC1)	631,339,677,356
27089 (UQCRQ)	631,339,677,356
29796 (UQCR10)	631,339,677,356
440567 (UQCRHL)	631,339,677,356
4519 (CYTB)	631,339,677,356
7381 (UQCRB)	631,339,677,356
7384 (UQCRC1)	631,339,677,356
7385 (UQCRC2)	631,339,677,356
7386 (UQCRFS1)	631,339,677,356
7388 (UQCRH)	631,339,677,356
125965 (COX6B2)	845,307,891,324
1327 (COX4I1)	845,307,891,324
1329 (COX5B)	845,307,891,324
1337 (COX6A1)	845,307,891,324
1339 (COX6A2)	845,307,891,324
1340 (COX6B1)	845,307,891,324
1345 (COX6C)	845,307,891,324
1346 (COX7A1)	845,307,891,324
1347 (COX7A2)	845,307,891,324
1349 (COX7B)	845,307,891,324
1350 (COX7C)	845,307,891,324
1351 (COX8A)	845,307,891,324
170712 (COX7B2)	845,307,891,324
341947 (COX8C)	845,307,891,324
4512 (COX1)	845,307,891,324
4513 (COX2)	845,307,891,324
4514 (COX3)	845,307,891,324
84701 (COX4I2)	845,307,891,324
9167 (COX7A2L)	845,307,891,324
9377 (COX5A)	845,307,891,324
10312 (TCIRG1)	1021,400,1067,417
10476 (ATP5PD)	1021,400,1067,417
10632 (ATP5MG)	1021,400,1067,417
127124 (ATP6V1G3)	1021,400,1067,417
155066 (ATP6V0E2)	1021,400,1067,417
23545 (ATP6V0A2)	1021,400,1067,417
245972 (ATP6V0D2)	1021,400,1067,417
245973 (ATP6V1C2)	1021,400,1067,417
4508 (ATP6)	1021,400,1067,417
4509 (ATP8)	1021,400,1067,417
498 (ATP5F1A)	1021,400,1067,417
506 (ATP5F1B)	1021,400,1067,417
50617 (ATP6V0A4)	1021,400,1067,417
509 (ATP5F1C)	1021,400,1067,417
513 (ATP5F1D)	1021,400,1067,417
51382 (ATP6V1D)	1021,400,1067,417
514 (ATP5F1E)	1021,400,1067,417
515 (ATP5PB)	1021,400,1067,417
516 (ATP5MC1)	1021,400,1067,417
51606 (ATP6V1H)	1021,400,1067,417
517 (ATP5MC2)	1021,400,1067,417
518 (ATP5MC3)	1021,400,1067,417
521 (ATP5ME)	1021,400,1067,417
522 (ATP5PF)	1021,400,1067,417
523 (ATP6V1A)	1021,400,1067,417
525 (ATP6V1B1)	1021,400,1067,417
526 (ATP6V1B2)	1021,400,1067,417
527 (ATP6V0C)	1021,400,1067,417
528 (ATP6V1C1)	1021,400,1067,417
529 (ATP6V1E1)	1021,400,1067,417
533 (ATP6V0B)	1021,400,1067,417
534 (ATP6V1G2)	1021,400,1067,417
535 (ATP6V0A1)	1021,400,1067,417
537 (ATP6AP1)	1021,400,1067,417
539 (ATP5PO)	1021,400,1067,417
8992 (ATP6V0E1)	1021,400,1067,417
90423 (ATP6V1E2)	1021,400,1067,417
9114 (ATP6V0D1)	1021,400,1067,417
9296 (ATP6V1F)	1021,400,1067,417
9550 (ATP6V1G1)	1021,400,1067,417
9551 (ATP5MF)	1021,400,1067,417
479 (ATP12A)	1069,400,1115,417
495 (ATP4A)	1069,400,1115,417
496 (ATP4B)	1069,400,1115,417
27068 (PPA2)	931,446,977,463
5464 (PPA1)	931,446,977,463
64077 (LHPP)	931,446,977,463
6391 (SDHC)	68,661,114,678
6392 (SDHD)	113,661,159,678
6389 (SDHA)	159,661,205,678
6390 (SDHB)	205,661,251,678
10975 (UQCR11)	803,679,849,696
29796 (UQCR10)	757,679,803,696
27089 (UQCRQ)	711,679,757,696
7381 (UQCRB)	665,679,711,696
440567 (UQCRHL)	619,679,665,696
7388 (UQCRH)	619,679,665,696
7385 (UQCRC2)	573,679,619,696
7384 (UQCRC1)	527,679,573,696
1537 (CYC1)	481,662,527,679
4519 (CYTB)	435,662,481,679
7386 (UQCRFS1)	389,662,435,679
125965 (COX6B2)	481,746,527,763
1340 (COX6B1)	481,746,527,763
1337 (COX6A1)	435,746,481,763
1339 (COX6A2)	435,746,481,763
1329 (COX5B)	389,746,435,763
9377 (COX5A)	343,746,389,763
4513 (COX2)	251,746,297,763
1352 (COX10)	68,769,114,786
4512 (COX1)	205,746,251,763
4514 (COX3)	159,746,205,763
1352 (COX10)	68,746,114,763
506 (ATP5F1B)	931,596,977,613
498 (ATP5F1A)	885,596,931,613
509 (ATP5F1C)	977,596,1023,613
539 (ATP5PO)	885,613,931,630
513 (ATP5F1D)	1023,596,1069,613
514 (ATP5F1E)	1069,596,1115,613
516 (ATP5MC1)	1023,613,1069,630
517 (ATP5MC2)	1023,613,1069,630
518 (ATP5MC3)	1023,613,1069,630
4508 (ATP6)	931,613,977,630
515 (ATP5PB)	977,613,1023,630
521 (ATP5ME)	1115,613,1161,630
522 (ATP5PF)	977,630,1023,647
9551 (ATP5MF)	885,630,931,647
4509 (ATP8)	1115,630,1161,647
10476 (ATP5PD)	1069,613,1115,630
10632 (ATP5MG)	931,630,977,647
523 (ATP6V1A)	885,788,931,805
525 (ATP6V1B1)	931,788,977,805
526 (ATP6V1B2)	931,788,977,805
245973 (ATP6V1C2)	977,788,1023,805
528 (ATP6V1C1)	977,788,1023,805
51382 (ATP6V1D)	1023,788,1069,805
529 (ATP6V1E1)	1069,788,1115,805
90423 (ATP6V1E2)	1069,788,1115,805
9296 (ATP6V1F)	1115,788,1161,805
127124 (ATP6V1G3)	1161,788,1207,805
534 (ATP6V1G2)	1161,788,1207,805
9550 (ATP6V1G1)	1161,788,1207,805
51606 (ATP6V1H)	1207,788,1253,805
10312 (TCIRG1)	885,805,931,822
23545 (ATP6V0A2)	885,805,931,822
50617 (ATP6V0A4)	885,805,931,822
535 (ATP6V0A1)	885,805,931,822
245972 (ATP6V0D2)	977,805,1023,822
9114 (ATP6V0D1)	977,805,1023,822
155066 (ATP6V0E2)	1023,805,1069,822
8992 (ATP6V0E1)	1023,805,1069,822
537 (ATP6AP1)	1069,805,1115,822
527 (ATP6V0C)	931,805,977,822
533 (ATP6V0B)	931,805,977,822
54539 (NDUFB11)	527,605,573,622
55967 (NDUFA12)	619,581,665,598
51079 (NDUFA13)	665,581,711,598
6389 (SDHA)	411,349,457,366
6390 (SDHB)	411,349,457,366
6391 (SDHC)	411,349,457,366
6392 (SDHD)	411,349,457,366
hsa00190: Oxidative phosphorylation	40,45,283,70
