C00076 (Calcium cation)	296,138,4
C00575 (3',5'-Cyclic AMP)	296,154,4
406 (ARNTL)	725,549,771,566
4862 (NPAS2)	725,566,771,583
9575 (CLOCK)	725,566,771,583
6095 (RORA)	725,456,771,473
6096 (RORB)	725,456,771,473
6097 (RORC)	725,456,771,473
9572 (NR1D1)	598,370,644,387
5187 (PER1)	429,217,475,234
8863 (PER3)	429,217,475,234
8864 (PER2)	429,217,475,234
1407 (CRY1)	475,558,521,575
1408 (CRY2)	475,558,521,575
8864 (PER2)	429,558,475,575
102800317 (TPTEP2-CSNK1E)	452,575,498,592
1453 (CSNK1D)	452,575,498,592
1454 (CSNK1E)	452,575,498,592
1407 (CRY1)	475,268,521,285
1408 (CRY2)	475,268,521,285
6500 (SKP1)	282,208,328,225
8454 (CUL1)	282,208,328,225
9978 (RBX1)	282,208,328,225
23291 (FBXW11)	282,225,328,242
8945 (BTRC)	282,225,328,242
6500 (SKP1)	282,259,328,276
8454 (CUL1)	282,259,328,276
9978 (RBX1)	282,259,328,276
26224 (FBXL3)	282,276,328,293
51422 (PRKAG2)	373,308,419,325
53632 (PRKAG3)	373,308,419,325
5562 (PRKAA1)	373,308,419,325
5563 (PRKAA2)	373,308,419,325
5564 (PRKAB1)	373,308,419,325
5565 (PRKAB2)	373,308,419,325
5571 (PRKAG1)	373,308,419,325
1385 (CREB1)	708,138,754,155
102800317 (TPTEP2-CSNK1E)	351,170,397,187
1453 (CSNK1D)	351,170,397,187
1454 (CSNK1E)	351,170,397,187
79365 (BHLHE41)	522,319,568,336
8553 (BHLHE40)	522,319,568,336
hsa04710: Circadian rhythm	40,45,209,70
hsa04120: Ubiquitin mediated proteolysis	224,355,337,389
hsa04713: Circadian entrainment	374,89,504,123
hsa04010: MAPK signaling pathway	513,89,626,123
