C00338 (Lipopolysaccharide)	75,561,4
C00165 (Diacylglycerol)	349,861,4
C00165 (Diacylglycerol)	348,964,4
C11472 (D-glycero-beta-D-manno-Heptose 1,7-bisphosphate)	349,1012,4
C00002 (ATP)	106,1710,4
C04637 (1-Phosphatidyl-D-myo-inositol 4,5-bisphosphate)	354,1654,4
C11557 (1-Phosphatidyl-1D-myo-inositol 5-phosphate)	354,1721,4
C20640 (Cyclic GMP-AMP)	509,1170,4
C01245 (D-myo-Inositol 1,4,5-trisphosphate)	475,1654,4
C00076 (Calcium cation)	671,1648,4
C05981 (Phosphatidylinositol-3,4,5-trisphosphate)	593,1721,4
C00238 (Potassium cation)	299,2326,4
C11556 (1-Phosphatidyl-1D-myo-inositol 3,5-bisphosphate)	475,1721,4
C04549 (1-Phosphatidyl-1D-myo-inositol 3-phosphate)	689,1463,4
C00123 (L-Leucine)	253,1275,4
C00407 (L-Isoleucine)	253,1290,4
C04737 (alpha-D-Galactosyl-(1->4)-beta-D-galactosyl-(1->4)-beta-D-glucosyl-(1<->1)-ceramide)	156,2082,4
7132 (TNFRSF1A)	133,716,179,733
7124 (TNF)	52,716,98,733
4792 (NFKBIA)	823,716,869,733
4793 (NFKBIB)	823,716,869,733
1147 (CHUK)	733,716,779,733
3551 (IKBKB)	733,716,779,733
7186 (TRAF2)	449,707,495,724
7188 (TRAF5)	449,707,495,724
8737 (RIPK1)	449,724,495,741
8717 (TRADD)	403,716,449,733
3554 (IL1R1)	133,521,179,538
3553 (IL1B)	52,521,98,538
7189 (TRAF6)	520,613,566,630
7099 (TLR4)	133,588,179,605
10454 (TAB1)	648,724,694,741
23118 (TAB2)	648,724,694,741
257397 (TAB3)	648,724,694,741
6885 (MAP3K7)	648,707,694,724
1432 (MAPK14)	943,1063,989,1080
5600 (MAPK11)	943,1063,989,1080
5603 (MAPK13)	943,1063,989,1080
6300 (MAPK12)	943,1063,989,1080
5594 (MAPK1)	943,1037,989,1054
5595 (MAPK3)	943,1037,989,1054
126961 (H3C14)	1083,1017,1129,1034
3020 (H3-3A)	1083,1017,1129,1034
3021 (H3-3B)	1083,1017,1129,1034
333932 (H3C15)	1083,1017,1129,1034
440093 (H3-5)	1083,1017,1129,1034
653604 (H3C13)	1083,1017,1129,1034
8290 (H3-4)	1083,1017,1129,1034
8350 (H3C1)	1083,1017,1129,1034
8351 (H3C4)	1083,1017,1129,1034
8352 (H3C3)	1083,1017,1129,1034
8353 (H3C6)	1083,1017,1129,1034
8354 (H3C11)	1083,1017,1129,1034
8355 (H3C8)	1083,1017,1129,1034
8356 (H3C12)	1083,1017,1129,1034
8357 (H3C10)	1083,1017,1129,1034
8358 (H3C2)	1083,1017,1129,1034
8968 (H3C7)	1083,1017,1129,1034
4790 (NFKB1)	823,755,869,772
7100 (TLR5)	133,614,179,631
7124 (TNF)	956,743,1002,760
3576 (CXCL8)	956,764,1002,781
8517 (IKBKG)	733,699,779,716
10392 (NOD1)	425,1045,471,1062
8767 (RIPK2)	520,1054,566,1071
9181 (ARHGEF2)	425,1062,471,1079
5580 (PRKCD)	378,853,424,870
5581 (PRKCE)	378,853,424,870
5588 (PRKCQ)	378,853,424,870
7186 (TRAF2)	449,853,495,870
8915 (BCL10)	447,964,493,981
10892 (MALT1)	447,947,493,964
7189 (TRAF6)	519,955,565,972
7335 (UBE2V1)	465,897,511,914
7336 (UBE2V2)	465,897,511,914
389898 (UBE2NL)	465,914,511,931
7334 (UBE2N)	465,914,511,931
10318 (TNIP1)	715,624,761,641
102724594 (U2AF1L5)	954,595,1000,612
199746 (U2AF1L4)	954,595,1000,612
7307 (U2AF1)	954,595,1000,612
6352 (CCL5)	956,672,1002,689
3553 (IL1B)	956,712,1002,729
3576 (CXCL8)	956,652,1002,669
1437 (CSF2)	956,692,1002,709
929 (CD14)	133,553,179,570
6500 (SKP1)	775,630,821,647
8454 (CUL1)	775,630,821,647
9978 (RBX1)	775,630,821,647
23291 (FBXW11)	775,647,821,664
8945 (BTRC)	775,647,821,664
51619 (UBE2D4)	775,613,821,630
7321 (UBE2D1)	775,613,821,630
7322 (UBE2D2)	775,613,821,630
7323 (UBE2D3)	775,613,821,630
3576 (CXCL8)	1185,1038,1231,1055
11335 (CBX3)	1083,1059,1129,1076
9252 (RPS6KA5)	1013,1037,1059,1054
5599 (MAPK8)	616,1054,662,1071
5601 (MAPK9)	616,1054,662,1071
5602 (MAPK10)	616,1054,662,1071
3725 (JUN)	711,1054,757,1071
92610 (TIFA)	420,1004,466,1021
92610 (TIFA)	956,785,1002,802
7189 (TRAF6)	520,1004,566,1021
8737 (RIPK1)	519,852,565,869
10616 (RBCK1)	393,757,439,774
55072 (RNF31)	393,774,439,791
81858 (SHARPIN)	393,791,439,808
389898 (UBE2NL)	393,668,439,685
7334 (UBE2N)	393,668,439,685
7335 (UBE2V1)	393,651,439,668
7336 (UBE2V2)	393,651,439,668
4671 (NAIP)	321,2243,367,2260
58484 (NLRC4)	415,2257,461,2274
29108 (PYCARD)	509,2240,555,2257
834 (CASP1)	555,2240,601,2257
834 (CASP1)	649,2240,695,2257
3553 (IL1B)	742,2261,788,2278
3606 (IL18)	742,2282,788,2299
4671 (NAIP)	321,2270,367,2287
114548 (NLRP3)	415,2222,461,2239
11146 (GLMN)	322,2206,368,2223
837 (CASP4)	678,1966,724,1983
3553 (IL1B)	774,1955,820,1972
3606 (IL18)	774,1976,820,1993
2697 (GJA1)	133,1701,179,1718
2706 (GJB2)	133,1701,179,1718
115004 (CGAS)	425,1162,471,1179
340061 (STING1)	547,1162,593,1179
340061 (STING1)	638,1162,684,1179
29110 (TBK1)	728,1195,774,1212
3661 (IRF3)	819,1195,865,1212
3456 (IFNB1)	956,1195,1002,1212
375 (ARF1)	565,1124,611,1141
4615 (MYD88)	638,1227,684,1244
4193 (MDM2)	801,1666,847,1683
7157 (TP53)	918,1645,964,1662
472 (ATM)	918,1599,964,1616
831 (CAST)	720,1639,766,1656
826 (CAPNS1)	800,1639,846,1656
823 (CAPN1)	800,1622,846,1639
824 (CAPN2)	800,1622,846,1639
596 (BCL2)	919,1747,965,1764
598 (BCL2L1)	919,1727,965,1744
3708 (ITPR1)	589,1640,635,1657
3709 (ITPR2)	589,1640,635,1657
3710 (ITPR3)	589,1640,635,1657
7094 (TLN1)	802,1567,848,1584
83660 (TLN2)	802,1567,848,1584
113026 (PLCD3)	389,1635,435,1652
23236 (PLCB1)	389,1635,435,1652
51196 (PLCE1)	389,1635,435,1652
5330 (PLCB2)	389,1635,435,1652
5331 (PLCB3)	389,1635,435,1652
5332 (PLCB4)	389,1635,435,1652
5333 (PLCD1)	389,1635,435,1652
5335 (PLCG1)	389,1635,435,1652
5336 (PLCG2)	389,1635,435,1652
84812 (PLCD4)	389,1635,435,1652
89869 (PLCZ1)	389,1635,435,1652
5290 (PIK3CA)	390,1724,436,1741
5291 (PIK3CB)	390,1724,436,1741
5293 (PIK3CD)	390,1724,436,1741
5295 (PIK3R1)	390,1724,436,1741
5296 (PIK3R2)	390,1724,436,1741
8503 (PIK3R3)	390,1724,436,1741
10000 (AKT3)	683,1713,729,1730
207 (AKT1)	683,1713,729,1730
208 (AKT2)	683,1713,729,1730
100132074 (FOXO6)	801,1762,847,1779
2308 (FOXO1)	801,1762,847,1779
2309 (FOXO3)	801,1762,847,1779
4303 (FOXO4)	801,1762,847,1779
2931 (GSK3A)	801,1784,847,1801
2932 (GSK3B)	801,1784,847,1801
6198 (RPS6KB1)	801,1713,847,1730
6199 (RPS6KB2)	801,1713,847,1730
1956 (EGFR)	331,1789,377,1806
3098 (HK1)	595,1856,641,1873
3099 (HK2)	595,1856,641,1873
3101 (HK3)	595,1856,641,1873
80201 (HKDC1)	595,1856,641,1873
7416 (VDAC1)	607,1839,653,1856
54205 (CYCS)	799,1856,845,1873
5970 (RELA)	823,772,869,789
596 (BCL2)	524,1847,570,1864
664 (BNIP3)	527,1905,573,1922
5481 (PPID)	607,1905,653,1922
581 (BAX)	713,1856,759,1873
22863 (ATG14)	429,1282,475,1299
441925 (BECN2)	383,1282,429,1299
8678 (BECN1)	383,1282,429,1299
30849 (PIK3R4)	383,1299,429,1316
5289 (PIK3C3)	429,1299,475,1316
10325 (RRAGB)	274,1352,320,1369
10670 (RRAGA)	274,1352,320,1369
58528 (RRAGD)	274,1352,320,1369
64121 (RRAGC)	274,1352,320,1369
2475 (MTOR)	359,1352,405,1369
57521 (RPTOR)	359,1352,405,1369
84335 (AKT1S1)	359,1352,405,1369
55054 (ATG16L1)	555,1299,601,1316
9474 (ATG5)	555,1316,601,1333
9140 (ATG12)	555,1333,601,1350
11337 (GABARAP)	575,1376,621,1393
11345 (GABARAPL2)	575,1376,621,1393
23710 (GABARAPL1)	575,1376,621,1393
11337 (GABARAP)	708,1416,754,1433
11345 (GABARAPL2)	708,1416,754,1433
23710 (GABARAPL1)	708,1416,754,1433
11337 (GABARAP)	708,1376,754,1393
11345 (GABARAPL2)	708,1376,754,1393
23710 (GABARAPL1)	708,1376,754,1393
10241 (CALCOCO2)	800,1426,846,1443
8878 (SQSTM1)	800,1405,846,1422
718 (C3)	889,1376,935,1393
7314 (UBB)	890,1405,936,1422
10801 (SEPTIN9)	890,1426,936,1443
124404 (SEPTIN12)	890,1426,936,1443
23157 (SEPTIN6)	890,1426,936,1443
23176 (SEPTIN8)	890,1426,936,1443
4735 (SEPTIN2)	890,1426,936,1443
55752 (SEPTIN11)	890,1426,936,1443
55964 (SEPTIN3)	890,1426,936,1443
989 (SEPTIN7)	890,1426,936,1443
26100 (WIPI2)	708,1455,754,1472
55062 (WIPI1)	708,1455,754,1472
25851 (TECPR1)	769,1455,815,1472
9474 (ATG5)	830,1455,876,1472
23048 (FNBP1)	910,1492,956,1509
54874 (FNBP1L)	910,1492,956,1509
5879 (RAC1)	438,290,484,307
1793 (DOCK1)	353,318,399,335
1398 (CRK)	358,290,404,307
1399 (CRKL)	358,290,404,307
2017 (CTTN)	346,250,392,267
3059 (HCLS1)	346,250,392,267
6714 (SRC)	259,250,305,267
25 (ABL1)	260,291,306,308
63916 (ELMO2)	353,335,399,352
9844 (ELMO1)	353,335,399,352
998 (CDC42)	438,342,484,359
10163 (WASF2)	519,291,565,308
8936 (WASF1)	519,291,565,308
10092 (ARPC5)	600,291,646,308
10093 (ARPC4)	600,291,646,308
10094 (ARPC3)	600,291,646,308
10095 (ARPC1B)	600,291,646,308
10109 (ARPC2)	600,291,646,308
10552 (ARPC1A)	600,291,646,308
81873 (ARPC5L)	600,291,646,308
7414 (VCL)	995,181,1041,198
6093 (ROCK1)	518,212,564,229
9475 (ROCK2)	518,212,564,229
1729 (DIAPH1)	518,239,564,256
387 (RHOA)	438,225,484,242
8976 (WASL)	580,450,626,467
7414 (VCL)	591,480,637,497
345456 (PFN3)	602,510,648,527
375189 (PFN4)	602,510,648,527
5216 (PFN1)	602,510,648,527
5217 (PFN2)	602,510,648,527
998 (CDC42)	591,417,637,434
10092 (ARPC5)	661,450,707,467
10093 (ARPC4)	661,450,707,467
10094 (ARPC3)	661,450,707,467
10095 (ARPC1B)	661,450,707,467
10109 (ARPC2)	661,450,707,467
10552 (ARPC1A)	661,450,707,467
81873 (ARPC5L)	661,450,707,467
60 (ACTB)	742,450,788,467
71 (ACTG1)	742,450,788,467
60 (ACTB)	682,291,728,308
71 (ACTG1)	682,291,728,308
3678 (ITGA5)	1168,185,1214,202
3688 (ITGB1)	1168,202,1214,219
960 (CD44)	1168,238,1214,255
103910 (MYL12B)	598,211,644,228
10398 (MYL9)	598,211,644,228
10627 (MYL12A)	598,211,644,228
29895 (MYLPF)	598,211,644,228
4633 (MYL2)	598,211,644,228
4636 (MYL5)	598,211,644,228
58498 (MYL7)	598,211,644,228
93408 (MYL10)	598,211,644,228
5747 (PTK2)	1071,202,1117,219
7094 (TLN1)	1071,181,1117,198
83660 (TLN2)	1071,181,1117,198
5829 (PXN)	995,203,1041,220
1956 (EGFR)	133,1789,179,1806
3611 (ILK)	1071,223,1117,240
81 (ACTN4)	918,181,964,198
87 (ACTN1)	918,181,964,198
hsa05131: Shigellosis	40,45,159,70
hsa04510: Focal adhesion	778,1537,868,1562
hsa04810: Regulation of actin cytoskeleton	588,361,721,395
hsa04064: NF-kappa B signaling pathway	595,579,708,613
hsa04010: MAPK signaling pathway	965,1093,1072,1127
hsa04140: Autophagy - animal	558,1431,644,1456
hsa04210: Apoptosis	875,1877,961,1902
hsa04621: NOD-like receptor signaling pathway	823,2246,954,2280
hsa04623: Cytosolic DNA-sensing pathway	729,1144,842,1178
hsa04621: NOD-like receptor signaling pathway	372,1091,503,1125
hsa04510: Focal adhesion	1065,247,1155,272
map03070: Bacterial secretion system	1011,109,1163,134
