C00025 (L-Glutamate)	256,517,4
C00533 (Nitric oxide)	256,782,4
C00076 (Calcium cation)	393,549,4
C00533 (Nitric oxide)	248,211,4
C00062 (L-Arginine)	557,724,4
C00533 (Nitric oxide)	629,724,4
C16845 (Peroxynitrite)	717,725,4
C00704 (O2.-)	628,801,4
C00027 (Hydrogen peroxide)	720,802,4
C16844 (Hydroxyl radical)	819,803,4
C00070 (Copper)	617,877,4
C00001 (H2O)	817,878,4
C00076 (Calcium cation)	740,357,4
C00076 (Calcium cation)	785,558,4
C00704 (O2.-)	379,240,4
C00027 (Hydrogen peroxide)	379,240,4
C16845 (Peroxynitrite)	379,240,4
C16844 (Hydroxyl radical)	379,240,4
6647 (SOD1)	767,748,813,765
6506 (SLC1A2)	165,297,211,314
2890 (GRIA1)	307,540,353,557
2891 (GRIA2)	307,540,353,557
2902 (GRIN1)	307,540,353,557
2903 (GRIN2A)	307,540,353,557
2904 (GRIN2B)	307,540,353,557
2905 (GRIN2C)	307,540,353,557
2906 (GRIN2D)	307,540,353,557
10452 (TOMM40)	661,320,707,337
84134 (TOMM40L)	661,320,707,337
6647 (SOD1)	533,267,579,284
54205 (CYCS)	851,88,897,105
7124 (TNF)	228,717,274,734
834 (CASP1)	479,230,525,247
836 (CASP3)	1045,68,1091,85
581 (BAX)	907,189,953,206
572 (BAD)	959,189,1005,206
596 (BCL2)	737,190,783,207
598 (BCL2L1)	789,190,835,207
317 (APAF1)	852,46,898,63
842 (CASP9)	959,67,1005,84
637 (BID)	596,229,642,246
7132 (TNFRSF1A)	308,717,354,734
7133 (TNFRSF1B)	308,717,354,734
1616 (DAXX)	531,621,577,638
4217 (MAP3K5)	621,621,667,638
5606 (MAP2K3)	714,609,760,626
5608 (MAP2K6)	714,633,760,650
1432 (MAPK14)	807,621,853,638
5600 (MAPK11)	807,621,853,638
5603 (MAPK13)	807,621,853,638
6300 (MAPK12)	807,621,853,638
4747 (NEFL)	879,767,925,784
4741 (NEFM)	879,793,925,810
4744 (NEFH)	879,818,925,835
5630 (PRPH)	837,841,883,858
6647 (SOD1)	646,808,692,825
6647 (SOD1)	741,808,787,825
2876 (GPX1)	736,840,782,857
847 (CAT)	736,863,782,880
4842 (NOS1)	568,699,614,716
9973 (CCS)	619,846,665,863
57679 (ALS2)	973,831,1019,848
79139 (DERL1)	589,520,635,537
5879 (RAC1)	997,865,1043,882
5868 (RAB5A)	1057,830,1103,847
5530 (PPP3CA)	619,174,665,191
5532 (PPP3CB)	619,174,665,191
5533 (PPP3CC)	619,174,665,191
5534 (PPP3R1)	619,174,665,191
5535 (PPP3R2)	619,174,665,191
7157 (TP53)	654,128,700,145
100506742 (CASP12)	918,507,964,524
4217 (MAP3K5)	918,542,964,559
hsa05014: Amyotrophic lateral sclerosis (ALS)	40,45,367,70
hsa04210: Apoptosis	965,96,1074,121
hsa03050: Proteasome	637,454,746,479
hsa04010: MAPK signaling pathway	884,588,993,622
hsa04115: p53 signaling pathway	629,85,738,119
hsa04210: Apoptosis	981,483,1090,508
hsa04724: Glutamatergic synapse	212,590,304,624
