2023 (ENO1)	448,654,494,671
2026 (ENO2)	448,654,494,671
2027 (ENO3)	448,654,494,671
387712 (ENO4)	448,654,494,671
87178 (PNPT1)	494,654,540,671
54512 (EXOSC4)	868,696,914,713
23016 (EXOSC7)	914,696,960,713
51013 (EXOSC1)	960,713,1006,730
23404 (EXOSC2)	960,696,1006,713
9652 (TTC37)	584,288,630,305
80349 (WDR61)	629,288,675,305
51013 (EXOSC1)	461,100,507,117
54512 (EXOSC4)	529,117,575,134
22894 (DIS3)	342,219,388,236
6499 (SKIV2L)	538,288,584,305
23404 (EXOSC2)	507,100,553,117
23016 (EXOSC7)	483,117,529,134
5393 (EXOSC9)	507,134,553,151
118460 (EXOSC6)	438,117,484,134
11340 (EXOSC8)	392,117,438,134
56915 (EXOSC5)	575,117,621,134
51010 (EXOSC3)	575,100,621,117
10438 (C1D)	442,219,488,236
5394 (EXOSC10)	392,219,438,236
10200 (MPHOSPH6)	491,219,537,236
11044 (TENT4A)	362,288,408,305
64282 (TENT4B)	362,288,408,305
84186 (ZCCHC7)	408,288,454,305
23517 (MTREX)	454,288,500,305
23019 (CNOT1)	409,350,455,367
4848 (CNOT2)	455,350,501,367
4849 (CNOT3)	501,350,547,367
4850 (CNOT4)	547,350,593,367
246175 (CNOT6L)	363,350,409,367
57472 (CNOT6)	363,350,409,367
29883 (CNOT7)	363,367,409,384
9337 (CNOT8)	363,367,409,384
9125 (CNOT9)	409,367,455,384
25904 (CNOT10)	455,367,501,384
28960 (DCPS)	73,134,119,151
196513 (DCP1B)	750,215,796,232
55802 (DCP1A)	750,215,796,232
167227 (DCP2)	750,232,796,249
27257 (LSM1)	748,350,794,367
57819 (LSM2)	794,350,840,367
27258 (LSM3)	840,350,886,367
25804 (LSM4)	886,350,932,367
23658 (LSM5)	794,367,840,384
11157 (LSM6)	840,367,886,384
51690 (LSM7)	886,367,932,384
51691 (LSM8)	932,350,978,367
54464 (XRN1)	905,214,951,231
22803 (XRN2)	960,214,1006,231
1656 (DDX6)	796,215,842,232
80153 (EDC3)	796,232,842,249
23644 (EDC4)	796,249,842,266
219988 (PATL1)	842,215,888,232
154197 (PNLDC1)	629,350,675,367
5073 (PARN)	629,350,675,367
3313 (HSPA9)	355,852,401,869
3329 (HSPD1)	407,852,453,869
87178 (PNPT1)	541,803,587,820
170506 (DHX36)	629,326,675,343
10140 (TOB1)	363,394,409,411
10766 (TOB2)	363,394,409,411
10950 (BTG3)	363,394,409,411
54766 (BTG4)	363,394,409,411
694 (BTG1)	363,394,409,411
7832 (BTG2)	363,394,409,411
132430 (PABPC4L)	435,395,481,412
140886 (PABPC5)	435,395,481,412
26986 (PABPC1)	435,395,481,412
340529 (PABPC1L2A)	435,395,481,412
5042 (PABPC3)	435,395,481,412
645974 (PABPC1L2B)	435,395,481,412
80336 (PABPC1L)	435,395,481,412
8761 (PABPC4)	435,395,481,412
9924 (PAN2)	389,438,435,455
255967 (PAN3)	435,438,481,455
131870 (NUDT16)	934,238,980,255
115752 (DIS3L)	573,219,619,236
5211 (PFKL)	541,820,587,837
5213 (PFKM)	541,820,587,837
5214 (PFKP)	541,820,587,837
2023 (ENO1)	495,803,541,820
2026 (ENO2)	495,803,541,820
2027 (ENO3)	495,803,541,820
387712 (ENO4)	495,803,541,820
hsa03018: RNA degradation	40,45,201,70
hsa03015: mRNA surveillance pathway	508,411,608,445
