C00024 (Acetyl-CoA)	126,156,4
C00136 (Butanoyl-CoA)	72,186,4
C05270 (Hexanoyl-CoA)	126,495,4
C05271 (trans-Hex-2-enoyl-CoA)	126,411,4
C05268 ((S)-Hydroxyhexanoyl-CoA)	126,326,4
C05269 (3-Oxohexanoyl-CoA)	126,241,4
C01944 (Octanoyl-CoA)	268,495,4
C05276 (trans-Oct-2-enoyl-CoA)	268,411,4
C05266 ((S)-3-Hydroxyoctanoyl-CoA)	268,326,4
C05267 (3-Oxooctanoyl-CoA)	268,241,4
C05265 (3-Oxodecanoyl-CoA)	410,241,4
C05264 ((S)-Hydroxydecanoyl-CoA)	410,326,4
C05275 (trans-Dec-2-enoyl-CoA)	410,411,4
C05274 (Decanoyl-CoA)	410,495,4
C01832 (Lauroyl-CoA)	552,495,4
C03221 (2-trans-Dodecenoyl-CoA)	552,411,4
C05262 ((S)-3-Hydroxydodecanoyl-CoA)	552,326,4
C05263 (3-Oxododecanoyl-CoA)	552,241,4
C02593 (Tetradecanoyl-CoA)	693,495,4
C05273 (trans-Tetradec-2-enoyl-CoA)	693,411,4
C05260 ((S)-3-Hydroxytetradecanoyl-CoA)	693,326,4
C05261 (3-Oxotetradecanoyl-CoA)	693,241,4
C05259 (3-Oxopalmitoyl-CoA)	835,241,4
C05258 ((S)-3-Hydroxyhexadecanoyl-CoA)	835,326,4
C05272 (trans-Hexadec-2-enoyl-CoA)	835,411,4
C00154 (Palmitoyl-CoA)	835,495,4
C00249 (Hexadecanoic acid)	835,582,4
C20876 (Very-long-chain acyl-CoA)	463,747,4
C00083 (Malonyl-CoA)	551,720,4
C02843 (Long-chain acyl-CoA)	551,1044,4
C20876 (Very-long-chain acyl-CoA)	551,1044,4
C20879 (Very-long-chain trans-2,3-dehydroacyl-CoA)	551,963,4
C20878 (Very-long-chain (3R)-3-hydroxyacyl-CoA)	551,883,4
C20877 (Very-long-chain 3-oxoacyl-CoA)	551,803,4
C00024 (Acetyl-CoA)	214,720,4
C00040 (Acyl-CoA)	126,749,4
C00040 (Acyl-CoA)	214,1044,4
C00154 (Palmitoyl-CoA)	214,1044,4
C00658 (trans-2,3-Dehydroacyl-CoA)	214,963,4
C00605 (2,3-Dehydroacyl-CoA)	214,963,4
C00640 ((3S)-3-Hydroxyacyl-CoA)	214,883,4
C00264 (3-Oxoacyl-CoA)	214,803,4
C00249 (Hexadecanoic acid)	214,1124,4
C00162 (Fatty acid)	214,1124,4
C00638 (Long-chain fatty acid)	551,1125,4
5538 (PPT1)	813,530,859,547
9374 (PPT2)	813,530,859,547
51102 (MECR)	787,442,833,459
1892 (ECHS1)	787,361,833,378
3030 (HADHA)	787,361,833,378
3030 (HADHA)	812,276,858,293
10449 (ACAA2)	812,195,858,212
3032 (HADHB)	812,195,858,212
51102 (MECR)	645,442,691,459
1892 (ECHS1)	645,361,691,378
3030 (HADHA)	645,361,691,378
3030 (HADHA)	671,276,717,293
10449 (ACAA2)	671,195,717,212
3032 (HADHB)	671,195,717,212
51102 (MECR)	504,442,550,459
1892 (ECHS1)	504,361,550,378
3030 (HADHA)	504,361,550,378
3030 (HADHA)	529,276,575,293
10449 (ACAA2)	530,195,576,212
3032 (HADHB)	530,195,576,212
51102 (MECR)	362,442,408,459
1892 (ECHS1)	362,361,408,378
3030 (HADHA)	362,361,408,378
3030 (HADHA)	412,276,458,293
3033 (HADH)	362,276,408,293
10449 (ACAA2)	387,195,433,212
3032 (HADHB)	387,195,433,212
51102 (MECR)	220,442,266,459
1892 (ECHS1)	220,361,266,378
3030 (HADHA)	220,361,266,378
3030 (HADHA)	270,276,316,293
3033 (HADH)	220,276,266,293
10449 (ACAA2)	245,195,291,212
3032 (HADHB)	245,195,291,212
51102 (MECR)	78,442,124,459
1892 (ECHS1)	78,361,124,378
3030 (HADHA)	78,361,124,378
3030 (HADHA)	128,276,174,293
3033 (HADH)	78,276,124,293
10449 (ACAA2)	103,195,149,212
3032 (HADHB)	103,195,149,212
51144 (HSD17B12)	528,834,574,851
9524 (TECR)	528,992,574,1009
201562 (HACD2)	528,914,574,931
401494 (HACD4)	528,914,574,931
51495 (HACD3)	528,914,574,931
9200 (HACD1)	528,914,574,931
1892 (ECHS1)	166,914,212,931
3030 (HADHA)	166,914,212,931
3033 (HADH)	166,834,212,851
10449 (ACAA2)	191,759,237,776
3032 (HADHB)	191,759,237,776
51102 (MECR)	166,992,212,1009
3030 (HADHA)	216,834,262,851
5538 (PPT1)	192,1072,238,1089
9374 (PPT2)	192,1072,238,1089
10965 (ACOT2)	528,1073,573,1089
11332 (ACOT7)	528,1073,573,1089
117145 (THEM4)	528,1073,573,1089
122970 (ACOT4)	528,1073,573,1089
284486 (THEM5)	528,1073,573,1089
641371 (ACOT1)	528,1073,573,1089
54898 (ELOVL2)	529,759,575,776
60481 (ELOVL5)	529,759,575,776
64834 (ELOVL1)	529,759,575,776
6785 (ELOVL4)	529,759,575,776
79071 (ELOVL6)	529,759,575,776
79993 (ELOVL7)	529,759,575,776
83401 (ELOVL3)	529,759,575,776
hsa00071: Fatty acid degradation	626,570,753,595
hsa00062: Fatty acid elongation	40,45,249,70
hsa00071: Fatty acid degradation	97,1108,174,1142
map00073: Cutin	404,1108,508,1142
suberine and wax biosynthesis	404,1108,508,1142
