C00007 (Oxygen)	449,684,4
C00149 ((S)-Malate)	334,753,4
C00122 (Fumarate)	334,708,4
C00007 (Oxygen)	386,211,4
5781 (PTPN11)	510,380,556,397
7040 (TGFB1)	777,619,823,636
7042 (TGFB2)	777,619,823,636
7043 (TGFB3)	777,619,823,636
7422 (VEGFA)	777,593,823,610
6513 (SLC2A1)	777,566,823,583
405 (ARNT)	653,631,699,648
9915 (ARNT2)	653,631,699,648
1387 (CREBBP)	676,570,722,587
2033 (EP300)	676,570,722,587
8453 (CUL2)	521,707,567,724
9978 (RBX1)	521,690,567,707
6923 (ELOB)	475,724,521,741
6921 (ELOC)	475,707,521,724
7428 (VHL)	475,690,521,707
112398 (EGLN2)	393,699,439,716
112399 (EGLN3)	393,699,439,716
54583 (EGLN1)	393,699,439,716
2034 (EPAS1)	273,623,319,640
3091 (HIF1A)	273,623,319,640
8453 (CUL2)	457,229,503,246
9978 (RBX1)	457,212,503,229
6923 (ELOB)	411,246,457,263
6921 (ELOC)	411,229,457,246
7040 (TGFB1)	777,127,823,144
7042 (TGFB2)	777,127,823,144
7043 (TGFB3)	777,127,823,144
7039 (TGFA)	777,671,823,688
5155 (PDGFB)	777,645,823,662
201163 (FLCN)	303,852,349,869
2271 (FH)	276,720,322,737
7422 (VEGFA)	777,101,823,118
5879 (RAC1)	557,446,603,463
1398 (CRK)	512,350,558,367
1399 (CRKL)	512,350,558,367
2889 (RAPGEF1)	597,349,643,366
6654 (SOS1)	390,415,436,432
6655 (SOS2)	390,415,436,432
2885 (GRB2)	307,415,353,432
112398 (EGLN2)	331,223,377,240
112399 (EGLN3)	331,223,377,240
54583 (EGLN1)	331,223,377,240
7428 (VHL)	411,212,457,229
405 (ARNT)	653,151,699,168
9915 (ARNT2)	653,151,699,168
1387 (CREBBP)	674,89,720,106
2033 (EP300)	674,89,720,106
2034 (EPAS1)	261,145,307,162
3091 (HIF1A)	261,145,307,162
4233 (MET)	210,368,256,385
2549 (GAB1)	307,321,353,338
10298 (PAK4)	634,457,680,474
106821730 (BUB1B-PAK6)	634,457,680,474
5058 (PAK1)	634,457,680,474
5062 (PAK2)	634,457,680,474
5063 (PAK3)	634,457,680,474
56924 (PAK6)	634,457,680,474
57144 (PAK5)	634,457,680,474
5155 (PDGFB)	777,153,823,170
6513 (SLC2A1)	777,74,823,91
5906 (RAP1A)	684,349,730,366
5908 (RAP1B)	684,349,730,366
998 (CDC42)	557,469,603,486
2113 (ETS1)	865,404,911,421
10000 (AKT3)	815,321,861,338
207 (AKT1)	815,321,861,338
208 (AKT2)	815,321,861,338
5290 (PIK3CA)	684,321,730,338
5291 (PIK3CB)	684,321,730,338
5293 (PIK3CD)	684,321,730,338
5295 (PIK3R1)	684,321,730,338
5296 (PIK3R2)	684,321,730,338
8503 (PIK3R3)	684,321,730,338
3725 (JUN)	865,426,911,443
7039 (TGFA)	777,179,823,196
3082 (HGF)	128,367,174,384
5594 (MAPK1)	720,415,766,432
5595 (MAPK3)	720,415,766,432
5604 (MAP2K1)	638,415,684,432
5605 (MAP2K2)	638,415,684,432
369 (ARAF)	556,415,602,432
5894 (RAF1)	556,415,602,432
673 (BRAF)	556,415,602,432
3265 (HRAS)	472,416,518,433
3845 (KRAS)	472,416,518,433
4893 (NRAS)	472,416,518,433
572 (BAD)	887,321,933,338
5546 (PRCC)	831,502,877,519
7030 (TFE3)	886,502,932,519
1026 (CDKN1A)	999,502,1045,519
hsa05211: Renal cell carcinoma	40,45,237,70
hsa04010: MAPK signaling pathway	365,445,465,479
hsa04120: Ubiquitin mediated proteolysis	517,207,617,241
hsa00020: Citrate cycle (TCA cycle)	367,728,467,762
hsa04370: VEGF signaling pathway	965,622,1065,656
hsa04350: TGF-beta signaling pathway	966,665,1066,699
hsa04370: VEGF signaling pathway	964,129,1064,163
hsa04350: TGF-beta signaling pathway	965,174,1065,208
hsa04066: HIF-1 signaling pathway	517,80,617,114
hsa04066: HIF-1 signaling pathway	517,566,617,600
