C00165 (Diacylglycerol)	420,477,4
C01245 (D-myo-Inositol 1,4,5-trisphosphate)	515,480,4
C00704 (O2.-)	422,563,4
C00031 (D-Glucose)	114,708,4
C00022 (Pyruvate)	319,711,4
C00186 ((S)-Lactate)	319,865,4
C00024 (Acetyl-CoA)	502,713,4
C00002 (ATP)	745,712,4
C00076 (Calcium cation)	746,483,4
C00007 (Oxygen)	628,788,4
C00338 (Lipopolysaccharide)	107,154,4
C00533 (Nitric oxide)	635,395,4
C00007 (Oxygen)	719,394,4
C14818 (Fe2+)	750,386,4
C00072 (Ascorbate)	783,374,4
C00026 (2-Oxoglutarate)	807,356,4
8453 (CUL2)	723,256,769,273
9978 (RBX1)	723,239,769,256
6923 (ELOB)	677,273,723,290
6921 (ELOC)	677,256,723,273
7422 (VEGFA)	1076,354,1122,371
112398 (EGLN2)	665,342,711,359
112399 (EGLN3)	665,342,711,359
54583 (EGLN1)	665,342,711,359
7428 (VHL)	677,239,723,256
405 (ARNT)	924,408,970,425
1387 (CREBBP)	936,476,982,493
2033 (EP300)	936,476,982,493
3091 (HIF1A)	527,370,573,387
6513 (SLC2A1)	1076,606,1122,623
1950 (EGF)	64,263,110,280
3479 (IGF1)	64,263,110,280
3630 (INS)	64,263,110,280
1956 (EGFR)	146,263,192,280
2064 (ERBB2)	146,263,192,280
3480 (IGF1R)	146,263,192,280
3643 (INSR)	146,263,192,280
5290 (PIK3CA)	237,301,283,318
5291 (PIK3CB)	237,301,283,318
5293 (PIK3CD)	237,301,283,318
5295 (PIK3R1)	237,301,283,318
5296 (PIK3R2)	237,301,283,318
8503 (PIK3R3)	237,301,283,318
10000 (AKT3)	237,344,283,361
207 (AKT1)	237,344,283,361
208 (AKT2)	237,344,283,361
2475 (MTOR)	310,344,356,361
1536 (CYBB)	313,554,359,571
5335 (PLCG1)	398,517,444,534
5336 (PLCG2)	398,517,444,534
5578 (PRKCA)	398,424,444,441
5579 (PRKCB)	398,424,444,441
5582 (PRKCG)	398,424,444,441
6513 (SLC2A1)	148,701,194,718
160287 (LDHAL6A)	1076,800,1122,817
3939 (LDHA)	1076,800,1122,817
3945 (LDHB)	1076,800,1122,817
3948 (LDHC)	1076,800,1122,817
92483 (LDHAL6B)	1076,800,1122,817
5163 (PDK1)	1076,643,1122,660
160287 (LDHAL6A)	330,799,376,816
3939 (LDHA)	330,799,376,816
3945 (LDHB)	330,799,376,816
3948 (LDHC)	330,799,376,816
92483 (LDHAL6B)	330,799,376,816
5160 (PDHA1)	424,686,470,703
5161 (PDHA2)	424,686,470,703
5162 (PDHB)	424,686,470,703
5163 (PDK1)	424,644,470,661
815 (CAMK2A)	788,474,834,491
816 (CAMK2B)	788,474,834,491
817 (CAMK2D)	788,474,834,491
818 (CAMK2G)	788,474,834,491
3098 (HK1)	1076,679,1122,696
3099 (HK2)	1076,679,1122,696
3101 (HK3)	1076,679,1122,696
80201 (HKDC1)	1076,679,1122,696
5211 (PFKL)	1137,679,1183,696
5213 (PFKM)	1137,679,1183,696
5214 (PFKP)	1137,679,1183,696
2597 (GAPDH)	1076,710,1122,727
226 (ALDOA)	1137,710,1183,727
229 (ALDOB)	1137,710,1183,727
230 (ALDOC)	1137,710,1183,727
2023 (ENO1)	1076,740,1122,757
2026 (ENO2)	1076,740,1122,757
2027 (ENO3)	1076,740,1122,757
387712 (ENO4)	1076,740,1122,757
5230 (PGK1)	1137,740,1183,757
5232 (PGK2)	1137,740,1183,757
5209 (PFKFB3)	1076,769,1122,786
2056 (EPO)	1076,285,1122,302
7018 (TF)	1076,317,1122,334
7037 (TFRC)	1137,317,1183,334
2321 (FLT1)	1137,354,1183,371
1950 (EGF)	1076,380,1122,397
5054 (SERPINE1)	1137,380,1183,397
284 (ANGPT1)	1076,406,1122,423
285 (ANGPT2)	1076,406,1122,423
51378 (ANGPT4)	1076,406,1122,423
7010 (TEK)	1137,406,1183,423
7076 (TIMP1)	1076,433,1122,450
1906 (EDN1)	1076,474,1122,491
4843 (NOS2)	1137,474,1183,491
4846 (NOS3)	1076,501,1122,518
3162 (HMOX1)	1137,501,1183,518
4878 (NPPA)	1076,529,1122,546
7076 (TIMP1)	1076,186,1122,203
4055 (LTBR)	1076,212,1122,229
7099 (TLR4)	146,147,192,164
4790 (NFKB1)	420,149,466,166
5970 (RELA)	420,149,466,166
3458 (IFNG)	64,187,110,204
3459 (IFNGR1)	146,187,192,204
3460 (IFNGR2)	146,187,192,204
3569 (IL6)	64,116,110,133
3570 (IL6R)	146,116,192,133
6774 (STAT3)	420,117,466,134
1978 (EIF4EBP1)	396,306,442,323
1977 (EIF4E)	468,306,514,323
253314 (EIF4E1B)	468,306,514,323
9470 (EIF4E2)	468,306,514,323
6198 (RPS6KB1)	397,344,443,361
6199 (RPS6KB2)	397,344,443,361
6194 (RPS6)	469,344,515,361
5594 (MAPK1)	312,245,358,262
5595 (MAPK3)	312,245,358,262
5604 (MAP2K1)	237,245,283,262
5605 (MAP2K2)	237,245,283,262
2872 (MKNK2)	396,245,442,262
8569 (MKNK1)	396,245,442,262
596 (BCL2)	1076,836,1122,853
1026 (CDKN1A)	1076,861,1122,878
1027 (CDKN1B)	1076,861,1122,878
hsa05211: Renal cell carcinoma	40,45,268,70
hsa04150: mTOR signaling pathway	200,381,315,415
hsa04120: Ubiquitin mediated proteolysis	786,264,886,298
hsa04370: VEGF signaling pathway	1228,412,1328,446
hsa04151: PI3K-Akt signaling pathway	200,423,315,457
hsa00020: Citrate cycle (TCA cycle)	574,696,689,730
hsa04020: Calcium signaling pathway	609,493,724,527
hsa04010: MAPK signaling pathway	287,199,402,233
