C05981 (Phosphatidylinositol-3,4,5-trisphosphate)	393,183,4
1499 (CTNNB1)	618,356,664,373
1499 (CTNNB1)	446,394,492,411
3265 (HRAS)	443,254,489,271
3845 (KRAS)	443,254,489,271
4893 (NRAS)	443,254,489,271
10297 (APC2)	618,339,664,356
324 (APC)	618,339,664,356
8312 (AXIN1)	573,339,619,356
8313 (AXIN2)	573,339,619,356
2932 (GSK3B)	535,356,581,373
1495 (CTNNA1)	288,334,334,351
1496 (CTNNA2)	288,334,334,351
29119 (CTNNA3)	288,334,334,351
1499 (CTNNB1)	273,351,319,368
2309 (FOXO3)	554,207,600,224
572 (BAD)	554,176,600,193
842 (CASP9)	554,147,600,164
3611 (ILK)	410,205,456,222
2064 (ERBB2)	227,594,273,611
999 (CDH1)	227,344,273,361
51176 (LEF1)	777,356,823,373
6932 (TCF7)	777,356,823,373
6934 (TCF7L2)	777,356,823,373
83439 (TCF7L1)	777,356,823,373
5728 (PTEN)	315,136,361,153
5170 (PDPK1)	410,143,456,160
6654 (SOS1)	371,254,417,271
6655 (SOS2)	371,254,417,271
2885 (GRB2)	299,254,345,271
4292 (MLH1)	929,155,975,172
2002 (ELK1)	777,255,823,272
1956 (EGFR)	227,254,273,271
595 (CCND1)	900,368,946,385
4609 (MYC)	900,345,946,362
10000 (AKT3)	465,176,511,193
207 (AKT1)	465,176,511,193
208 (AKT2)	465,176,511,193
5290 (PIK3CA)	315,174,361,191
5291 (PIK3CB)	315,174,361,191
5293 (PIK3CD)	315,174,361,191
5295 (PIK3R1)	315,174,361,191
5296 (PIK3R2)	315,174,361,191
8503 (PIK3R3)	315,174,361,191
1950 (EGF)	150,255,196,272
5594 (MAPK1)	658,254,704,271
5595 (MAPK3)	658,254,704,271
5604 (MAP2K1)	587,254,633,271
5605 (MAP2K2)	587,254,633,271
369 (ARAF)	515,254,561,271
5894 (RAF1)	515,254,561,271
673 (BRAF)	515,254,561,271
3845 (KRAS)	443,288,489,305
7157 (TP53)	811,450,857,467
1026 (CDKN1A)	941,429,987,446
10912 (GADD45G)	993,429,1039,446
1647 (GADD45A)	993,429,1039,446
4616 (GADD45B)	993,429,1039,446
581 (BAX)	941,451,987,468
578 (BAK1)	993,451,1039,468
1643 (DDB2)	941,473,987,490
51426 (POLK)	993,473,1039,490
7157 (TP53)	811,649,857,666
1026 (CDKN1A)	941,629,987,646
10912 (GADD45G)	993,629,1039,646
1647 (GADD45A)	993,629,1039,646
4616 (GADD45B)	993,629,1039,646
581 (BAX)	941,651,987,668
578 (BAK1)	993,651,1039,668
1643 (DDB2)	941,673,987,690
51426 (POLK)	993,673,1039,690
hsa04110: Cell cycle	821,596,923,630
hsa04012: ErbB signaling pathway	302,590,404,624
hsa04060: Cytokine-cytokine receptor interaction	115,287,217,321
hsa04520: Adherens junction	342,355,444,389
hsa04010: MAPK signaling pathway	514,283,616,317
hsa05213: Endometrial cancer	40,45,221,70
hsa04310: Wnt signaling pathway	514,418,616,452
hsa04115: p53 signaling pathway	821,489,923,523
hsa04151: PI3K-Akt signaling pathway	514,104,616,138
