C00076 (Calcium cation)	674,481,4
C00002 (ATP)	800,392,4
C00575 (3',5'-Cyclic AMP)	800,470,4
C00338 (Lipopolysaccharide)	491,756,4
C19596 (Lipooligosaccharide)	491,809,4
C00374 (Heparin)	624,137,4
C12505 (Magnesium sulfate)	109,97,4
C00253 (Nicotinate)	109,110,4
C00238 (Potassium cation)	721,592,4
C05005 (Glycolipid)	624,159,4
3684 (ITGAM)	601,362,647,379
3688 (ITGB1)	601,245,647,262
3689 (ITGB2)	601,379,647,396
163688 (CALML6)	711,473,757,490
51806 (CALML5)	711,473,757,490
801 (CALM1)	711,473,757,490
805 (CALM2)	711,473,757,490
808 (CALM3)	711,473,757,490
810 (CALML3)	711,473,757,490
91860 (CALML4)	711,473,757,490
7099 (TLR4)	601,762,647,779
23643 (LY96)	562,745,608,762
4790 (NFKB1)	1159,762,1205,779
5970 (RELA)	1159,762,1205,779
4615 (MYD88)	713,762,759,779
114609 (TIRAP)	713,745,759,762
3661 (IRF3)	1159,800,1205,817
10392 (NOD1)	730,1119,776,1136
3552 (IL1A)	903,1119,949,1136
3553 (IL1B)	903,1119,949,1136
4843 (NOS2)	1018,1119,1064,1136
3569 (IL6)	1320,788,1366,805
3553 (IL1B)	1320,768,1366,785
51561 (IL23A)	1320,828,1366,845
653509 (SFTPA1)	543,685,589,702
729238 (SFTPA2)	543,685,589,702
2770 (GNAI1)	935,988,981,1005
2771 (GNAI2)	935,988,981,1005
2773 (GNAI3)	935,988,981,1005
3576 (CXCL8)	1018,1061,1064,1078
6372 (CXCL6)	1018,1082,1064,1099
6374 (CXCL5)	1018,1082,1064,1099
3678 (ITGA5)	601,228,647,245
387 (RHOA)	927,382,973,399
1072 (CFL1)	1020,382,1066,399
1073 (CFL2)	1020,382,1066,399
836 (CASP3)	883,320,929,337
840 (CASP7)	883,340,929,357
715 (C1R)	406,616,452,633
716 (C1S)	406,633,452,650
712 (C1QA)	360,624,406,641
713 (C1QB)	360,624,406,641
714 (C1QC)	360,624,406,641
722 (C4BPA)	358,697,404,714
725 (C4BPB)	358,697,404,714
710 (SERPING1)	358,674,404,691
720 (C4A)	483,633,529,650
721 (C4B)	483,633,529,650
717 (C2)	483,616,529,633
718 (C3)	555,614,601,631
727 (C5)	555,635,601,652
1432 (MAPK14)	1054,860,1100,877
5600 (MAPK11)	1054,860,1100,877
5603 (MAPK13)	1054,860,1100,877
6300 (MAPK12)	1054,860,1100,877
5594 (MAPK1)	1054,910,1100,927
5595 (MAPK3)	1054,910,1100,927
2353 (FOS)	1159,885,1205,902
3725 (JUN)	1159,885,1205,902
5599 (MAPK8)	1054,883,1100,900
5601 (MAPK9)	1054,883,1100,900
5602 (MAPK10)	1054,883,1100,900
7124 (TNF)	1320,851,1366,868
3654 (IRAK1)	810,772,856,789
7189 (TRAF6)	935,762,981,779
353376 (TICAM2)	810,800,856,817
148022 (TICAM1)	936,800,982,817
929 (CD14)	601,779,647,796
3592 (IL12A)	1320,808,1366,825
3593 (IL12B)	1320,808,1366,825
3586 (IL10)	1320,880,1366,897
3394 (IRF8)	1159,717,1205,734
3659 (IRF1)	1159,693,1205,710
834 (CASP1)	849,566,895,583
114548 (NLRP3)	849,600,895,617
3592 (IL12A)	1320,706,1366,723
3593 (IL12B)	1320,706,1366,723
29108 (PYCARD)	849,583,895,600
3553 (IL1B)	977,583,1023,600
51135 (IRAK4)	810,755,856,772
hsa05133: Pertussis	40,45,142,70
hsa04210: Apoptosis	996,288,1091,322
map03070: Bacterial secretion system	87,613,233,647
map02020: Two-component system	68,320,198,354
hsa04610: Complement and coagulation cascades	356,562,547,596
hsa04010: MAPK signaling pathway	1042,935,1183,969
hsa04620: Toll-like receptor signaling pathway	598,828,716,862
