214 (ALCAM)	60,573,106,590
923 (CD6)	144,573,190,590
6693 (SPN)	145,810,191,827
6614 (SIGLEC1)	61,810,107,827
5788 (PTPRC)	145,771,191,788
933 (CD22)	61,771,107,788
925 (CD8A)	250,240,296,257
926 (CD8B)	250,240,296,257
927 (CD8B2)	250,240,296,257
3688 (ITGB1)	910,467,956,484
8516 (ITGA8)	910,450,956,467
3689 (ITGB2)	442,635,488,652
3683 (ITGAL)	442,618,488,635
958 (CD40)	526,760,572,777
958 (CD40)	442,591,488,608
958 (CD40)	334,620,380,637
958 (CD40)	335,308,381,325
4756 (NEO1)	1291,793,1337,810
1013 (CDH15)	1291,767,1337,784
1013 (CDH15)	1207,767,1253,784
1002 (CDH4)	1291,742,1337,759
1002 (CDH4)	1207,742,1253,759
1001 (CDH3)	1291,651,1337,668
1001 (CDH3)	1207,651,1253,668
3688 (ITGB1)	1290,502,1336,519
3655 (ITGA6)	1290,485,1336,502
5819 (NECTIN2)	1290,459,1336,476
999 (CDH1)	1290,407,1336,424
999 (CDH1)	1206,407,1252,424
999 (CDH1)	1290,214,1336,231
999 (CDH1)	1206,214,1252,231
5010 (CLDN11)	1099,788,1145,805
5010 (CLDN11)	1015,788,1061,805
1462 (VCAN)	1015,544,1061,561
999 (CDH1)	1100,425,1146,442
999 (CDH1)	1015,425,1061,442
4099 (MAG)	1099,395,1145,412
4099 (MAG)	1015,395,1061,412
4359 (MPZ)	1099,365,1145,382
9019 (MPZL1)	1099,365,1145,382
4359 (MPZ)	1015,365,1061,382
9019 (MPZL1)	1015,365,1061,382
25945 (NECTIN3)	1206,459,1252,476
23114 (NFASC)	1015,608,1061,625
23114 (NFASC)	1100,544,1146,561
26047 (CNTNAP2)	1100,691,1146,708
8506 (CNTNAP1)	1100,626,1146,643
26047 (CNTNAP2)	1100,264,1146,281
8506 (CNTNAP1)	1100,195,1146,212
23114 (NFASC)	1015,178,1061,195
23114 (NFASC)	1100,139,1146,156
5797 (PTPRM)	909,652,955,669
5797 (PTPRM)	825,652,871,669
6900 (CNTN2)	1100,247,1146,264
6900 (CNTN2)	1015,246,1061,263
6900 (CNTN2)	1100,674,1146,691
6900 (CNTN2)	1015,673,1061,690
6900 (CNTN2)	909,721,955,738
6900 (CNTN2)	825,721,871,738
1272 (CNTN1)	1100,178,1146,195
1272 (CNTN1)	1100,609,1146,626
1272 (CNTN1)	1100,569,1146,586
1272 (CNTN1)	1015,631,1061,648
1272 (CNTN1)	909,618,955,635
4897 (NRCAM)	1100,520,1146,537
4897 (NRCAM)	1100,112,1146,129
4897 (NRCAM)	825,618,871,635
22829 (NLGN4Y)	910,497,956,514
22871 (NLGN1)	910,497,956,514
54413 (NLGN3)	910,497,956,514
57502 (NLGN4X)	910,497,956,514
57555 (NLGN2)	910,497,956,514
9369 (NRXN3)	825,497,871,514
9378 (NRXN1)	825,497,871,514
9379 (NRXN2)	825,497,871,514
3696 (ITGB8)	910,425,956,442
3685 (ITGAV)	910,408,956,425
6382 (SDC1)	1015,125,1061,142
6383 (SDC2)	1015,125,1061,142
6385 (SDC4)	1015,125,1061,142
9672 (SDC3)	1015,125,1061,142
6382 (SDC1)	910,379,956,396
6383 (SDC2)	910,379,956,396
6385 (SDC4)	910,379,956,396
9672 (SDC3)	910,379,956,396
5792 (PTPRF)	826,353,872,370
257194 (NEGR1)	910,269,956,286
257194 (NEGR1)	826,269,872,286
57863 (CADM3)	909,584,955,601
57863 (CADM3)	825,584,871,601
23705 (CADM1)	1290,242,1336,259
23705 (CADM1)	1206,242,1252,259
23705 (CADM1)	910,238,956,255
23705 (CADM1)	826,238,872,255
1000 (CDH2)	1290,433,1336,450
1000 (CDH2)	1206,433,1252,450
1000 (CDH2)	1291,717,1337,734
1000 (CDH2)	1207,717,1253,734
1000 (CDH2)	909,789,955,806
1000 (CDH2)	825,789,871,806
4684 (NCAM1)	909,686,955,703
4685 (NCAM2)	909,686,955,703
4684 (NCAM1)	825,686,871,703
4685 (NCAM2)	825,686,871,703
3897 (L1CAM)	909,755,955,772
3897 (L1CAM)	825,755,871,772
3897 (L1CAM)	910,207,956,224
3897 (L1CAM)	826,207,872,224
4684 (NCAM1)	910,178,956,195
4685 (NCAM2)	910,178,956,195
4684 (NCAM1)	826,178,872,195
4685 (NCAM2)	826,178,872,195
1000 (CDH2)	910,148,956,165
1000 (CDH2)	826,148,872,165
5818 (NECTIN1)	1290,187,1336,204
5818 (NECTIN1)	1206,187,1252,204
25945 (NECTIN3)	1207,623,1253,640
25945 (NECTIN3)	1291,596,1337,613
5818 (NECTIN1)	1291,623,1337,640
5818 (NECTIN1)	1207,596,1253,613
25945 (NECTIN3)	826,118,872,135
25945 (NECTIN3)	910,93,956,110
5818 (NECTIN1)	910,118,956,135
5818 (NECTIN1)	826,93,872,110
5819 (NECTIN2)	718,734,764,751
5817 (PVR)	718,708,764,725
10666 (CD226)	633,721,679,738
6401 (SELE)	717,591,763,608
2734 (GLG1)	633,591,679,608
6403 (SELP)	717,552,763,569
6404 (SELPLG)	633,552,679,569
947 (CD34)	718,515,764,532
6402 (SELL)	634,486,680,503
8174 (MADCAM1)	719,457,765,474
7412 (VCAM1)	718,369,764,386
3695 (ITGB7)	634,426,680,443
3680 (ITGA9)	634,360,680,377
3688 (ITGB1)	634,377,680,394
3688 (ITGB1)	634,329,680,346
3676 (ITGA4)	634,409,680,426
3676 (ITGA4)	634,312,680,329
4267 (CD99)	717,669,763,686
4267 (CD99)	633,669,679,686
5175 (PECAM1)	717,630,763,647
5175 (PECAM1)	633,630,679,647
965 (CD58)	717,773,763,790
914 (CD2)	633,773,679,790
3385 (ICAM3)	718,151,764,168
3383 (ICAM1)	718,191,764,208
3384 (ICAM2)	718,241,764,258
58494 (JAM2)	718,320,764,337
83700 (JAM3)	718,280,764,297
83700 (JAM3)	634,280,680,297
3689 (ITGB2)	634,249,680,266
3684 (ITGAM)	634,232,680,249
3689 (ITGB2)	634,201,680,218
3683 (ITGAL)	634,184,680,201
50848 (F11R)	718,114,764,131
50848 (F11R)	634,114,680,131
5175 (PECAM1)	526,790,572,807
959 (CD40LG)	442,760,488,777
50848 (F11R)	526,730,572,747
50848 (F11R)	442,730,488,747
3384 (ICAM2)	526,627,572,644
959 (CD40LG)	526,591,572,608
6403 (SELP)	526,563,572,580
83700 (JAM3)	526,528,572,545
3689 (ITGB2)	442,536,488,553
4267 (CD99)	526,353,572,370
5175 (PECAM1)	526,321,572,338
1003 (CDH5)	526,290,572,307
90952 (ESAM)	526,259,572,276
83700 (JAM3)	526,228,572,245
58494 (JAM2)	526,197,572,214
50848 (F11R)	526,165,572,182
3689 (ITGB2)	250,759,296,776
3683 (ITGAL)	250,742,296,759
3383 (ICAM1)	334,750,380,767
3384 (ICAM2)	334,750,380,767
3385 (ICAM3)	334,750,380,767
3689 (ITGB2)	334,719,380,736
3683 (ITGAL)	334,702,380,719
3383 (ICAM1)	250,710,296,727
3384 (ICAM2)	250,710,296,727
3385 (ICAM3)	250,710,296,727
80380 (PDCD1LG2)	334,674,380,691
29126 (CD274)	334,649,380,666
5133 (PDCD1)	250,674,296,691
959 (CD40LG)	250,620,296,637
920 (CD4)	250,586,296,603
3108 (HLA-DMA)	335,557,381,574
3109 (HLA-DMB)	335,557,381,574
3111 (HLA-DOA)	335,557,381,574
3112 (HLA-DOB)	335,557,381,574
3113 (HLA-DPA1)	335,557,381,574
3115 (HLA-DPB1)	335,557,381,574
3117 (HLA-DQA1)	335,557,381,574
3118 (HLA-DQA2)	335,557,381,574
3119 (HLA-DQB1)	335,557,381,574
3122 (HLA-DRA)	335,557,381,574
3123 (HLA-DRB1)	335,557,381,574
3125 (HLA-DRB3)	335,557,381,574
3126 (HLA-DRB4)	335,557,381,574
3127 (HLA-DRB5)	335,557,381,574
942 (CD86)	335,518,381,535
941 (CD80)	335,489,381,506
940 (CD28)	250,489,296,506
965 (CD58)	335,460,381,477
914 (CD2)	250,460,296,477
959 (CD40LG)	250,308,296,325
3383 (ICAM1)	335,274,381,291
3384 (ICAM2)	335,274,381,291
3385 (ICAM3)	335,274,381,291
3689 (ITGB2)	250,283,296,300
3683 (ITGAL)	250,266,296,283
3105 (HLA-A)	335,216,381,233
3106 (HLA-B)	335,216,381,233
3107 (HLA-C)	335,216,381,233
3133 (HLA-E)	335,216,381,233
3134 (HLA-F)	335,216,381,233
3135 (HLA-G)	335,216,381,233
942 (CD86)	335,185,381,202
941 (CD80)	335,161,381,178
940 (CD28)	250,161,296,178
965 (CD58)	335,140,381,157
914 (CD2)	250,140,296,157
3383 (ICAM1)	60,734,106,751
3384 (ICAM2)	60,734,106,751
3385 (ICAM3)	60,734,106,751
3689 (ITGB2)	145,743,191,760
3683 (ITGAL)	145,726,191,743
5175 (PECAM1)	442,790,488,807
6404 (SELPLG)	442,563,488,580
3684 (ITGAM)	442,519,488,536
4267 (CD99)	442,353,488,370
958 (CD40)	60,544,106,561
3689 (ITGB2)	60,703,106,720
58494 (JAM2)	442,197,488,214
90952 (ESAM)	442,259,488,276
50848 (F11R)	442,165,488,182
100506658 (OCLN)	526,134,572,151
100506658 (OCLN)	442,134,488,151
100132463 (CLDN24)	526,103,572,120
10686 (CLDN16)	526,103,572,120
1364 (CLDN4)	526,103,572,120
1365 (CLDN3)	526,103,572,120
1366 (CLDN7)	526,103,572,120
137075 (CLDN23)	526,103,572,120
149461 (CLDN19)	526,103,572,120
23562 (CLDN14)	526,103,572,120
24146 (CLDN15)	526,103,572,120
26285 (CLDN17)	526,103,572,120
49861 (CLDN20)	526,103,572,120
5010 (CLDN11)	526,103,572,120
51208 (CLDN18)	526,103,572,120
53842 (CLDN22)	526,103,572,120
644672 (CLDN25)	526,103,572,120
7122 (CLDN5)	526,103,572,120
9071 (CLDN10)	526,103,572,120
9073 (CLDN8)	526,103,572,120
9074 (CLDN6)	526,103,572,120
9075 (CLDN2)	526,103,572,120
9076 (CLDN1)	526,103,572,120
9080 (CLDN9)	526,103,572,120
100132463 (CLDN24)	442,103,488,120
10686 (CLDN16)	442,103,488,120
1364 (CLDN4)	442,103,488,120
1365 (CLDN3)	442,103,488,120
1366 (CLDN7)	442,103,488,120
137075 (CLDN23)	442,103,488,120
149461 (CLDN19)	442,103,488,120
23562 (CLDN14)	442,103,488,120
24146 (CLDN15)	442,103,488,120
26285 (CLDN17)	442,103,488,120
49861 (CLDN20)	442,103,488,120
5010 (CLDN11)	442,103,488,120
51208 (CLDN18)	442,103,488,120
53842 (CLDN22)	442,103,488,120
644672 (CLDN25)	442,103,488,120
7122 (CLDN5)	442,103,488,120
9071 (CLDN10)	442,103,488,120
9073 (CLDN8)	442,103,488,120
9074 (CLDN6)	442,103,488,120
9075 (CLDN2)	442,103,488,120
9076 (CLDN1)	442,103,488,120
9080 (CLDN9)	442,103,488,120
100506658 (OCLN)	1290,132,1336,149
50848 (F11R)	1290,160,1336,177
100132463 (CLDN24)	1290,105,1336,122
10686 (CLDN16)	1290,105,1336,122
1364 (CLDN4)	1290,105,1336,122
1365 (CLDN3)	1290,105,1336,122
1366 (CLDN7)	1290,105,1336,122
137075 (CLDN23)	1290,105,1336,122
149461 (CLDN19)	1290,105,1336,122
23562 (CLDN14)	1290,105,1336,122
24146 (CLDN15)	1290,105,1336,122
26285 (CLDN17)	1290,105,1336,122
49861 (CLDN20)	1290,105,1336,122
5010 (CLDN11)	1290,105,1336,122
51208 (CLDN18)	1290,105,1336,122
53842 (CLDN22)	1290,105,1336,122
644672 (CLDN25)	1290,105,1336,122
7122 (CLDN5)	1290,105,1336,122
9071 (CLDN10)	1290,105,1336,122
9073 (CLDN8)	1290,105,1336,122
9074 (CLDN6)	1290,105,1336,122
9075 (CLDN2)	1290,105,1336,122
9076 (CLDN1)	1290,105,1336,122
9080 (CLDN9)	1290,105,1336,122
3383 (ICAM1)	145,695,191,712
3384 (ICAM2)	145,695,191,712
3385 (ICAM3)	145,695,191,712
920 (CD4)	144,344,190,361
29851 (ICOS)	144,276,190,293
80381 (CD276)	60,488,106,505
959 (CD40LG)	144,544,190,561
80380 (PDCD1LG2)	60,459,106,476
29126 (CD274)	60,431,106,448
5175 (PECAM1)	442,321,488,338
5788 (PTPRC)	250,790,296,807
102723996	60,276,106,293
23308 (ICOSLG)	60,276,106,293
5133 (PDCD1)	144,459,190,476
1003 (CDH5)	442,290,488,307
3105 (HLA-A)	60,378,106,395
3106 (HLA-B)	60,378,106,395
3107 (HLA-C)	60,378,106,395
3133 (HLA-E)	60,378,106,395
3134 (HLA-F)	60,378,106,395
3135 (HLA-G)	60,378,106,395
3108 (HLA-DMA)	60,315,106,332
3109 (HLA-DMB)	60,315,106,332
3111 (HLA-DOA)	60,315,106,332
3112 (HLA-DOB)	60,315,106,332
3113 (HLA-DPA1)	60,315,106,332
3115 (HLA-DPB1)	60,315,106,332
3117 (HLA-DQA1)	60,315,106,332
3118 (HLA-DQA2)	60,315,106,332
3119 (HLA-DQB1)	60,315,106,332
3122 (HLA-DRA)	60,315,106,332
3123 (HLA-DRB1)	60,315,106,332
3125 (HLA-DRB3)	60,315,106,332
3126 (HLA-DRB4)	60,315,106,332
3127 (HLA-DRB5)	60,315,106,332
10666 (CD226)	145,669,191,686
50848 (F11R)	1206,160,1252,177
941 (CD80)	60,223,106,240
83700 (JAM3)	442,228,488,245
3683 (ITGAL)	60,686,106,703
925 (CD8A)	144,407,190,424
926 (CD8B)	144,407,190,424
927 (CD8B2)	144,407,190,424
933 (CD22)	335,790,381,807
100132463 (CLDN24)	1206,105,1252,122
10686 (CLDN16)	1206,105,1252,122
1364 (CLDN4)	1206,105,1252,122
1365 (CLDN3)	1206,105,1252,122
1366 (CLDN7)	1206,105,1252,122
137075 (CLDN23)	1206,105,1252,122
149461 (CLDN19)	1206,105,1252,122
23562 (CLDN14)	1206,105,1252,122
24146 (CLDN15)	1206,105,1252,122
26285 (CLDN17)	1206,105,1252,122
49861 (CLDN20)	1206,105,1252,122
5010 (CLDN11)	1206,105,1252,122
51208 (CLDN18)	1206,105,1252,122
53842 (CLDN22)	1206,105,1252,122
644672 (CLDN25)	1206,105,1252,122
7122 (CLDN5)	1206,105,1252,122
9071 (CLDN10)	1206,105,1252,122
9073 (CLDN8)	1206,105,1252,122
9074 (CLDN6)	1206,105,1252,122
9075 (CLDN2)	1206,105,1252,122
9076 (CLDN1)	1206,105,1252,122
9080 (CLDN9)	1206,105,1252,122
1493 (CTLA4)	144,250,190,267
940 (CD28)	144,223,190,240
942 (CD86)	60,250,106,267
100506658 (OCLN)	1206,132,1252,149
965 (CD58)	60,140,106,157
914 (CD2)	144,140,190,157
29126 (CD274)	144,196,190,213
79679 (VTCN1)	60,516,106,533
10666 (CD226)	144,605,190,622
5819 (NECTIN2)	60,631,106,648
5817 (PVR)	60,605,106,622
201633 (TIGIT)	144,629,190,646
29126 (CD274)	250,518,296,535
29126 (CD274)	250,185,296,202
10666 (CD226)	250,334,296,351
5819 (NECTIN2)	335,356,381,373
5817 (PVR)	335,334,381,351
201633 (TIGIT)	250,356,296,373
25945 (NECTIN3)	335,377,381,394
6382 (SDC1)	826,379,872,396
6383 (SDC2)	826,379,872,396
6385 (SDC4)	826,379,872,396
9672 (SDC3)	826,379,872,396
22854 (NTNG1)	826,301,872,318
84628 (NTNG2)	826,327,872,344
57689 (LRRC4C)	910,301,956,318
64101 (LRRC4)	910,327,956,344
94030 (LRRC4B)	910,353,956,370
64115 (VSIR)	60,168,106,185
152404 (IGSF11)	144,168,190,185
hsa04670: Leukocyte transendothelial migration	649,830,752,875
hsa04670: Leukocyte transendothelial migration	455,431,558,476
hsa04660: T cell receptor signaling pathway	74,842,177,876
hsa04530: Tight junction	455,392,558,417
hsa04610: Complement and coagulation cascades	455,836,558,870
hsa04530: Tight junction	1220,281,1323,315
hsa04520: Adherens junction	1220,329,1323,363
hsa04514: Cell adhesion molecules (CAMs)	40,45,273,70
