C00951 (Estradiol-17beta)	248,312,4
C00951 (Estradiol-17beta)	1047,271,4
C00575 (3',5'-Cyclic AMP)	620,486,4
C00951 (Estradiol-17beta)	255,684,4
C00951 (Estradiol-17beta)	497,349,4
D08559 (Tamoxifen (INN))	111,170,4
D00964 (Letrozole (JAN/USP/INN))	154,349,4
D00960 (Anastrozole (JAN/USAN/INN))	154,349,4
D00963 (Exemestane (JAN/USP/INN))	154,349,4
D01161 (Fulvestrant (JAN/USAN/INN))	673,179,4
C00535 (Testosterone)	109,312,4
C00280 (Androstenedione)	109,312,4
D08559 (Tamoxifen (INN))	255,710,4
C16547 (Endoxifen)	251,170,4
2099 (ESR1)	694,301,740,318
2100 (ESR2)	694,301,740,318
2099 (ESR1)	1025,301,1071,318
2100 (ESR2)	1025,301,1071,318
2852 (GPER1)	574,343,620,360
6714 (SRC)	380,376,426,393
4313 (MMP2)	239,376,285,393
4318 (MMP9)	239,376,285,393
1839 (HBEGF)	302,422,348,439
1956 (EGFR)	302,545,348,562
1839 (HBEGF)	194,545,240,562
2099 (ESR1)	1025,390,1071,407
2100 (ESR2)	1025,390,1071,407
10498 (CARM1)	1025,407,1071,424
5469 (MED1)	1025,407,1071,424
8202 (NCOA3)	1025,407,1071,424
5566 (PRKACA)	829,477,875,494
5567 (PRKACB)	829,477,875,494
5568 (PRKACG)	829,477,875,494
3265 (HRAS)	604,545,650,562
3845 (KRAS)	604,545,650,562
4893 (NRAS)	604,545,650,562
369 (ARAF)	679,545,725,562
5894 (RAF1)	679,545,725,562
673 (BRAF)	679,545,725,562
5604 (MAP2K1)	754,545,800,562
5605 (MAP2K2)	754,545,800,562
5594 (MAPK1)	830,545,876,561
5595 (MAPK3)	830,545,876,561
2852 (GPER1)	302,676,348,693
25759 (SHC2)	378,545,424,562
399694 (SHC4)	378,545,424,562
53358 (SHC3)	378,545,424,562
6464 (SHC1)	378,545,424,562
2885 (GRB2)	454,545,500,562
6654 (SOS1)	529,545,575,562
6655 (SOS2)	529,545,575,562
2778 (GNAS)	458,376,504,393
107 (ADCY1)	302,476,348,493
108 (ADCY2)	302,476,348,493
109 (ADCY3)	302,476,348,493
111 (ADCY5)	302,476,348,493
112 (ADCY6)	302,476,348,493
113 (ADCY7)	302,476,348,493
114 (ADCY8)	302,476,348,493
115 (ADCY9)	302,476,348,493
196883 (ADCY4)	302,476,348,493
5290 (PIK3CA)	421,628,467,645
5291 (PIK3CB)	421,628,467,645
5293 (PIK3CD)	421,628,467,645
5295 (PIK3R1)	421,628,467,645
5296 (PIK3R2)	421,628,467,645
8503 (PIK3R3)	421,628,467,645
10000 (AKT3)	529,628,575,645
207 (AKT1)	529,628,575,645
208 (AKT2)	529,628,575,645
1432 (MAPK14)	829,737,875,754
5600 (MAPK11)	829,737,875,754
5603 (MAPK13)	829,737,875,754
6300 (MAPK12)	829,737,875,754
5599 (MAPK8)	829,766,875,783
5601 (MAPK9)	829,766,875,783
5602 (MAPK10)	829,766,875,783
182 (JAG1)	210,877,256,894
3714 (JAG2)	210,877,256,894
4851 (NOTCH1)	302,896,348,913
4853 (NOTCH2)	302,896,348,913
4854 (NOTCH3)	302,896,348,913
4855 (NOTCH4)	302,896,348,913
4193 (MDM2)	960,814,1006,831
7157 (TP53)	1039,814,1085,831
1029 (CDKN2A)	1133,802,1179,819
1031 (CDKN2C)	1188,802,1234,819
1026 (CDKN1A)	1133,827,1179,844
1027 (CDKN1B)	1188,827,1234,844
595 (CCND1)	1013,745,1059,762
1019 (CDK4)	1102,745,1148,762
5925 (RB1)	1183,745,1229,762
1869 (E2F1)	1262,745,1308,762
1870 (E2F2)	1262,745,1308,762
1871 (E2F3)	1262,745,1308,762
2475 (MTOR)	708,629,754,646
6198 (RPS6KB1)	827,631,873,648
6199 (RPS6KB2)	827,631,873,648
3479 (IGF1)	195,618,241,635
3480 (IGF1R)	302,618,348,635
2064 (ERBB2)	302,594,348,611
10498 (CARM1)	1025,318,1071,335
5469 (MED1)	1025,318,1071,335
8202 (NCOA3)	1025,318,1071,335
3725 (JUN)	1025,535,1071,552
2353 (FOS)	1025,557,1071,574
596 (BCL2)	587,821,633,838
638 (BIK)	692,860,738,877
572 (BAD)	692,836,738,853
581 (BAX)	692,812,738,829
2353 (FOS)	1025,424,1071,441
3725 (JUN)	1025,424,1071,441
6667 (SP1)	1025,424,1071,441
2099 (ESR1)	827,662,873,679
2100 (ESR2)	827,662,873,679
10498 (CARM1)	827,679,873,696
5469 (MED1)	827,679,873,696
8202 (NCOA3)	827,679,873,696
6714 (SRC)	827,695,873,712
2099 (ESR1)	1025,469,1071,486
2100 (ESR2)	1025,469,1071,486
9611 (NCOR1)	1025,486,1071,503
5747 (PTK2)	348,667,394,684
6714 (SRC)	348,684,394,701
107987478	148,150,194,167
107987479 (CYP2D6)	148,150,194,167
1564 (CYP2D7)	148,150,194,167
1565 (CYP2D6)	148,150,194,167
8647 (ABCB11)	302,208,348,225
10683 (DLL3)	211,916,257,933
28514 (DLL1)	211,916,257,933
54567 (DLL4)	211,916,257,933
hsa01522: Endocrine resistance	40,45,265,70
hsa04010: MAPK signaling pathway	596,570,712,604
hsa04913: Ovarian steroidogenesis	115,265,233,299
hsa04010: MAPK signaling pathway	377,288,493,322
hsa04210: Apoptosis	758,800,858,825
hsa04110: Cell cycle	1273,809,1373,834
hsa04151: PI3K-Akt signaling pathway	543,676,671,710
hsa00982: Drug metabolism - cytochrome P450	115,201,233,235
hsa04024: cAMP signaling pathway	564,435,680,469
hsa04330: Notch signaling pathway	369,862,485,896
