C00076 (Calcium cation)	756,171,4
C05981 (Phosphatidylinositol-3,4,5-trisphosphate)	375,924,4
C00319 (Sphingosine)	449,379,4
C00027 (Hydrogen peroxide)	518,419,4
598 (BCL2L1)	1513,893,1559,910
1676 (DFFA)	1141,304,1187,321
472 (ATM)	1260,538,1306,555
7157 (TP53)	1260,585,1306,602
2021 (ENDOG)	1078,681,1124,698
9131 (AIFM1)	1078,704,1124,721
596 (BCL2)	642,623,688,640
329 (BIRC2)	1513,868,1559,885
330 (BIRC3)	1513,868,1559,885
331 (XIAP)	1513,868,1559,885
332 (BIRC5)	1513,868,1559,885
1677 (DFFB)	1141,336,1187,353
842 (CASP9)	1079,377,1125,394
840 (CASP7)	964,341,1010,358
836 (CASP3)	964,318,1010,335
572 (BAD)	573,728,619,745
4790 (NFKB1)	809,892,855,909
5970 (RELA)	809,892,855,909
329 (BIRC2)	868,378,914,395
330 (BIRC3)	868,378,914,395
331 (XIAP)	868,378,914,395
332 (BIRC5)	868,378,914,395
839 (CASP6)	964,285,1010,302
4792 (NFKBIA)	809,860,855,877
317 (APAF1)	942,627,988,644
54205 (CYCS)	942,594,988,611
637 (BID)	760,416,806,433
841 (CASP8)	761,317,807,334
843 (CASP10)	761,342,807,359
823 (CAPN1)	792,163,838,180
824 (CAPN2)	792,163,838,180
10000 (AKT3)	522,915,568,932
207 (AKT1)	522,915,568,932
208 (AKT2)	522,915,568,932
9020 (MAP3K14)	307,726,353,743
1147 (CHUK)	719,860,765,877
3551 (IKBKB)	719,860,765,877
8517 (IKBKG)	719,860,765,877
8837 (CFLAR)	502,288,548,305
5290 (PIK3CA)	264,915,310,932
5291 (PIK3CB)	264,915,310,932
5293 (PIK3CD)	264,915,310,932
5295 (PIK3R1)	264,915,310,932
5296 (PIK3R2)	264,915,310,932
8503 (PIK3R3)	264,915,310,932
7186 (TRAF2)	264,402,310,419
8737 (RIPK1)	264,385,310,402
8717 (TRADD)	264,368,310,385
8772 (FADD)	264,337,310,354
8717 (TRADD)	264,320,310,337
8772 (FADD)	264,161,310,178
1439 (CSF2RB)	178,960,224,977
3563 (IL3RA)	178,960,224,977
4914 (NTRK1)	178,915,224,932
7132 (TNFRSF1A)	178,345,224,362
8795 (TNFRSF10B)	178,143,224,160
8797 (TNFRSF10A)	178,143,224,160
355 (FAS)	178,176,224,193
3562 (IL3)	89,960,135,977
4803 (NGF)	89,915,135,932
7124 (TNF)	89,345,135,362
8743 (TNFSF10)	89,143,135,160
356 (FASLG)	89,176,135,193
6708 (SPTA1)	1141,207,1187,224
6709 (SPTAN1)	1141,207,1187,224
4000 (LMNA)	1141,240,1187,257
4001 (LMNB1)	1141,240,1187,257
84823 (LMNB2)	1141,240,1187,257
10038 (PARP2)	1141,274,1187,291
10039 (PARP3)	1141,274,1187,291
142 (PARP1)	1141,274,1187,291
143 (PARP4)	1141,274,1187,291
56616 (DIABLO)	959,488,1005,505
5414 (SEPTIN4)	959,509,1005,526
27429 (HTRA2)	959,530,1005,547
581 (BAX)	1460,546,1506,563
578 (BAK1)	1408,546,1454,563
637 (BID)	1408,571,1454,588
5366 (PMAIP1)	1460,621,1506,638
27113 (BBC3)	1408,621,1454,638
317 (APAF1)	1460,571,1506,588
63970 (TP53AIP1)	1513,571,1559,588
355 (FAS)	1408,596,1454,613
8795 (TNFRSF10B)	1460,596,1506,613
8797 (TNFRSF10A)	1460,596,1506,613
7186 (TRAF2)	540,163,586,180
2081 (ERN1)	586,163,632,180
100506742 (CASP12)	870,163,916,180
5783 (PTPN13)	1408,868,1454,885
8837 (CFLAR)	1460,868,1506,885
10912 (GADD45G)	1408,893,1454,910
1647 (GADD45A)	1408,893,1454,910
4616 (GADD45B)	1408,893,1454,910
597 (BCL2A1)	1408,918,1454,935
7185 (TRAF1)	1460,893,1506,910
7186 (TRAF2)	1460,893,1506,910
581 (BAX)	700,504,746,521
578 (BAK1)	819,504,865,521
598 (BCL2L1)	642,600,688,617
1616 (DAXX)	264,281,310,298
4217 (MAP3K5)	377,564,423,581
5599 (MAPK8)	377,726,423,743
5601 (MAPK9)	377,726,423,743
5602 (MAPK10)	377,726,423,743
153090 (DAB2IP)	352,404,398,421
3725 (JUN)	1254,789,1300,806
2353 (FOS)	1254,813,1300,830
7157 (TP53)	1408,788,1454,805
355 (FAS)	1460,788,1506,805
356 (FASLG)	1513,788,1559,805
10018 (BCL2L11)	1408,813,1454,830
27113 (BBC3)	811,712,857,729
5366 (PMAIP1)	752,712,798,729
1075 (CTSC)	491,549,537,566
1508 (CTSB)	491,549,537,566
1509 (CTSD)	491,549,537,566
1512 (CTSH)	491,549,537,566
1513 (CTSK)	491,549,537,566
1514 (CTSL)	491,549,537,566
1515 (CTSV)	491,549,537,566
1519 (CTSO)	491,549,537,566
1520 (CTSS)	491,549,537,566
1521 (CTSW)	491,549,537,566
1522 (CTSZ)	491,549,537,566
8722 (CTSF)	491,549,537,566
1649 (DDIT3)	558,528,604,545
9451 (EIF2AK3)	635,200,681,217
1965 (EIF2S1)	558,308,604,325
468 (ATF4)	558,365,604,382
3708 (ITPR1)	683,163,729,180
3709 (ITPR2)	683,163,729,180
3710 (ITPR3)	683,163,729,180
5170 (PDPK1)	436,915,482,932
637 (BID)	558,678,604,695
835 (CASP2)	982,415,1028,432
55367 (PIDD1)	982,432,1028,449
55367 (PIDD1)	1513,546,1559,563
3002 (GZMB)	964,242,1010,259
5551 (PRF1)	178,255,224,272
60 (ACTB)	1141,181,1187,198
71 (ACTG1)	1141,181,1187,198
10376 (TUBA1B)	1141,129,1187,146
112714 (TUBA3E)	1141,129,1187,146
113457 (TUBA3D)	1141,129,1187,146
51807 (TUBA8)	1141,129,1187,146
7277 (TUBA4A)	1141,129,1187,146
7278 (TUBA3C)	1141,129,1187,146
7846 (TUBA1A)	1141,129,1187,146
79861 (TUBAL3)	1141,129,1187,146
84790 (TUBA1C)	1141,129,1187,146
4170 (MCL1)	1141,155,1187,172
10018 (BCL2L11)	558,618,604,635
4170 (MCL1)	499,587,545,604
8739 (HRK)	1460,813,1506,830
3265 (HRAS)	264,960,310,977
3845 (KRAS)	264,960,310,977
4893 (NRAS)	264,960,310,977
5894 (RAF1)	350,960,396,977
5604 (MAP2K1)	436,960,482,977
5605 (MAP2K2)	436,960,482,977
5594 (MAPK1)	522,960,568,977
5595 (MAPK3)	522,960,568,977
596 (BCL2)	1408,960,1454,977
hsa04115: p53 signaling pathway	1224,609,1348,643
hsa04668: TNF signaling pathway	45,373,169,407
hsa04210: Apoptosis	40,45,140,70
hsa04064: NF-kappa B signaling pathway	731,815,855,849
hsa04151: PI3K-Akt signaling pathway	311,881,435,915
hsa04141: Protein processing in endoplasmic reticulum	701,95,825,129
hsa04020: Calcium signaling pathway	723,190,847,224
hsa04650: Natural killer cell mediated cytotoxicity	45,286,169,320
hsa04010: MAPK signaling pathway	584,931,708,965
