C00076 (Calcium cation)	473,753,4
4088 (SMAD3)	815,295,861,312
4772 (NFATC1)	874,744,920,761
4773 (NFATC2)	874,744,920,761
4775 (NFATC3)	874,744,920,761
4776 (NFATC4)	874,744,920,761
5578 (PRKCA)	543,775,589,792
5579 (PRKCB)	543,775,589,792
5582 (PRKCG)	543,775,589,792
5530 (PPP3CA)	543,744,589,761
5532 (PPP3CB)	543,744,589,761
5533 (PPP3CC)	543,744,589,761
5534 (PPP3R1)	543,744,589,761
5535 (PPP3R2)	543,744,589,761
815 (CAMK2A)	543,713,589,730
816 (CAMK2B)	543,713,589,730
817 (CAMK2D)	543,713,589,730
818 (CAMK2G)	543,713,589,730
23236 (PLCB1)	353,744,399,761
5330 (PLCB2)	353,744,399,761
5331 (PLCB3)	353,744,399,761
5332 (PLCB4)	353,744,399,761
11211 (FZD10)	227,744,273,761
2535 (FZD2)	227,744,273,761
7855 (FZD5)	227,744,273,761
7976 (FZD3)	227,744,273,761
8321 (FZD1)	227,744,273,761
8322 (FZD4)	227,744,273,761
8323 (FZD6)	227,744,273,761
8324 (FZD7)	227,744,273,761
8325 (FZD8)	227,744,273,761
8326 (FZD9)	227,744,273,761
7474 (WNT5A)	145,744,191,761
81029 (WNT5B)	145,744,191,761
5599 (MAPK8)	576,612,622,629
5601 (MAPK9)	576,612,622,629
5602 (MAPK10)	576,612,622,629
5879 (RAC1)	495,612,541,629
5880 (RAC2)	495,612,541,629
5881 (RAC3)	495,612,541,629
9475 (ROCK2)	576,571,622,588
387 (RHOA)	495,571,541,588
23002 (DAAM1)	424,571,470,588
23500 (DAAM2)	424,571,470,588
1855 (DVL1)	353,592,399,609
1856 (DVL2)	353,592,399,609
1857 (DVL3)	353,592,399,609
144165 (PRICKLE1)	293,554,339,571
166336 (PRICKLE2)	293,554,339,571
29964 (PRICKLE4)	293,554,339,571
4007 (PRICKLE3)	293,554,339,571
2239 (GPC4)	227,626,273,643
11211 (FZD10)	227,592,273,609
2535 (FZD2)	227,592,273,609
7855 (FZD5)	227,592,273,609
7976 (FZD3)	227,592,273,609
8321 (FZD1)	227,592,273,609
8322 (FZD4)	227,592,273,609
8323 (FZD6)	227,592,273,609
8324 (FZD7)	227,592,273,609
8325 (FZD8)	227,592,273,609
8326 (FZD9)	227,592,273,609
57216 (VANGL2)	227,558,273,575
81839 (VANGL1)	227,558,273,575
7481 (WNT11)	145,592,191,609
4316 (MMP7)	1001,312,1047,329
5467 (PPARD)	1001,291,1047,308
595 (CCND1)	1001,250,1047,267
894 (CCND2)	1001,250,1047,267
896 (CCND3)	1001,250,1047,267
8061 (FOSL1)	1001,229,1047,246
3725 (JUN)	1001,208,1047,225
4609 (MYC)	1001,187,1047,204
1487 (CTBP1)	855,328,901,345
1488 (CTBP2)	855,328,901,345
64321 (SOX17)	755,303,801,320
4089 (SMAD4)	815,278,861,295
51176 (LEF1)	884,260,930,277
6932 (TCF7)	884,260,930,277
6934 (TCF7L2)	884,260,930,277
83439 (TCF7L1)	884,260,930,277
1387 (CREBBP)	856,221,902,238
2033 (EP300)	856,221,902,238
8607 (RUVBL1)	814,243,860,260
57680 (CHD8)	785,217,831,234
56998 (CTNNBIP1)	666,300,712,317
51701 (NLK)	908,161,954,178
6885 (MAP3K7)	681,161,727,178
122011 (CSNK1A1L)	598,277,644,294
1452 (CSNK1A1)	598,277,644,294
9978 (RBX1)	629,440,675,457
8454 (CUL1)	629,423,675,440
6500 (SKP1)	629,406,675,423
23291 (FBXW11)	617,389,663,406
8945 (BTRC)	617,389,663,406
6907 (TBL1X)	523,456,569,473
79718 (TBL1XR1)	523,456,569,473
90665 (TBL1Y)	523,456,569,473
6500 (SKP1)	523,439,569,456
27101 (CACYBP)	523,422,569,439
10297 (APC2)	477,439,523,456
324 (APC)	477,439,523,456
6477 (SIAH1)	511,405,557,422
85407 (NKD1)	319,418,365,435
85409 (NKD2)	319,418,365,435
7157 (TP53)	419,405,465,422
8312 (AXIN1)	492,277,538,294
8313 (AXIN2)	492,277,538,294
10297 (APC2)	538,277,584,294
324 (APC)	538,277,584,294
1499 (CTNNB1)	568,260,614,277
5566 (PRKACA)	523,189,569,206
5567 (PRKACB)	523,189,569,206
5568 (PRKACG)	523,189,569,206
5663 (PSEN1)	507,165,553,182
2932 (GSK3B)	461,260,507,277
10023 (FRAT1)	399,247,445,264
23401 (FRAT2)	399,247,445,264
59343 (SENP2)	366,304,412,321
1855 (DVL1)	353,260,399,277
1856 (DVL2)	353,260,399,277
1857 (DVL3)	353,260,399,277
1457 (CSNK2A1)	405,283,451,300
1459 (CSNK2A2)	405,283,451,300
1460 (CSNK2B)	405,283,451,300
283106 (CSNK2A3)	405,283,451,300
80319 (CXXC4)	342,199,388,216
102800317 (TPTEP2-CSNK1E)	317,243,363,260
1454 (CSNK1E)	317,243,363,260
22943 (DKK1)	187,349,233,366
27121 (DKK4)	187,349,233,366
27123 (DKK2)	187,349,233,366
11197 (WIF1)	94,302,140,319
9350 (CER1)	72,218,118,235
4040 (LRP6)	227,277,273,294
4041 (LRP5)	227,277,273,294
11211 (FZD10)	227,260,273,277
2535 (FZD2)	227,260,273,277
7855 (FZD5)	227,260,273,277
7976 (FZD3)	227,260,273,277
8321 (FZD1)	227,260,273,277
8322 (FZD4)	227,260,273,277
8323 (FZD6)	227,260,273,277
8324 (FZD7)	227,260,273,277
8325 (FZD8)	227,260,273,277
8326 (FZD9)	227,260,273,277
6422 (SFRP1)	171,195,217,212
6423 (SFRP2)	171,195,217,212
6424 (SFRP4)	171,195,217,212
6425 (SFRP5)	171,195,217,212
64840 (PORCN)	57,246,103,263
51384 (WNT16)	135,268,181,285
54361 (WNT4)	135,268,181,285
7471 (WNT1)	135,268,181,285
7472 (WNT2)	135,268,181,285
7473 (WNT3)	135,268,181,285
7474 (WNT5A)	135,268,181,285
7475 (WNT6)	135,268,181,285
7476 (WNT7A)	135,268,181,285
7477 (WNT7B)	135,268,181,285
7478 (WNT8A)	135,268,181,285
7479 (WNT8B)	135,268,181,285
7480 (WNT10B)	135,268,181,285
7481 (WNT11)	135,268,181,285
7482 (WNT2B)	135,268,181,285
7483 (WNT9A)	135,268,181,285
7484 (WNT9B)	135,268,181,285
80326 (WNT10A)	135,268,181,285
81029 (WNT5B)	135,268,181,285
89780 (WNT3A)	135,268,181,285
25805 (BAMBI)	227,311,273,328
50964 (SOST)	164,326,210,343
5176 (SERPINF1)	145,302,191,319
27130 (INVS)	287,604,333,621
147111 (NOTUM)	117,195,163,212
8840 (CCN4)	1001,271,1047,288
4919 (ROR1)	227,647,273,664
4920 (ROR2)	227,647,273,664
6259 (RYK)	227,668,273,685
6259 (RYK)	227,772,273,789
54894 (RNF43)	227,169,273,186
84133 (ZNRF3)	227,191,273,208
55366 (LGR4)	227,129,273,146
59352 (LGR6)	227,129,273,146
8549 (LGR5)	227,129,273,146
284654 (RSPO1)	145,129,191,146
340419 (RSPO2)	145,129,191,146
343637 (RSPO4)	145,129,191,146
84870 (RSPO3)	145,129,191,146
25776 (CBY1)	758,189,804,206
1501 (CTNND2)	937,328,983,345
hsa04115: p53 signaling pathway	390,361,484,399
hsa04520: Adherens junction	883,80,994,119
hsa04350: TGF-beta signaling pathway	898,387,1000,425
hsa04110: Cell cycle	1096,225,1130,313
hsa04310: Wnt signaling pathway	40,45,254,70
hsa04010: MAPK signaling pathway	513,639,615,677
hsa04510: Focal adhesion	624,532,728,570
hsa04120: Ubiquitin mediated proteolysis	700,407,809,447
hsa04010: MAPK signaling pathway	604,110,706,148
hsa05010: Alzheimer disease	452,118,546,156
