C11554 (1-Phosphatidyl-1D-myo-inositol 3,4-bisphosphate)	504,647,4
C11556 (1-Phosphatidyl-1D-myo-inositol 3,5-bisphosphate)	504,371,4
C11557 (1-Phosphatidyl-1D-myo-inositol 5-phosphate)	276,144,4
C11526 (5-PP-InsP5)	1222,341,4
C00076 (Calcium cation)	908,793,4
C01243 (1D-myo-Inositol 1,3,4-trisphosphate)	822,459,4
C01272 (1D-myo-Inositol 1,3,4,5-tetrakisphosphate)	717,459,4
C03546 (myo-Inositol 4-phosphate)	1041,539,4
C04006 (1D-myo-Inositol 3-phosphate)	1041,489,4
C01177 (Inositol 1-phosphate)	1041,430,4
C01284 (1D-myo-Inositol 1,3,4,5,6-pentakisphosphate)	1041,341,4
C01245 (D-myo-Inositol 1,4,5-trisphosphate)	822,539,4
C01220 (1D-myo-Inositol 1,4-bisphosphate)	937,539,4
C04063 (D-myo-Inositol 3,4-bisphosphate)	937,489,4
C04062 (D-myo-Inositol 1,3-bisphosphate)	937,430,4
C04477 (1D-myo-Inositol 1,3,4,6-tetrakisphosphate)	937,287,4
C04637 (1-Phosphatidyl-D-myo-inositol 4,5-bisphosphate)	504,144,4
C00137 (myo-Inositol)	1133,489,4
C01204 (Phytic acid)	1133,341,4
C00269 (CDP-diacylglycerol)	1117,659,4
C00416 (Phosphatidate)	1012,659,4
C00641 (1,2-Diacyl-sn-glycerol)	822,659,4
C04549 (1-Phosphatidyl-1D-myo-inositol 3-phosphate)	277,647,4
C05981 (Phosphatidylinositol-3,4,5-trisphosphate)	628,371,4
C01277 (1-Phosphatidyl-1D-myo-inositol 4-phosphate)	276,371,4
C01194 (1-Phosphatidyl-D-myo-inositol)	134,371,4
C11555 (1D-myo-Inositol 1,4,5,6-tetrakisphosphate)	937,341,4
C11174 (1-Diphosinositol pentakisphosphate)	1133,287,4
C20690 (1D-myo-Inositol 1,5-bis(diphosphate) 2,3,4,6-tetrakisphosphate)	1222,287,4
5728 (PTEN)	199,628,245,645
64768 (IPPK)	1060,333,1106,350
113026 (PLCD3)	708,333,754,350
23236 (PLCB1)	708,333,754,350
51196 (PLCE1)	708,333,754,350
5330 (PLCB2)	708,333,754,350
5331 (PLCB3)	708,333,754,350
5332 (PLCB4)	708,333,754,350
5333 (PLCD1)	708,333,754,350
5335 (PLCG1)	708,333,754,350
5336 (PLCG2)	708,333,754,350
84812 (PLCD4)	708,333,754,350
89869 (PLCZ1)	708,333,754,350
113026 (PLCD3)	658,333,704,350
23236 (PLCB1)	658,333,704,350
51196 (PLCE1)	658,333,704,350
5330 (PLCB2)	658,333,704,350
5331 (PLCB3)	658,333,704,350
5332 (PLCB4)	658,333,704,350
5333 (PLCD1)	658,333,704,350
5335 (PLCG1)	658,333,704,350
5336 (PLCG2)	658,333,704,350
84812 (PLCD4)	658,333,704,350
89869 (PLCZ1)	658,333,704,350
163688 (CALML6)	886,821,932,838
51806 (CALML5)	886,821,932,838
801 (CALM1)	886,821,932,838
805 (CALM2)	886,821,932,838
808 (CALM3)	886,821,932,838
810 (CALML3)	886,821,932,838
91860 (CALML4)	886,821,932,838
3708 (ITPR1)	818,785,864,802
3709 (ITPR2)	818,785,864,802
3710 (ITPR3)	818,785,864,802
10423 (CDIPT)	411,845,457,862
5290 (PIK3CA)	628,183,674,200
5291 (PIK3CB)	628,183,674,200
5293 (PIK3CD)	628,183,674,200
5295 (PIK3R1)	628,183,674,200
5296 (PIK3R2)	628,183,674,200
8503 (PIK3R3)	628,183,674,200
23396 (PIP5K1C)	411,177,457,194
8394 (PIP5K1A)	411,177,457,194
8395 (PIP5K1B)	411,177,457,194
200576 (PIKFYVE)	199,135,245,152
5297 (PI4KA)	207,355,253,372
5298 (PI4KB)	207,355,253,372
55300 (PI4K2B)	207,355,253,372
55361 (PI4K2A)	207,355,253,372
5286 (PIK3C2A)	199,601,245,618
5287 (PIK3C2B)	199,601,245,618
5288 (PIK3C2G)	199,601,245,618
5295 (PIK3R1)	199,601,245,618
5296 (PIK3R2)	199,601,245,618
8503 (PIK3R3)	199,601,245,618
1040 (CDS1)	1039,650,1085,667
8760 (CDS2)	1039,650,1085,667
139189 (DGKK)	908,650,954,667
1606 (DGKA)	908,650,954,667
1607 (DGKB)	908,650,954,667
1608 (DGKG)	908,650,954,667
160851 (DGKH)	908,650,954,667
1609 (DGKQ)	908,650,954,667
8525 (DGKZ)	908,650,954,667
8526 (DGKE)	908,650,954,667
8527 (DGKD)	908,650,954,667
9162 (DGKI)	908,650,954,667
3631 (INPP4A)	368,639,414,656
8821 (INPP4B)	368,639,414,656
5286 (PIK3C2A)	411,551,457,568
5287 (PIK3C2B)	411,551,457,568
5288 (PIK3C2G)	411,551,457,568
5295 (PIK3R1)	411,551,457,568
5296 (PIK3R2)	411,551,457,568
8503 (PIK3R3)	411,551,457,568
200576 (PIKFYVE)	411,449,457,466
3633 (INPP5B)	327,322,373,339
4952 (OCRL)	327,322,373,339
56623 (INPP5E)	327,322,373,339
8867 (SYNJ1)	327,322,373,339
8871 (SYNJ2)	327,322,373,339
5305 (PIP4K2A)	411,126,457,143
79837 (PIP4K2C)	411,126,457,143
8396 (PIP4K2B)	411,126,457,143
253430 (IPMK)	963,279,1009,296
4534 (MTM1)	963,421,1009,438
3612 (IMPA1)	1056,529,1102,546
3613 (IMPA2)	1056,529,1102,546
54928 (IMPAD1)	1056,529,1102,546
3612 (IMPA1)	1056,421,1102,438
3613 (IMPA2)	1056,421,1102,438
54928 (IMPAD1)	1056,421,1102,438
3612 (IMPA1)	1056,479,1102,496
3613 (IMPA2)	1056,479,1102,496
54928 (IMPAD1)	1056,479,1102,496
3631 (INPP4A)	963,479,1009,496
8821 (INPP4B)	963,479,1009,496
3628 (INPP1)	963,529,1009,546
27124 (INPP5J)	854,529,900,546
3632 (INPP5A)	854,529,900,546
51763 (INPP5K)	854,529,900,546
3628 (INPP1)	854,479,900,496
27124 (INPP5J)	748,451,794,468
3632 (INPP5A)	748,451,794,468
51763 (INPP5K)	748,451,794,468
3705 (ITPK1)	854,278,900,295
3706 (ITPKA)	749,492,795,509
3707 (ITPKB)	749,492,795,509
80271 (ITPKC)	749,492,795,509
113026 (PLCD3)	698,566,744,583
23236 (PLCB1)	698,566,744,583
51196 (PLCE1)	698,566,744,583
5330 (PLCB2)	698,566,744,583
5331 (PLCB3)	698,566,744,583
5332 (PLCB4)	698,566,744,583
5333 (PLCD1)	698,566,744,583
5335 (PLCG1)	698,566,744,583
5336 (PLCG2)	698,566,744,583
84812 (PLCD4)	698,566,744,583
89869 (PLCZ1)	698,566,744,583
3635 (INPP5D)	630,588,676,605
3636 (INPPL1)	630,588,676,605
4534 (MTM1)	199,649,245,666
55613 (MTMR8)	199,649,245,666
64419 (MTMR14)	199,649,245,666
8776 (MTMR1)	199,649,245,666
8897 (MTMR3)	199,649,245,666
8898 (MTMR2)	199,649,245,666
9107 (MTMR6)	199,649,245,666
9108 (MTMR7)	199,649,245,666
9110 (MTMR4)	199,649,245,666
5728 (PTEN)	580,183,626,200
55529 (PIP4P2)	327,143,373,160
90809 (PIP4P1)	327,143,373,160
3631 (INPP4A)	854,422,900,439
8821 (INPP4B)	854,422,900,439
4534 (MTM1)	327,210,373,227
55613 (MTMR8)	327,210,373,227
64419 (MTMR14)	327,210,373,227
8776 (MTMR1)	327,210,373,227
8897 (MTMR3)	327,210,373,227
8898 (MTMR2)	327,210,373,227
9107 (MTMR6)	327,210,373,227
9108 (MTMR7)	327,210,373,227
9110 (MTMR4)	327,210,373,227
253430 (IPMK)	963,333,1009,350
253430 (IPMK)	854,333,900,350
117283 (IP6K3)	1150,333,1196,350
51447 (IP6K2)	1150,333,1196,350
9807 (IP6K1)	1150,333,1196,350
117283 (IP6K3)	1150,279,1196,296
51447 (IP6K2)	1150,279,1196,296
9807 (IP6K1)	1150,279,1196,296
23262 (PPIP5K2)	1110,308,1156,325
9677 (PPIP5K1)	1110,308,1156,325
23262 (PPIP5K2)	1199,308,1245,325
9677 (PPIP5K1)	1199,308,1245,325
5289 (PIK3C3)	199,580,245,597
5295 (PIK3R1)	199,580,245,597
5296 (PIK3R2)	199,580,245,597
8503 (PIK3R3)	199,580,245,597
5578 (PRKCA)	971,785,1017,802
5579 (PRKCB)	971,785,1017,802
5582 (PRKCG)	971,785,1017,802
3633 (INPP5B)	580,588,626,605
4952 (OCRL)	580,588,626,605
56623 (INPP5E)	580,588,626,605
8867 (SYNJ1)	580,588,626,605
8871 (SYNJ2)	580,588,626,605
253430 (IPMK)	854,225,900,242
22876 (INPP5F)	157,371,203,388
22908 (SACM1L)	157,371,203,388
hsa04510: Focal adhesion	525,221,619,246
hsa04070: Phosphatidylinositol signaling system	40,45,386,70
hsa04151: PI3K-Akt signaling pathway	519,250,619,284
hsa04020: Calcium signaling pathway	1026,777,1143,811
hsa04144: Endocytosis	474,532,566,557
