3456 (IFNB1)	133,665,179,682
1147 (CHUK)	770,534,816,551
7189 (TRAF6)	643,460,689,477
3654 (IRAK1)	642,489,688,506
51135 (IRAK4)	561,489,607,506
4615 (MYD88)	411,490,457,507
4615 (MYD88)	307,407,353,424
4615 (MYD88)	307,299,353,316
7189 (TRAF6)	561,380,607,397
5594 (MAPK1)	814,308,860,325
5595 (MAPK3)	814,308,860,325
1326 (MAP3K8)	670,308,716,325
4790 (NFKB1)	670,277,716,294
6696 (SPP1)	717,550,763,567
7187 (TRAF3)	498,575,544,592
8737 (RIPK1)	561,397,607,414
3665 (IRF7)	814,489,860,506
3663 (IRF5)	814,439,860,456
6373 (CXCL11)	1076,687,1122,704
3627 (CXCL10)	1076,643,1122,660
3456 (IFNB1)	1076,568,1122,585
3439 (IFNA1)	1076,545,1122,562
3440 (IFNA2)	1076,545,1122,562
3441 (IFNA4)	1076,545,1122,562
3442 (IFNA5)	1076,545,1122,562
3443 (IFNA6)	1076,545,1122,562
3444 (IFNA7)	1076,545,1122,562
3445 (IFNA8)	1076,545,1122,562
3446 (IFNA10)	1076,545,1122,562
3447 (IFNA13)	1076,545,1122,562
3448 (IFNA14)	1076,545,1122,562
3449 (IFNA16)	1076,545,1122,562
3451 (IFNA17)	1076,545,1122,562
3452 (IFNA21)	1076,545,1122,562
942 (CD86)	1076,454,1122,471
958 (CD40)	1076,410,1122,427
3551 (IKBKB)	690,238,736,255
6885 (MAP3K7)	563,299,609,316
1432 (MAPK14)	814,375,860,392
5600 (MAPK11)	814,375,860,392
5603 (MAPK13)	814,375,860,392
6300 (MAPK12)	814,375,860,392
3654 (IRAK1)	407,308,453,325
1147 (CHUK)	690,221,736,238
3576 (CXCL8)	1076,236,1122,253
114609 (TIRAP)	307,282,353,299
4615 (MYD88)	307,184,353,201
5879 (RAC1)	307,121,353,138
5599 (MAPK8)	814,404,860,421
5601 (MAPK9)	814,404,860,421
5602 (MAPK10)	814,404,860,421
3553 (IL1B)	1076,163,1122,180
29110 (TBK1)	567,575,613,592
7189 (TRAF6)	484,299,530,316
9641 (IKBKE)	567,558,613,575
8772 (FADD)	408,184,454,201
3569 (IL6)	1076,184,1122,201
6352 (CCL5)	1076,258,1122,275
10454 (TAB1)	563,265,609,282
10000 (AKT3)	484,121,530,138
207 (AKT1)	484,121,530,138
208 (AKT2)	484,121,530,138
23118 (TAB2)	563,282,609,299
6772 (STAT1)	815,665,861,682
4792 (NFKBIA)	814,238,860,255
7124 (TNF)	1076,142,1122,159
3661 (IRF3)	815,567,861,584
941 (CD80)	1076,432,1122,449
7097 (TLR2)	227,184,273,201
23643 (LY96)	181,290,227,307
7100 (TLR5)	227,408,273,425
7098 (TLR3)	329,575,375,592
7097 (TLR2)	227,121,273,138
7096 (TLR1)	227,104,273,121
10333 (TLR6)	227,168,273,185
3929 (LBP)	149,236,195,253
54106 (TLR9)	329,534,375,551
7099 (TLR4)	227,299,273,316
353376 (TICAM2)	307,354,353,371
54472 (TOLLIP)	307,167,353,184
148022 (TICAM1)	412,575,458,592
114609 (TIRAP)	307,200,353,217
929 (CD14)	228,252,274,269
8517 (IKBKG)	690,204,736,221
51135 (IRAK4)	407,291,453,308
841 (CASP8)	484,184,530,201
414062 (CCL3L3)	1076,280,1122,297
6348 (CCL3)	1076,280,1122,297
6349 (CCL3L1)	1076,280,1122,297
4283 (CXCL9)	1076,666,1122,683
5290 (PIK3CA)	408,121,454,138
5291 (PIK3CB)	408,121,454,138
5293 (PIK3CD)	408,121,454,138
5295 (PIK3R1)	408,121,454,138
5296 (PIK3R2)	408,121,454,138
8503 (PIK3R3)	408,121,454,138
3454 (IFNAR1)	228,665,274,682
3455 (IFNAR2)	228,665,274,682
51284 (TLR7)	329,489,375,506
51311 (TLR8)	329,489,375,506
5609 (MAP2K7)	676,404,722,421
6416 (MAP2K4)	676,404,722,421
4790 (NFKB1)	814,210,860,227
5970 (RELA)	814,210,860,227
5606 (MAP2K3)	676,375,722,392
5608 (MAP2K6)	676,375,722,392
5604 (MAP2K1)	742,308,788,325
5605 (MAP2K2)	742,308,788,325
2353 (FOS)	928,352,974,369
3725 (JUN)	928,352,974,369
3592 (IL12A)	1076,205,1122,222
3593 (IL12B)	1076,205,1122,222
388372 (CCL4L1)	1076,301,1122,318
6351 (CCL4)	1076,301,1122,318
9560 (CCL4L2)	1076,301,1122,318
1513 (CTSK)	280,520,326,537
hsa04620: Toll-like receptor signaling pathway	40,45,377,70
hsa04120: Ubiquitin mediated proteolysis	810,69,920,103
hsa04210: Apoptosis	568,180,677,205
hsa04610: Complement and coagulation cascades	1173,306,1299,340
hsa04060: Cytokine-cytokine receptor interaction	1172,593,1298,638
hsa04630: JAK-STAT signaling pathway	588,689,698,723
map02040: Flagellar assembly	55,372,168,397
map00540: Lipopolysaccharide biosynthesis	55,279,168,313
hsa04010: MAPK signaling pathway	694,332,802,366
hsa04064: NF-kappa B signaling pathway	720,153,828,187
hsa04151: PI3K-Akt signaling pathway	415,79,523,113
