C00334 (4-Aminobutanoate)	445,607,4
C01330 (Sodium cation)	484,512,4
C00076 (Calcium cation)	484,512,4
C00076 (Calcium cation)	484,548,4
C01330 (Sodium cation)	481,688,4
C00076 (Calcium cation)	481,688,4
C00076 (Calcium cation)	482,657,4
C00076 (Calcium cation)	480,873,4
C00076 (Calcium cation)	1119,867,4
C00025 (L-Glutamate)	439,971,4
C00025 (L-Glutamate)	1075,971,4
C01996 (Acetylcholine)	489,481,4
C01996 (Acetylcholine)	492,719,4
C01996 (Acetylcholine)	488,841,4
C01996 (Acetylcholine)	1135,842,4
C00745 (Nicotine)	1115,471,4
C00745 (Nicotine)	1119,717,4
C00745 (Nicotine)	1144,773,4
C00745 (Nicotine)	1126,814,4
C00698 (Cl-)	597,567,4
C01330 (Sodium cation)	597,931,4
C00076 (Calcium cation)	597,931,4
C01330 (Sodium cation)	597,1008,4
C01330 (Sodium cation)	1240,924,4
C00076 (Calcium cation)	1240,924,4
C01330 (Sodium cation)	1235,1000,4
C00076 (Calcium cation)	596,806,4
C01996 (Acetylcholine)	496,778,4
C01996 (Acetylcholine)	1117,524,4
C01996 (Acetylcholine)	1126,667,4
C01996 (Acetylcholine)	1148,1033,4
C01996 (Acetylcholine)	498,1038,4
C00076 (Calcium cation)	596,1066,4
C00076 (Calcium cation)	1236,1067,4
C00745 (Nicotine)	1115,1042,4
C01330 (Sodium cation)	1138,482,4
C01330 (Sodium cation)	1142,701,4
C00334 (4-Aminobutanoate)	198,599,4
C00025 (L-Glutamate)	171,974,4
C00334 (4-Aminobutanoate)	845,601,4
C00025 (L-Glutamate)	810,974,4
C00076 (Calcium cation)	480,914,4
C00076 (Calcium cation)	1120,909,4
8973 (CHRNA6)	418,502,464,519
773 (CACNA1A)	418,540,464,557
774 (CACNA1B)	418,540,464,557
773 (CACNA1A)	418,647,464,664
774 (CACNA1B)	418,647,464,664
8973 (CHRNA6)	1056,490,1102,507
773 (CACNA1A)	1056,539,1102,556
774 (CACNA1B)	1056,539,1102,556
773 (CACNA1A)	1056,644,1102,661
774 (CACNA1B)	1056,644,1102,661
1137 (CHRNA4)	1056,685,1102,702
1141 (CHRNB2)	1056,685,1102,702
1139 (CHRNA7)	418,864,464,881
1139 (CHRNA7)	1056,859,1102,876
1137 (CHRNA4)	418,678,464,695
1141 (CHRNB2)	418,678,464,695
200959 (GABRR3)	526,558,572,575
2554 (GABRA1)	526,558,572,575
2555 (GABRA2)	526,558,572,575
2556 (GABRA3)	526,558,572,575
2557 (GABRA4)	526,558,572,575
2558 (GABRA5)	526,558,572,575
2559 (GABRA6)	526,558,572,575
2560 (GABRB1)	526,558,572,575
2561 (GABRB2)	526,558,572,575
2562 (GABRB3)	526,558,572,575
2563 (GABRD)	526,558,572,575
2564 (GABRE)	526,558,572,575
2565 (GABRG1)	526,558,572,575
2566 (GABRG2)	526,558,572,575
2567 (GABRG3)	526,558,572,575
2568 (GABRP)	526,558,572,575
2569 (GABRR1)	526,558,572,575
2570 (GABRR2)	526,558,572,575
55879 (GABRQ)	526,558,572,575
200959 (GABRR3)	1165,562,1211,579
2554 (GABRA1)	1165,562,1211,579
2555 (GABRA2)	1165,562,1211,579
2556 (GABRA3)	1165,562,1211,579
2557 (GABRA4)	1165,562,1211,579
2558 (GABRA5)	1165,562,1211,579
2559 (GABRA6)	1165,562,1211,579
2560 (GABRB1)	1165,562,1211,579
2561 (GABRB2)	1165,562,1211,579
2562 (GABRB3)	1165,562,1211,579
2563 (GABRD)	1165,562,1211,579
2564 (GABRE)	1165,562,1211,579
2565 (GABRG1)	1165,562,1211,579
2566 (GABRG2)	1165,562,1211,579
2567 (GABRG3)	1165,562,1211,579
2568 (GABRP)	1165,562,1211,579
2569 (GABRR1)	1165,562,1211,579
2570 (GABRR2)	1165,562,1211,579
55879 (GABRQ)	1165,562,1211,579
116443 (GRIN3A)	526,924,572,941
116444 (GRIN3B)	526,924,572,941
2902 (GRIN1)	526,924,572,941
2903 (GRIN2A)	526,924,572,941
2904 (GRIN2B)	526,924,572,941
2905 (GRIN2C)	526,924,572,941
2906 (GRIN2D)	526,924,572,941
2890 (GRIA1)	525,1000,571,1017
2891 (GRIA2)	525,1000,571,1017
2892 (GRIA3)	525,1000,571,1017
2893 (GRIA4)	525,1000,571,1017
2890 (GRIA1)	1165,993,1211,1010
2891 (GRIA2)	1165,993,1211,1010
2892 (GRIA3)	1165,993,1211,1010
2893 (GRIA4)	1165,993,1211,1010
116443 (GRIN3A)	1165,914,1211,931
116444 (GRIN3B)	1165,914,1211,931
2902 (GRIN1)	1165,914,1211,931
2903 (GRIN2A)	1165,914,1211,931
2904 (GRIN2B)	1165,914,1211,931
2905 (GRIN2C)	1165,914,1211,931
2906 (GRIN2D)	1165,914,1211,931
1137 (CHRNA4)	526,798,572,815
1141 (CHRNB2)	526,798,572,815
1137 (CHRNA4)	1165,746,1211,763
1141 (CHRNB2)	1165,746,1211,763
1139 (CHRNA7)	525,1057,571,1074
1139 (CHRNA7)	1165,1057,1211,1074
140679 (SLC32A1)	218,592,264,609
140679 (SLC32A1)	864,594,910,611
246213 (SLC17A8)	192,965,238,982
57030 (SLC17A7)	192,965,238,982
57084 (SLC17A6)	192,965,238,982
246213 (SLC17A8)	832,965,878,982
57030 (SLC17A7)	832,965,878,982
57084 (SLC17A6)	832,965,878,982
773 (CACNA1A)	418,906,464,923
774 (CACNA1B)	418,906,464,923
773 (CACNA1A)	1056,900,1102,917
774 (CACNA1B)	1056,900,1102,917
hsa05033: Nicotine addiction	40,45,222,70
hsa04727: GABAergic synapse	111,554,220,588
hsa04724: Glutamatergic synapse	110,914,219,948
hsa04727: GABAergic synapse	746,558,855,592
hsa04724: Glutamatergic synapse	747,917,856,951
hsa04728: Dopaminergic synapse	1368,749,1477,783
