C00219 (Arachidonate)	624,257,4
C00533 (Nitric oxide)	128,203,4
C00641 (1,2-Diacyl-sn-glycerol)	605,532,4
C01245 (D-myo-Inositol 1,4,5-trisphosphate)	514,349,4
C01330 (Sodium cation)	384,485,4
C01330 (Sodium cation)	382,361,4
C00025 (L-Glutamate)	197,511,4
C00942 (3',5'-Cyclic GMP)	440,153,4
C00076 (Calcium cation)	384,426,4
C01245 (D-myo-Inositol 1,4,5-trisphosphate)	514,474,4
C01330 (Sodium cation)	381,320,4
C00165 (Diacylglycerol)	575,294,4
C00219 (Arachidonate)	625,567,4
C00025 (L-Glutamate)	195,318,4
23236 (PLCB1)	446,524,492,541
5330 (PLCB2)	446,524,492,541
5331 (PLCB3)	446,524,492,541
5332 (PLCB4)	446,524,492,541
2767 (GNA11)	363,524,409,541
2776 (GNAQ)	363,524,409,541
2890 (GRIA1)	290,477,336,494
2891 (GRIA2)	290,477,336,494
2892 (GRIA3)	290,477,336,494
6261 (RYR1)	544,434,590,451
100137049 (PLA2G4B)	446,559,492,576
123745 (PLA2G4E)	446,559,492,576
255189 (PLA2G4F)	446,559,492,576
283748 (PLA2G4D)	446,559,492,576
5321 (PLA2G4A)	446,559,492,576
8605 (PLA2G4C)	446,559,492,576
8681 (JMJD7-PLA2G4B)	446,559,492,576
100137049 (PLA2G4B)	446,248,492,265
123745 (PLA2G4E)	446,248,492,265
255189 (PLA2G4F)	446,248,492,265
283748 (PLA2G4D)	446,248,492,265
5321 (PLA2G4A)	446,248,492,265
8605 (PLA2G4C)	446,248,492,265
8681 (JMJD7-PLA2G4B)	446,248,492,265
10672 (GNA13)	363,632,409,649
2768 (GNA12)	363,632,409,649
2770 (GNAI1)	363,632,409,649
2771 (GNAI2)	363,632,409,649
2773 (GNAI3)	363,632,409,649
2775 (GNAO1)	363,632,409,649
2778 (GNAS)	363,632,409,649
2781 (GNAZ)	363,632,409,649
10672 (GNA13)	363,592,409,609
2768 (GNA12)	363,592,409,609
2770 (GNAI1)	363,592,409,609
2771 (GNAI2)	363,592,409,609
2773 (GNAI3)	363,592,409,609
2775 (GNAO1)	363,592,409,609
2778 (GNAS)	363,592,409,609
2781 (GNAZ)	363,592,409,609
10672 (GNA13)	363,559,409,576
2768 (GNA12)	363,559,409,576
2770 (GNAI1)	363,559,409,576
2771 (GNAI2)	363,559,409,576
2773 (GNAI3)	363,559,409,576
2775 (GNAO1)	363,559,409,576
2778 (GNAS)	363,559,409,576
2781 (GNAZ)	363,559,409,576
4842 (NOS1)	53,195,99,212
23236 (PLCB1)	446,286,492,303
5330 (PLCB2)	446,286,492,303
5331 (PLCB3)	446,286,492,303
5332 (PLCB4)	446,286,492,303
2767 (GNA11)	363,286,409,303
2776 (GNAQ)	363,286,409,303
2911 (GRM1)	290,524,336,541
5578 (PRKCA)	668,285,714,302
5579 (PRKCB)	668,285,714,302
5582 (PRKCG)	668,285,714,302
3480 (IGF1R)	290,631,336,648
1394 (CRHR1)	290,591,336,608
1392 (CRH)	85,591,131,608
3479 (IGF1)	85,631,131,648
2977 (GUCY1A2)	363,146,409,163
2982 (GUCY1A1)	363,146,409,163
2983 (GUCY1B1)	363,146,409,163
10672 (GNA13)	363,248,409,265
2768 (GNA12)	363,248,409,265
2770 (GNAI1)	363,248,409,265
2771 (GNAI2)	363,248,409,265
2773 (GNAI3)	363,248,409,265
2775 (GNAO1)	363,248,409,265
2778 (GNAS)	363,248,409,265
2781 (GNAZ)	363,248,409,265
2895 (GRID2)	290,247,336,264
5592 (PRKG1)	472,146,518,163
5593 (PRKG2)	472,146,518,163
773 (CACNA1A)	290,415,336,432
10842 (PPP1R17)	555,123,601,140
2890 (GRIA1)	290,353,336,370
2891 (GRIA2)	290,353,336,370
2892 (GRIA3)	290,353,336,370
5594 (MAPK1)	592,198,638,215
5595 (MAPK3)	592,198,638,215
5604 (MAP2K1)	516,198,562,215
5605 (MAP2K2)	516,198,562,215
369 (ARAF)	446,198,492,215
5894 (RAF1)	446,198,492,215
673 (BRAF)	446,198,492,215
3265 (HRAS)	363,198,409,215
3845 (KRAS)	363,198,409,215
4893 (NRAS)	363,198,409,215
5515 (PPP2CA)	634,123,680,140
5516 (PPP2CB)	634,123,680,140
5518 (PPP2R1A)	634,123,680,140
5519 (PPP2R1B)	634,123,680,140
4067 (LYN)	446,320,492,337
2911 (GRM1)	290,286,336,303
3708 (ITPR1)	535,393,581,410
3709 (ITPR2)	535,393,581,410
3710 (ITPR3)	535,393,581,410
hsa04730: Long-term depression	40,45,234,70
hsa04020: Calcium signaling pathway	397,475,498,509
hsa04724: Glutamatergic synapse	192,114,284,148
