C00063 (CTP)	634,319,4
C15607 (3-Oxo-3-ureidopropanoate)	1061,308,4
C00064 (L-Glutamine)	128,297,4
C00438 (N-Carbamoyl-L-aspartate)	128,153,4
C00169 (Carbamoyl phosphate)	128,225,4
C00337 ((S)-Dihydroorotate)	230,153,4
C00119 (5-Phospho-alpha-D-ribose 1-diphosphate)	389,104,4
C01103 (Orotidine 5'-phosphate)	473,153,4
C00075 (UTP)	334,236,4
C00015 (UDP)	446,236,4
C00105 (UMP)	563,236,4
C00299 (Uridine)	693,236,4
C00106 (Uracil)	849,236,4
C00046 (RNA)	248,383,4
C00063 (CTP)	334,380,4
C00039 (DNA)	248,781,4
C00459 (dTTP)	334,781,4
C00363 (dTDP)	450,781,4
C00364 (dTMP)	563,781,4
C00214 (Thymidine)	693,781,4
C00672 (2-Deoxy-D-ribose 1-phosphate)	816,820,4
C05281 (5-Methylbarbiturate)	963,703,4
C20846 (3-Oxo-3-ureidoisobutyrate)	1063,703,4
C00178 (Thymine)	849,781,4
C02376 (5-Methylcytosine)	756,717,4
C21028 ((R)-5,6-Dihydrothymine)	963,781,4
C21029 ((R)-3-Ureidoisobutyrate)	1063,781,4
C01205 ((R)-3-Amino-2-methylpropanoate)	1168,781,4
C00383 (Malonate)	1166,308,4
C00086 (Urea)	1145,345,4
C00813 (Barbiturate)	961,308,4
C00099 (beta-Alanine)	1166,236,4
C02642 (3-Ureidopropionate)	1061,236,4
C00429 (5,6-Dihydrouracil)	961,236,4
C00380 (Cytosine)	780,381,4
C00475 (Cytidine)	693,381,4
C00055 (CMP)	563,381,4
C00112 (CDP)	450,381,4
C00015 (UDP)	450,749,4
C00460 (dUTP)	334,652,4
C01346 (dUDP)	450,652,4
C00365 (dUMP)	563,652,4
C00526 (Deoxyuridine)	693,652,4
C00881 (Deoxycytidine)	693,514,4
C00239 (dCMP)	563,514,4
C00705 (dCDP)	450,514,4
C00458 (dCTP)	334,514,4
C03997 (5-Hydroxymethyldeoxycytidylate)	647,474,4
C11038 (2'-Deoxy-5-hydroxymethylcytidine-5'-diphosphate)	725,474,4
C11039 (2'-Deoxy-5-hydroxymethylcytidine-5'-triphosphate)	803,474,4
C01168 (Pseudouridine 5'-phosphate)	961,183,4
C02067 (Pseudouridine)	1061,183,4
C00295 (Orotate)	347,153,4
C00075 (UTP)	655,160,4
C00029 (UDP-glucose)	655,134,4
C01368 (3'-UMP)	720,183,4
C02355 (2',3'-Cyclic UMP)	811,183,4
C02354 (2',3'-Cyclic CMP)	492,439,4
C06198 (P1,P4-Bis(5'-uridyl) tetraphosphate)	446,187,4
C05822 (3'-CMP)	579,439,4
C20231 ((Z)-3-Ureidoacrylate peracid)	955,430,4
C20249 ((Z)-3-Peroxyaminoacrylate)	1053,430,4
C01563 (Carbamate)	1034,401,4
C00222 (3-Oxopropanoate)	1235,430,4
C01013 (3-Hydroxypropanoate)	1326,430,4
C20253 (Aminoacrylate)	1144,430,4
C20254 (Ureidoacrylate)	955,375,4
C02170 (Methylmalonate)	1168,703,4
C00086 (Urea)	1147,666,4
C00039 (DNA)	248,515,4
50484 (RRM2B)	427,708,473,725
6240 (RRM1)	427,708,473,725
6241 (RRM2)	427,708,473,725
790 (CAD)	105,255,151,272
790 (CAD)	105,183,151,200
790 (CAD)	156,145,202,162
7372 (UMPS)	399,145,445,162
10201 (NME6)	372,228,418,245
221264 (AK9)	372,228,418,245
29922 (NME7)	372,228,418,245
4830 (NME1)	372,228,418,245
4831 (NME2)	372,228,418,245
4832 (NME3)	372,228,418,245
4833 (NME4)	372,228,418,245
654364 (NME1-NME2)	372,228,418,245
129607 (CMPK2)	482,217,528,234
51727 (CMPK1)	482,217,528,234
1503 (CTPS1)	311,302,357,319
56474 (CTPS2)	311,302,357,319
377841 (ENTPD8)	372,253,418,270
953 (ENTPD1)	372,253,418,270
956 (ENTPD3)	372,253,418,270
124583 (CANT1)	482,175,528,192
955 (ENTPD6)	482,175,528,192
957 (ENTPD5)	482,175,528,192
9583 (ENTPD4)	482,175,528,192
377841 (ENTPD8)	482,196,528,213
953 (ENTPD1)	482,196,528,213
956 (ENTPD3)	482,196,528,213
139596 (UPRT)	609,272,655,289
54963 (UCKL1)	610,219,656,236
7371 (UCK2)	610,219,656,236
83549 (UCK1)	610,219,656,236
100526794 (NT5C1B-RDH14)	610,238,656,255
115024 (NT5C3B)	610,238,656,255
22978 (NT5C2)	610,238,656,255
30833 (NT5C)	610,238,656,255
4907 (NT5E)	610,238,656,255
51251 (NT5C3A)	610,238,656,255
56953 (NT5M)	610,238,656,255
84618 (NT5C1A)	610,238,656,255
93034 (NT5C1B)	610,238,656,255
151531 (UPP2)	745,219,791,236
7378 (UPP1)	745,219,791,236
1806 (DPYD)	881,238,927,255
1807 (DPYS)	990,228,1036,245
51733 (UPB1)	1085,228,1131,245
377841 (ENTPD8)	371,363,417,380
953 (ENTPD1)	371,363,417,380
956 (ENTPD3)	371,363,417,380
10201 (NME6)	371,382,417,399
221264 (AK9)	371,382,417,399
29922 (NME7)	371,382,417,399
4830 (NME1)	371,382,417,399
4831 (NME2)	371,382,417,399
4832 (NME3)	371,382,417,399
4833 (NME4)	371,382,417,399
654364 (NME1-NME2)	371,382,417,399
377841 (ENTPD8)	481,338,527,355
953 (ENTPD1)	481,338,527,355
956 (ENTPD3)	481,338,527,355
129607 (CMPK2)	481,362,527,379
51727 (CMPK1)	481,362,527,379
54963 (UCKL1)	610,332,656,349
7371 (UCK2)	610,332,656,349
83549 (UCK1)	610,332,656,349
100526794 (NT5C1B-RDH14)	610,374,656,391
115024 (NT5C3B)	610,374,656,391
22978 (NT5C2)	610,374,656,391
30833 (NT5C)	610,374,656,391
4907 (NT5E)	610,374,656,391
51251 (NT5C3A)	610,374,656,391
56953 (NT5M)	610,374,656,391
84618 (NT5C1A)	610,374,656,391
93034 (NT5C1B)	610,374,656,391
978 (CDA)	672,311,718,328
50484 (RRM2B)	427,451,473,468
6240 (RRM1)	427,451,473,468
6241 (RRM2)	427,451,473,468
10201 (NME6)	372,506,418,523
221264 (AK9)	372,506,418,523
29922 (NME7)	372,506,418,523
4830 (NME1)	372,506,418,523
4831 (NME2)	372,506,418,523
4832 (NME3)	372,506,418,523
4833 (NME4)	372,506,418,523
654364 (NME1-NME2)	372,506,418,523
129607 (CMPK2)	481,495,527,512
51727 (CMPK1)	481,495,527,512
79077 (DCTPP1)	423,559,469,576
1633 (DCK)	610,506,656,523
100526794 (NT5C1B-RDH14)	610,542,656,559
115024 (NT5C3B)	610,542,656,559
22978 (NT5C2)	610,542,656,559
30833 (NT5C)	610,542,656,559
4907 (NT5E)	610,542,656,559
51251 (NT5C3A)	610,542,656,559
56953 (NT5M)	610,542,656,559
84618 (NT5C1A)	610,542,656,559
93034 (NT5C1B)	610,542,656,559
1635 (DCTD)	565,590,611,607
10201 (NME6)	368,635,414,652
221264 (AK9)	368,635,414,652
29922 (NME7)	368,635,414,652
4830 (NME1)	368,635,414,652
4831 (NME2)	368,635,414,652
4832 (NME3)	368,635,414,652
4833 (NME4)	368,635,414,652
654364 (NME1-NME2)	368,635,414,652
1841 (DTYMK)	481,643,527,660
7083 (TK1)	610,643,656,660
7084 (TK2)	610,643,656,660
978 (CDA)	670,575,716,592
4860 (PNP)	738,633,784,650
1890 (TYMP)	738,654,784,671
7298 (TYMS)	515,707,561,724
10201 (NME6)	370,772,416,789
221264 (AK9)	370,772,416,789
29922 (NME7)	370,772,416,789
4830 (NME1)	370,772,416,789
4831 (NME2)	370,772,416,789
4832 (NME3)	370,772,416,789
4833 (NME4)	370,772,416,789
654364 (NME1-NME2)	370,772,416,789
377841 (ENTPD8)	370,799,416,816
953 (ENTPD1)	370,799,416,816
956 (ENTPD3)	370,799,416,816
1841 (DTYMK)	483,763,529,780
377841 (ENTPD8)	483,782,529,799
953 (ENTPD1)	483,782,529,799
956 (ENTPD3)	483,782,529,799
100526794 (NT5C1B-RDH14)	610,730,656,747
115024 (NT5C3B)	610,730,656,747
22978 (NT5C2)	610,730,656,747
30833 (NT5C)	610,730,656,747
4907 (NT5E)	610,730,656,747
51251 (NT5C3A)	610,730,656,747
56953 (NT5M)	610,730,656,747
84618 (NT5C1A)	610,730,656,747
93034 (NT5C1B)	610,730,656,747
7083 (TK1)	610,773,656,790
7084 (TK2)	610,773,656,790
1890 (TYMP)	738,782,784,799
1806 (DPYD)	883,783,929,800
1807 (DPYS)	992,773,1038,790
51733 (UPB1)	1087,773,1133,790
1723 (DHODH)	267,164,313,181
79077 (DCTPP1)	481,538,527,555
7372 (UMPS)	496,145,542,162
5167 (ENPP1)	430,291,476,308
5169 (ENPP3)	430,291,476,308
318 (NUDT2)	370,180,416,197
151531 (UPP2)	738,606,784,623
7378 (UPP1)	738,606,784,623
100526794 (NT5C1B-RDH14)	610,665,656,682
115024 (NT5C3B)	610,665,656,682
22978 (NT5C2)	610,665,656,682
30833 (NT5C)	610,665,656,682
4907 (NT5E)	610,665,656,682
51251 (NT5C3A)	610,665,656,682
56953 (NT5M)	610,665,656,682
84618 (NT5C1A)	610,665,656,682
93034 (NT5C1B)	610,665,656,682
10201 (NME6)	737,466,783,483
29922 (NME7)	737,466,783,483
4830 (NME1)	737,466,783,483
4831 (NME2)	737,466,783,483
4832 (NME3)	737,466,783,483
4833 (NME4)	737,466,783,483
654364 (NME1-NME2)	737,466,783,483
5167 (ENPP1)	438,834,484,851
5169 (ENPP3)	438,834,484,851
5167 (ENPP1)	430,321,476,338
5169 (ENPP3)	430,321,476,338
1854 (DUT)	423,602,469,619
hsa00240: Pyrimidine metabolism	40,45,244,70
hsa00030: Pentose phosphate pathway	102,90,249,115
hsa00250: Alanine	66,360,191,394
aspartate and glutamate metabolism	66,360,191,394
hsa00410: beta-Alanine metabolism	1210,223,1333,248
hsa00280: Valine	1212,763,1336,797
leucine and isoleucine degradation	1212,763,1336,797
hsa00220: Arginine biosynthesis	17,281,96,315
