C00076 (Calcium cation)	559,146,4
C00165 (Diacylglycerol)	448,193,4
C01245 (D-myo-Inositol 1,4,5-trisphosphate)	448,146,4
C05981 (Phosphatidylinositol-3,4,5-trisphosphate)	385,649,4
2885 (GRB2)	401,505,447,522
2002 (ELK1)	846,478,892,495
2066 (ERBB4)	177,684,223,701
2066 (ERBB4)	177,597,223,614
2065 (ERBB3)	177,519,223,536
2065 (ERBB3)	177,435,223,452
6776 (STAT5A)	354,530,400,547
6777 (STAT5B)	354,530,400,547
2064 (ERBB2)	177,667,223,684
2064 (ERBB2)	177,502,223,519
2064 (ERBB2)	177,357,223,374
2064 (ERBB2)	177,340,223,357
1956 (EGFR)	177,259,223,276
1956 (EGFR)	177,208,223,225
2932 (GSK3B)	519,646,565,663
1978 (EIF4EBP1)	596,585,642,602
6198 (RPS6KB1)	596,557,642,574
6199 (RPS6KB2)	596,557,642,574
1026 (CDKN1A)	519,703,565,720
1027 (CDKN1B)	519,678,565,695
2475 (MTOR)	519,573,565,590
10298 (PAK4)	526,360,572,377
106821730 (BUB1B-PAK6)	526,360,572,377
5058 (PAK1)	526,360,572,377
5062 (PAK2)	526,360,572,377
5063 (PAK3)	526,360,572,377
56924 (PAK6)	526,360,572,377
57144 (PAK5)	526,360,572,377
4690 (NCK1)	431,360,477,377
8440 (NCK2)	431,360,477,377
6776 (STAT5A)	479,254,525,271
6777 (STAT5B)	479,254,525,271
2064 (ERBB2)	177,276,223,293
572 (BAD)	519,617,565,634
2549 (GAB1)	401,582,447,599
7039 (TGFA)	46,232,92,249
5609 (MAP2K7)	630,360,676,377
6416 (MAP2K4)	630,360,676,377
867 (CBL)	485,220,531,237
868 (CBLB)	485,220,531,237
2066 (ERBB4)	177,580,223,597
2065 (ERBB3)	177,418,223,435
10718 (NRG3)	46,623,92,640
9542 (NRG2)	46,531,92,548
2002 (ELK1)	846,371,892,388
5599 (MAPK8)	735,360,781,377
5601 (MAPK9)	735,360,781,377
5602 (MAPK10)	735,360,781,377
1398 (CRK)	450,326,496,343
1399 (CRKL)	450,326,496,343
5747 (PTK2)	561,290,607,307
6654 (SOS1)	446,467,492,484
6655 (SOS2)	446,467,492,484
2885 (GRB2)	366,467,412,484
25759 (SHC2)	294,467,340,484
399694 (SHC4)	294,467,340,484
53358 (SHC3)	294,467,340,484
6464 (SHC1)	294,467,340,484
5578 (PRKCA)	598,185,644,202
5579 (PRKCB)	598,185,644,202
5582 (PRKCG)	598,185,644,202
815 (CAMK2A)	598,138,644,155
816 (CAMK2B)	598,138,644,155
817 (CAMK2D)	598,138,644,155
818 (CAMK2G)	598,138,644,155
5335 (PLCG1)	368,160,414,177
5336 (PLCG2)	368,160,414,177
1839 (HBEGF)	46,364,92,381
3084 (NRG1)	46,507,92,524
2069 (EREG)	46,388,92,405
685 (BTC)	46,340,92,357
3725 (JUN)	846,348,892,365
25 (ABL1)	545,326,591,343
27 (ABL2)	545,326,591,343
5290 (PIK3CA)	299,641,345,658
5291 (PIK3CB)	299,641,345,658
5293 (PIK3CD)	299,641,345,658
5295 (PIK3R1)	299,641,345,658
5296 (PIK3R2)	299,641,345,658
8503 (PIK3R3)	299,641,345,658
10000 (AKT3)	430,641,476,658
207 (AKT1)	430,641,476,658
208 (AKT2)	430,641,476,658
1956 (EGFR)	177,191,223,208
6714 (SRC)	467,290,513,307
145957 (NRG4)	46,646,92,663
4609 (MYC)	846,455,892,472
374 (AREG)	46,256,92,273
1950 (EGF)	46,208,92,225
5594 (MAPK1)	735,467,781,484
5595 (MAPK3)	735,467,781,484
5604 (MAP2K1)	662,467,708,484
5605 (MAP2K2)	662,467,708,484
369 (ARAF)	590,467,636,484
5894 (RAF1)	590,467,636,484
673 (BRAF)	590,467,636,484
3265 (HRAS)	519,467,565,484
3845 (KRAS)	519,467,565,484
4893 (NRAS)	519,467,565,484
hsa05223: Non-small cell lung cancer	876,126,978,160
hsa05212: Pancreatic cancer	876,76,978,110
hsa04150: mTOR signaling pathway	688,593,790,627
hsa05213: Endometrial cancer	876,681,978,715
hsa05214: Glioma	876,624,978,658
hsa04020: Calcium signaling pathway	300,108,412,142
hsa04010: MAPK signaling pathway	653,402,755,436
hsa04012: ErbB signaling pathway	40,45,254,70
hsa04110: Cell cycle	687,681,790,715
hsa04151: PI3K-Akt signaling pathway	333,682,435,716
