C02165 (Leukotriene B4)	435,161,4
C14776 (8(S)-HETE)	435,161,4
C15493 (9-cis-Retinoic acid)	435,247,4
C15493 (9-cis-Retinoic acid)	435,697,4
C14767 (9(S)-HODE)	435,613,4
C14762 (13(S)-HODE)	435,613,4
C15493 (9-cis-Retinoic acid)	435,470,4
364 (AQP7)	863,812,909,829
2710 (GK)	813,824,859,841
2712 (GK2)	813,824,859,841
5105 (PCK1)	813,801,859,818
5106 (PCK2)	813,801,859,818
123 (PLIN2)	863,617,909,634
440503 (PLIN5)	863,617,909,634
5346 (PLIN1)	863,617,909,634
729359 (PLIN4)	863,617,909,634
948 (CD36)	120,123,166,140
10998 (SLC27A5)	120,151,166,168
10999 (SLC27A4)	120,151,166,168
11001 (SLC27A2)	120,151,166,168
28965 (SLC27A6)	120,151,166,168
376497 (SLC27A1)	120,151,166,168
2167 (FABP4)	205,124,251,141
2168 (FABP1)	205,124,251,141
2169 (FABP2)	205,124,251,141
2170 (FABP3)	205,124,251,141
2171 (FABP5)	205,124,251,141
2172 (FABP6)	205,124,251,141
2173 (FABP7)	205,124,251,141
5465 (PPARA)	547,201,593,218
6256 (RXRA)	547,218,593,235
6257 (RXRB)	547,218,593,235
6258 (RXRG)	547,218,593,235
5467 (PPARD)	547,426,593,443
6256 (RXRA)	547,443,593,460
6257 (RXRB)	547,443,593,460
6258 (RXRG)	547,443,593,460
5468 (PPARG)	547,651,593,668
6256 (RXRA)	547,668,593,685
6257 (RXRB)	547,668,593,685
6258 (RXRG)	547,668,593,685
6342 (SCP2)	813,558,859,575
30 (ACAA1)	813,535,859,552
34 (ACADM)	863,569,909,586
33 (ACADL)	863,546,909,563
1579 (CYP4A11)	813,512,859,529
284541 (CYP4A22)	813,512,859,529
1962 (EHHADH)	813,489,859,506
1376 (CPT2)	863,523,909,540
126129 (CPT1C)	863,500,909,517
1374 (CPT1A)	863,500,909,517
1375 (CPT1B)	863,500,909,517
2180 (ACSL1)	813,449,859,466
2181 (ACSL3)	813,449,859,466
2182 (ACSL4)	813,449,859,466
23205 (ACSBG1)	813,449,859,466
23305 (ACSL6)	813,449,859,466
51703 (ACSL5)	813,449,859,466
81616 (ACSBG2)	813,449,859,466
4973 (OLR1)	863,437,909,454
4023 (LPL)	813,426,859,443
948 (CD36)	863,414,909,431
2170 (FABP3)	813,403,859,420
1581 (CYP7A1)	813,294,859,311
10999 (SLC27A4)	863,391,909,408
376497 (SLC27A1)	863,391,909,408
3157 (HMGCS1)	813,105,859,122
3158 (HMGCS2)	813,105,859,122
10580 (SORBS1)	813,663,859,680
4312 (MMP1)	863,663,909,680
2167 (FABP4)	813,640,859,657
51129 (ANGPTL4)	813,617,859,634
51 (ACOX1)	813,581,859,598
8309 (ACOX2)	813,581,859,598
8310 (ACOX3)	813,581,859,598
3611 (ILK)	813,731,859,748
2168 (FABP1)	813,380,859,397
5170 (PDPK1)	863,731,909,748
336 (APOA2)	813,168,859,185
5360 (PLTP)	863,180,909,197
9370 (ADIPOQ)	863,640,909,657
6319 (SCD)	813,254,859,271
79966 (SCD5)	813,254,859,271
9415 (FADS2)	863,243,909,260
345 (APOC3)	813,191,859,208
1582 (CYP8B1)	813,317,859,334
10062 (NR1H3)	863,294,909,311
1593 (CYP27A1)	863,317,909,334
335 (APOA1)	813,145,859,162
7316 (UBC)	813,765,859,782
1622 (DBI)	813,357,859,374
116519 (APOA5)	863,157,909,174
10873 (ME3)	813,231,859,248
4199 (ME1)	813,231,859,248
7350 (UCP1)	813,697,859,714
hsa04920: Adipocytokine signaling pathway	504,148,631,182
hsa00071: Fatty acid degradation	963,134,1101,159
hsa00072: Synthesis and degradation of ketone bodies	958,213,1106,247
hsa00120: Primary bile acid biosynthesis	963,174,1101,199
hsa00564: Glycerophospholipid metabolism	963,264,1101,298
hsa03320: PPAR signaling pathway	48,28,263,53
