C00002 (ATP)	768,179,4
C00008 (ADP)	858,180,4
C00159 (D-Mannose)	219,763,4
C00159 (D-Mannose)	960,848,4
C00275 (D-Mannose 6-phosphate)	223,833,4
C00275 (D-Mannose 6-phosphate)	415,797,4
C00275 (D-Mannose 6-phosphate)	638,754,4
C00275 (D-Mannose 6-phosphate)	858,757,4
C00275 (D-Mannose 6-phosphate)	939,782,4
10312 (TCIRG1)	788,203,834,220
23545 (ATP6V0A2)	788,203,834,220
245972 (ATP6V0D2)	788,203,834,220
50617 (ATP6V0A4)	788,203,834,220
51606 (ATP6V1H)	788,203,834,220
527 (ATP6V0C)	788,203,834,220
533 (ATP6V0B)	788,203,834,220
535 (ATP6V0A1)	788,203,834,220
537 (ATP6AP1)	788,203,834,220
9114 (ATP6V0D1)	788,203,834,220
1075 (CTSC)	1049,117,1095,134
1508 (CTSB)	1049,117,1095,134
1509 (CTSD)	1049,117,1095,134
1510 (CTSE)	1049,117,1095,134
1511 (CTSG)	1049,117,1095,134
1512 (CTSH)	1049,117,1095,134
1513 (CTSK)	1049,117,1095,134
1514 (CTSL)	1049,117,1095,134
1515 (CTSV)	1049,117,1095,134
1519 (CTSO)	1049,117,1095,134
1520 (CTSS)	1049,117,1095,134
1521 (CTSW)	1049,117,1095,134
1522 (CTSZ)	1049,117,1095,134
5476 (CTSA)	1049,117,1095,134
8722 (CTSF)	1049,117,1095,134
9476 (NAPSA)	1104,117,1150,134
5641 (LGMN)	1159,117,1205,134
1200 (TPP1)	1214,117,1260,134
2717 (GLA)	1049,159,1095,176
2720 (GLB1)	1104,159,1150,176
2548 (GAA)	1159,159,1204,176
2629 (GBA)	1214,159,1260,176
3073 (HEXA)	1049,205,1095,222
3074 (HEXB)	1049,205,1095,222
4126 (MANBA)	1104,205,1150,222
4125 (MAN2B1)	1159,205,1205,222
4668 (NAGA)	1049,182,1095,199
2990 (GUSB)	1214,182,1260,199
4758 (NEU1)	1214,205,1260,222
2581 (GALC)	1159,182,1205,199
4669 (NAGLU)	1104,182,1150,199
3425 (IDUA)	1269,159,1315,176
2517 (FUCA1)	1269,182,1315,199
22901 (ARSG)	1049,247,1095,264
410 (ARSA)	1049,247,1095,264
411 (ARSB)	1049,247,1095,264
2799 (GNS)	1159,247,1205,264
3423 (IDS)	1214,247,1260,264
6448 (SGSH)	1269,247,1315,264
2588 (GALNS)	1104,247,1150,264
3988 (LIPA)	1049,289,1095,306
23659 (PLA2G15)	1104,289,1150,306
1777 (DNASE2)	1159,289,1205,306
58511 (DNASE2B)	1159,289,1205,306
53 (ACP2)	1214,289,1260,306
6609 (SMPD1)	1049,331,1095,348
427 (ASAH1)	1159,331,1205,348
175 (AGA)	1269,331,1315,348
53 (ACP2)	1159,520,1205,537
79158 (GNPTAB)	127,796,173,813
84572 (GNPTG)	127,796,173,813
2760 (GM2A)	1104,372,1150,389
5660 (PSAP)	1049,372,1095,389
768239 (PSAPL1)	1049,372,1095,389
5538 (PPT1)	1159,372,1205,389
9374 (PPT2)	1159,372,1205,389
27074 (LAMP3)	1049,455,1095,472
3916 (LAMP1)	1049,455,1095,472
3920 (LAMP2)	1049,455,1095,472
968 (CD68)	1049,455,1095,472
950 (SCARB2)	1104,455,1150,472
967 (CD63)	1104,455,1150,472
1497 (CTNS)	1104,497,1150,514
26503 (SLC17A5)	1159,497,1205,514
55353 (LAPTM4B)	1269,497,1315,514
7805 (LAPTM5)	1269,497,1315,514
9741 (LAPTM4A)	1269,497,1315,514
23457 (ABCB9)	1104,520,1150,537
20 (ABCA2)	1049,520,1095,537
4891 (SLC11A2)	1214,497,1260,514
6556 (SLC11A1)	1214,497,1260,514
10577 (NPC2)	1049,497,1095,514
4864 (NPC1)	1049,497,1095,514
1201 (CLN3)	1104,543,1150,560
1203 (CLN5)	1159,543,1205,560
8763 (CD164)	1214,520,1260,537
9583 (ENTPD4)	1269,520,1315,537
6272 (SORT1)	1049,543,1095,560
256471 (MFSD8)	1214,543,1260,560
138050 (HGSNAT)	1269,543,1315,560
1211 (CLTA)	460,820,506,837
1212 (CLTB)	460,820,506,837
1213 (CLTC)	460,820,506,837
8218 (CLTCL1)	460,820,506,837
3482 (IGF2R)	460,727,506,744
4074 (M6PR)	460,727,506,744
51172 (NAGPA)	127,816,173,833
10053 (AP1M2)	530,797,576,814
1174 (AP1S1)	530,797,576,814
130340 (AP1S3)	530,797,576,814
162 (AP1B1)	530,797,576,814
164 (AP1G1)	530,797,576,814
8905 (AP1S2)	530,797,576,814
8906 (AP1G2)	530,797,576,814
8907 (AP1M1)	530,797,576,814
10239 (AP3S2)	581,797,627,814
10947 (AP3M2)	581,797,627,814
1176 (AP3S1)	581,797,627,814
26985 (AP3M1)	581,797,627,814
8120 (AP3B2)	581,797,627,814
8546 (AP3B1)	581,797,627,814
8943 (AP3D1)	581,797,627,814
10053 (AP1M2)	731,867,777,884
1174 (AP1S1)	731,867,777,884
130340 (AP1S3)	731,867,777,884
162 (AP1B1)	731,867,777,884
164 (AP1G1)	731,867,777,884
8905 (AP1S2)	731,867,777,884
8906 (AP1G2)	731,867,777,884
8907 (AP1M1)	731,867,777,884
10312 (TCIRG1)	966,764,1012,781
23545 (ATP6V0A2)	966,764,1012,781
245972 (ATP6V0D2)	966,764,1012,781
50617 (ATP6V0A4)	966,764,1012,781
51606 (ATP6V1H)	966,764,1012,781
527 (ATP6V0C)	966,764,1012,781
533 (ATP6V0B)	966,764,1012,781
535 (ATP6V0A1)	966,764,1012,781
537 (ATP6AP1)	966,764,1012,781
9114 (ATP6V0D1)	966,764,1012,781
23062 (GGA2)	530,817,576,834
23163 (GGA3)	530,817,576,834
26088 (GGA1)	530,817,576,834
10239 (AP3S2)	1040,801,1086,818
10947 (AP3M2)	1040,801,1086,818
1176 (AP3S1)	1040,801,1086,818
26985 (AP3M1)	1040,801,1086,818
8120 (AP3B2)	1040,801,1086,818
8546 (AP3B1)	1040,801,1086,818
8943 (AP3D1)	1040,801,1086,818
54 (ACP5)	1269,289,1315,306
10717 (AP4B1)	581,817,627,834
11154 (AP4S1)	581,817,627,834
23431 (AP4E1)	581,817,627,834
9179 (AP4M1)	581,817,627,834
3373 (HYAL1)	1269,205,1315,222
285362 (SUMF1)	98,714,144,731
57192 (MCOLN1)	646,435,692,452
57192 (MCOLN1)	1049,566,1095,583
9516 (LITAF)	1104,566,1150,583
hsa04140: Autophagy - animal	354,605,478,630
hsa04142: Lysosome	40,45,150,70
hsa04144: Endocytosis	109,409,201,434
hsa00531: Glycosaminoglycan degradation	734,507,854,541
hsa04130: SNARE interactions in vesicular transport	71,853,179,888
hsa00511: Other glycan degradation	733,553,853,587
