C00076 (Calcium cation)	657,748,4
C00080 (H+)	1220,233,4
C00080 (H+)	1081,365,4
C03758 (Dopamine)	676,290,4
C01996 (Acetylcholine)	676,290,4
C00334 (4-Aminobutanoate)	676,290,4
C00025 (L-Glutamate)	676,290,4
C16041 (Leu-enkephalin)	676,290,4
C00037 (Glycine)	676,290,4
C00547 (L-Noradrenaline)	676,290,4
C00780 (Serotonin)	676,290,4
C00002 (ATP)	676,290,4
C00388 (Histamine)	676,290,4
C03758 (Dopamine)	554,161,4
C01996 (Acetylcholine)	554,161,4
C00334 (4-Aminobutanoate)	554,161,4
C00025 (L-Glutamate)	554,161,4
C16041 (Leu-enkephalin)	554,161,4
C00037 (Glycine)	554,161,4
C00547 (L-Noradrenaline)	554,161,4
C00780 (Serotonin)	554,161,4
C00002 (ATP)	554,161,4
C00388 (Histamine)	554,161,4
C03758 (Dopamine)	68,437,4
C01996 (Acetylcholine)	68,437,4
C00334 (4-Aminobutanoate)	68,437,4
C00025 (L-Glutamate)	68,437,4
C16041 (Leu-enkephalin)	68,437,4
C00037 (Glycine)	68,437,4
C00547 (L-Noradrenaline)	68,437,4
C00780 (Serotonin)	68,437,4
C00002 (ATP)	68,437,4
C00388 (Histamine)	68,437,4
773 (CACNA1A)	633,689,679,706
774 (CACNA1B)	633,689,679,706
112755 (STX1B)	388,635,434,652
2054 (STX2)	388,635,434,652
6804 (STX1A)	388,635,434,652
6809 (STX3)	388,635,434,652
22999 (RIMS1)	180,648,226,665
10814 (CPLX2)	606,606,652,623
10815 (CPLX1)	606,606,652,623
339302 (CPLX4)	606,606,652,623
594855 (CPLX3)	606,606,652,623
5864 (RAB3A)	180,625,226,642
6844 (VAMP2)	388,612,434,629
6616 (SNAP25)	388,662,434,679
8775 (NAPA)	1131,636,1177,653
4905 (NSF)	1131,614,1177,631
6857 (SYT1)	659,610,705,627
6857 (SYT1)	262,336,308,353
6844 (VAMP2)	260,383,306,400
1211 (CLTA)	1303,509,1349,526
1212 (CLTB)	1303,509,1349,526
1213 (CLTC)	1303,509,1349,526
8218 (CLTCL1)	1303,509,1349,526
1173 (AP2M1)	1353,529,1399,546
1175 (AP2S1)	1353,529,1399,546
160 (AP2A1)	1353,529,1399,546
161 (AP2A2)	1353,529,1399,546
163 (AP2B1)	1353,529,1399,546
1759 (DNM1)	1265,671,1311,688
1785 (DNM2)	1265,671,1311,688
26052 (DNM3)	1265,671,1311,688
1759 (DNM1)	1346,672,1392,689
1785 (DNM2)	1346,672,1392,689
26052 (DNM3)	1346,672,1392,689
6857 (SYT1)	387,589,433,606
6812 (STXBP1)	277,628,323,645
6857 (SYT1)	1077,578,1123,595
6616 (SNAP25)	884,627,930,644
6844 (VAMP2)	930,580,976,597
112755 (STX1B)	878,603,924,620
2054 (STX2)	878,603,924,620
6804 (STX1A)	878,603,924,620
6809 (STX3)	878,603,924,620
10497 (UNC13B)	387,548,433,565
23025 (UNC13A)	387,548,433,565
440279 (UNC13C)	387,548,433,565
6857 (SYT1)	335,517,381,534
140679 (SLC32A1)	530,179,576,196
246213 (SLC17A8)	530,179,576,196
57030 (SLC17A7)	530,179,576,196
57084 (SLC17A6)	530,179,576,196
6570 (SLC18A1)	530,179,576,196
6571 (SLC18A2)	530,179,576,196
6572 (SLC18A3)	530,179,576,196
140679 (SLC32A1)	652,309,698,326
246213 (SLC17A8)	652,309,698,326
57030 (SLC17A7)	652,309,698,326
57084 (SLC17A6)	652,309,698,326
6570 (SLC18A1)	652,309,698,326
6571 (SLC18A2)	652,309,698,326
6572 (SLC18A3)	652,309,698,326
10312 (TCIRG1)	1014,356,1060,373
127124 (ATP6V1G3)	1014,356,1060,373
155066 (ATP6V0E2)	1014,356,1060,373
23545 (ATP6V0A2)	1014,356,1060,373
245972 (ATP6V0D2)	1014,356,1060,373
245973 (ATP6V1C2)	1014,356,1060,373
50617 (ATP6V0A4)	1014,356,1060,373
51382 (ATP6V1D)	1014,356,1060,373
51606 (ATP6V1H)	1014,356,1060,373
523 (ATP6V1A)	1014,356,1060,373
525 (ATP6V1B1)	1014,356,1060,373
526 (ATP6V1B2)	1014,356,1060,373
527 (ATP6V0C)	1014,356,1060,373
528 (ATP6V1C1)	1014,356,1060,373
529 (ATP6V1E1)	1014,356,1060,373
533 (ATP6V0B)	1014,356,1060,373
534 (ATP6V1G2)	1014,356,1060,373
535 (ATP6V0A1)	1014,356,1060,373
8992 (ATP6V0E1)	1014,356,1060,373
90423 (ATP6V1E2)	1014,356,1060,373
9114 (ATP6V0D1)	1014,356,1060,373
9296 (ATP6V1F)	1014,356,1060,373
9550 (ATP6V1G1)	1014,356,1060,373
10312 (TCIRG1)	1154,226,1200,243
127124 (ATP6V1G3)	1154,226,1200,243
155066 (ATP6V0E2)	1154,226,1200,243
23545 (ATP6V0A2)	1154,226,1200,243
245972 (ATP6V0D2)	1154,226,1200,243
245973 (ATP6V1C2)	1154,226,1200,243
50617 (ATP6V0A4)	1154,226,1200,243
51382 (ATP6V1D)	1154,226,1200,243
51606 (ATP6V1H)	1154,226,1200,243
523 (ATP6V1A)	1154,226,1200,243
525 (ATP6V1B1)	1154,226,1200,243
526 (ATP6V1B2)	1154,226,1200,243
527 (ATP6V0C)	1154,226,1200,243
528 (ATP6V1C1)	1154,226,1200,243
529 (ATP6V1E1)	1154,226,1200,243
533 (ATP6V0B)	1154,226,1200,243
534 (ATP6V1G2)	1154,226,1200,243
535 (ATP6V0A1)	1154,226,1200,243
8992 (ATP6V0E1)	1154,226,1200,243
90423 (ATP6V1E2)	1154,226,1200,243
9114 (ATP6V0D1)	1154,226,1200,243
9296 (ATP6V1F)	1154,226,1200,243
9550 (ATP6V1G1)	1154,226,1200,243
6505 (SLC1A1)	99,429,145,446
6506 (SLC1A2)	99,429,145,446
6507 (SLC1A3)	99,429,145,446
6511 (SLC1A6)	99,429,145,446
6512 (SLC1A7)	99,429,145,446
6529 (SLC6A1)	99,429,145,446
6530 (SLC6A2)	99,429,145,446
6531 (SLC6A3)	99,429,145,446
6532 (SLC6A4)	99,429,145,446
6534 (SLC6A7)	99,429,145,446
6536 (SLC6A9)	99,429,145,446
6538 (SLC6A11)	99,429,145,446
6539 (SLC6A12)	99,429,145,446
6540 (SLC6A13)	99,429,145,446
9152 (SLC6A5)	99,429,145,446
hsa04721: Synaptic vesicle cycle	40,45,262,70
hsa04724: Glutamatergic synapse	365,890,457,924
hsa04725: Cholinergic synapse	475,890,567,924
hsa04726: Serotonergic synapse	585,891,677,925
hsa04727: GABAergic synapse	880,892,972,926
hsa04728: Dopaminergic synapse	990,892,1082,926
hsa04144: Endocytosis	1192,526,1284,551
