C00076 (Calcium cation)	197,402,4
C00076 (Calcium cation)	418,410,4
C00076 (Calcium cation)	193,519,4
C01330 (Sodium cation)	280,529,4
C01330 (Sodium cation)	385,108,4
C00076 (Calcium cation)	533,495,4
C00238 (Potassium cation)	598,113,4
C01330 (Sodium cation)	587,212,4
C00080 (H+)	535,210,4
C01330 (Sodium cation)	545,113,4
C00575 (3',5'-Cyclic AMP)	683,275,4
C00076 (Calcium cation)	297,402,4
C00547 (L-Noradrenaline)	677,60,4
C00788 (L-Adrenaline)	685,97,4
C07056 (Isoproterenol)	721,72,4
C00165 (Diacylglycerol)	871,591,4
C01245 (D-myo-Inositol 1,4,5-trisphosphate)	949,625,4
C00076 (Calcium cation)	870,622,4
C00547 (L-Noradrenaline)	1144,566,4
C00788 (L-Adrenaline)	1144,590,4
C01330 (Sodium cation)	326,111,4
C00076 (Calcium cation)	431,218,4
C00238 (Potassium cation)	486,218,4
C00076 (Calcium cation)	374,218,4
10368 (CACNG3)	215,397,261,414
10369 (CACNG2)	215,397,261,414
27091 (CACNG5)	215,397,261,414
27092 (CACNG4)	215,397,261,414
55799 (CACNA2D3)	215,397,261,414
59283 (CACNG8)	215,397,261,414
59284 (CACNG7)	215,397,261,414
59285 (CACNG6)	215,397,261,414
775 (CACNA1C)	215,397,261,414
776 (CACNA1D)	215,397,261,414
778 (CACNA1F)	215,397,261,414
779 (CACNA1S)	215,397,261,414
781 (CACNA2D1)	215,397,261,414
782 (CACNB1)	215,397,261,414
783 (CACNB2)	215,397,261,414
784 (CACNB3)	215,397,261,414
785 (CACNB4)	215,397,261,414
786 (CACNG1)	215,397,261,414
9254 (CACNA2D2)	215,397,261,414
93589 (CACNA2D4)	215,397,261,414
6262 (RYR2)	341,397,387,414
6543 (SLC8A2)	357,151,403,168
6546 (SLC8A1)	357,151,403,168
6547 (SLC8A3)	357,151,403,168
6543 (SLC8A2)	212,516,258,533
6546 (SLC8A1)	212,516,258,533
6547 (SLC8A3)	212,516,258,533
487 (ATP2A1)	597,428,643,445
488 (ATP2A2)	597,428,643,445
489 (ATP2A3)	597,428,643,445
7134 (TNNC1)	504,524,550,541
7139 (TNNT2)	530,561,576,578
7137 (TNNI3)	453,560,499,577
70 (ACTC1)	497,623,543,640
7168 (TPM1)	520,606,566,623
7169 (TPM2)	520,606,566,623
7170 (TPM3)	520,606,566,623
7171 (TPM4)	520,606,566,623
4624 (MYH6)	497,677,543,694
4625 (MYH7)	497,677,543,694
4633 (MYL2)	497,677,543,694
4634 (MYL3)	497,677,543,694
4635 (MYL4)	497,677,543,694
23439 (ATP1B4)	570,151,616,168
476 (ATP1A1)	570,151,616,168
477 (ATP1A2)	570,151,616,168
478 (ATP1A3)	570,151,616,168
480 (ATP1A4)	570,151,616,168
481 (ATP1B1)	570,151,616,168
482 (ATP1B2)	570,151,616,168
483 (ATP1B3)	570,151,616,168
486 (FXYD2)	570,151,616,168
6548 (SLC9A1)	517,151,563,168
153 (ADRB1)	630,151,676,168
154 (ADRB2)	739,151,785,168
2778 (GNAS)	646,190,692,207
2778 (GNAS)	709,190,755,207
2770 (GNAI1)	772,190,818,207
2771 (GNAI2)	772,190,818,207
2773 (GNAI3)	772,190,818,207
107 (ADCY1)	679,228,725,245
108 (ADCY2)	679,228,725,245
109 (ADCY3)	679,228,725,245
111 (ADCY5)	679,228,725,245
112 (ADCY6)	679,228,725,245
113 (ADCY7)	679,228,725,245
114 (ADCY8)	679,228,725,245
115 (ADCY9)	679,228,725,245
196883 (ADCY4)	679,228,725,245
5566 (PRKACA)	620,298,666,315
5567 (PRKACB)	620,298,666,315
5568 (PRKACG)	620,298,666,315
146850 (PIK3R6)	812,250,858,267
23533 (PIK3R5)	812,250,858,267
5294 (PIK3CG)	812,250,858,267
10000 (AKT3)	894,250,940,267
207 (AKT1)	894,250,940,267
208 (AKT2)	894,250,940,267
5594 (MAPK1)	753,250,799,267
5595 (MAPK3)	753,250,799,267
10488 (CREB3)	775,413,821,430
1385 (CREB1)	775,413,821,430
1386 (ATF2)	775,413,821,430
1388 (ATF6B)	775,413,821,430
148327 (CREB3L4)	775,413,821,430
468 (ATF4)	775,413,821,430
64764 (CREB3L2)	775,413,821,430
84699 (CREB3L3)	775,413,821,430
90993 (CREB3L1)	775,413,821,430
9586 (CREB5)	775,413,821,430
5350 (PLN)	566,445,612,462
6324 (SCN1B)	303,151,349,168
6330 (SCN4B)	303,151,349,168
6331 (SCN5A)	303,151,349,168
6332 (SCN7A)	303,151,349,168
5502 (PPP1R1A)	738,539,784,556
5499 (PPP1CA)	656,505,702,522
5500 (PPP1CB)	656,505,702,522
5501 (PPP1CC)	656,505,702,522
28227 (PPP2R3B)	678,569,724,586
55012 (PPP2R3C)	678,569,724,586
5515 (PPP2CA)	678,569,724,586
5516 (PPP2CB)	678,569,724,586
5518 (PPP2R1A)	678,569,724,586
5519 (PPP2R1B)	678,569,724,586
5520 (PPP2R2A)	678,569,724,586
5521 (PPP2R2B)	678,569,724,586
5522 (PPP2R2C)	678,569,724,586
5523 (PPP2R3A)	678,569,724,586
5525 (PPP2R5A)	678,569,724,586
5526 (PPP2R5B)	678,569,724,586
5527 (PPP2R5C)	678,569,724,586
5528 (PPP2R5D)	678,569,724,586
5529 (PPP2R5E)	678,569,724,586
55844 (PPP2R2D)	678,569,724,586
163688 (CALML6)	280,334,326,351
51806 (CALML5)	280,334,326,351
801 (CALM1)	280,334,326,351
805 (CALM2)	280,334,326,351
808 (CALM3)	280,334,326,351
810 (CALML3)	280,334,326,351
91860 (CALML4)	280,334,326,351
815 (CAMK2A)	276,255,322,272
816 (CAMK2B)	276,255,322,272
817 (CAMK2D)	276,255,322,272
818 (CAMK2G)	276,255,322,272
185 (AGTR1)	1048,517,1094,534
186 (AGTR2)	1048,517,1094,534
2776 (GNAQ)	968,539,1014,556
23236 (PLCB1)	887,539,933,556
5330 (PLCB2)	887,539,933,556
5331 (PLCB3)	887,539,933,556
5332 (PLCB4)	887,539,933,556
5578 (PRKCA)	810,539,856,556
10411 (RAPGEF3)	707,301,753,318
11069 (RAPGEF4)	707,301,753,318
1432 (MAPK14)	853,299,899,316
5600 (MAPK11)	853,299,899,316
5603 (MAPK13)	853,299,899,316
6300 (MAPK12)	853,299,899,316
28227 (PPP2R3B)	270,430,316,447
55012 (PPP2R3C)	270,430,316,447
5515 (PPP2CA)	270,430,316,447
5516 (PPP2CB)	270,430,316,447
5518 (PPP2R1A)	270,430,316,447
5519 (PPP2R1B)	270,430,316,447
5520 (PPP2R2A)	270,430,316,447
5521 (PPP2R2B)	270,430,316,447
5522 (PPP2R2C)	270,430,316,447
5523 (PPP2R3A)	270,430,316,447
5525 (PPP2R5A)	270,430,316,447
5526 (PPP2R5B)	270,430,316,447
5527 (PPP2R5C)	270,430,316,447
5528 (PPP2R5D)	270,430,316,447
5529 (PPP2R5E)	270,430,316,447
55844 (PPP2R2D)	270,430,316,447
5499 (PPP1CA)	269,456,315,473
5500 (PPP1CB)	269,456,315,473
5501 (PPP1CC)	269,456,315,473
146 (ADRA1D)	1048,558,1094,575
147 (ADRA1B)	1048,558,1094,575
148 (ADRA1A)	1048,558,1094,575
28227 (PPP2R3B)	364,597,410,614
55012 (PPP2R3C)	364,597,410,614
5515 (PPP2CA)	364,597,410,614
5516 (PPP2CB)	364,597,410,614
5518 (PPP2R1A)	364,597,410,614
5519 (PPP2R1B)	364,597,410,614
5520 (PPP2R2A)	364,597,410,614
5521 (PPP2R2B)	364,597,410,614
5522 (PPP2R2C)	364,597,410,614
5523 (PPP2R3A)	364,597,410,614
5525 (PPP2R5A)	364,597,410,614
5526 (PPP2R5B)	364,597,410,614
5527 (PPP2R5C)	364,597,410,614
5528 (PPP2R5D)	364,597,410,614
5529 (PPP2R5E)	364,597,410,614
55844 (PPP2R2D)	364,597,410,614
1390 (CREM)	912,444,958,461
596 (BCL2)	909,321,955,338
9252 (RPS6KA5)	775,452,821,469
5594 (MAPK1)	810,493,856,510
5595 (MAPK3)	810,493,856,510
490 (ATP2B1)	410,151,456,168
491 (ATP2B2)	410,151,456,168
492 (ATP2B3)	410,151,456,168
493 (ATP2B4)	410,151,456,168
3753 (KCNE1)	463,151,509,168
3784 (KCNQ1)	463,151,509,168
183 (AGT)	1125,517,1171,534
hsa04261: Adrenergic signaling in cardiomyocytes	40,45,406,70
hsa04020: Calcium signaling pathway	319,510,436,544
hsa04260: Cardiac muscle contraction	27,228,144,262
hsa04151: PI3K-Akt signaling pathway	854,200,971,234
