1029 (CDKN2A)	509,115,555,132
51343 (FZR1)	896,527,942,544
4171 (MCM2)	530,547,576,564
4172 (MCM3)	530,547,576,564
4173 (MCM4)	530,547,576,564
4174 (MCM5)	530,547,576,564
4175 (MCM6)	530,547,576,564
4176 (MCM7)	530,547,576,564
23594 (ORC6)	471,547,517,564
23595 (ORC3)	471,547,517,564
4998 (ORC1)	471,547,517,564
4999 (ORC2)	471,547,517,564
5000 (ORC4)	471,547,517,564
5001 (ORC5)	471,547,517,564
10393 (ANAPC10)	896,288,942,305
246184 (CDC26)	896,288,942,305
25847 (ANAPC13)	896,288,942,305
29882 (ANAPC2)	896,288,942,305
29945 (ANAPC4)	896,288,942,305
51433 (ANAPC5)	896,288,942,305
51434 (ANAPC7)	896,288,942,305
51529 (ANAPC11)	896,288,942,305
64682 (ANAPC1)	896,288,942,305
8697 (CDC23)	896,288,942,305
8881 (CDC16)	896,288,942,305
996 (CDC27)	896,288,942,305
10393 (ANAPC10)	896,510,942,527
246184 (CDC26)	896,510,942,527
25847 (ANAPC13)	896,510,942,527
29882 (ANAPC2)	896,510,942,527
29945 (ANAPC4)	896,510,942,527
51433 (ANAPC5)	896,510,942,527
51434 (ANAPC7)	896,510,942,527
51529 (ANAPC11)	896,510,942,527
64682 (ANAPC1)	896,510,942,527
8697 (CDC23)	896,510,942,527
8881 (CDC16)	896,510,942,527
996 (CDC27)	896,510,942,527
6500 (SKP1)	165,510,211,527
8454 (CUL1)	165,510,211,527
9978 (RBX1)	165,510,211,527
6500 (SKP1)	409,182,455,199
8454 (CUL1)	409,182,455,199
9978 (RBX1)	409,182,455,199
23594 (ORC6)	100,695,146,712
23595 (ORC3)	54,678,100,695
5001 (ORC5)	54,695,100,712
5000 (ORC4)	100,678,146,695
4999 (ORC2)	100,661,146,678
4998 (ORC1)	54,661,100,678
4176 (MCM7)	222,695,268,712
4175 (MCM6)	177,695,223,712
4174 (MCM5)	222,678,268,695
4173 (MCM4)	177,678,223,695
4172 (MCM3)	222,661,268,678
4171 (MCM2)	177,661,223,678
983 (CDK1)	757,459,803,476
701 (BUB1B)	807,289,853,306
5111 (PCNA)	536,350,582,367
5347 (PLK1)	839,459,885,476
472 (ATM)	673,154,719,171
545 (ATR)	673,154,719,171
10926 (DBF4)	509,617,555,634
10459 (MAD2L2)	807,272,853,289
4085 (MAD2L1)	807,272,853,289
699 (BUB1)	746,306,792,323
9184 (BUB3)	807,306,853,323
8555 (CDC14B)	896,569,942,586
8556 (CDC14A)	896,569,942,586
10971 (YWHAQ)	827,343,873,360
7529 (YWHAB)	827,343,873,360
7531 (YWHAE)	827,343,873,360
7532 (YWHAG)	827,343,873,360
7533 (YWHAH)	827,343,873,360
7534 (YWHAZ)	827,343,873,360
2810 (SFN)	615,304,661,321
1111 (CHEK1)	673,290,719,307
11200 (CHEK2)	673,290,719,307
1026 (CDKN1A)	436,304,482,321
5591 (PRKDC)	617,154,663,171
4193 (MDM2)	509,170,555,187
1387 (CREBBP)	567,141,613,158
2033 (EP300)	567,141,613,158
6502 (SKP2)	409,199,455,216
9088 (PKMYT1)	740,519,786,536
494551 (WEE2)	681,519,727,536
7465 (WEE1)	681,519,727,536
10744 (PTTG2)	896,236,942,253
9232 (PTTG1)	896,236,942,253
9700 (ESPL1)	896,189,942,206
27127 (SMC1B)	872,108,918,125
8243 (SMC1A)	872,108,918,125
6502 (SKP2)	165,527,211,544
5925 (RB1)	614,519,660,536
10912 (GADD45G)	536,304,582,321
1647 (GADD45A)	536,304,582,321
4616 (GADD45B)	536,304,582,321
5925 (RB1)	481,234,527,251
7157 (TP53)	567,234,613,251
1027 (CDKN1B)	384,304,430,321
1028 (CDKN1C)	384,304,430,321
1030 (CDKN2B)	233,304,279,321
7040 (TGFB1)	304,95,350,112
7042 (TGFB2)	304,95,350,112
7043 (TGFB3)	304,95,350,112
4089 (SMAD4)	304,155,350,172
4087 (SMAD2)	304,138,350,155
4088 (SMAD3)	304,138,350,155
8317 (CDC7)	509,600,555,617
991 (CDC20)	896,305,942,322
994 (CDC25B)	807,393,853,410
995 (CDC25C)	807,393,853,410
8318 (CDC45)	530,519,576,536
990 (CDC6)	471,519,517,536
993 (CDC25A)	591,393,637,410
2932 (GSK3B)	147,158,193,175
983 (CDK1)	666,459,712,476
85417 (CCNB3)	757,442,803,459
891 (CCNB1)	757,442,803,459
9133 (CCNB2)	757,442,803,459
890 (CCNA2)	666,442,712,459
8900 (CCNA1)	666,442,712,459
1022 (CDK7)	529,459,575,476
1017 (CDK2)	434,459,480,476
1017 (CDK2)	312,459,358,476
1019 (CDK4)	204,459,250,476
1021 (CDK6)	204,459,250,476
902 (CCNH)	529,442,575,459
890 (CCNA2)	434,442,480,459
8900 (CCNA1)	434,442,480,459
898 (CCNE1)	312,442,358,459
9134 (CCNE2)	312,442,358,459
595 (CCND1)	204,442,250,459
894 (CCND2)	204,442,250,459
896 (CCND3)	204,442,250,459
8379 (MAD1L1)	807,222,853,239
7272 (TTK)	807,172,853,189
1031 (CDKN2C)	281,304,327,321
1032 (CDKN2D)	329,304,375,321
1029 (CDKN2A)	185,304,231,321
9126 (SMC3)	918,108,964,125
10274 (STAG1)	895,125,941,142
10735 (STAG2)	895,125,941,142
5885 (RAD21)	895,142,941,159
5933 (RBL1)	220,121,266,138
1874 (E2F4)	220,138,266,155
1875 (E2F5)	220,138,266,155
4609 (MYC)	220,210,266,227
7709 (ZBTB17)	220,242,266,259
25 (ABL1)	390,517,436,534
7027 (TFDP1)	330,585,376,602
7029 (TFDP2)	330,585,376,602
1869 (E2F1)	330,568,376,585
1870 (E2F2)	330,568,376,585
1871 (E2F3)	330,568,376,585
3065 (HDAC1)	390,541,436,558
3066 (HDAC2)	390,541,436,558
5925 (RB1)	330,527,376,544
5933 (RBL1)	275,527,321,544
5934 (RBL2)	275,527,321,544
7027 (TFDP1)	275,585,321,602
7029 (TFDP2)	275,585,321,602
1874 (E2F4)	275,568,321,585
1875 (E2F5)	275,568,321,585
7027 (TFDP1)	220,155,266,172
7029 (TFDP2)	220,155,266,172
hsa04210: Apoptosis	718,230,787,256
hsa04120: Ubiquitin mediated proteolysis	939,363,1015,434
hsa04010: MAPK signaling pathway	67,201,123,326
hsa04110: Cell cycle	40,45,155,70
