C00165 (Diacylglycerol)	370,486,4
C01245 (D-myo-Inositol 1,4,5-trisphosphate)	353,559,4
C00076 (Calcium cation)	407,559,4
C00195 (N-Acylsphingosine)	277,570,4
C05981 (Phosphatidylinositol-3,4,5-trisphosphate)	494,360,4
4914 (NTRK1)	155,338,201,355
4915 (NTRK2)	155,361,201,378
4916 (NTRK3)	155,385,201,402
627 (BDNF)	62,351,108,368
4909 (NTF4)	62,371,108,388
4908 (NTF3)	62,391,108,408
5290 (PIK3CA)	408,352,454,369
5291 (PIK3CB)	408,352,454,369
5293 (PIK3CD)	408,352,454,369
5295 (PIK3R1)	408,352,454,369
5296 (PIK3R2)	408,352,454,369
8503 (PIK3R3)	408,352,454,369
5335 (PLCG1)	268,478,314,495
5336 (PLCG2)	268,478,314,495
25759 (SHC2)	268,352,314,369
399694 (SHC4)	268,352,314,369
53358 (SHC3)	268,352,314,369
6464 (SHC1)	268,352,314,369
2885 (GRB2)	338,202,384,219
5580 (PRKCD)	459,477,505,494
4803 (NGF)	62,331,108,348
4804 (NGFR)	155,857,201,874
10000 (AKT3)	595,352,641,369
207 (AKT1)	595,352,641,369
208 (AKT2)	595,352,641,369
3265 (HRAS)	478,202,524,219
3845 (KRAS)	478,202,524,219
4893 (NRAS)	478,202,524,219
5604 (MAP2K1)	707,202,753,219
5605 (MAP2K2)	707,202,753,219
5894 (RAF1)	548,202,594,219
673 (BRAF)	548,202,594,219
6654 (SOS1)	408,202,454,219
6655 (SOS2)	408,202,454,219
5594 (MAPK1)	777,246,823,263
5595 (MAPK3)	777,246,823,263
27330 (RPS6KA6)	978,290,1024,307
6195 (RPS6KA1)	978,290,1024,307
6196 (RPS6KA2)	978,290,1024,307
6197 (RPS6KA3)	978,290,1024,307
1398 (CRK)	338,115,384,132
1399 (CRKL)	338,115,384,132
2889 (RAPGEF1)	408,115,454,132
5906 (RAP1A)	478,115,524,132
5908 (RAP1B)	478,115,524,132
5781 (PTPN11)	369,277,415,294
673 (BRAF)	548,115,594,132
2549 (GAB1)	338,352,384,369
572 (BAD)	748,476,794,493
2932 (GSK3B)	748,513,794,530
2309 (FOXO3)	858,434,904,451
4792 (NFKBIA)	898,352,944,369
4793 (NFKBIB)	898,352,944,369
4794 (NFKBIE)	898,352,944,369
4790 (NFKB1)	898,381,944,398
5970 (RELA)	898,381,944,398
468 (ATF4)	1048,290,1094,307
10818 (FRS2)	268,129,314,146
5170 (PDPK1)	522,393,568,410
356 (FASLG)	1024,434,1070,451
6272 (SORT1)	155,989,201,1006
57498 (KIDINS220)	268,98,314,115
9252 (RPS6KA5)	978,309,1024,326
814 (CAMK4)	508,550,554,567
815 (CAMK2A)	508,550,554,567
816 (CAMK2B)	508,550,554,567
817 (CAMK2D)	508,550,554,567
818 (CAMK2G)	508,550,554,567
468 (ATF4)	1013,550,1059,567
4145 (MATK)	268,414,314,431
5599 (MAPK8)	597,903,643,920
5601 (MAPK9)	597,903,643,920
5602 (MAPK10)	597,903,643,920
387 (RHOA)	539,613,585,630
7157 (TP53)	667,859,713,876
4214 (MAP3K1)	457,893,503,910
3725 (JUN)	667,903,713,920
4217 (MAP3K5)	457,913,503,930
3667 (IRS1)	268,383,314,400
9261 (MAPKAPK2)	978,159,1024,176
1432 (MAPK14)	777,159,823,176
5600 (MAPK11)	777,159,823,176
5603 (MAPK13)	777,159,823,176
6300 (MAPK12)	777,159,823,176
5607 (MAP2K5)	707,116,753,133
5598 (MAPK7)	777,116,823,133
4215 (MAP3K3)	637,116,683,133
396 (ARHGDIA)	455,613,501,630
397 (ARHGDIB)	455,613,501,630
398 (ARHGDIG)	455,613,501,630
10603 (SH2B2)	268,192,314,209
10019 (SH2B3)	268,214,314,231
25970 (SH2B1)	268,214,314,231
25 (ABL1)	268,320,314,337
5609 (MAP2K7)	527,903,573,920
998 (CDC42)	387,893,433,910
5879 (RAC1)	387,913,433,930
7161 (TP73)	597,831,643,848
7189 (TRAF6)	387,825,433,842
10782 (ZNF274)	387,857,433,874
9500 (MAGED1)	451,763,497,780
11108 (PRDM4)	451,736,497,753
27018 (BEX3)	387,946,433,963
8767 (RIPK2)	387,997,433,1014
11213 (IRAK3)	387,1022,433,1039
3654 (IRAK1)	387,1022,433,1039
3656 (IRAK2)	387,1022,433,1039
51135 (IRAK4)	387,1022,433,1039
7189 (TRAF6)	387,1041,433,1058
7531 (YWHAE)	457,946,503,963
3551 (IKBKB)	574,1032,620,1049
596 (BCL2)	1175,290,1221,307
163688 (CALML6)	438,550,484,567
51806 (CALML5)	438,550,484,567
801 (CALM1)	438,550,484,567
805 (CALM2)	438,550,484,567
808 (CALM3)	438,550,484,567
810 (CALML3)	438,550,484,567
91860 (CALML4)	438,550,484,567
5663 (PSEN1)	258,688,304,705
5664 (PSEN2)	258,688,304,705
4790 (NFKB1)	898,1063,944,1080
5970 (RELA)	898,1063,944,1080
581 (BAX)	737,859,783,876
4792 (NFKBIA)	898,1032,944,1049
4793 (NFKBIB)	898,1032,944,1049
4794 (NFKBIE)	898,1032,944,1049
hsa04210: Apoptosis	873,861,937,886
hsa04120: Ubiquitin mediated proteolysis	749,299,855,333
hsa04010: MAPK signaling pathway	502,66,603,100
hsa04720: Long-term potentiation	1092,577,1198,611
hsa04810: Regulation of actin cytoskeleton	716,606,822,640
hsa04722: Neurotrophin signaling pathway	40,45,332,70
