C01245 (D-myo-Inositol 1,4,5-trisphosphate)	425,540,4
C00076 (Calcium cation)	408,595,4
C00076 (Calcium cation)	744,514,4
C00533 (Nitric oxide)	561,702,4
C16845 (Peroxynitrite)	638,703,4
C00076 (Calcium cation)	681,513,4
C00027 (Hydrogen peroxide)	238,751,4
C00070 (Copper)	201,695,4
C14818 (Fe2+)	201,725,4
55851 (PSENEN)	356,271,402,288
5663 (PSEN1)	402,271,448,288
5664 (PSEN2)	402,271,448,288
23385 (NCSTN)	356,288,402,305
51107 (APH1A)	402,288,448,305
83464 (APH1B)	402,288,448,305
23621 (BACE1)	376,221,422,238
25825 (BACE2)	376,221,422,238
102 (ADAM10)	374,118,420,135
6868 (ADAM17)	374,118,420,135
7124 (TNF)	172,786,218,803
351 (APP)	253,166,299,183
842 (CASP9)	787,420,833,437
100506742 (CASP12)	877,590,923,607
836 (CASP3)	862,420,908,437
54205 (CYCS)	689,401,735,418
317 (APAF1)	689,439,735,456
100532726 (NDUFC2-KCTD14)	546,201,592,218
126328 (NDUFA11)	546,201,592,218
374291 (NDUFS7)	546,201,592,218
4694 (NDUFA1)	546,201,592,218
4695 (NDUFA2)	546,201,592,218
4696 (NDUFA3)	546,201,592,218
4697 (NDUFA4)	546,201,592,218
4698 (NDUFA5)	546,201,592,218
4700 (NDUFA6)	546,201,592,218
4701 (NDUFA7)	546,201,592,218
4702 (NDUFA8)	546,201,592,218
4704 (NDUFA9)	546,201,592,218
4705 (NDUFA10)	546,201,592,218
4706 (NDUFAB1)	546,201,592,218
4707 (NDUFB1)	546,201,592,218
4708 (NDUFB2)	546,201,592,218
4709 (NDUFB3)	546,201,592,218
4710 (NDUFB4)	546,201,592,218
4711 (NDUFB5)	546,201,592,218
4712 (NDUFB6)	546,201,592,218
4713 (NDUFB7)	546,201,592,218
4714 (NDUFB8)	546,201,592,218
4715 (NDUFB9)	546,201,592,218
4716 (NDUFB10)	546,201,592,218
4717 (NDUFC1)	546,201,592,218
4718 (NDUFC2)	546,201,592,218
4719 (NDUFS1)	546,201,592,218
4720 (NDUFS2)	546,201,592,218
4722 (NDUFS3)	546,201,592,218
4723 (NDUFV1)	546,201,592,218
4724 (NDUFS4)	546,201,592,218
4725 (NDUFS5)	546,201,592,218
4726 (NDUFS6)	546,201,592,218
4728 (NDUFS8)	546,201,592,218
4729 (NDUFV2)	546,201,592,218
4731 (NDUFV3)	546,201,592,218
51079 (NDUFA13)	546,201,592,218
54539 (NDUFB11)	546,201,592,218
55967 (NDUFA12)	546,201,592,218
56901 (NDUFA4L2)	546,201,592,218
6389 (SDHA)	546,230,592,247
6390 (SDHB)	546,230,592,247
6391 (SDHC)	546,230,592,247
6392 (SDHD)	546,230,592,247
10975 (UQCR11)	546,258,592,275
1537 (CYC1)	546,258,592,275
27089 (UQCRQ)	546,258,592,275
29796 (UQCR10)	546,258,592,275
440567 (UQCRHL)	546,258,592,275
4519 (CYTB)	546,258,592,275
7381 (UQCRB)	546,258,592,275
7384 (UQCRC1)	546,258,592,275
7385 (UQCRC2)	546,258,592,275
7386 (UQCRFS1)	546,258,592,275
7388 (UQCRH)	546,258,592,275
10476 (ATP5PD)	546,316,592,333
4508 (ATP6)	546,316,592,333
4509 (ATP8)	546,316,592,333
498 (ATP5F1A)	546,316,592,333
506 (ATP5F1B)	546,316,592,333
509 (ATP5F1C)	546,316,592,333
513 (ATP5F1D)	546,316,592,333
514 (ATP5F1E)	546,316,592,333
515 (ATP5PB)	546,316,592,333
516 (ATP5MC1)	546,316,592,333
517 (ATP5MC2)	546,316,592,333
518 (ATP5MC3)	546,316,592,333
522 (ATP5PF)	546,316,592,333
539 (ATP5PO)	546,316,592,333
125965 (COX6B2)	546,288,592,305
1327 (COX4I1)	546,288,592,305
1329 (COX5B)	546,288,592,305
1337 (COX6A1)	546,288,592,305
1339 (COX6A2)	546,288,592,305
1340 (COX6B1)	546,288,592,305
1345 (COX6C)	546,288,592,305
1346 (COX7A1)	546,288,592,305
1347 (COX7A2)	546,288,592,305
1349 (COX7B)	546,288,592,305
1350 (COX7C)	546,288,592,305
1351 (COX8A)	546,288,592,305
170712 (COX7B2)	546,288,592,305
341947 (COX8C)	546,288,592,305
4512 (COX1)	546,288,592,305
4513 (COX2)	546,288,592,305
4514 (COX3)	546,288,592,305
84701 (COX4I2)	546,288,592,305
9167 (COX7A2L)	546,288,592,305
9377 (COX5A)	546,288,592,305
6263 (RYR3)	564,576,610,593
3708 (ITPR1)	564,606,610,623
3709 (ITPR2)	564,606,610,623
3710 (ITPR3)	564,606,610,623
487 (ATP2A1)	720,547,766,564
488 (ATP2A2)	720,547,766,564
489 (ATP2A3)	720,547,766,564
5663 (PSEN1)	656,548,702,565
5664 (PSEN2)	656,548,702,565
2776 (GNAQ)	329,489,375,506
23236 (PLCB1)	401,490,447,507
5330 (PLCB2)	401,490,447,507
5331 (PLCB3)	401,490,447,507
5332 (PLCB4)	401,490,447,507
2902 (GRIN1)	255,588,301,605
2903 (GRIN2A)	255,588,301,605
2904 (GRIN2B)	255,588,301,605
2905 (GRIN2C)	255,588,301,605
2906 (GRIN2D)	255,588,301,605
775 (CACNA1C)	255,623,301,640
776 (CACNA1D)	255,623,301,640
778 (CACNA1F)	255,623,301,640
779 (CACNA1S)	255,623,301,640
3028 (HSD17B10)	614,325,660,342
823 (CAPN1)	386,692,432,709
824 (CAPN2)	386,692,432,709
8851 (CDK5R1)	386,743,432,760
8851 (CDK5R1)	475,743,521,760
1020 (CDK5)	475,783,521,800
4137 (MAPT)	588,763,634,780
355 (FAS)	254,423,300,440
7132 (TNFRSF1A)	254,423,300,440
8772 (FADD)	327,424,373,441
841 (CASP8)	400,424,446,441
637 (BID)	471,424,517,441
5594 (MAPK1)	566,493,612,510
5595 (MAPK3)	566,493,612,510
4842 (NOS1)	445,692,491,709
9451 (EIF2AK3)	636,631,682,648
2081 (ERN1)	691,631,737,648
22926 (ATF6)	745,631,791,648
348 (APOE)	188,392,234,409
163688 (CALML6)	544,446,590,463
51806 (CALML5)	544,446,590,463
801 (CALM1)	544,446,590,463
805 (CALM2)	544,446,590,463
808 (CALM3)	544,446,590,463
810 (CALML3)	544,446,590,463
91860 (CALML4)	544,446,590,463
5530 (PPP3CA)	614,446,660,463
5532 (PPP3CB)	614,446,660,463
5533 (PPP3CC)	614,446,660,463
5534 (PPP3R1)	614,446,660,463
5535 (PPP3R2)	614,446,660,463
572 (BAD)	632,406,678,423
3416 (IDE)	104,315,150,332
4311 (MME)	104,351,150,368
322 (APBB1)	333,168,379,185
4035 (LRP1)	254,383,300,400
4023 (LPL)	188,375,234,392
2597 (GAPDH)	333,192,379,209
8883 (NAE1)	333,144,379,161
836 (CASP3)	640,805,686,822
840 (CASP7)	640,828,686,845
2932 (GSK3B)	557,797,603,814
6622 (SNCA)	104,494,150,511
3553 (IL1B)	172,822,218,839
10313 (RTN3)	440,243,486,260
57142 (RTN4)	440,243,486,260
hsa05010: Alzheimer disease	40,45,224,70
hsa00190: Oxidative phosphorylation	512,120,625,154
hsa04210: Apoptosis	830,387,943,412
hsa04020: Calcium signaling pathway	467,633,580,667
