C00025 (L-Glutamate)	709,155,4
C00064 (L-Glutamine)	347,170,4
C00064 (L-Glutamine)	195,347,4
C00025 (L-Glutamate)	193,616,4
C00025 (L-Glutamate)	407,536,4
C00076 (Calcium cation)	728,533,4
C01330 (Sodium cation)	728,533,4
C00064 (L-Glutamine)	1002,711,4
C01245 (D-myo-Inositol 1,4,5-trisphosphate)	1051,627,4
C00165 (Diacylglycerol)	1046,668,4
C00076 (Calcium cation)	1102,615,4
C00076 (Calcium cation)	726,600,4
C01330 (Sodium cation)	730,404,4
C00076 (Calcium cation)	730,404,4
C01330 (Sodium cation)	727,479,4
C00025 (L-Glutamate)	858,277,4
C00076 (Calcium cation)	921,277,4
C00575 (3',5'-Cyclic AMP)	457,490,4
C00025 (L-Glutamate)	680,767,4
C00076 (Calcium cation)	667,511,4
C00025 (L-Glutamate)	638,630,4
C00076 (Calcium cation)	666,454,4
C00064 (L-Glutamine)	193,501,4
C00025 (L-Glutamate)	194,555,4
C00238 (Potassium cation)	578,410,4
2917 (GRM7)	751,800,797,817
2918 (GRM8)	751,800,797,817
2897 (GRIK1)	751,395,797,412
2898 (GRIK2)	751,395,797,412
2899 (GRIK3)	751,395,797,412
2900 (GRIK4)	751,395,797,412
2901 (GRIK5)	751,395,797,412
2890 (GRIA1)	751,471,797,488
2891 (GRIA2)	751,471,797,488
2892 (GRIA3)	751,471,797,488
2893 (GRIA4)	751,471,797,488
116443 (GRIN3A)	751,525,797,542
116444 (GRIN3B)	751,525,797,542
2902 (GRIN1)	751,525,797,542
2903 (GRIN2A)	751,525,797,542
2904 (GRIN2B)	751,525,797,542
2905 (GRIN2C)	751,525,797,542
2906 (GRIN2D)	751,525,797,542
2911 (GRM1)	751,703,797,720
2915 (GRM5)	751,703,797,720
2912 (GRM2)	751,735,797,752
2913 (GRM3)	751,735,797,752
2914 (GRM4)	751,769,797,786
2916 (GRM6)	751,769,797,786
6505 (SLC1A1)	835,312,881,329
6511 (SLC1A6)	835,312,881,329
775 (CACNA1C)	899,312,945,329
776 (CACNA1D)	899,312,945,329
6506 (SLC1A2)	687,210,733,227
6507 (SLC1A3)	687,210,733,227
2897 (GRIK1)	600,445,646,462
2898 (GRIK2)	600,445,646,462
2899 (GRIK3)	600,445,646,462
2900 (GRIK4)	600,445,646,462
2901 (GRIK5)	600,445,646,462
2915 (GRM5)	580,210,626,227
2912 (GRM2)	436,312,482,329
2913 (GRM3)	436,312,482,329
107 (ADCY1)	399,432,445,449
108 (ADCY2)	399,432,445,449
109 (ADCY3)	399,432,445,449
111 (ADCY5)	399,432,445,449
112 (ADCY6)	399,432,445,449
113 (ADCY7)	399,432,445,449
114 (ADCY8)	399,432,445,449
115 (ADCY9)	399,432,445,449
196883 (ADCY4)	399,432,445,449
10991 (SLC38A3)	322,210,368,227
54407 (SLC38A2)	170,391,216,408
81539 (SLC38A1)	170,391,216,408
246213 (SLC17A8)	218,609,264,626
57030 (SLC17A7)	218,609,264,626
57084 (SLC17A6)	218,609,264,626
2778 (GNAS)	844,703,890,720
107 (ADCY1)	922,703,968,720
108 (ADCY2)	922,703,968,720
109 (ADCY3)	922,703,968,720
111 (ADCY5)	922,703,968,720
112 (ADCY6)	922,703,968,720
113 (ADCY7)	922,703,968,720
114 (ADCY8)	922,703,968,720
115 (ADCY9)	922,703,968,720
196883 (ADCY4)	922,703,968,720
5566 (PRKACA)	1035,703,1081,720
5567 (PRKACB)	1035,703,1081,720
5568 (PRKACG)	1035,703,1081,720
2776 (GNAQ)	895,659,941,676
23236 (PLCB1)	969,659,1015,676
5330 (PLCB2)	969,659,1015,676
5331 (PLCB3)	969,659,1015,676
5332 (PLCB4)	969,659,1015,676
3708 (ITPR1)	1079,571,1125,588
3709 (ITPR2)	1079,571,1125,588
3710 (ITPR3)	1079,571,1125,588
5578 (PRKCA)	1079,659,1125,676
5579 (PRKCB)	1079,659,1125,676
5582 (PRKCG)	1079,659,1125,676
7220 (TRPC1)	751,592,797,609
10681 (GNB5)	469,365,515,382
2770 (GNAI1)	469,365,515,382
2771 (GNAI2)	469,365,515,382
2773 (GNAI3)	469,365,515,382
2775 (GNAO1)	469,365,515,382
2782 (GNB1)	469,365,515,382
2783 (GNB2)	469,365,515,382
2784 (GNB3)	469,365,515,382
2785 (GNG3)	469,365,515,382
2786 (GNG4)	469,365,515,382
2787 (GNG5)	469,365,515,382
2788 (GNG7)	469,365,515,382
2790 (GNG10)	469,365,515,382
2791 (GNG11)	469,365,515,382
2792 (GNGT1)	469,365,515,382
2793 (GNGT2)	469,365,515,382
51764 (GNG13)	469,365,515,382
54331 (GNG2)	469,365,515,382
55970 (GNG12)	469,365,515,382
59345 (GNB4)	469,365,515,382
94235 (GNG8)	469,365,515,382
5566 (PRKACA)	472,521,518,538
5567 (PRKACB)	472,521,518,538
5568 (PRKACG)	472,521,518,538
5530 (PPP3CA)	985,530,1031,547
5532 (PPP3CB)	985,530,1031,547
5533 (PPP3CC)	985,530,1031,547
5534 (PPP3R1)	985,530,1031,547
5535 (PPP3R2)	985,530,1031,547
27165 (GLS2)	141,516,187,533
2744 (GLS)	141,516,187,533
2752 (GLUL)	546,76,592,93
6506 (SLC1A2)	600,758,646,775
6512 (SLC1A7)	600,758,646,775
156 (GRK2)	369,385,415,402
157 (GRK3)	369,385,415,402
773 (CACNA1A)	600,503,646,520
2770 (GNAI1)	864,756,910,773
2771 (GNAI2)	864,756,910,773
2773 (GNAI3)	864,756,910,773
2775 (GNAO1)	864,756,910,773
3760 (KCNJ3)	600,401,646,418
2917 (GRM7)	600,353,646,370
2914 (GRM4)	507,312,553,329
2918 (GRM8)	507,312,553,329
2913 (GRM3)	518,210,564,227
100137049 (PLA2G4B)	1154,624,1200,641
123745 (PLA2G4E)	1154,624,1200,641
255189 (PLA2G4F)	1154,624,1200,641
283748 (PLA2G4D)	1154,624,1200,641
5321 (PLA2G4A)	1154,624,1200,641
8605 (PLA2G4C)	1154,624,1200,641
8681 (JMJD7-PLA2G4B)	1154,624,1200,641
5337 (PLD1)	1154,659,1200,676
5338 (PLD2)	1154,659,1200,676
5594 (MAPK1)	1154,693,1200,710
5595 (MAPK3)	1154,693,1200,710
9454 (HOMER3)	955,615,1001,632
9455 (HOMER2)	955,615,1001,632
9456 (HOMER1)	955,615,1001,632
9454 (HOMER3)	980,598,1026,615
9455 (HOMER2)	980,598,1026,615
9456 (HOMER1)	980,598,1026,615
1742 (DLG4)	819,545,865,562
9229 (DLGAP1)	843,562,889,579
22941 (SHANK2)	856,579,902,596
50944 (SHANK1)	856,579,902,596
85358 (SHANK3)	856,579,902,596
9454 (HOMER3)	827,626,873,643
9455 (HOMER2)	827,626,873,643
9456 (HOMER1)	827,626,873,643
9454 (HOMER3)	845,609,891,626
9455 (HOMER2)	845,609,891,626
9456 (HOMER1)	845,609,891,626
hsa04724: Glutamatergic synapse	40,45,262,70
hsa04720: Long-term potentiation	909,406,1001,440
hsa00020: Citrate cycle (TCA cycle)	817,85,909,119
hsa04730: Long-term depression	1009,406,1101,440
hsa04721: Synaptic vesicle cycle	390,610,490,644
hsa04020: Calcium signaling pathway	1168,532,1272,566
