C00504 (Folate)	120,206,4
C00415 (Dihydrofolate)	120,298,4
C03479 (Folinic acid)	488,216,4
C00143 (5,10-Methylenetetrahydrofolate)	619,301,4
C00440 (5-Methyltetrahydrofolate)	619,436,4
C00664 (5-Formiminotetrahydrofolate)	486,444,4
C00234 (10-Formyltetrahydrofolate)	359,301,4
C00445 (5,10-Methenyltetrahydrofolate)	489,301,4
C00101 (Tetrahydrofolate)	204,301,4
10841 (FTCD)	310,445,356,462
2618 (GART)	310,402,356,419
10841 (FTCD)	464,369,510,386
10797 (MTHFD2)	531,344,577,361
441024 (MTHFD2L)	531,344,577,361
1719 (DHFR)	135,289,181,306
200895 (DHFR2)	135,289,181,306
1719 (DHFR)	98,257,144,274
200895 (DHFR2)	98,257,144,274
10841 (FTCD)	314,205,360,222
4524 (MTHFR)	621,372,667,389
10797 (MTHFD2)	401,293,447,310
441024 (MTHFD2L)	401,293,447,310
4522 (MTHFD1)	401,293,447,310
4522 (MTHFD1)	531,293,577,310
100528021 (ST20-MTHFS)	511,230,557,247
10588 (MTHFS)	511,230,557,247
275 (AMT)	467,251,513,268
123263 (MTFMT)	261,384,307,401
10840 (ALDH1L1)	261,364,307,381
160428 (ALDH1L2)	261,364,307,381
25902 (MTHFD1L)	260,293,306,310
4522 (MTHFD1)	260,293,306,310
2618 (GART)	260,249,306,266
471 (ATIC)	260,229,306,246
7298 (TYMS)	374,511,420,528
4548 (MTR)	374,468,420,485
6470 (SHMT1)	375,182,421,199
6472 (SHMT2)	375,182,421,199
275 (AMT)	375,118,421,135
1719 (DHFR)	129,234,175,251
200895 (DHFR2)	129,234,175,251
hsa00670: One carbon pool by folate	40,45,285,70
hsa00790: Folate biosynthesis	36,146,116,180
