102723407 (IGH)	915,598,961,615
3655 (ITGA6)	1041,1786,1087,1803
3672 (ITGA1)	1041,1786,1087,1803
3673 (ITGA2)	1041,1786,1087,1803
3675 (ITGA3)	1041,1786,1087,1803
3676 (ITGA4)	1041,1786,1087,1803
3678 (ITGA5)	1041,1786,1087,1803
2811 (GP1BA)	995,1786,1041,1803
2812 (GP1BB)	995,1786,1041,1803
2814 (GP5)	995,1786,1041,1803
2815 (GP9)	995,1786,1041,1803
3674 (ITGA2B)	949,1786,995,1803
929 (CD14)	857,1786,903,1803
928 (CD9)	811,1786,857,1803
3690 (ITGB3)	765,1786,811,1803
3590 (IL11RA)	581,1786,627,1803
966 (CD59)	949,1589,995,1606
1604 (CD55)	903,1589,949,1606
1378 (CR1)	811,1589,857,1606
1379 (CR1L)	811,1589,857,1606
960 (CD44)	857,1589,903,1606
2993 (GYPA)	765,1589,811,1606
948 (CD36)	903,1786,949,1803
948 (CD36)	719,1589,765,1606
3815 (KIT)	627,1589,673,1606
2057 (EPOR)	489,1589,535,1606
3568 (IL5RA)	949,1403,995,1420
1441 (CSF3R)	673,1403,719,1420
3554 (IL1R1)	627,1403,673,1420
7850 (IL1R2)	627,1403,673,1420
3581 (IL9R)	443,1403,489,1420
929 (CD14)	903,1172,949,1189
3684 (ITGAM)	995,1403,1041,1420
3684 (ITGAM)	857,1172,903,1189
290 (ANPEP)	903,1403,949,1420
290 (ANPEP)	811,1172,857,1189
3570 (IL6R)	719,1786,765,1803
1436 (CSF1R)	765,1172,811,1189
2209 (FCGR1A)	719,1172,765,1189
3570 (IL6R)	673,1172,719,1189
3570 (IL6R)	811,1403,857,1420
3566 (IL4R)	765,1403,811,1420
3566 (IL4R)	627,1172,673,1189
945 (CD33)	857,1403,903,1420
1438 (CSF2RA)	627,1786,673,1803
3563 (IL3RA)	673,1786,719,1803
3563 (IL3RA)	673,1589,719,1606
3563 (IL3RA)	719,1403,765,1420
1438 (CSF2RA)	581,1403,627,1420
3563 (IL3RA)	535,1172,581,1189
1438 (CSF2RA)	489,1172,535,1189
102723407 (IGH)	1053,598,1099,615
1378 (CR1)	1007,598,1053,615
1379 (CR1L)	1007,598,1053,615
2208 (FCER2)	961,598,1007,615
951 (CD37)	869,598,915,615
1380 (CR2)	823,598,869,615
931 (MS4A1)	777,598,823,615
100133941 (CD24)	685,598,731,615
933 (CD22)	639,598,685,615
930 (CD19)	593,598,639,615
928 (CD9)	501,598,547,615
4311 (MME)	363,598,409,615
915 (CD3D)	915,375,961,392
916 (CD3E)	915,375,961,392
917 (CD3G)	915,375,961,392
925 (CD8A)	869,375,915,392
926 (CD8B)	869,375,915,392
927 (CD8B2)	869,375,915,392
920 (CD4)	823,375,869,392
909 (CD1A)	777,375,823,392
910 (CD1B)	777,375,823,392
911 (CD1C)	777,375,823,392
912 (CD1D)	777,375,823,392
913 (CD1E)	777,375,823,392
921 (CD5)	731,375,777,392
914 (CD2)	685,375,731,392
924 (CD7)	639,375,685,392
945 (CD33)	581,1172,627,1189
945 (CD33)	535,1589,581,1606
945 (CD33)	489,1786,535,1803
947 (CD34)	535,1786,581,1803
947 (CD34)	581,1589,627,1606
947 (CD34)	489,1403,535,1420
952 (CD38)	409,598,455,615
952 (CD38)	593,375,639,392
7037 (TFRC)	547,375,593,392
3575 (IL7R)	455,598,501,615
3575 (IL7R)	455,375,501,392
3559 (IL2RA)	731,598,777,615
3559 (IL2RA)	409,375,455,392
3815 (KIT)	317,598,363,615
3815 (KIT)	363,375,409,392
960 (CD44)	317,375,363,392
1791 (DNTT)	144,700,190,717
1791 (DNTT)	501,375,547,392
1791 (DNTT)	271,598,317,615
2322 (FLT3)	98,700,144,717
947 (CD34)	52,700,98,717
3108 (HLA-DMA)	443,1786,489,1803
3109 (HLA-DMB)	443,1786,489,1803
3111 (HLA-DOA)	443,1786,489,1803
3112 (HLA-DOB)	443,1786,489,1803
3113 (HLA-DPA1)	443,1786,489,1803
3115 (HLA-DPB1)	443,1786,489,1803
3117 (HLA-DQA1)	443,1786,489,1803
3118 (HLA-DQA2)	443,1786,489,1803
3119 (HLA-DQB1)	443,1786,489,1803
3122 (HLA-DRA)	443,1786,489,1803
3123 (HLA-DRB1)	443,1786,489,1803
3125 (HLA-DRB3)	443,1786,489,1803
3126 (HLA-DRB4)	443,1786,489,1803
3127 (HLA-DRB5)	443,1786,489,1803
3108 (HLA-DMA)	443,1589,489,1606
3109 (HLA-DMB)	443,1589,489,1606
3111 (HLA-DOA)	443,1589,489,1606
3112 (HLA-DOB)	443,1589,489,1606
3113 (HLA-DPA1)	443,1589,489,1606
3115 (HLA-DPB1)	443,1589,489,1606
3117 (HLA-DQA1)	443,1589,489,1606
3118 (HLA-DQA2)	443,1589,489,1606
3119 (HLA-DQB1)	443,1589,489,1606
3122 (HLA-DRA)	443,1589,489,1606
3123 (HLA-DRB1)	443,1589,489,1606
3125 (HLA-DRB3)	443,1589,489,1606
3126 (HLA-DRB4)	443,1589,489,1606
3127 (HLA-DRB5)	443,1589,489,1606
3108 (HLA-DMA)	535,1403,581,1420
3109 (HLA-DMB)	535,1403,581,1420
3111 (HLA-DOA)	535,1403,581,1420
3112 (HLA-DOB)	535,1403,581,1420
3113 (HLA-DPA1)	535,1403,581,1420
3115 (HLA-DPB1)	535,1403,581,1420
3117 (HLA-DQA1)	535,1403,581,1420
3118 (HLA-DQA2)	535,1403,581,1420
3119 (HLA-DQB1)	535,1403,581,1420
3122 (HLA-DRA)	535,1403,581,1420
3123 (HLA-DRB1)	535,1403,581,1420
3125 (HLA-DRB3)	535,1403,581,1420
3126 (HLA-DRB4)	535,1403,581,1420
3127 (HLA-DRB5)	535,1403,581,1420
3108 (HLA-DMA)	443,1172,489,1189
3109 (HLA-DMB)	443,1172,489,1189
3111 (HLA-DOA)	443,1172,489,1189
3112 (HLA-DOB)	443,1172,489,1189
3113 (HLA-DPA1)	443,1172,489,1189
3115 (HLA-DPB1)	443,1172,489,1189
3117 (HLA-DQA1)	443,1172,489,1189
3118 (HLA-DQA2)	443,1172,489,1189
3119 (HLA-DQB1)	443,1172,489,1189
3122 (HLA-DRA)	443,1172,489,1189
3123 (HLA-DRB1)	443,1172,489,1189
3125 (HLA-DRB3)	443,1172,489,1189
3126 (HLA-DRB4)	443,1172,489,1189
3127 (HLA-DRB5)	443,1172,489,1189
3108 (HLA-DMA)	547,598,593,615
3109 (HLA-DMB)	547,598,593,615
3111 (HLA-DOA)	547,598,593,615
3112 (HLA-DOB)	547,598,593,615
3113 (HLA-DPA1)	547,598,593,615
3115 (HLA-DPB1)	547,598,593,615
3117 (HLA-DQA1)	547,598,593,615
3118 (HLA-DQA2)	547,598,593,615
3119 (HLA-DQB1)	547,598,593,615
3122 (HLA-DRA)	547,598,593,615
3123 (HLA-DRB1)	547,598,593,615
3125 (HLA-DRB3)	547,598,593,615
3126 (HLA-DRB4)	547,598,593,615
3127 (HLA-DRB5)	547,598,593,615
3108 (HLA-DMA)	190,700,236,717
3109 (HLA-DMB)	190,700,236,717
3111 (HLA-DOA)	190,700,236,717
3112 (HLA-DOB)	190,700,236,717
3113 (HLA-DPA1)	190,700,236,717
3115 (HLA-DPB1)	190,700,236,717
3117 (HLA-DQA1)	190,700,236,717
3118 (HLA-DQA2)	190,700,236,717
3119 (HLA-DQB1)	190,700,236,717
3122 (HLA-DRA)	190,700,236,717
3123 (HLA-DRB1)	190,700,236,717
3125 (HLA-DRB3)	190,700,236,717
3126 (HLA-DRB4)	190,700,236,717
3127 (HLA-DRB5)	190,700,236,717
3108 (HLA-DMA)	271,375,317,392
3109 (HLA-DMB)	271,375,317,392
3111 (HLA-DOA)	271,375,317,392
3112 (HLA-DOB)	271,375,317,392
3113 (HLA-DPA1)	271,375,317,392
3115 (HLA-DPB1)	271,375,317,392
3117 (HLA-DQA1)	271,375,317,392
3118 (HLA-DQA2)	271,375,317,392
3119 (HLA-DQB1)	271,375,317,392
3122 (HLA-DRA)	271,375,317,392
3123 (HLA-DRB1)	271,375,317,392
3125 (HLA-DRB3)	271,375,317,392
3126 (HLA-DRB4)	271,375,317,392
3127 (HLA-DRB5)	271,375,317,392
7066 (THPO)	765,1763,811,1780
7066 (THPO)	719,1566,765,1583
2056 (EPO)	673,1566,719,1583
7124 (TNF)	627,1149,673,1166
1435 (CSF1)	719,1149,765,1166
1440 (CSF3)	627,1380,673,1397
1440 (CSF3)	128,1380,174,1397
2323 (FLT3LG)	443,1763,489,1780
2323 (FLT3LG)	443,1566,489,1583
2323 (FLT3LG)	443,1380,489,1397
2323 (FLT3LG)	36,1380,82,1397
2323 (FLT3LG)	443,1149,489,1166
2323 (FLT3LG)	443,888,489,905
3589 (IL11)	627,1763,673,1780
3569 (IL6)	581,1763,627,1780
1437 (CSF2)	673,1763,719,1780
1437 (CSF2)	535,1566,581,1583
1437 (CSF2)	581,1380,627,1397
1437 (CSF2)	358,1380,404,1397
1437 (CSF2)	581,1149,627,1166
1437 (CSF2)	581,888,627,905
1437 (CSF2)	535,796,581,813
3565 (IL4)	535,703,581,720
3552 (IL1A)	312,1380,358,1397
3553 (IL1B)	312,1380,358,1397
3589 (IL11)	266,1380,312,1397
3569 (IL6)	220,1380,266,1397
3567 (IL5)	627,888,673,905
3565 (IL4)	627,1566,673,1583
3565 (IL4)	673,1149,719,1166
3562 (IL3)	535,1763,581,1780
3562 (IL3)	174,1380,220,1397
3562 (IL3)	581,1566,627,1583
3562 (IL3)	535,1380,581,1397
3562 (IL3)	535,1149,581,1166
3562 (IL3)	535,888,581,905
3562 (IL3)	489,796,535,813
3562 (IL3)	489,703,535,720
3574 (IL7)	98,677,144,694
3574 (IL7)	271,576,317,593
4254 (KITLG)	271,353,317,370
4254 (KITLG)	489,1763,535,1780
4254 (KITLG)	489,1566,535,1583
4254 (KITLG)	489,1149,535,1166
4254 (KITLG)	489,1380,535,1397
4254 (KITLG)	82,1380,128,1397
4254 (KITLG)	489,888,535,905
4254 (KITLG)	443,796,489,813
4254 (KITLG)	443,703,489,720
4254 (KITLG)	52,677,98,694
3574 (IL7)	317,353,363,370
hsa04640: Hematopoietic cell lineage	49,28,302,53
