4089 (SMAD4)	643,853,689,870
999 (CDH1)	1001,792,1047,809
1495 (CTNNA1)	487,639,533,656
1496 (CTNNA2)	487,639,533,656
29119 (CTNNA3)	487,639,533,656
1500 (CTNND1)	302,652,348,669
1500 (CTNND1)	310,256,356,273
999 (CDH1)	257,638,303,655
999 (CDH1)	257,336,303,353
999 (CDH1)	84,336,130,353
51176 (LEF1)	790,469,836,486
6932 (TCF7)	790,469,836,486
6934 (TCF7L2)	790,469,836,486
83439 (TCF7L1)	790,469,836,486
51701 (NLK)	718,911,764,928
6885 (MAP3K7)	643,911,689,928
1387 (CREBBP)	643,880,689,897
2033 (EP300)	643,880,689,897
4088 (SMAD3)	643,836,689,853
7525 (YES1)	444,733,490,750
2534 (FYN)	382,715,428,732
2241 (FER)	382,694,428,711
6615 (SNAI1)	867,807,913,824
6591 (SNAI2)	867,778,913,795
5594 (MAPK1)	643,778,689,795
5595 (MAPK3)	643,778,689,795
7046 (TGFBR1)	257,836,303,853
7048 (TGFBR2)	257,836,303,853
2260 (FGFR1)	257,803,303,820
1956 (EGFR)	257,777,303,794
2064 (ERBB2)	257,777,303,794
4233 (MET)	257,752,303,769
3643 (INSR)	257,728,303,745
3480 (IGF1R)	257,704,303,721
1457 (CSNK2A1)	414,397,460,414
1459 (CSNK2A2)	414,397,460,414
1460 (CSNK2B)	414,397,460,414
283106 (CSNK2A3)	414,397,460,414
5795 (PTPRJ)	313,488,359,505
5777 (PTPN6)	313,467,359,484
5770 (PTPN1)	313,446,359,463
5792 (PTPRF)	257,464,303,481
5787 (PTPRB)	257,442,303,459
5797 (PTPRM)	257,420,303,437
52 (ACP1)	257,398,303,415
387 (RHOA)	650,609,696,626
387 (RHOA)	617,376,663,393
10163 (WASF2)	887,285,933,302
10810 (WASF3)	887,285,933,302
8936 (WASF1)	887,285,933,302
10458 (BAIAP2)	887,268,933,285
7454 (WAS)	775,268,821,285
8976 (WASL)	721,268,767,285
5879 (RAC1)	712,700,758,717
5880 (RAC2)	712,700,758,717
5881 (RAC3)	712,700,758,717
5879 (RAC1)	887,223,933,240
5880 (RAC2)	887,223,933,240
5881 (RAC3)	887,223,933,240
998 (CDC42)	775,223,821,240
60 (ACTB)	663,638,709,655
71 (ACTG1)	663,638,709,655
60 (ACTB)	663,336,709,353
71 (ACTG1)	663,336,709,353
1495 (CTNNA1)	487,337,533,354
1496 (CTNNA2)	487,337,533,354
29119 (CTNNA3)	487,337,533,354
7082 (TJP1)	600,659,646,676
7082 (TJP1)	610,292,656,309
7414 (VCL)	550,681,596,698
7414 (VCL)	557,292,603,309
10580 (SORBS1)	557,257,603,274
81 (ACTN4)	550,659,596,676
87 (ACTN1)	550,659,596,676
81 (ACTN4)	469,292,515,309
87 (ACTN1)	469,292,515,309
117178 (SSX2IP)	496,257,542,274
4008 (LMO7)	438,257,484,274
4301 (AFDN)	600,681,646,698
4301 (AFDN)	485,218,531,235
1499 (CTNNB1)	684,497,730,514
999 (CDH1)	84,638,130,655
1499 (CTNNB1)	400,638,446,655
8826 (IQGAP1)	698,671,744,688
8826 (IQGAP1)	412,605,458,622
8826 (IQGAP1)	829,268,875,285
5879 (RAC1)	427,580,473,597
5880 (RAC2)	427,580,473,597
5881 (RAC3)	427,580,473,597
998 (CDC42)	427,580,473,597
1500 (CTNND1)	302,350,348,367
1500 (CTNND1)	604,581,650,598
6714 (SRC)	432,694,478,711
25945 (NECTIN3)	84,218,130,235
5818 (NECTIN1)	84,218,130,235
5819 (NECTIN2)	84,218,130,235
81607 (NECTIN4)	84,218,130,235
1499 (CTNNB1)	400,336,446,353
8826 (IQGAP1)	385,308,431,325
5879 (RAC1)	358,277,404,294
5880 (RAC2)	358,277,404,294
5881 (RAC3)	358,277,404,294
998 (CDC42)	358,277,404,294
6714 (SRC)	419,165,465,182
25945 (NECTIN3)	257,218,303,235
5818 (NECTIN1)	257,218,303,235
5819 (NECTIN2)	257,218,303,235
81607 (NECTIN4)	257,218,303,235
56288 (PARD3)	327,165,373,182
9855 (FARP2)	510,165,556,182
hsa04520: Adherens junction	40,45,212,70
hsa04530: Tight junction	598,105,708,130
hsa04810: Regulation of actin cytoskeleton	598,184,709,218
hsa04310: Wnt signaling pathway	505,489,614,522
hsa04010: MAPK signaling pathway	465,771,571,805
hsa04350: TGF-beta signaling pathway	464,829,571,863
hsa04060: Cytokine-cytokine receptor interaction	135,772,240,817
