C00076 (Calcium cation)	800,406,4
C01330 (Sodium cation)	800,418,4
C00942 (3',5'-Cyclic GMP)	535,689,4
C00144 (GMP)	465,689,4
C00942 (3',5'-Cyclic GMP)	686,451,4
C00942 (3',5'-Cyclic GMP)	684,930,4
C00238 (Potassium cation)	671,334,4
C00076 (Calcium cation)	650,316,4
C01330 (Sodium cation)	798,307,4
C00238 (Potassium cation)	676,820,4
C00076 (Calcium cation)	661,802,4
C01330 (Sodium cation)	804,792,4
C00942 (3',5'-Cyclic GMP)	532,281,4
C00076 (Calcium cation)	606,285,4
C00376 (Retinal)	371,844,4
C02110 (11-cis-Retinal)	267,844,4
C00076 (Calcium cation)	312,313,4
C00076 (Calcium cation)	252,721,4
C00305 (Magnesium cation)	600,699,4
C00076 (Calcium cation)	646,363,4
1258 (CNGB1)	717,403,763,420
1259 (CNGA1)	717,403,763,420
1258 (CNGB1)	717,887,763,904
1259 (CNGA1)	717,887,763,904
6010 (RHO)	295,243,341,260
6010 (RHO)	266,647,312,664
5145 (PDE6A)	467,257,513,274
5148 (PDE6G)	467,257,513,274
5158 (PDE6B)	467,257,513,274
2779 (GNAT1)	380,660,426,677
2780 (GNAT2)	380,660,426,677
2782 (GNB1)	380,660,426,677
2792 (GNGT1)	380,660,426,677
2986 (GUCY2F)	571,646,617,663
3000 (GUCY2D)	571,646,617,663
2986 (GUCY2F)	558,242,604,259
3000 (GUCY2D)	558,242,604,259
2779 (GNAT1)	379,256,425,273
2780 (GNAT2)	379,256,425,273
2782 (GNB1)	379,256,425,273
2792 (GNGT1)	379,256,425,273
5145 (PDE6A)	484,660,530,677
5148 (PDE6G)	484,660,530,677
5158 (PDE6B)	484,660,530,677
9187 (SLC24A1)	717,305,763,322
9187 (SLC24A1)	717,788,763,805
2978 (GUCA1A)	595,663,641,680
2979 (GUCA1B)	595,663,641,680
9626 (GUCA1C)	595,663,641,680
2978 (GUCA1A)	630,271,676,288
2979 (GUCA1B)	630,271,676,288
9626 (GUCA1C)	630,271,676,288
6010 (RHO)	413,842,459,859
6010 (RHO)	180,842,226,859
5957 (RCVRN)	244,305,290,322
131890 (GRK7)	233,258,279,275
6011 (GRK1)	233,258,279,275
5957 (RCVRN)	170,713,216,730
131890 (GRK7)	256,692,302,709
6011 (GRK1)	256,692,302,709
6295 (SAG)	324,286,370,303
6295 (SAG)	309,692,355,709
131890 (GRK7)	481,791,527,808
6011 (GRK1)	481,791,527,808
6295 (SAG)	481,813,527,830
8787 (RGS9)	412,293,458,310
8787 (RGS9)	387,703,433,720
163688 (CALML6)	665,356,711,373
51806 (CALML5)	665,356,711,373
801 (CALM1)	665,356,711,373
805 (CALM2)	665,356,711,373
808 (CALM3)	665,356,711,373
810 (CALML3)	665,356,711,373
91860 (CALML4)	665,356,711,373
163688 (CALML6)	651,847,697,864
51806 (CALML5)	651,847,697,864
801 (CALM1)	651,847,697,864
805 (CALM2)	651,847,697,864
808 (CALM3)	651,847,697,864
810 (CALML3)	651,847,697,864
91860 (CALML4)	651,847,697,864
hsa04744: Phototransduction	40,45,226,70
hsa00830: Retinol metabolism	267,887,384,921
