C00014 (Ammonia)	496,180,4
C00080 (H+)	524,152,4
C00238 (Potassium cation)	806,352,4
C00238 (Potassium cation)	798,389,4
C01330 (Sodium cation)	798,402,4
C00698 (Cl-)	798,415,4
C00698 (Cl-)	248,440,4
C04911 (D-Galactosyl-N-acetyl-D-galactosaminyl-(N-acetylneuraminyl)-D-galactosyl-D-glucosylceramide)	306,323,4
C00165 (Diacylglycerol)	464,635,4
C01245 (D-myo-Inositol 1,4,5-trisphosphate)	464,599,4
C00575 (3',5'-Cyclic AMP)	632,375,4
C00698 (Cl-)	496,152,4
375 (ARF1)	575,236,621,253
10312 (TCIRG1)	501,107,547,124
127124 (ATP6V1G3)	501,107,547,124
155066 (ATP6V0E2)	501,107,547,124
23545 (ATP6V0A2)	501,107,547,124
245972 (ATP6V0D2)	501,107,547,124
245973 (ATP6V1C2)	501,107,547,124
50617 (ATP6V0A4)	501,107,547,124
51382 (ATP6V1D)	501,107,547,124
51606 (ATP6V1H)	501,107,547,124
523 (ATP6V1A)	501,107,547,124
525 (ATP6V1B1)	501,107,547,124
526 (ATP6V1B2)	501,107,547,124
527 (ATP6V0C)	501,107,547,124
528 (ATP6V1C1)	501,107,547,124
529 (ATP6V1E1)	501,107,547,124
533 (ATP6V0B)	501,107,547,124
534 (ATP6V1G2)	501,107,547,124
535 (ATP6V0A1)	501,107,547,124
537 (ATP6AP1)	501,107,547,124
8992 (ATP6V0E1)	501,107,547,124
90423 (ATP6V1E2)	501,107,547,124
9114 (ATP6V0D1)	501,107,547,124
9296 (ATP6V1F)	501,107,547,124
9550 (ATP6V1G1)	501,107,547,124
30001 (ERO1A)	519,214,565,231
1080 (CFTR)	284,432,330,449
9414 (TJP2)	636,639,682,656
7082 (TJP1)	587,639,633,656
2778 (GNAS)	645,278,691,295
3784 (KCNQ1)	723,344,769,361
5578 (PRKCA)	502,612,548,629
6558 (SLC12A2)	723,394,769,411
5335 (PLCG1)	381,612,427,629
5336 (PLCG2)	381,612,427,629
5566 (PRKACA)	494,386,540,403
5567 (PRKACB)	494,386,540,403
5568 (PRKACG)	494,386,540,403
10952 (SEC61B)	562,278,608,295
23480 (SEC61G)	562,278,608,295
29927 (SEC61A1)	562,278,608,295
55176 (SEC61A2)	562,278,608,295
60 (ACTB)	619,565,665,582
71 (ACTG1)	619,565,665,582
9601 (PDIA4)	459,236,505,253
109 (ADCY3)	723,278,769,295
115 (ADCY9)	723,278,769,295
10945 (KDELR1)	359,236,405,253
11014 (KDELR2)	359,236,405,253
11015 (KDELR3)	359,236,405,253
hsa04530: Tight junction	584,667,682,692
map05111: Biofilm formation - Vibrio cholerae	36,99,155,133
map03070: Bacterial secretion system	172,235,321,260
hsa00190: Oxidative phosphorylation	556,102,709,127
hsa05110: Vibrio cholerae infection	40,30,275,55
