5195 (PEX14)	594,212,640,229
5828 (PEX2)	363,212,409,229
5189 (PEX1)	198,184,244,201
5190 (PEX6)	244,184,290,201
55670 (PEX26)	244,212,290,229
5194 (PEX13)	548,212,594,229
5192 (PEX10)	408,212,454,229
5193 (PEX12)	453,212,499,229
51555 (PEX5L)	596,141,642,158
5830 (PEX5)	596,141,642,158
5191 (PEX7)	527,141,573,158
5824 (PEX19)	152,293,198,310
8799 (PEX11B)	603,427,649,444
8800 (PEX11A)	603,427,649,444
92960 (PEX11G)	603,427,649,444
9409 (PEX16)	128,213,174,230
8504 (PEX3)	128,230,174,247
5825 (ABCD3)	209,293,255,310
51555 (PEX5L)	244,161,290,178
5830 (PEX5)	244,161,290,178
8443 (GNPAT)	350,600,396,617
8540 (AGPS)	349,640,395,657
5264 (PHYH)	110,600,156,617
30 (ACAA1)	110,760,156,777
51 (ACOX1)	50,665,96,682
8309 (ACOX2)	50,665,96,682
8310 (ACOX3)	50,665,96,682
3295 (HSD17B4)	50,685,96,702
847 (CAT)	610,600,656,617
6342 (SCP2)	50,705,96,722
51268 (PIPOX)	400,905,446,922
189 (AGXT)	350,885,396,902
23600 (AMACR)	50,645,96,662
4598 (MVK)	350,762,396,779
1891 (ECH1)	50,840,96,857
196743 (PAOX)	350,905,396,922
10654 (PMVK)	350,782,396,799
54677 (CROT)	150,905,196,922
570 (BAAT)	50,725,96,742
3155 (HMGCL)	450,905,496,922
54511 (HMGCLL1)	450,905,496,922
1384 (CRAT)	100,905,146,922
1610 (DAO)	400,885,446,902
8528 (DDO)	450,885,496,902
10901 (DHRS4)	610,883,656,900
728635 (DHRS4L1)	610,883,656,900
23417 (MLYCD)	200,905,246,922
26061 (HACL1)	50,600,96,617
1962 (EHHADH)	50,760,96,777
55825 (PECR)	50,885,96,902
10455 (ECI2)	100,885,146,902
83594 (NUDT12)	200,885,246,902
10005 (ACOT8)	50,905,96,922
390916 (NUDT19)	250,885,296,902
26063 (DECR2)	50,820,96,837
215 (ABCD1)	110,820,156,837
225 (ABCD2)	110,820,156,837
5825 (ABCD3)	110,820,156,837
5826 (ABCD4)	110,820,156,837
2180 (ACSL1)	110,840,156,857
2181 (ACSL3)	110,840,156,857
2182 (ACSL4)	110,840,156,857
23305 (ACSL6)	110,840,156,857
51703 (ACSL5)	110,840,156,857
11001 (SLC27A2)	160,820,206,837
3417 (IDH1)	500,885,546,902
3418 (IDH2)	500,885,546,902
51179 (HAO2)	500,905,546,922
54363 (HAO1)	500,905,546,922
7498 (XDH)	610,813,656,829
55711 (FAR2)	350,685,396,702
84188 (FAR1)	350,685,396,702
25824 (PRDX5)	610,620,656,637
6647 (SOD1)	661,600,707,617
6648 (SOD2)	661,600,707,617
373156 (GSTK1)	610,755,656,772
2053 (EPHX2)	610,685,656,702
4843 (NOS2)	711,600,757,617
5052 (PRDX1)	661,620,707,637
5827 (PXMP2)	270,426,316,443
255027 (MPV17L)	343,426,389,443
4358 (MPV17)	343,426,389,443
84769 (MPV17L2)	343,426,389,443
11264 (PXMP4)	415,426,461,443
10478 (SLC25A17)	678,303,724,320
283927 (NUDT7)	150,885,196,902
hsa04146: Peroxisome	40,45,160,70
hsa00900: Terpenoid backbone biosynthesis	415,757,520,791
hsa00120: Primary bile acid biosynthesis	154,668,274,702
hsa00565: Ether lipid metabolism	415,625,525,659
hsa00071: Fatty acid degradation	177,580,272,614
hsa00564: Glycerophospholipid metabolism	415,580,525,614
hsa03320: PPAR signaling pathway	179,625,274,659
hsa00230: Purine metabolism	675,808,785,842
hsa00830: Retinol metabolism	675,882,785,916
