C01647 (tRNA(Met))	823,504,4
C00044 (GTP)	829,489,4
C00035 (GDP)	892,497,4
C01647 (tRNA(Met))	1017,539,4
C00044 (GTP)	1018,527,4
11260 (XPOT)	85,296,131,313
5901 (RAN)	85,279,131,296
5901 (RAN)	332,279,378,296
7514 (XPO1)	332,296,378,313
22916 (NCBP2)	332,330,378,347
4686 (NCBP1)	332,330,378,347
51808 (PHAX)	332,313,378,330
1207 (CLNS1A)	444,549,490,566
8487 (GEMIN2)	467,723,513,740
6606 (SMN1)	467,706,513,723
6607 (SMN2)	467,706,513,723
11218 (DDX20)	467,689,513,706
25929 (GEMIN5)	421,715,467,732
50628 (GEMIN4)	513,689,559,706
79760 (GEMIN7)	513,723,559,740
54960 (GEMIN8)	513,706,559,723
11171 (STRAP)	559,723,605,740
96764 (TGS1)	433,465,479,482
79833 (GEMIN6)	513,740,559,757
3837 (KPNB1)	537,408,583,425
10073 (SNUPN)	537,425,583,442
9939 (RBM8A)	913,706,959,723
4116 (MAGOH)	913,723,959,740
55110 (MAGOHB)	913,723,959,740
9775 (EIF4A3)	959,723,1005,740
22794 (CASC3)	959,706,1005,723
22985 (ACIN1)	1060,689,1106,706
10921 (RNPS1)	1060,706,1106,723
10284 (SAP18)	1014,706,1060,723
10250 (SRRM1)	1064,794,1110,811
10482 (NXF1)	1011,771,1057,788
55998 (NXF5)	1011,771,1057,788
56000 (NXF3)	1011,771,1057,788
56001 (NXF2)	1011,771,1057,788
728343 (NXF2B)	1011,771,1057,788
5411 (PNN)	1014,723,1060,740
10189 (ALYREF)	1060,723,1106,740
29107 (NXT1)	1011,788,1057,805
55916 (NXT2)	1011,788,1057,805
22916 (NCBP2)	912,132,958,149
4686 (NCBP1)	912,132,958,149
9818 (NUP58)	76,826,122,843
23165 (NUP205)	159,826,205,843
23511 (NUP188)	159,843,205,860
23636 (NUP62)	76,809,122,826
7175 (TPR)	106,689,152,706
9972 (NUP153)	106,739,152,756
9688 (NUP93)	159,809,205,826
53371 (NUP54)	76,843,122,860
10762 (NUP50)	106,714,152,731
9631 (NUP155)	159,866,205,883
59343 (SENP2)	152,739,198,756
4928 (NUP98)	266,741,312,758
79023 (NUP37)	312,713,358,730
6396 (SEC13)	220,729,266,746
23279 (NUP160)	312,730,358,747
57122 (NUP107)	266,758,312,775
79902 (NUP85)	312,747,358,764
81929 (SEH1L)	220,753,266,770
4928 (NUP98)	220,689,266,706
8480 (RAE1)	220,706,266,723
348995 (NUP43)	312,764,358,781
55746 (NUP133)	266,724,312,741
23225 (NUP210)	231,809,277,826
91181 (NUP210L)	231,809,277,826
100101267 (POM121C)	231,867,277,884
94026 (POM121L2)	231,867,277,884
9883 (POM121)	231,867,277,884
55706 (NDC1)	231,838,277,855
8021 (NUP214)	298,809,344,826
4927 (NUP88)	298,826,344,843
5903 (RANBP2)	311,843,357,860
7329 (UBE2I)	357,843,403,860
5905 (RANGAP1)	311,860,357,877
387082 (SUMO4)	357,860,403,877
6612 (SUMO3)	357,860,403,877
6613 (SUMO2)	357,860,403,877
7341 (SUMO1)	357,860,403,877
11097 (NUP42)	357,822,403,839
8086 (AAAS)	357,801,403,818
10419 (PRMT5)	444,571,490,588
5901 (RAN)	253,279,299,296
57510 (XPO5)	253,296,299,313
1915 (EEF1A1)	253,312,299,329
1917 (EEF1A2)	253,312,299,329
5901 (RAN)	692,288,738,305
7514 (XPO1)	692,305,738,324
51068 (NMD3)	692,322,738,339
5976 (UPF1)	952,771,998,788
7919 (DDX39B)	1064,771,1110,788
84305 (PYM1)	950,409,996,426
10209 (EIF1)	703,707,749,724
10289 (EIF1B)	703,707,749,724
1964 (EIF1AX)	703,707,749,724
9086 (EIF1AY)	703,707,749,724
3646 (EIF3E)	703,690,749,707
728689 (EIF3CL)	703,690,749,707
8661 (EIF3A)	703,690,749,707
8662 (EIF3B)	703,690,749,707
8663 (EIF3C)	703,690,749,707
8664 (EIF3D)	703,690,749,707
8665 (EIF3F)	703,690,749,707
8666 (EIF3G)	703,690,749,707
8667 (EIF3H)	703,690,749,707
8668 (EIF3I)	703,690,749,707
8669 (EIF3J)	703,690,749,707
51095 (TRNT1)	253,193,299,210
10248 (POP7)	252,121,298,138
10556 (RPP30)	252,121,298,138
10557 (RPP38)	252,121,298,138
10775 (POP4)	252,121,298,138
10799 (RPP40)	252,121,298,138
10940 (POP1)	252,121,298,138
11102 (RPP14)	252,121,298,138
138716 (RPP25L)	252,121,298,138
51367 (POP5)	252,121,298,138
54913 (RPP25)	252,121,298,138
79897 (RPP21)	252,121,298,138
55520 (ELAC1)	253,158,299,175
60528 (ELAC2)	253,158,299,175
9984 (THOC1)	1137,688,1183,705
57187 (THOC2)	1137,705,1183,722
84321 (THOC3)	1137,784,1183,801
8563 (THOC5)	1137,722,1183,739
79228 (THOC6)	1137,739,1183,756
80145 (THOC7)	1137,756,1183,773
132430 (PABPC4L)	826,772,872,789
140886 (PABPC5)	826,772,872,789
26986 (PABPC1)	826,772,872,789
340529 (PABPC1L2A)	826,772,872,789
5042 (PABPC3)	826,772,872,789
645974 (PABPC1L2B)	826,772,872,789
80336 (PABPC1L)	826,772,872,789
8761 (PABPC4)	826,772,872,789
1965 (EIF2S1)	749,707,795,724
1968 (EIF2S3)	749,707,795,724
8894 (EIF2S2)	749,707,795,724
10605 (PAIP1)	826,789,872,806
1973 (EIF4A1)	749,789,795,806
1974 (EIF4A2)	749,789,795,806
1977 (EIF4E)	703,789,749,806
253314 (EIF4E1B)	703,789,749,806
9470 (EIF4E2)	703,789,749,806
1981 (EIF4G1)	722,772,768,789
1982 (EIF4G2)	722,772,768,789
8672 (EIF4G3)	722,772,768,789
1983 (EIF5)	749,690,795,707
26019 (UPF2)	952,791,998,808
65109 (UPF3B)	952,808,998,825
65110 (UPF3A)	952,808,998,825
1975 (EIF4B)	749,827,795,844
1978 (EIF4EBP1)	626,772,672,789
1979 (EIF4EBP2)	626,772,672,789
8637 (EIF4EBP3)	626,772,672,789
10460 (TACC3)	626,794,672,811
9669 (EIF5B)	703,731,749,748
1967 (EIF2B1)	827,707,873,724
8890 (EIF2B4)	827,707,873,724
8891 (EIF2B3)	827,707,873,724
8892 (EIF2B2)	827,707,873,724
8893 (EIF2B5)	827,707,873,724
129401 (NUP35)	159,883,205,900
26827 (RNU6-1)	490,112,536,129
26851 (SNORD3B-1)	641,188,687,205
780851 (SNORD3A)	641,188,687,205
780852 (SNORD3B-2)	641,188,687,205
780853 (SNORD3C)	641,188,687,205
23191 (CYFIP1)	697,827,743,844
26999 (CYFIP2)	697,827,743,844
2332 (FMR1)	697,844,743,861
8087 (FXR1)	697,844,743,861
9513 (FXR2)	697,844,743,861
hsa03013: RNA transport	40,45,176,70
hsa03040: Spliceosome	1044,129,1136,154
hsa03010: Ribosome	680,448,772,473
hsa03015: mRNA surveillance pathway	1105,381,1205,415
hsa03020: RNA polymerase	66,137,158,162
hsa03008: Ribosome biogenesis in eukaryotes	724,161,834,195
