C00076 (Calcium cation)	514,648,4
C01245 (D-myo-Inositol 1,4,5-trisphosphate)	454,658,4
C00076 (Calcium cation)	140,337,4
C00076 (Calcium cation)	624,337,4
C01245 (D-myo-Inositol 1,4,5-trisphosphate)	623,303,4
C00575 (3',5'-Cyclic AMP)	486,182,4
C00165 (Diacylglycerol)	454,615,4
C00076 (Calcium cation)	1129,593,4
C00165 (Diacylglycerol)	622,266,4
3708 (ITPR1)	491,672,537,689
3709 (ITPR2)	491,672,537,689
3710 (ITPR3)	491,672,537,689
5335 (PLCG1)	354,631,400,648
5336 (PLCG2)	354,631,400,648
3708 (ITPR1)	651,329,697,346
3709 (ITPR2)	651,329,697,346
3710 (ITPR3)	651,329,697,346
23236 (PLCB1)	539,258,585,275
5330 (PLCB2)	539,258,585,275
5331 (PLCB3)	539,258,585,275
5332 (PLCB4)	539,258,585,275
2767 (GNA11)	284,260,330,277
2776 (GNAQ)	284,260,330,277
107 (ADCY1)	386,174,432,191
108 (ADCY2)	386,174,432,191
109 (ADCY3)	386,174,432,191
111 (ADCY5)	386,174,432,191
112 (ADCY6)	386,174,432,191
113 (ADCY7)	386,174,432,191
114 (ADCY8)	386,174,432,191
115 (ADCY9)	386,174,432,191
196883 (ADCY4)	386,174,432,191
55811 (ADCY10)	386,174,432,191
5894 (RAF1)	608,739,654,756
5604 (MAP2K1)	690,739,736,756
5605 (MAP2K2)	690,739,736,756
5594 (MAPK1)	774,739,820,756
5595 (MAPK3)	774,739,820,756
5578 (PRKCA)	573,614,619,631
5579 (PRKCB)	573,614,619,631
5582 (PRKCG)	573,614,619,631
775 (CACNA1C)	1066,586,1112,603
776 (CACNA1D)	1066,586,1112,603
778 (CACNA1F)	1066,586,1112,603
779 (CACNA1S)	1066,586,1112,603
2692 (GHRHR)	182,174,228,191
2691 (GHRH)	84,174,130,191
1442 (CSH1)	806,247,852,264
1443 (CSH2)	806,247,852,264
2688 (GH1)	806,247,852,264
2689 (GH2)	806,247,852,264
1442 (CSH1)	590,423,636,440
1443 (CSH2)	590,423,636,440
2688 (GH1)	590,423,636,440
2689 (GH2)	590,423,636,440
1442 (CSH1)	237,423,283,440
1443 (CSH2)	237,423,283,440
2688 (GH1)	237,423,283,440
2689 (GH2)	237,423,283,440
5566 (PRKACA)	539,174,585,191
5567 (PRKACB)	539,174,585,191
5568 (PRKACG)	539,174,585,191
2690 (GHR)	182,815,228,832
1442 (CSH1)	84,815,130,832
1443 (CSH2)	84,815,130,832
2688 (GH1)	84,815,130,832
2689 (GH2)	84,815,130,832
2778 (GNAS)	283,174,329,191
775 (CACNA1C)	182,329,228,346
776 (CACNA1D)	182,329,228,346
778 (CACNA1F)	182,329,228,346
779 (CACNA1S)	182,329,228,346
10488 (CREB3)	806,174,852,191
1385 (CREB1)	806,174,852,191
1386 (ATF2)	806,174,852,191
1388 (ATF6B)	806,174,852,191
148327 (CREB3L4)	806,174,852,191
468 (ATF4)	806,174,852,191
64764 (CREB3L2)	806,174,852,191
84699 (CREB3L3)	806,174,852,191
90993 (CREB3L1)	806,174,852,191
9586 (CREB5)	806,174,852,191
5449 (POU1F1)	958,164,1004,181
5578 (PRKCA)	671,258,717,275
5579 (PRKCB)	671,258,717,275
5582 (PRKCG)	671,258,717,275
51738 (GHRL)	84,260,130,277
3265 (HRAS)	524,739,570,756
3845 (KRAS)	524,739,570,756
4893 (NRAS)	524,739,570,756
3717 (JAK2)	271,815,317,832
3667 (IRS1)	391,854,437,871
8471 (IRS4)	391,854,437,871
8660 (IRS2)	391,854,437,871
5290 (PIK3CA)	476,854,522,871
5291 (PIK3CB)	476,854,522,871
5293 (PIK3CD)	476,854,522,871
5295 (PIK3R1)	476,854,522,871
5296 (PIK3R2)	476,854,522,871
8503 (PIK3R3)	476,854,522,871
10000 (AKT3)	561,854,607,871
207 (AKT1)	561,854,607,871
208 (AKT2)	561,854,607,871
2475 (MTOR)	654,834,700,851
2932 (GSK3B)	654,872,700,889
3479 (IGF1)	941,793,987,810
8651 (SOCS1)	941,816,987,833
8835 (SOCS2)	941,816,987,833
9021 (SOCS3)	941,816,987,833
2353 (FOS)	941,839,987,856
3726 (JUNB)	993,793,1039,810
5747 (PTK2)	391,903,437,920
9564 (BCAR1)	476,891,522,908
1398 (CRK)	476,915,522,932
1399 (CRKL)	476,915,522,932
4214 (MAP3K1)	561,904,607,921
1432 (MAPK14)	742,921,788,938
5600 (MAPK11)	742,921,788,938
5603 (MAPK13)	742,921,788,938
6300 (MAPK12)	742,921,788,938
6772 (STAT1)	654,787,700,804
6774 (STAT3)	654,787,700,804
6776 (STAT5A)	654,787,700,804
6777 (STAT5B)	654,787,700,804
2693 (GHSR)	182,260,228,277
6750 (SST)	84,209,130,226
6751 (SSTR1)	182,209,228,226
6752 (SSTR2)	182,209,228,226
6753 (SSTR3)	182,209,228,226
6755 (SSTR5)	182,209,228,226
2770 (GNAI1)	282,209,328,226
2771 (GNAI2)	282,209,328,226
2773 (GNAI3)	282,209,328,226
25759 (SHC2)	321,781,367,798
399694 (SHC4)	321,781,367,798
53358 (SHC3)	321,781,367,798
6464 (SHC1)	321,781,367,798
2885 (GRB2)	354,739,400,756
6654 (SOS1)	440,739,486,756
6655 (SOS2)	440,739,486,756
2353 (FOS)	958,187,1004,204
5606 (MAP2K3)	654,905,700,922
5608 (MAP2K6)	654,905,700,922
6416 (MAP2K4)	654,905,700,922
5599 (MAPK8)	742,891,788,908
5601 (MAPK9)	742,891,788,908
5602 (MAPK10)	742,891,788,908
1387 (CREBBP)	788,191,834,208
2033 (EP300)	788,191,834,208
3483 (IGFALS)	993,816,1039,833
3486 (IGFBP3)	993,839,1039,856
hsa04935: Growth hormone synthesis	40,45,484,70
secretion and action	40,45,484,70
hsa04020: Calcium signaling pathway	576,647,701,681
hsa04020: Calcium signaling pathway	448,355,573,389
hsa04630: JAK-STAT signaling pathway	424,809,549,843
hsa04024: cAMP signaling pathway	597,193,722,227
hsa04010: MAPK signaling pathway	576,693,701,727
