C05981 (Phosphatidylinositol-3,4,5-trisphosphate)	757,410,4
C00165 (Diacylglycerol)	804,684,4
C00076 (Calcium cation)	851,649,4
C01245 (D-myo-Inositol 1,4,5-trisphosphate)	805,649,4
102723407 (IGH)	339,551,385,568
4772 (NFATC1)	964,640,1010,657
4773 (NFATC2)	964,640,1010,657
5530 (PPP3CA)	889,640,935,657
5532 (PPP3CB)	889,640,935,657
5533 (PPP3CC)	889,640,935,657
5534 (PPP3R1)	889,640,935,657
5535 (PPP3R2)	889,640,935,657
2534 (FYN)	615,722,661,739
8743 (TNFSF10)	1154,802,1200,819
3459 (IFNGR1)	264,748,310,765
3460 (IFNGR2)	264,748,310,765
5335 (PLCG1)	716,641,762,658
5336 (PLCG2)	716,641,762,658
27040 (LAT)	642,640,688,657
5551 (PRF1)	264,937,310,954
3133 (HLA-E)	264,289,310,306
3458 (IFNG)	1159,664,1205,681
1437 (CSF2)	1159,640,1205,657
7124 (TNF)	1159,616,1205,633
5578 (PRKCA)	874,675,920,692
5579 (PRKCB)	874,675,920,692
5582 (PRKCG)	874,675,920,692
6452 (SH3BP2)	645,374,691,391
5335 (PLCG1)	698,442,744,459
5336 (PLCG2)	698,442,744,459
27040 (LAT)	640,457,686,474
2185 (PTK2B)	657,241,703,258
3937 (LCP2)	640,436,686,453
6850 (SYK)	552,497,598,514
7535 (ZAP70)	552,475,598,492
3932 (LCK)	562,401,608,418
117157 (SH2D1B)	585,672,631,689
2534 (FYN)	551,531,597,548
4068 (SH2D1A)	530,695,576,712
10870 (HCST)	479,629,525,646
919 (CD247)	477,562,523,579
2207 (FCER1G)	477,539,523,556
7305 (TYROBP)	477,421,523,438
5781 (PTPN11)	501,229,547,246
5777 (PTPN6)	501,204,547,221
3439 (IFNA1)	339,802,385,819
3440 (IFNA2)	339,802,385,819
3441 (IFNA4)	339,802,385,819
3442 (IFNA5)	339,802,385,819
3443 (IFNA6)	339,802,385,819
3444 (IFNA7)	339,802,385,819
3445 (IFNA8)	339,802,385,819
3446 (IFNA10)	339,802,385,819
3447 (IFNA13)	339,802,385,819
3448 (IFNA14)	339,802,385,819
3449 (IFNA16)	339,802,385,819
3451 (IFNA17)	339,802,385,819
3452 (IFNA21)	339,802,385,819
3456 (IFNB1)	339,802,385,819
3458 (IFNG)	339,802,385,819
637 (BID)	46,939,92,956
836 (CASP3)	46,894,92,911
3002 (GZMB)	149,916,195,933
5551 (PRF1)	264,897,310,914
355 (FAS)	264,855,310,872
8795 (TNFRSF10B)	264,829,310,846
8797 (TNFRSF10A)	264,829,310,846
962 (CD48)	264,694,310,711
79465 (ULBP3)	264,651,310,668
80328 (ULBP2)	264,651,310,668
80329 (ULBP1)	264,651,310,668
4277 (MICB)	264,628,310,645
100507436 (MICA)	264,606,310,623
3383 (ICAM1)	264,329,310,346
3384 (ICAM2)	264,329,310,346
3107 (HLA-C)	264,264,310,281
3106 (HLA-B)	264,216,310,233
3135 (HLA-G)	264,190,310,207
3105 (HLA-A)	264,165,310,182
5290 (PIK3CA)	757,485,803,502
5291 (PIK3CB)	757,485,803,502
5293 (PIK3CD)	757,485,803,502
5295 (PIK3R1)	757,485,803,502
5296 (PIK3R2)	757,485,803,502
8503 (PIK3R3)	757,485,803,502
3106 (HLA-B)	264,140,310,157
5594 (MAPK1)	1000,608,1046,625
5595 (MAPK3)	1000,608,1046,625
5604 (MAP2K1)	916,531,962,548
5605 (MAP2K2)	916,531,962,548
369 (ARAF)	918,577,964,594
5894 (RAF1)	918,577,964,594
673 (BRAF)	918,577,964,594
3265 (HRAS)	848,577,894,594
3845 (KRAS)	848,577,894,594
4893 (NRAS)	848,577,894,594
6654 (SOS1)	779,577,825,594
6655 (SOS2)	779,577,825,594
2885 (GRB2)	707,577,753,594
25759 (SHC2)	635,577,681,594
399694 (SHC4)	635,577,681,594
53358 (SHC3)	635,577,681,594
6464 (SHC1)	635,577,681,594
5058 (PAK1)	825,483,871,500
5879 (RAC1)	774,331,820,348
5880 (RAC2)	774,331,820,348
5881 (RAC3)	774,331,820,348
10451 (VAV3)	701,330,747,347
7409 (VAV1)	701,330,747,347
7410 (VAV2)	701,330,747,347
356 (FASLG)	478,901,524,918
3002 (GZMB)	531,917,577,934
5551 (PRF1)	478,937,524,954
3824 (KLRD1)	406,430,452,447
356 (FASLG)	406,855,452,872
8743 (TNFSF10)	406,829,452,846
3454 (IFNAR1)	406,802,452,819
3455 (IFNAR2)	406,802,452,819
3459 (IFNGR1)	406,802,452,819
3460 (IFNGR2)	406,802,452,819
51744 (CD244)	406,694,452,711
100528032 (KLRC4-KLRK1)	406,628,452,645
22914 (KLRK1)	406,628,452,645
259197 (NCR3)	406,578,452,595
9437 (NCR1)	406,519,452,536
2214 (FCGR3A)	406,550,452,567
2215 (FCGR3B)	406,550,452,567
9436 (NCR2)	406,464,452,481
3822 (KLRC2)	406,413,452,430
3823 (KLRC3)	406,413,452,430
100132285 (KIR2DS2)	406,378,452,395
3806 (KIR2DS1)	406,378,452,395
3808 (KIR2DS3)	406,378,452,395
3809 (KIR2DS4)	406,378,452,395
3810 (KIR2DS5)	406,378,452,395
3689 (ITGB2)	406,337,452,354
3683 (ITGAL)	406,320,452,337
3824 (KLRD1)	406,262,452,279
3821 (KLRC1)	406,245,452,262
3802 (KIR2DL1)	406,211,452,228
3803 (KIR2DL2)	406,211,452,228
3804 (KIR2DL3)	406,211,452,228
3805 (KIR2DL4)	406,211,452,228
57292 (KIR2DL5A)	406,211,452,228
3812 (KIR3DL2)	406,169,452,186
3811 (KIR3DL1)	406,139,452,156
3383 (ICAM1)	1034,263,1080,280
3384 (ICAM2)	1034,263,1080,280
135250 (RAET1E)	1034,502,1080,519
154064 (RAET1L)	1034,502,1080,519
353091 (RAET1G)	1034,502,1080,519
3824 (KLRD1)	1177,211,1223,228
3683 (ITGAL)	1177,254,1223,271
3689 (ITGB2)	1177,271,1223,288
3824 (KLRD1)	1177,344,1223,361
2214 (FCGR3A)	1177,405,1223,422
2215 (FCGR3B)	1177,405,1223,422
9437 (NCR1)	1177,431,1223,448
100528032 (KLRC4-KLRK1)	1177,502,1223,519
22914 (KLRK1)	1177,502,1223,519
102723407 (IGH)	1112,405,1158,422
hsa04650: Natural killer cell mediated cytotoxicity	40,45,419,70
hsa04010: MAPK signaling pathway	765,529,878,563
hsa04020: Calcium signaling pathway	914,705,1014,739
hsa04630: JAK-STAT signaling pathway	647,795,756,829
hsa04060: Cytokine-cytokine receptor interaction	479,767,588,802
hsa04210: Apoptosis	41,508,150,533
