3551 (IKBKB)	762,370,808,387
6885 (MAP3K7)	655,370,701,387
1147 (CHUK)	762,353,808,370
7189 (TRAF6)	569,439,615,456
3569 (IL6)	1086,417,1132,434
257397 (TAB3)	655,353,701,370
23118 (TAB2)	655,336,701,353
4792 (NFKBIA)	872,370,918,387
8517 (IKBKG)	762,336,808,353
4790 (NFKB1)	872,341,918,358
5970 (RELA)	872,341,918,358
2353 (FOS)	873,439,919,456
2354 (FOSB)	873,439,919,456
3725 (JUN)	873,439,919,456
3727 (JUND)	873,439,919,456
8061 (FOSL1)	873,439,919,456
64806 (IL25)	243,169,289,186
23765 (IL17RA)	352,160,398,177
55540 (IL17RB)	352,177,398,194
3605 (IL17A)	243,424,289,441
112744 (IL17F)	243,452,289,469
27189 (IL17C)	243,724,289,741
23765 (IL17RA)	352,715,398,732
132014 (IL17RE)	352,732,398,749
27190 (IL17B)	243,838,289,855
55540 (IL17RB)	352,829,398,846
7189 (TRAF6)	496,201,542,218
10758 (TRAF3IP2)	450,201,496,218
10758 (TRAF3IP2)	443,439,489,456
7187 (TRAF3)	407,336,453,353
23765 (IL17RA)	352,431,398,448
84818 (IL17RC)	352,448,398,465
3320 (HSP90AA1)	429,422,475,439
3326 (HSP90AB1)	429,422,475,439
7184 (HSP90B1)	429,422,475,439
7188 (TRAF5)	581,486,627,503
7186 (TRAF2)	581,503,627,520
1994 (ELAVL1)	675,538,721,555
6426 (SRSF1)	675,508,721,525
9641 (IKBKE)	484,504,530,521
1432 (MAPK14)	749,439,795,456
225689 (MAPK15)	749,439,795,456
5594 (MAPK1)	749,439,795,456
5595 (MAPK3)	749,439,795,456
5596 (MAPK4)	749,439,795,456
5597 (MAPK6)	749,439,795,456
5598 (MAPK7)	749,439,795,456
5599 (MAPK8)	749,439,795,456
5600 (MAPK11)	749,439,795,456
5601 (MAPK9)	749,439,795,456
5602 (MAPK10)	749,439,795,456
5603 (MAPK13)	749,439,795,456
6300 (MAPK12)	749,439,795,456
1051 (CEBPB)	874,495,920,512
8717 (TRADD)	450,154,496,171
8772 (FADD)	558,154,604,171
836 (CASP3)	666,154,712,171
841 (CASP8)	666,154,712,171
4790 (NFKB1)	666,188,712,205
5970 (RELA)	666,188,712,205
2353 (FOS)	666,212,712,229
2354 (FOSB)	666,212,712,229
3725 (JUN)	666,212,712,229
3727 (JUND)	666,212,712,229
8061 (FOSL1)	666,212,712,229
7189 (TRAF6)	496,724,542,741
10758 (TRAF3IP2)	450,724,496,741
4790 (NFKB1)	669,714,715,731
5970 (RELA)	669,714,715,731
2353 (FOS)	669,738,715,755
2354 (FOSB)	669,738,715,755
3725 (JUN)	669,738,715,755
3727 (JUND)	669,738,715,755
8061 (FOSL1)	669,738,715,755
2932 (GSK3B)	753,616,799,633
5594 (MAPK1)	753,592,799,609
5595 (MAPK3)	753,592,799,609
53342 (IL17D)	243,957,289,974
2919 (CXCL1)	1086,358,1132,375
2920 (CXCL2)	1086,358,1132,375
2921 (CXCL3)	1086,358,1132,375
6347 (CCL2)	1140,381,1186,398
6354 (CCL7)	1194,381,1240,398
6364 (CCL20)	1248,381,1294,398
100289462 (DEFB4B)	1086,476,1132,493
1673 (DEFB4A)	1086,476,1132,493
4586 (MUC5AC)	1140,476,1186,493
4318 (MMP9)	1194,535,1240,552
4322 (MMP13)	1248,535,1294,552
3565 (IL4)	1086,187,1132,204
3567 (IL5)	1140,187,1186,204
3596 (IL13)	1194,187,1240,204
6361 (CCL17)	1086,234,1132,251
29110 (TBK1)	513,397,559,414
7128 (TNFAIP3)	458,368,504,385
51433 (ANAPC5)	474,351,520,368
29761 (USP25)	510,570,556,587
3576 (CXCL8)	1248,358,1294,375
1437 (CSF2)	1140,440,1186,457
6356 (CCL11)	1140,234,1186,251
4312 (MMP1)	1086,535,1132,552
4314 (MMP3)	1140,535,1186,552
3934 (LCN2)	1248,499,1294,516
5743 (PTGS2)	1194,417,1240,434
7124 (TNF)	1140,417,1186,434
2919 (CXCL1)	1140,358,1186,375
2920 (CXCL2)	1140,358,1186,375
2921 (CXCL3)	1140,358,1186,375
6372 (CXCL6)	1194,358,1240,375
6374 (CXCL5)	1194,358,1240,375
3627 (CXCL10)	1086,381,1132,398
1440 (CSF3)	1086,440,1132,457
727897 (MUC5B)	1194,476,1240,493
338324 (S100A7A)	1086,499,1132,516
6278 (S100A7)	1086,499,1132,516
6279 (S100A8)	1140,499,1186,516
6280 (S100A9)	1194,499,1240,516
9618 (TRAF4)	437,527,483,544
7124 (TNF)	1140,708,1186,725
3553 (IL1B)	1086,708,1132,725
7124 (TNF)	1140,838,1186,855
3553 (IL1B)	1086,838,1132,855
3569 (IL6)	1194,708,1240,725
3458 (IFNG)	1248,708,1294,725
55540 (IL17RB)	352,846,398,863
7189 (TRAF6)	496,838,542,855
10758 (TRAF3IP2)	450,838,496,855
4790 (NFKB1)	669,828,715,845
5970 (RELA)	669,828,715,845
2353 (FOS)	669,852,715,869
2354 (FOSB)	669,852,715,869
3725 (JUN)	669,852,715,869
3727 (JUND)	669,852,715,869
8061 (FOSL1)	669,852,715,869
hsa04657: IL-17 signaling pathway	40,45,274,70
hsa04010: MAPK signaling pathway	777,394,885,428
hsa04064: NF-kappa B signaling pathway	835,297,943,331
hsa04659: Th17 cell differentiation	94,464,220,498
hsa04210: Apoptosis	841,150,933,175
hsa04060: Cytokine-cytokine receptor interaction	224,515,350,549
