G13045	358,475,4
G12396 (6-(alpha-D-glucosaminyl)-1D-myo-inositol)	477,189,4
G00145	356,272,4
G00143	245,189,4
G00144	356,189,4
G00146	246,272,4
G13046	247,475,4
G13128	246,373,4
C00350 (Phosphatidylethanolamine)	519,397,4
G13044	478,475,4
G00149	478,373,4
G00148	357,373,4
C00350 (Phosphatidylethanolamine)	266,408,4
G10617 (Dolichyl phosphate D-mannose)	341,304,4
C00154 (Palmitoyl-CoA)	393,215,4
G10610 (UDP-N-acetyl-D-glucosamine)	117,219,4
C01194 (1-Phosphatidyl-D-myo-inositol)	104,189,4
84992 (PIGY)	177,197,223,214
8818 (DPM2)	155,214,201,231
9091 (PIGQ)	131,197,177,214
51227 (PIGP)	177,180,223,197
5283 (PIGH)	131,180,177,197
5279 (PIGC)	177,163,223,180
54965 (PIGX)	281,272,327,289
128869 (PIGU)	402,492,448,509
51604 (PIGT)	423,475,469,492
94005 (PIGS)	377,475,423,492
93183 (PIGM)	281,255,327,272
5281 (PIGF)	478,420,524,437
9487 (PIGL)	275,179,321,196
10026 (PIGK)	423,458,469,475
9488 (PIGB)	398,365,444,382
8733 (GPAA1)	377,458,423,475
80055 (PGAP1)	286,467,332,484
23556 (PIGN)	278,365,324,382
5277 (PIGA)	131,163,177,180
2822 (GPLD1)	387,181,433,198
84720 (PIGO)	432,420,478,437
284098 (PIGW)	333,228,379,245
55650 (PIGV)	223,322,269,339
80235 (PIGZ)	82,597,112,597,112,601,82,601
9488 (PIGB)	159,597,189,597,189,601,159,601
55650 (PIGV)	236,597,266,597,266,601,236,601
93183 (PIGM)	312,597,342,597,342,601,312,601
5277 (PIGA)	390,597,420,597,420,601,390,601
84720 (PIGO)	136,555,136,585,140,585,140,555
54872 (PIGG)	212,555,212,585,216,585,216,555
23556 (PIGN)	289,555,289,585,293,585,293,555
10026 (PIGK)	82,548,112,548,112,552,82,552
hsa00564: Glycerophospholipid metabolism	44,102,166,136
hsa00563: Glycosylphosphatidylinositol (GPI)-anchor biosynthesis	40,45,515,70
hsa00510: N-Glycan biosynthesis	419,287,495,321
