C00951 (Estradiol-17beta)	237,190,4
C00951 (Estradiol-17beta)	1042,157,4
C00951 (Estradiol-17beta)	711,157,4
C00951 (Estradiol-17beta)	1042,225,4
C00951 (Estradiol-17beta)	1130,91,4
C00951 (Estradiol-17beta)	1130,196,4
C00410 (Progesterone)	237,283,4
C00410 (Progesterone)	711,282,4
C00410 (Progesterone)	1130,281,4
C05981 (Phosphatidylinositol-3,4,5-trisphosphate)	524,466,4
C05981 (Phosphatidylinositol-3,4,5-trisphosphate)	525,637,4
C05981 (Phosphatidylinositol-3,4,5-trisphosphate)	524,823,4
2099 (ESR1)	687,178,733,195
2100 (ESR2)	687,178,733,195
2099 (ESR1)	1018,178,1064,195
2100 (ESR2)	1018,178,1064,195
1956 (EGFR)	302,584,348,601
2099 (ESR1)	1018,246,1064,263
2100 (ESR2)	1018,246,1064,263
8202 (NCOA3)	1107,129,1153,146
8648 (NCOA1)	1107,129,1153,146
3265 (HRAS)	604,545,650,562
3845 (KRAS)	604,545,650,562
4893 (NRAS)	604,545,650,562
369 (ARAF)	679,545,725,562
5894 (RAF1)	679,545,725,562
673 (BRAF)	679,545,725,562
5604 (MAP2K1)	754,545,800,562
5605 (MAP2K2)	754,545,800,562
5594 (MAPK1)	830,545,876,561
5595 (MAPK3)	830,545,876,561
25759 (SHC2)	378,545,424,562
399694 (SHC4)	378,545,424,562
53358 (SHC3)	378,545,424,562
6464 (SHC1)	378,545,424,562
2885 (GRB2)	454,545,500,562
6654 (SOS1)	529,545,575,562
6655 (SOS2)	529,545,575,562
182 (JAG1)	194,877,240,894
3714 (JAG2)	194,877,240,894
4851 (NOTCH1)	302,896,348,913
4853 (NOTCH2)	302,896,348,913
4854 (NOTCH3)	302,896,348,913
4855 (NOTCH4)	302,896,348,913
2475 (MTOR)	705,629,751,646
6198 (RPS6KB1)	824,629,870,646
6199 (RPS6KB2)	824,629,870,646
3479 (IGF1)	195,641,241,658
3480 (IGF1R)	302,641,348,658
2064 (ERBB2)	302,549,348,566
8202 (NCOA3)	1107,234,1153,251
8648 (NCOA1)	1107,234,1153,251
2353 (FOS)	1107,146,1153,163
3725 (JUN)	1107,146,1153,163
6667 (SP1)	1107,146,1153,163
2099 (ESR1)	1107,217,1153,234
2100 (ESR2)	1107,217,1153,234
10683 (DLL3)	194,916,240,933
28514 (DLL1)	194,916,240,933
54567 (DLL4)	194,916,240,933
2099 (ESR1)	1107,112,1153,129
2100 (ESR2)	1107,112,1153,129
5241 (PGR)	687,303,733,320
5241 (PGR)	1107,302,1153,319
8202 (NCOA3)	1107,319,1153,336
8648 (NCOA1)	1107,319,1153,336
3265 (HRAS)	604,375,650,392
3845 (KRAS)	604,375,650,392
4893 (NRAS)	604,375,650,392
369 (ARAF)	679,375,725,392
5894 (RAF1)	679,375,725,392
673 (BRAF)	679,375,725,392
5604 (MAP2K1)	754,375,800,392
5605 (MAP2K2)	754,375,800,392
5594 (MAPK1)	830,375,876,391
5595 (MAPK3)	830,375,876,391
25759 (SHC2)	378,375,424,392
399694 (SHC4)	378,375,424,392
53358 (SHC3)	378,375,424,392
6464 (SHC1)	378,375,424,392
2885 (GRB2)	454,375,500,392
6654 (SOS1)	529,375,575,392
6655 (SOS2)	529,375,575,392
5290 (PIK3CA)	421,458,467,475
5291 (PIK3CB)	421,458,467,475
5293 (PIK3CD)	421,458,467,475
5295 (PIK3R1)	421,458,467,475
5296 (PIK3R2)	421,458,467,475
8503 (PIK3R3)	421,458,467,475
10000 (AKT3)	584,458,630,475
207 (AKT1)	584,458,630,475
208 (AKT2)	584,458,630,475
2475 (MTOR)	708,458,754,475
6198 (RPS6KB1)	827,458,873,475
6199 (RPS6KB2)	827,458,873,475
3479 (IGF1)	195,448,241,465
3480 (IGF1R)	302,448,348,465
1956 (EGFR)	302,732,348,749
3265 (HRAS)	604,731,650,748
3845 (KRAS)	604,731,650,748
4893 (NRAS)	604,731,650,748
369 (ARAF)	679,731,725,748
5894 (RAF1)	679,731,725,748
673 (BRAF)	679,731,725,748
5604 (MAP2K1)	754,731,800,748
5605 (MAP2K2)	754,731,800,748
5594 (MAPK1)	830,731,876,747
5595 (MAPK3)	830,731,876,747
25759 (SHC2)	378,731,424,748
399694 (SHC4)	378,731,424,748
53358 (SHC3)	378,731,424,748
6464 (SHC1)	378,731,424,748
2885 (GRB2)	454,731,500,748
6654 (SOS1)	529,731,575,748
6655 (SOS2)	529,731,575,748
2475 (MTOR)	707,815,753,832
6198 (RPS6KB1)	826,815,872,832
6199 (RPS6KB2)	826,815,872,832
3479 (IGF1)	194,805,240,822
3480 (IGF1R)	302,805,348,822
5728 (PTEN)	450,415,496,432
5290 (PIK3CA)	421,629,467,646
5291 (PIK3CB)	421,629,467,646
5293 (PIK3CD)	421,629,467,646
5295 (PIK3R1)	421,629,467,646
5296 (PIK3R2)	421,629,467,646
8503 (PIK3R3)	421,629,467,646
10000 (AKT3)	584,629,630,646
207 (AKT1)	584,629,630,646
208 (AKT2)	584,629,630,646
5728 (PTEN)	450,586,496,603
5290 (PIK3CA)	421,815,467,832
5291 (PIK3CB)	421,815,467,832
5293 (PIK3CD)	421,815,467,832
5295 (PIK3R1)	421,815,467,832
5296 (PIK3R2)	421,815,467,832
8503 (PIK3R3)	421,815,467,832
10000 (AKT3)	584,815,630,832
207 (AKT1)	584,815,630,832
208 (AKT2)	584,815,630,832
5728 (PTEN)	450,772,496,789
595 (CCND1)	1064,1002,1110,1019
4609 (MYC)	1064,979,1110,996
51176 (LEF1)	948,991,994,1008
6932 (TCF7)	948,991,994,1008
6934 (TCF7L2)	948,991,994,1008
83439 (TCF7L1)	948,991,994,1008
122011 (CSNK1A1L)	672,1008,718,1025
1452 (CSNK1A1)	672,1008,718,1025
8312 (AXIN1)	566,1008,612,1025
8313 (AXIN2)	566,1008,612,1025
10297 (APC2)	612,1008,658,1025
324 (APC)	612,1008,658,1025
1499 (CTNNB1)	642,991,688,1008
2932 (GSK3B)	535,991,581,1008
10023 (FRAT1)	473,978,519,995
23401 (FRAT2)	473,978,519,995
1855 (DVL1)	427,991,473,1008
1856 (DVL2)	427,991,473,1008
1857 (DVL3)	427,991,473,1008
4040 (LRP6)	302,1008,348,1025
4041 (LRP5)	302,1008,348,1025
11211 (FZD10)	302,991,348,1008
2535 (FZD2)	302,991,348,1008
7855 (FZD5)	302,991,348,1008
7976 (FZD3)	302,991,348,1008
8321 (FZD1)	302,991,348,1008
8322 (FZD4)	302,991,348,1008
8323 (FZD6)	302,991,348,1008
8324 (FZD7)	302,991,348,1008
8325 (FZD8)	302,991,348,1008
8326 (FZD9)	302,991,348,1008
51384 (WNT16)	194,999,240,1016
54361 (WNT4)	194,999,240,1016
7471 (WNT1)	194,999,240,1016
7472 (WNT2)	194,999,240,1016
7473 (WNT3)	194,999,240,1016
7474 (WNT5A)	194,999,240,1016
7475 (WNT6)	194,999,240,1016
7476 (WNT7A)	194,999,240,1016
7477 (WNT7B)	194,999,240,1016
7478 (WNT8A)	194,999,240,1016
7479 (WNT8B)	194,999,240,1016
7480 (WNT10B)	194,999,240,1016
7481 (WNT11)	194,999,240,1016
7482 (WNT2B)	194,999,240,1016
7483 (WNT9A)	194,999,240,1016
7484 (WNT9B)	194,999,240,1016
80326 (WNT10A)	194,999,240,1016
81029 (WNT5B)	194,999,240,1016
89780 (WNT3A)	194,999,240,1016
1019 (CDK4)	1128,638,1174,655
1021 (CDK6)	1128,638,1174,655
5925 (RB1)	1212,648,1258,665
1869 (E2F1)	1212,686,1258,703
1870 (E2F2)	1212,686,1258,703
1871 (E2F3)	1212,686,1258,703
595 (CCND1)	1128,655,1174,672
3815 (KIT)	302,767,348,784
595 (CCND1)	1380,871,1426,888
1026 (CDKN1A)	1433,871,1479,888
4791 (NFKB2)	1433,895,1479,912
4609 (MYC)	1380,895,1426,912
2064 (ERBB2)	302,372,348,389
2260 (FGFR1)	302,401,348,418
595 (CCND1)	1271,155,1317,172
54361 (WNT4)	1271,298,1317,315
7471 (WNT1)	1271,298,1317,315
8600 (TNFSF11)	1271,322,1317,339
4609 (MYC)	1271,181,1317,198
1950 (EGF)	195,583,241,600
1950 (EGF)	195,732,241,749
672 (BRCA1)	1109,762,1155,779
675 (BRCA2)	1160,762,1206,779
2246 (FGF1)	195,401,241,418
2247 (FGF2)	195,401,241,418
2248 (FGF3)	195,401,241,418
2249 (FGF4)	195,401,241,418
2250 (FGF5)	195,401,241,418
2251 (FGF6)	195,401,241,418
2252 (FGF7)	195,401,241,418
2253 (FGF8)	195,401,241,418
2254 (FGF9)	195,401,241,418
2255 (FGF10)	195,401,241,418
26281 (FGF20)	195,401,241,418
26291 (FGF21)	195,401,241,418
27006 (FGF22)	195,401,241,418
8074 (FGF23)	195,401,241,418
8817 (FGF18)	195,401,241,418
8822 (FGF17)	195,401,241,418
8823 (FGF16)	195,401,241,418
9965 (FGF19)	195,401,241,418
2064 (ERBB2)	1229,845,1275,862
3280 (HES1)	1229,884,1275,901
388585 (HES5)	1229,884,1275,901
23462 (HEY1)	1229,907,1275,924
23493 (HEY2)	1229,907,1275,924
26508 (HEYL)	1229,907,1275,924
2324 (FLT4)	1229,950,1275,967
2064 (ERBB2)	1380,918,1426,935
7157 (TP53)	1185,583,1231,600
1026 (CDKN1A)	1315,563,1361,580
10912 (GADD45G)	1367,563,1413,580
1647 (GADD45A)	1367,563,1413,580
4616 (GADD45B)	1367,563,1413,580
581 (BAX)	1315,585,1361,602
578 (BAK1)	1367,585,1413,602
1643 (DDB2)	1315,607,1361,624
51426 (POLK)	1367,607,1413,624
hsa05224: Breast cancer	40,45,205,70
hsa04915: Estrogen signaling pathway	380,175,496,209
hsa04151: PI3K-Akt signaling pathway	596,487,712,521
hsa04330: Notch signaling pathway	372,860,488,894
hsa04010: MAPK signaling pathway	596,400,712,434
hsa04310: Wnt signaling pathway	372,922,488,956
hsa04115: p53 signaling pathway	1128,529,1256,563
hsa04110: Cell cycle	1285,654,1388,679
hsa03440: Homologous recombination	1233,787,1361,821
