C00350 (Phosphatidylethanolamine)	870,645,4
C05981 (Phosphatidylinositol-3,4,5-trisphosphate)	668,799,4
C01245 (D-myo-Inositol 1,4,5-trisphosphate)	668,936,4
C00165 (Diacylglycerol)	669,983,4
C00076 (Calcium cation)	784,949,4
3439 (IFNA1)	242,299,288,316
3440 (IFNA2)	242,299,288,316
3441 (IFNA4)	242,299,288,316
3442 (IFNA5)	242,299,288,316
3443 (IFNA6)	242,299,288,316
3444 (IFNA7)	242,299,288,316
3445 (IFNA8)	242,299,288,316
3446 (IFNA10)	242,299,288,316
3447 (IFNA13)	242,299,288,316
3448 (IFNA14)	242,299,288,316
3449 (IFNA16)	242,299,288,316
3451 (IFNA17)	242,299,288,316
3452 (IFNA21)	242,299,288,316
3456 (IFNB1)	242,299,288,316
7187 (TRAF3)	653,162,699,179
3665 (IRF7)	835,115,881,132
3456 (IFNB1)	1262,200,1308,217
3439 (IFNA1)	1298,115,1344,132
3440 (IFNA2)	1298,115,1344,132
3441 (IFNA4)	1298,115,1344,132
3442 (IFNA5)	1298,115,1344,132
3443 (IFNA6)	1298,115,1344,132
3444 (IFNA7)	1298,115,1344,132
3445 (IFNA8)	1298,115,1344,132
3446 (IFNA10)	1298,115,1344,132
3447 (IFNA13)	1298,115,1344,132
3448 (IFNA14)	1298,115,1344,132
3449 (IFNA16)	1298,115,1344,132
3451 (IFNA17)	1298,115,1344,132
3452 (IFNA21)	1298,115,1344,132
1147 (CHUK)	812,498,858,515
3551 (IKBKB)	812,498,858,515
8517 (IKBKG)	812,498,858,515
5599 (MAPK8)	930,858,976,875
5601 (MAPK9)	930,858,976,875
5602 (MAPK10)	930,858,976,875
29110 (TBK1)	734,169,780,186
9641 (IKBKE)	734,152,780,169
10000 (AKT3)	732,791,777,808
207 (AKT1)	732,791,777,808
208 (AKT2)	732,791,777,808
6772 (STAT1)	910,291,956,308
4792 (NFKBIA)	937,498,983,515
3661 (IRF3)	835,201,881,218
7098 (TLR3)	484,162,530,179
148022 (TICAM1)	567,162,613,179
5290 (PIK3CA)	559,801,605,818
5291 (PIK3CB)	559,801,605,818
5293 (PIK3CD)	559,801,605,818
5295 (PIK3R1)	559,801,605,818
5296 (PIK3R2)	559,801,605,818
8503 (PIK3R3)	559,801,605,818
3454 (IFNAR1)	332,299,378,316
3455 (IFNAR2)	332,299,378,316
4790 (NFKB1)	937,470,983,487
5970 (RELA)	937,470,983,487
355 (FAS)	332,431,378,448
841 (CASP8)	492,431,538,448
581 (BAX)	650,420,696,437
578 (BAK1)	650,442,696,459
54205 (CYCS)	791,431,837,448
836 (CASP3)	945,431,991,448
7132 (TNFRSF1A)	332,498,378,515
3572 (IL6ST)	332,1048,378,1065
1387 (CREBBP)	1122,200,1168,217
2033 (EP300)	1122,200,1168,217
3665 (IRF7)	932,107,978,124
3665 (IRF7)	932,124,978,141
3665 (IRF7)	932,149,978,166
3661 (IRF3)	932,166,978,183
3661 (IRF3)	932,192,978,209
3661 (IRF3)	932,209,978,226
3716 (JAK1)	501,290,547,307
7297 (TYK2)	501,312,547,329
6773 (STAT2)	910,308,956,325
3665 (IRF7)	1298,300,1344,317
10379 (IRF9)	956,300,1002,317
718 (C3)	132,199,178,216
3105 (HLA-A)	332,548,378,565
3106 (HLA-B)	332,548,378,565
3107 (HLA-C)	332,548,378,565
3133 (HLA-E)	332,548,378,565
3134 (HLA-F)	332,548,378,565
3135 (HLA-G)	332,548,378,565
1026 (CDKN1A)	1159,602,1205,619
1019 (CDK4)	1245,602,1291,619
1021 (CDK6)	1245,602,1291,619
5925 (RB1)	1320,602,1366,619
7157 (TP53)	1047,602,1093,619
1869 (E2F1)	1320,645,1366,662
1870 (E2F2)	1320,645,1366,662
1871 (E2F3)	1320,645,1366,662
2932 (GSK3B)	837,1092,883,1109
1499 (CTNNB1)	933,1092,979,1109
3717 (JAK2)	473,1048,519,1065
6774 (STAT3)	755,1048,801,1065
10681 (GNB5)	440,780,486,797
2782 (GNB1)	440,780,486,797
2783 (GNB2)	440,780,486,797
2784 (GNB3)	440,780,486,797
2785 (GNG3)	440,780,486,797
2786 (GNG4)	440,780,486,797
2787 (GNG5)	440,780,486,797
2788 (GNG7)	440,780,486,797
2790 (GNG10)	440,780,486,797
2791 (GNG11)	440,780,486,797
2792 (GNGT1)	440,780,486,797
2793 (GNGT2)	440,780,486,797
51764 (GNG13)	440,780,486,797
54331 (GNG2)	440,780,486,797
55970 (GNG12)	440,780,486,797
59345 (GNB4)	440,780,486,797
94235 (GNG8)	440,780,486,797
3091 (HIF1A)	1053,729,1099,746
5610 (EIF2AK2)	1298,322,1344,339
1232 (CCR3)	134,344,180,361
1234 (CCR5)	134,370,180,387
1230 (CCR1)	134,397,180,414
1233 (CCR4)	134,427,180,444
1237 (CCR8)	134,455,180,472
131450 (CD200R1)	134,854,180,871
344807 (CD200R1L)	134,854,180,871
11337 (GABARAP)	687,637,733,654
11345 (GABARAPL2)	687,637,733,654
23710 (GABARAPL1)	687,637,733,654
11337 (GABARAP)	798,637,844,654
11345 (GABARAPL2)	798,637,844,654
23710 (GABARAPL1)	798,637,844,654
64422 (ATG3)	730,606,776,623
22863 (ATG14)	583,637,629,654
5289 (PIK3C3)	629,637,675,654
441925 (BECN2)	608,620,654,637
8678 (BECN1)	608,620,654,637
8717 (TRADD)	488,498,534,515
7186 (TRAF2)	674,498,720,515
4790 (NFKB1)	1053,856,1099,873
5970 (RELA)	1053,856,1099,873
842 (CASP9)	869,431,915,448
637 (BID)	568,431,614,448
8772 (FADD)	413,431,459,448
3569 (IL6)	1204,795,1250,812
3576 (CXCL8)	1259,795,1305,812
5743 (PTGS2)	1204,820,1250,837
2919 (CXCL1)	1259,820,1305,837
2920 (CXCL2)	1259,820,1305,837
2921 (CXCL3)	1259,820,1305,837
1827 (RCAN1)	1204,845,1250,862
2247 (FGF2)	1259,845,1305,862
7422 (VEGFA)	1204,870,1250,887
5155 (PDGFB)	1259,870,1305,887
2475 (MTOR)	842,790,888,807
6850 (SYK)	379,920,425,937
5335 (PLCG1)	575,962,621,979
4772 (NFATC1)	960,963,1006,980
4773 (NFATC2)	960,963,1006,980
4775 (NFATC3)	960,963,1006,980
4776 (NFATC4)	960,963,1006,980
5530 (PPP3CA)	886,963,932,980
5532 (PPP3CB)	886,963,932,980
5533 (PPP3CC)	886,963,932,980
5534 (PPP3R1)	886,963,932,980
5535 (PPP3R2)	886,963,932,980
3708 (ITPR1)	708,956,754,973
3709 (ITPR2)	708,956,754,973
3710 (ITPR3)	708,956,754,973
3265 (HRAS)	559,729,605,746
3845 (KRAS)	559,729,605,746
4893 (NRAS)	559,729,605,746
5894 (RAF1)	683,729,729,746
5604 (MAP2K1)	806,729,852,746
5605 (MAP2K2)	806,729,852,746
5594 (MAPK1)	930,729,976,746
5595 (MAPK3)	930,729,976,746
2353 (FOS)	1053,805,1099,822
3725 (JUN)	1053,805,1099,822
5879 (RAC1)	755,858,801,875
5599 (MAPK8)	930,905,976,922
5601 (MAPK9)	930,905,976,922
5602 (MAPK10)	930,905,976,922
2353 (FOS)	1053,907,1099,924
3725 (JUN)	1053,907,1099,924
5336 (PLCG2)	575,940,621,957
1147 (CHUK)	842,827,888,844
3551 (IKBKB)	842,827,888,844
8517 (IKBKG)	842,827,888,844
4792 (NFKBIA)	946,826,992,843
285 (ANGPT2)	1259,895,1305,912
6714 (SRC)	383,999,429,1016
3055 (HCK)	435,999,481,1016
4067 (LYN)	489,999,535,1016
2932 (GSK3B)	1087,1125,1133,1142
3725 (JUN)	1188,1081,1234,1098
1385 (CREB1)	1240,1081,1286,1098
595 (CCND1)	1188,1104,1234,1121
4609 (MYC)	1240,1104,1286,1121
9976 (CLEC2B)	332,746,378,763
3383 (ICAM1)	332,671,378,688
942 (CD86)	332,696,378,713
100507436 (MICA)	332,721,378,738
4277 (MICB)	332,721,378,738
3459 (IFNGR1)	332,643,378,660
9261 (MAPKAPK2)	1086,365,1132,382
1432 (MAPK14)	1130,332,1176,349
5600 (MAPK11)	1130,332,1176,349
5603 (MAPK13)	1130,332,1176,349
6300 (MAPK12)	1130,332,1176,349
9261 (MAPKAPK2)	803,359,849,376
1432 (MAPK14)	849,342,895,359
5600 (MAPK11)	849,342,895,359
5603 (MAPK13)	849,342,895,359
6300 (MAPK12)	849,342,895,359
5608 (MAP2K6)	962,333,1008,350
5608 (MAP2K6)	803,342,849,359
3569 (IL6)	273,345,319,362
1437 (CSF2)	273,367,319,384
7538 (ZFP36)	681,356,727,373
146850 (PIK3R6)	559,779,605,796
23533 (PIK3R5)	559,779,605,796
5294 (PIK3CG)	559,779,605,796
57580 (PREX1)	668,858,714,875
163688 (CALML6)	821,963,867,980
51806 (CALML5)	821,963,867,980
801 (CALM1)	821,963,867,980
805 (CALM2)	821,963,867,980
808 (CALM3)	821,963,867,980
810 (CALML3)	821,963,867,980
91860 (CALML4)	821,963,867,980
7314 (UBB)	478,568,524,585
5609 (MAP2K7)	806,905,852,922
6416 (MAP2K4)	806,905,852,922
hsa05167: Kaposi sarcoma-associated herpesvirus infection	40,45,477,70
hsa04210: Apoptosis	804,458,913,483
hsa04610: Complement and coagulation cascades	86,156,212,190
hsa04630: JAK-STAT signaling pathway	741,269,851,303
hsa04010: MAPK signaling pathway	829,750,937,784
hsa04064: NF-kappa B signaling pathway	869,530,977,564
hsa04151: PI3K-Akt signaling pathway	677,814,785,848
hsa04620: Toll-like receptor signaling pathway	581,118,689,152
hsa04115: p53 signaling pathway	1035,645,1143,679
hsa04110: Cell cycle	1298,566,1390,591
hsa04310: Wnt signaling pathway	719,1085,827,1119
hsa04140: Autophagy - animal	707,678,815,712
hsa04668: TNF signaling pathway	385,459,493,493
hsa04650: Natural killer cell mediated cytotoxicity	187,759,320,793
hsa04144: Endocytosis	479,693,555,718
