C00025 (L-Glutamate)	122,555,4
C00334 (4-Aminobutanoate)	197,555,4
C00334 (4-Aminobutanoate)	445,533,4
C00334 (4-Aminobutanoate)	635,641,4
C00334 (4-Aminobutanoate)	686,792,4
C00076 (Calcium cation)	665,497,4
C00064 (L-Glutamine)	123,449,4
C00334 (4-Aminobutanoate)	715,148,4
C00025 (L-Glutamate)	444,148,4
C00064 (L-Glutamine)	342,148,4
C00698 (Cl-)	710,597,4
C00238 (Potassium cation)	803,810,4
C00575 (3',5'-Cyclic AMP)	991,763,4
C00575 (3',5'-Cyclic AMP)	468,458,4
C00076 (Calcium cation)	709,717,4
C00698 (Cl-)	705,677,4
C00238 (Potassium cation)	798,639,4
C00698 (Cl-)	798,650,4
C00026 (2-Oxoglutarate)	514,148,4
C00042 (Succinate)	615,148,4
2550 (GABBR1)	734,753,780,770
9568 (GABBR2)	734,753,780,770
6538 (SLC6A11)	695,210,741,227
6540 (SLC6A13)	695,210,741,227
140679 (SLC32A1)	221,547,267,564
107 (ADCY1)	912,753,958,770
108 (ADCY2)	912,753,958,770
109 (ADCY3)	912,753,958,770
111 (ADCY5)	912,753,958,770
112 (ADCY6)	912,753,958,770
113 (ADCY7)	912,753,958,770
114 (ADCY8)	912,753,958,770
115 (ADCY9)	912,753,958,770
196883 (ADCY4)	912,753,958,770
2571 (GAD1)	129,561,175,578
2572 (GAD2)	129,561,175,578
6529 (SLC6A1)	600,785,646,802
6538 (SLC6A11)	600,785,646,802
6539 (SLC6A12)	600,785,646,802
6540 (SLC6A13)	600,785,646,802
773 (CACNA1A)	600,488,646,505
774 (CACNA1B)	600,488,646,505
10681 (GNB5)	825,753,871,770
2770 (GNAI1)	825,753,871,770
2771 (GNAI2)	825,753,871,770
2773 (GNAI3)	825,753,871,770
2775 (GNAO1)	825,753,871,770
2782 (GNB1)	825,753,871,770
2783 (GNB2)	825,753,871,770
2784 (GNB3)	825,753,871,770
2785 (GNG3)	825,753,871,770
2786 (GNG4)	825,753,871,770
2787 (GNG5)	825,753,871,770
2788 (GNG7)	825,753,871,770
2790 (GNG10)	825,753,871,770
2791 (GNG11)	825,753,871,770
2792 (GNGT1)	825,753,871,770
2793 (GNGT2)	825,753,871,770
51764 (GNG13)	825,753,871,770
54331 (GNG2)	825,753,871,770
55970 (GNG12)	825,753,871,770
59345 (GNB4)	825,753,871,770
94235 (GNG8)	825,753,871,770
2554 (GABRA1)	734,589,780,606
2555 (GABRA2)	734,589,780,606
2556 (GABRA3)	734,589,780,606
2557 (GABRA4)	734,589,780,606
2558 (GABRA5)	734,589,780,606
2559 (GABRA6)	734,589,780,606
2560 (GABRB1)	734,589,780,606
2561 (GABRB2)	734,589,780,606
2562 (GABRB3)	734,589,780,606
2563 (GABRD)	734,589,780,606
2564 (GABRE)	734,589,780,606
2565 (GABRG1)	734,589,780,606
2566 (GABRG2)	734,589,780,606
2567 (GABRG3)	734,589,780,606
2568 (GABRP)	734,589,780,606
55879 (GABRQ)	734,589,780,606
2550 (GABBR1)	509,312,555,329
9568 (GABBR2)	509,312,555,329
18 (ABAT)	656,127,702,144
2752 (GLUL)	376,124,422,141
3763 (KCNJ6)	734,801,780,818
27165 (GLS2)	64,483,110,500
2744 (GLS)	64,483,110,500
18 (ABAT)	213,630,259,647
10681 (GNB5)	508,371,554,388
2770 (GNAI1)	508,371,554,388
2771 (GNAI2)	508,371,554,388
2773 (GNAI3)	508,371,554,388
2775 (GNAO1)	508,371,554,388
2782 (GNB1)	508,371,554,388
2783 (GNB2)	508,371,554,388
2784 (GNB3)	508,371,554,388
2785 (GNG3)	508,371,554,388
2786 (GNG4)	508,371,554,388
2787 (GNG5)	508,371,554,388
2788 (GNG7)	508,371,554,388
2790 (GNG10)	508,371,554,388
2791 (GNG11)	508,371,554,388
2792 (GNGT1)	508,371,554,388
2793 (GNGT2)	508,371,554,388
51764 (GNG13)	508,371,554,388
54331 (GNG2)	508,371,554,388
55970 (GNG12)	508,371,554,388
59345 (GNB4)	508,371,554,388
94235 (GNG8)	508,371,554,388
107 (ADCY1)	445,412,491,429
108 (ADCY2)	445,412,491,429
109 (ADCY3)	445,412,491,429
111 (ADCY5)	445,412,491,429
112 (ADCY6)	445,412,491,429
113 (ADCY7)	445,412,491,429
114 (ADCY8)	445,412,491,429
115 (ADCY9)	445,412,491,429
196883 (ADCY4)	445,412,491,429
5566 (PRKACA)	491,506,537,523
5567 (PRKACB)	491,506,537,523
5568 (PRKACG)	491,506,537,523
10243 (GPHN)	811,610,857,627
2554 (GABRA1)	1105,536,1151,553
2555 (GABRA2)	1105,536,1151,553
2556 (GABRA3)	1105,536,1151,553
2557 (GABRA4)	1105,536,1151,553
2558 (GABRA5)	1105,536,1151,553
2559 (GABRA6)	1105,536,1151,553
2560 (GABRB1)	1105,536,1151,553
2561 (GABRB2)	1105,536,1151,553
2562 (GABRB3)	1105,536,1151,553
2563 (GABRD)	1105,536,1151,553
2564 (GABRE)	1105,536,1151,553
2565 (GABRG1)	1105,536,1151,553
2566 (GABRG2)	1105,536,1151,553
2567 (GABRG3)	1105,536,1151,553
2568 (GABRP)	1105,536,1151,553
55879 (GABRQ)	1105,536,1151,553
11337 (GABARAP)	1088,519,1134,536
11345 (GABARAPL2)	1088,519,1134,536
23710 (GABARAPL1)	1088,519,1134,536
4905 (NSF)	1088,553,1134,570
2554 (GABRA1)	947,539,993,556
2555 (GABRA2)	947,539,993,556
2556 (GABRA3)	947,539,993,556
2557 (GABRA4)	947,539,993,556
2558 (GABRA5)	947,539,993,556
2559 (GABRA6)	947,539,993,556
2560 (GABRB1)	947,539,993,556
2561 (GABRB2)	947,539,993,556
2562 (GABRB3)	947,539,993,556
2563 (GABRD)	947,539,993,556
2564 (GABRE)	947,539,993,556
2565 (GABRG1)	947,539,993,556
2566 (GABRG2)	947,539,993,556
2567 (GABRG3)	947,539,993,556
2568 (GABRP)	947,539,993,556
55879 (GABRQ)	947,539,993,556
66008 (TRAK2)	928,522,974,539
5334 (PLCL1)	928,556,974,573
2554 (GABRA1)	802,441,848,458
2555 (GABRA2)	802,441,848,458
2556 (GABRA3)	802,441,848,458
2557 (GABRA4)	802,441,848,458
2558 (GABRA5)	802,441,848,458
2559 (GABRA6)	802,441,848,458
2560 (GABRB1)	802,441,848,458
2561 (GABRB2)	802,441,848,458
2562 (GABRB3)	802,441,848,458
2563 (GABRD)	802,441,848,458
2564 (GABRE)	802,441,848,458
2565 (GABRG1)	802,441,848,458
2566 (GABRG2)	802,441,848,458
2567 (GABRG3)	802,441,848,458
2568 (GABRP)	802,441,848,458
55879 (GABRQ)	802,441,848,458
2554 (GABRA1)	1009,443,1055,460
2555 (GABRA2)	1009,443,1055,460
2556 (GABRA3)	1009,443,1055,460
2557 (GABRA4)	1009,443,1055,460
2558 (GABRA5)	1009,443,1055,460
2559 (GABRA6)	1009,443,1055,460
2560 (GABRB1)	1009,443,1055,460
2561 (GABRB2)	1009,443,1055,460
2562 (GABRB3)	1009,443,1055,460
2563 (GABRD)	1009,443,1055,460
2564 (GABRE)	1009,443,1055,460
2565 (GABRG1)	1009,443,1055,460
2566 (GABRG2)	1009,443,1055,460
2567 (GABRG3)	1009,443,1055,460
2568 (GABRP)	1009,443,1055,460
55879 (GABRQ)	1009,443,1055,460
9001 (HAP1)	989,460,1035,477
773 (CACNA1A)	734,708,780,725
774 (CACNA1B)	734,708,780,725
775 (CACNA1C)	734,708,780,725
776 (CACNA1D)	734,708,780,725
778 (CACNA1F)	734,708,780,725
779 (CACNA1S)	734,708,780,725
200959 (GABRR3)	734,670,780,687
2569 (GABRR1)	734,670,780,687
2570 (GABRR2)	734,670,780,687
57468 (SLC12A5)	734,634,780,651
2554 (GABRA1)	854,375,900,392
2555 (GABRA2)	854,375,900,392
2556 (GABRA3)	854,375,900,392
2557 (GABRA4)	854,375,900,392
2558 (GABRA5)	854,375,900,392
2559 (GABRA6)	854,375,900,392
2560 (GABRB1)	854,375,900,392
2561 (GABRB2)	854,375,900,392
2562 (GABRB3)	854,375,900,392
2563 (GABRD)	854,375,900,392
2564 (GABRE)	854,375,900,392
2565 (GABRG1)	854,375,900,392
2566 (GABRG2)	854,375,900,392
2567 (GABRG3)	854,375,900,392
2568 (GABRP)	854,375,900,392
55879 (GABRQ)	854,375,900,392
5566 (PRKACA)	789,500,835,517
5567 (PRKACB)	789,500,835,517
5568 (PRKACG)	789,500,835,517
5578 (PRKCA)	789,521,835,538
5579 (PRKCB)	789,521,835,538
5582 (PRKCG)	789,521,835,538
6714 (SRC)	839,500,885,517
10991 (SLC38A3)	318,210,364,227
92745 (SLC38A5)	318,210,364,227
54407 (SLC38A2)	100,386,146,403
81539 (SLC38A1)	100,386,146,403
hsa04727: GABAergic synapse	40,45,220,70
hsa00250: Alanine	135,476,271,510
aspartate and glutamate metabolism	135,476,271,510
hsa00020: Citrate cycle (TCA cycle)	521,103,613,137
hsa04721: Synaptic vesicle cycle	400,595,492,629
hsa04144: Endocytosis	863,443,955,468
