C00187 (Cholesterol)	348,409,4
C01953 (Pregnenolone)	459,409,4
C05138 (17alpha-Hydroxypregnenolone)	575,409,4
C01227 (Dehydroepiandrosterone)	687,409,4
C04295 (Androstenediol)	798,409,4
C00535 (Testosterone)	798,489,4
C00410 (Progesterone)	459,489,4
C01176 (17alpha-Hydroxyprogesterone)	575,489,4
C00280 (Androstenedione)	687,489,4
C00280 (Androstenedione)	462,752,4
C00535 (Testosterone)	578,752,4
C00951 (Estradiol-17beta)	742,752,4
C00468 (Estrone)	463,827,4
C14209 (4-Hydroxyestradiol-17beta)	858,724,4
C05301 (2-Hydroxyestradiol)	858,780,4
C00575 (3',5'-Cyclic AMP)	451,245,4
C00575 (3',5'-Cyclic AMP)	451,894,4
C02249 (Arachidonyl-CoA)	539,191,4
C00219 (Arachidonate)	618,192,4
C05356 (5(S)-HPETE)	897,159,4
C05966 (15(S)-HPETE)	897,159,4
C14777 (12(S)-HETE)	897,159,4
C00219 (Arachidonate)	541,148,4
C14768 (5,6-EET)	869,193,4
C14769 (8,9-EET)	869,193,4
C14770 (11,12-EET)	869,193,4
C00639 (Prostaglandin F2alpha)	806,229,4
C02530 (Cholesterol ester)	291,458,4
3283 (HSD3B1)	465,446,511,463
3284 (HSD3B2)	465,446,511,463
3283 (HSD3B1)	580,446,626,463
3284 (HSD3B2)	580,446,626,463
3283 (HSD3B1)	693,446,739,463
3284 (HSD3B2)	693,446,739,463
3283 (HSD3B1)	804,446,850,463
3284 (HSD3B2)	804,446,850,463
3294 (HSD17B2)	712,518,758,535
8644 (AKR1C3)	712,518,758,535
3973 (LHCGR)	193,236,239,253
1081 (CGA)	108,236,154,253
3972 (LHB)	108,236,154,253
6770 (STAR)	376,358,422,375
1583 (CYP11A1)	375,381,421,398
1586 (CYP17A1)	489,387,535,404
1586 (CYP17A1)	608,387,654,404
2778 (GNAS)	278,236,324,253
107 (ADCY1)	366,236,412,253
108 (ADCY2)	366,236,412,253
109 (ADCY3)	366,236,412,253
111 (ADCY5)	366,236,412,253
112 (ADCY6)	366,236,412,253
113 (ADCY7)	366,236,412,253
114 (ADCY8)	366,236,412,253
115 (ADCY9)	366,236,412,253
196883 (ADCY4)	366,236,412,253
1081 (CGA)	108,886,154,903
2488 (FSHB)	108,886,154,903
2492 (FSHR)	193,886,239,903
2778 (GNAS)	276,886,322,903
107 (ADCY1)	362,886,408,903
108 (ADCY2)	362,886,408,903
109 (ADCY3)	362,886,408,903
111 (ADCY5)	362,886,408,903
112 (ADCY6)	362,886,408,903
113 (ADCY7)	362,886,408,903
114 (ADCY8)	362,886,408,903
115 (ADCY9)	362,886,408,903
196883 (ADCY4)	362,886,408,903
3294 (HSD17B2)	496,727,542,744
8644 (AKR1C3)	496,727,542,744
1588 (CYP19A1)	467,782,513,799
1588 (CYP19A1)	610,727,656,744
1545 (CYP1B1)	765,708,811,725
1543 (CYP1A1)	767,788,813,805
3292 (HSD17B1)	640,788,686,805
51478 (HSD17B7)	640,788,686,805
3292 (HSD17B1)	717,387,763,404
8644 (AKR1C3)	717,387,763,404
5566 (PRKACA)	494,236,540,253
5567 (PRKACB)	494,236,540,253
5568 (PRKACG)	494,236,540,253
10965 (ACOT2)	552,197,598,214
3630 (INS)	108,293,154,310
3643 (INSR)	193,293,239,310
3479 (IGF1)	108,318,154,335
3480 (IGF1R)	193,320,239,337
3630 (INS)	108,762,154,779
3643 (INSR)	193,762,239,779
3479 (IGF1)	108,790,154,807
3480 (IGF1R)	193,791,239,808
3949 (LDLR)	193,401,239,418
240 (ALOX5)	715,163,761,180
1573 (CYP2J2)	715,199,761,216
5743 (PTGS2)	715,235,761,252
100137049 (PLA2G4B)	470,156,516,173
123745 (PLA2G4E)	470,156,516,173
255189 (PLA2G4F)	470,156,516,173
283748 (PLA2G4D)	470,156,516,173
5321 (PLA2G4A)	470,156,516,173
8605 (PLA2G4C)	470,156,516,173
8681 (JMJD7-PLA2G4B)	470,156,516,173
9210 (BMP15)	108,924,154,941
654 (BMP6)	108,955,154,972
1586 (CYP17A1)	489,518,535,535
1586 (CYP17A1)	611,518,657,535
5566 (PRKACA)	494,886,540,903
5567 (PRKACB)	494,886,540,903
5568 (PRKACG)	494,886,540,903
949 (SCARB1)	193,447,239,464
hsa04913: Ovarian steroidogenesis	40,45,278,70
hsa00140: Steroid hormone biosynthesis	295,480,418,514
hsa04910: Insulin signaling pathway	297,272,420,306
hsa04910: Insulin signaling pathway	284,772,407,806
hsa00140: Steroid hormone biosynthesis	325,725,448,759
hsa04912: GnRH signaling pathway	46,168,169,202
hsa04912: GnRH signaling pathway	44,819,167,853
hsa04350: TGF-beta signaling pathway	355,941,478,975
