C05981 (Phosphatidylinositol-3,4,5-trisphosphate)	508,628,4
C00575 (3',5'-Cyclic AMP)	409,953,4
C00584 (Prostaglandin E2)	388,893,4
C00584 (Prostaglandin E2)	117,952,4
1978 (EIF4EBP1)	927,448,973,465
6198 (RPS6KB1)	927,475,973,492
6199 (RPS6KB2)	927,475,973,492
2475 (MTOR)	836,461,882,478
6009 (RHEB)	753,461,799,478
7249 (TSC2)	671,469,717,486
7248 (TSC1)	671,452,717,469
10000 (AKT3)	580,619,626,636
207 (AKT1)	580,619,626,636
208 (AKT2)	580,619,626,636
5290 (PIK3CA)	384,619,430,636
5291 (PIK3CB)	384,619,430,636
5293 (PIK3CD)	384,619,430,636
5295 (PIK3R1)	384,619,430,636
5296 (PIK3R2)	384,619,430,636
8503 (PIK3R3)	384,619,430,636
1956 (EGFR)	182,844,228,861
2932 (GSK3B)	747,658,793,675
356 (FASLG)	94,566,140,583
572 (BAD)	747,575,793,592
4193 (MDM2)	747,765,793,782
7157 (TP53)	854,765,900,782
595 (CCND1)	890,658,936,675
1147 (CHUK)	747,734,793,751
3551 (IKBKB)	747,734,793,751
8517 (IKBKG)	747,734,793,751
4790 (NFKB1)	854,734,900,751
5970 (RELA)	854,734,900,751
1950 (EGF)	94,844,140,861
2885 (GRB2)	294,844,340,861
6654 (SOS1)	387,844,433,861
6655 (SOS2)	387,844,433,861
3265 (HRAS)	480,844,526,861
3845 (KRAS)	480,844,526,861
4893 (NRAS)	480,844,526,861
1026 (CDKN1A)	1192,630,1238,647
1027 (CDKN1B)	1192,608,1238,625
1017 (CDK2)	1277,660,1323,677
5894 (RAF1)	573,844,619,861
5604 (MAP2K1)	666,844,712,861
5605 (MAP2K2)	666,844,712,861
5594 (MAPK1)	759,844,805,861
5595 (MAPK3)	759,844,805,861
22801 (ITGA11)	182,446,228,463
3655 (ITGA6)	182,446,228,463
3672 (ITGA1)	182,446,228,463
3673 (ITGA2)	182,446,228,463
3674 (ITGA2B)	182,446,228,463
3675 (ITGA3)	182,446,228,463
3676 (ITGA4)	182,446,228,463
3678 (ITGA5)	182,446,228,463
3679 (ITGA7)	182,446,228,463
3680 (ITGA9)	182,446,228,463
3685 (ITGAV)	182,446,228,463
8515 (ITGA10)	182,446,228,463
8516 (ITGA8)	182,446,228,463
3688 (ITGB1)	182,463,228,480
3690 (ITGB3)	182,463,228,480
3691 (ITGB4)	182,463,228,480
3693 (ITGB5)	182,463,228,480
3694 (ITGB6)	182,463,228,480
3695 (ITGB7)	182,463,228,480
3696 (ITGB8)	182,463,228,480
10319 (LAMC3)	94,454,140,471
1101 (CHAD)	94,454,140,471
1277 (COL1A1)	94,454,140,471
1278 (COL1A2)	94,454,140,471
1280 (COL2A1)	94,454,140,471
1282 (COL4A1)	94,454,140,471
1284 (COL4A2)	94,454,140,471
1285 (COL4A3)	94,454,140,471
1286 (COL4A4)	94,454,140,471
1287 (COL4A5)	94,454,140,471
1288 (COL4A6)	94,454,140,471
1291 (COL6A1)	94,454,140,471
1292 (COL6A2)	94,454,140,471
1293 (COL6A3)	94,454,140,471
1297 (COL9A1)	94,454,140,471
1298 (COL9A2)	94,454,140,471
1299 (COL9A3)	94,454,140,471
1311 (COMP)	94,454,140,471
131873 (COL6A6)	94,454,140,471
22798 (LAMB4)	94,454,140,471
2335 (FN1)	94,454,140,471
256076 (COL6A5)	94,454,140,471
284217 (LAMA1)	94,454,140,471
3371 (TNC)	94,454,140,471
3381 (IBSP)	94,454,140,471
3908 (LAMA2)	94,454,140,471
3909 (LAMA3)	94,454,140,471
3910 (LAMA4)	94,454,140,471
3911 (LAMA5)	94,454,140,471
3912 (LAMB1)	94,454,140,471
3913 (LAMB2)	94,454,140,471
3914 (LAMB3)	94,454,140,471
3915 (LAMC1)	94,454,140,471
3918 (LAMC2)	94,454,140,471
5649 (RELN)	94,454,140,471
63923 (TNN)	94,454,140,471
6696 (SPP1)	94,454,140,471
7057 (THBS1)	94,454,140,471
7058 (THBS2)	94,454,140,471
7059 (THBS3)	94,454,140,471
7060 (THBS4)	94,454,140,471
7143 (TNR)	94,454,140,471
7148 (TNXB)	94,454,140,471
7448 (VTN)	94,454,140,471
7450 (VWF)	94,454,140,471
5747 (PTK2)	228,454,274,471
898 (CCNE1)	1277,643,1323,660
9134 (CCNE2)	1277,643,1323,660
7124 (TNF)	94,514,140,531
7132 (TNFRSF1A)	182,514,228,531
8772 (FADD)	294,544,340,561
841 (CASP8)	370,544,416,561
836 (CASP3)	445,544,491,561
355 (FAS)	182,566,228,583
9223 (MAGI1)	355,232,401,249
5728 (PTEN)	355,249,401,266
56288 (PARD3)	336,282,382,299
50855 (PARD6A)	313,299,359,316
84552 (PARD6G)	313,299,359,316
84612 (PARD6B)	313,299,359,316
5584 (PRKCI)	359,299,405,316
5590 (PRKCZ)	359,299,405,316
998 (CDC42)	313,316,359,333
23513 (SCRIB)	456,231,502,248
1739 (DLG1)	502,231,548,248
1740 (DLG2)	502,231,548,248
1741 (DLG3)	502,231,548,248
3993 (LLGL2)	480,248,526,265
3996 (LLGL1)	480,248,526,265
92359 (CRB3)	182,366,228,383
10207 (PATJ)	228,357,274,374
64398 (MPP5)	228,374,274,391
5829 (PXN)	308,454,354,471
7422 (VEGFA)	804,690,850,707
4799 (NFX1)	1231,774,1277,791
7337 (UBE3A)	1146,774,1192,791
7015 (TERT)	1360,774,1406,791
5925 (RB1)	1360,621,1406,638
5933 (RBL1)	1360,621,1406,638
5934 (RBL2)	1360,621,1406,638
1869 (E2F1)	1360,661,1406,678
890 (CCNA2)	1491,650,1537,667
8900 (CCNA1)	1491,650,1537,667
898 (CCNE1)	1491,672,1537,689
9134 (CCNE2)	1491,672,1537,689
1019 (CDK4)	1277,599,1323,616
1021 (CDK6)	1277,599,1323,616
595 (CCND1)	1277,582,1323,599
894 (CCND2)	1277,582,1323,599
896 (CCND3)	1277,582,1323,599
1387 (CREBBP)	1145,356,1191,373
2033 (EP300)	1145,356,1191,373
7157 (TP53)	1253,367,1299,384
182 (JAG1)	94,1093,140,1110
4851 (NOTCH1)	182,1093,228,1110
4853 (NOTCH2)	182,1093,228,1110
4854 (NOTCH3)	182,1093,228,1110
4855 (NOTCH4)	182,1093,228,1110
4851 (NOTCH1)	1156,1093,1202,1110
4853 (NOTCH2)	1156,1093,1202,1110
4854 (NOTCH3)	1156,1093,1202,1110
4855 (NOTCH4)	1156,1093,1202,1110
11317 (RBPJL)	1202,1101,1248,1118
3516 (RBPJ)	1202,1101,1248,1118
55534 (MAML3)	1202,1084,1248,1101
84441 (MAML2)	1202,1084,1248,1101
9794 (MAML1)	1202,1084,1248,1101
3280 (HES1)	1317,1080,1363,1097
388585 (HES5)	1317,1080,1363,1097
390992 (HES3)	1317,1080,1363,1097
54626 (HES2)	1317,1080,1363,1097
55502 (HES6)	1317,1080,1363,1097
57801 (HES4)	1317,1080,1363,1097
84667 (HES7)	1317,1080,1363,1097
23462 (HEY1)	1317,1105,1363,1122
23493 (HEY2)	1317,1105,1363,1122
26508 (HEYL)	1317,1105,1363,1122
7098 (TLR3)	581,318,627,335
148022 (TICAM1)	672,318,718,335
7187 (TRAF3)	771,318,817,335
9641 (IKBKE)	866,311,912,328
29110 (TBK1)	866,327,912,344
3661 (IRF3)	961,318,1007,335
3456 (IFNB1)	1241,318,1287,335
7337 (UBE3A)	747,523,793,540
7157 (TP53)	854,523,900,540
4851 (NOTCH1)	690,1093,736,1110
4853 (NOTCH2)	690,1093,736,1110
4854 (NOTCH3)	690,1093,736,1110
4855 (NOTCH4)	690,1093,736,1110
4799 (NFX1)	564,1034,610,1051
5663 (PSEN1)	564,1051,610,1068
3955 (LFNG)	488,1065,534,1082
4242 (MFNG)	488,1065,534,1082
5986 (RFNG)	488,1065,534,1082
3439 (IFNA1)	94,990,140,1007
3440 (IFNA2)	94,990,140,1007
3441 (IFNA4)	94,990,140,1007
3442 (IFNA5)	94,990,140,1007
3443 (IFNA6)	94,990,140,1007
3444 (IFNA7)	94,990,140,1007
3445 (IFNA8)	94,990,140,1007
3446 (IFNA10)	94,990,140,1007
3447 (IFNA13)	94,990,140,1007
3448 (IFNA14)	94,990,140,1007
3449 (IFNA16)	94,990,140,1007
3451 (IFNA17)	94,990,140,1007
3452 (IFNA21)	94,990,140,1007
3456 (IFNB1)	94,990,140,1007
3454 (IFNAR1)	182,982,228,999
3455 (IFNAR2)	182,999,228,1016
7297 (TYK2)	263,1012,309,1029
3716 (JAK1)	263,972,309,989
6773 (STAT2)	616,990,662,1007
6772 (STAT1)	915,982,961,999
10379 (IRF9)	810,1019,856,1036
6772 (STAT1)	503,1019,549,1036
6773 (STAT2)	915,999,961,1016
5610 (EIF2AK2)	1317,979,1363,996
8638 (OASL)	1370,979,1416,996
4599 (MX1)	1317,1002,1363,1019
9636 (ISG15)	1370,1002,1416,1019
5159 (PDGFRB)	182,731,228,748
10134 (BCAP31)	542,701,588,718
3105 (HLA-A)	542,684,588,701
3106 (HLA-B)	542,684,588,701
3107 (HLA-C)	542,684,588,701
3133 (HLA-E)	542,684,588,701
3134 (HLA-F)	542,684,588,701
3135 (HLA-G)	542,684,588,701
10312 (TCIRG1)	464,777,510,794
127124 (ATP6V1G3)	464,777,510,794
155066 (ATP6V0E2)	464,777,510,794
23545 (ATP6V0A2)	464,777,510,794
245972 (ATP6V0D2)	464,777,510,794
245973 (ATP6V1C2)	464,777,510,794
50617 (ATP6V0A4)	464,777,510,794
51382 (ATP6V1D)	464,777,510,794
51606 (ATP6V1H)	464,777,510,794
523 (ATP6V1A)	464,777,510,794
525 (ATP6V1B1)	464,777,510,794
526 (ATP6V1B2)	464,777,510,794
527 (ATP6V0C)	464,777,510,794
528 (ATP6V1C1)	464,777,510,794
529 (ATP6V1E1)	464,777,510,794
533 (ATP6V0B)	464,777,510,794
534 (ATP6V1G2)	464,777,510,794
535 (ATP6V0A1)	464,777,510,794
537 (ATP6AP1)	464,777,510,794
8992 (ATP6V0E1)	464,777,510,794
90423 (ATP6V1E2)	464,777,510,794
9114 (ATP6V0D1)	464,777,510,794
9296 (ATP6V1F)	464,777,510,794
9550 (ATP6V1G1)	464,777,510,794
3105 (HLA-A)	182,684,228,701
3106 (HLA-B)	182,684,228,701
3107 (HLA-C)	182,684,228,701
3133 (HLA-E)	182,684,228,701
3134 (HLA-F)	182,684,228,701
3135 (HLA-G)	182,684,228,701
1956 (EGFR)	393,776,439,793
5743 (PTGS2)	294,883,340,900
5734 (PTGER4)	182,945,228,962
2778 (GNAS)	301,945,347,962
5566 (PRKACA)	471,945,517,962
5567 (PRKACB)	471,945,517,962
5568 (PRKACG)	471,945,517,962
581 (BAX)	616,918,662,935
10488 (CREB3)	1156,945,1202,962
1385 (CREB1)	1156,945,1202,962
148327 (CREB3L4)	1156,945,1202,962
64764 (CREB3L2)	1156,945,1202,962
84699 (CREB3L3)	1156,945,1202,962
90993 (CREB3L1)	1156,945,1202,962
9586 (CREB5)	1156,945,1202,962
5734 (PTGER4)	1317,945,1363,962
5728 (PTEN)	524,567,570,584
28227 (PPP2R3B)	589,574,635,591
55012 (PPP2R3C)	589,574,635,591
5515 (PPP2CA)	589,574,635,591
5516 (PPP2CB)	589,574,635,591
5518 (PPP2R1A)	589,574,635,591
5519 (PPP2R1B)	589,574,635,591
5520 (PPP2R2A)	589,574,635,591
5521 (PPP2R2B)	589,574,635,591
5522 (PPP2R2C)	589,574,635,591
5523 (PPP2R3A)	589,574,635,591
5525 (PPP2R5A)	589,574,635,591
5526 (PPP2R5B)	589,574,635,591
5527 (PPP2R5C)	589,574,635,591
5528 (PPP2R5D)	589,574,635,591
5529 (PPP2R5E)	589,574,635,591
55844 (PPP2R2D)	589,574,635,591
2308 (FOXO1)	747,617,793,634
9368 (SLC9A3R1)	478,577,524,594
7337 (UBE3A)	583,469,629,486
11211 (FZD10)	609,193,655,210
2535 (FZD2)	609,193,655,210
7855 (FZD5)	609,193,655,210
7976 (FZD3)	609,193,655,210
8321 (FZD1)	609,193,655,210
8322 (FZD4)	609,193,655,210
8323 (FZD6)	609,193,655,210
8324 (FZD7)	609,193,655,210
8325 (FZD8)	609,193,655,210
8326 (FZD9)	609,193,655,210
1855 (DVL1)	609,251,655,268
1856 (DVL2)	609,251,655,268
1857 (DVL3)	609,251,655,268
2932 (GSK3B)	737,251,783,268
1499 (CTNNB1)	851,251,897,268
8312 (AXIN1)	770,268,816,285
8313 (AXIN2)	770,268,816,285
10297 (APC2)	816,268,862,285
324 (APC)	816,268,862,285
122011 (CSNK1A1L)	873,268,919,285
1452 (CSNK1A1)	873,268,919,285
7015 (TERT)	1192,242,1238,259
6932 (TCF7)	1192,259,1238,276
6934 (TCF7L2)	1192,259,1238,276
83439 (TCF7L1)	1192,259,1238,276
51384 (WNT16)	609,158,655,175
54361 (WNT4)	609,158,655,175
7471 (WNT1)	609,158,655,175
7472 (WNT2)	609,158,655,175
7473 (WNT3)	609,158,655,175
7474 (WNT5A)	609,158,655,175
7475 (WNT6)	609,158,655,175
7476 (WNT7A)	609,158,655,175
7477 (WNT7B)	609,158,655,175
7478 (WNT8A)	609,158,655,175
7479 (WNT8B)	609,158,655,175
7480 (WNT10B)	609,158,655,175
7481 (WNT11)	609,158,655,175
7482 (WNT2B)	609,158,655,175
7483 (WNT9A)	609,158,655,175
7484 (WNT9B)	609,158,655,175
80326 (WNT10A)	609,158,655,175
81029 (WNT5B)	609,158,655,175
89780 (WNT3A)	609,158,655,175
1499 (CTNNB1)	1146,251,1192,268
7337 (UBE3A)	1122,303,1168,320
8717 (TRADD)	217,531,263,548
23352 (UBR4)	868,872,914,889
3065 (HDAC1)	1146,820,1192,837
3066 (HDAC2)	1146,820,1192,837
1108 (CHD4)	1146,837,1192,854
3659 (IRF1)	1277,828,1323,845
3456 (IFNB1)	1401,828,1447,845
387332 (TBPL2)	1277,873,1323,890
6908 (TBP)	1277,873,1323,890
9519 (TBPL1)	1277,873,1323,890
27175 (TUBG2)	868,899,914,916
7283 (TUBG1)	868,899,914,916
472 (ATM)	1277,702,1323,719
545 (ATR)	1277,724,1323,741
578 (BAK1)	854,550,900,567
5315 (PKM)	868,927,914,944
10474 (TADA3)	1145,382,1191,399
5700 (PSMC1)	1343,552,1389,569
7337 (UBE3A)	467,437,513,454
hsa04115: p53 signaling pathway	974,785,1084,819
hsa05165: Human papillomavirus infection	40,45,349,70
hsa04064: NF-kappa B signaling pathway	974,696,1084,730
hsa04110: Cell cycle	1421,573,1531,598
hsa04630: JAK-STAT signaling pathway	969,1007,1089,1041
hsa04210: Apoptosis	942,581,1052,606
hsa04151: PI3K-Akt signaling pathway	238,607,362,641
hsa04330: Notch signaling pathway	855,1060,965,1094
hsa04510: Focal adhesion	68,420,178,445
hsa04620: Toll-like receptor signaling pathway	607,349,717,383
hsa04530: Tight junction	287,86,397,111
hsa04520: Adherens junction	448,86,558,111
hsa04612: Antigen processing and presentation	363,695,477,729
hsa04310: Wnt signaling pathway	928,218,1038,252
hsa04150: mTOR signaling pathway	923,500,1076,525
