23286 (WWC1)	272,152,318,169
4771 (NF2)	241,135,287,152
122786 (FRMD6)	241,169,287,186
79981 (FRMD1)	241,169,287,186
60485 (SAV1)	383,169,429,186
6788 (STK3)	366,152,412,169
10413 (YAP1)	745,152,791,169
25937 (WWTR1)	745,152,791,169
26524 (LATS2)	508,152,554,169
9113 (LATS1)	508,152,554,169
55233 (MOB1A)	488,169,534,186
92597 (MOB1B)	488,169,534,186
7003 (TEAD1)	762,169,808,186
7004 (TEAD4)	762,169,808,186
7005 (TEAD3)	762,169,808,186
8463 (TEAD2)	762,169,808,186
10413 (YAP1)	603,152,649,169
25937 (WWTR1)	603,152,649,169
23286 (WWC1)	272,322,318,339
4771 (NF2)	241,305,287,322
60485 (SAV1)	383,339,429,356
6788 (STK3)	366,322,412,339
55233 (MOB1A)	488,339,534,356
92597 (MOB1B)	488,339,534,356
26524 (LATS2)	508,322,554,339
9113 (LATS1)	508,322,554,339
10413 (YAP1)	603,322,649,339
10413 (YAP1)	745,322,791,339
7003 (TEAD1)	762,339,808,356
7004 (TEAD4)	762,339,808,356
7005 (TEAD3)	762,339,808,356
8463 (TEAD2)	762,339,808,356
5058 (PAK1)	366,672,412,689
55233 (MOB1A)	488,645,534,662
92597 (MOB1B)	488,645,534,662
7003 (TEAD1)	745,672,791,689
7004 (TEAD4)	745,672,791,689
7005 (TEAD3)	745,672,791,689
8463 (TEAD2)	745,672,791,689
26524 (LATS2)	508,493,554,510
9113 (LATS1)	508,493,554,510
10413 (YAP1)	603,493,649,510
7003 (TEAD1)	762,510,808,527
7004 (TEAD4)	762,510,808,527
7005 (TEAD3)	762,510,808,527
8463 (TEAD2)	762,510,808,527
6788 (STK3)	366,471,412,488
60485 (SAV1)	383,501,429,518
54798 (DCHS2)	125,495,171,512
8642 (DCHS1)	125,495,171,512
54798 (DCHS2)	125,300,171,317
8642 (DCHS1)	125,300,171,317
79633 (FAT4)	125,322,171,339
54798 (DCHS2)	125,130,171,147
8642 (DCHS1)	125,130,171,147
79633 (FAT4)	125,152,171,169
102800317 (TPTEP2-CSNK1E)	125,174,171,191
1454 (CSNK1E)	125,174,171,191
10413 (YAP1)	745,493,791,510
83937 (RASSF4)	305,284,351,301
9770 (RASSF2)	305,284,351,301
166824 (RASSF6)	305,117,351,134
11186 (RASSF1)	305,96,351,113
126374 (WTIP)	461,207,507,224
84962 (AJUBA)	461,207,507,224
8994 (LIMD1)	461,207,507,224
126374 (WTIP)	462,376,508,393
84962 (AJUBA)	462,376,508,393
8994 (LIMD1)	462,376,508,393
102800317 (TPTEP2-CSNK1E)	125,344,171,361
1454 (CSNK1E)	125,344,171,361
hsa04392: Hippo signaling pathway - multiple species	40,45,427,70
hsa04390: Hippo signaling pathway	111,206,239,240
map04391: Hippo signaling pathway - fly	111,387,239,421
map04111: Cell cycle - yeast	234,602,362,627
map04011: MAPK signaling pathway - yeast	514,685,642,719
