C00165 (Diacylglycerol)	465,819,4
C01245 (D-myo-Inositol 1,4,5-trisphosphate)	442,751,4
C00076 (Calcium cation)	496,751,4
C00575 (3',5'-Cyclic AMP)	306,205,4
C05981 (Phosphatidylinositol-3,4,5-trisphosphate)	552,300,4
10663 (CXCR6)	137,325,183,342
10803 (CCR9)	137,325,183,342
1230 (CCR1)	137,325,183,342
1232 (CCR3)	137,325,183,342
1233 (CCR4)	137,325,183,342
1234 (CCR5)	137,325,183,342
1235 (CCR6)	137,325,183,342
1236 (CCR7)	137,325,183,342
1237 (CCR8)	137,325,183,342
1524 (CX3CR1)	137,325,183,342
2826 (CCR10)	137,325,183,342
2829 (XCR1)	137,325,183,342
2833 (CXCR3)	137,325,183,342
3577 (CXCR1)	137,325,183,342
3579 (CXCR2)	137,325,183,342
643 (CXCR5)	137,325,183,342
729230 (CCR2)	137,325,183,342
7852 (CXCR4)	137,325,183,342
10344 (CCL26)	70,325,116,342
10563 (CXCL13)	70,325,116,342
10850 (CCL27)	70,325,116,342
2919 (CXCL1)	70,325,116,342
2920 (CXCL2)	70,325,116,342
2921 (CXCL3)	70,325,116,342
3576 (CXCL8)	70,325,116,342
3627 (CXCL10)	70,325,116,342
388372 (CCL4L1)	70,325,116,342
414062 (CCL3L3)	70,325,116,342
4283 (CXCL9)	70,325,116,342
5196 (PF4)	70,325,116,342
5197 (PF4V1)	70,325,116,342
5473 (PPBP)	70,325,116,342
56477 (CCL28)	70,325,116,342
58191 (CXCL16)	70,325,116,342
6346 (CCL1)	70,325,116,342
6347 (CCL2)	70,325,116,342
6348 (CCL3)	70,325,116,342
6349 (CCL3L1)	70,325,116,342
6351 (CCL4)	70,325,116,342
6352 (CCL5)	70,325,116,342
6354 (CCL7)	70,325,116,342
6355 (CCL8)	70,325,116,342
6356 (CCL11)	70,325,116,342
6357 (CCL13)	70,325,116,342
6358 (CCL14)	70,325,116,342
6359 (CCL15)	70,325,116,342
6360 (CCL16)	70,325,116,342
6361 (CCL17)	70,325,116,342
6362 (CCL18)	70,325,116,342
6363 (CCL19)	70,325,116,342
6364 (CCL20)	70,325,116,342
6366 (CCL21)	70,325,116,342
6367 (CCL22)	70,325,116,342
6368 (CCL23)	70,325,116,342
6369 (CCL24)	70,325,116,342
6370 (CCL25)	70,325,116,342
6372 (CXCL6)	70,325,116,342
6373 (CXCL11)	70,325,116,342
6374 (CXCL5)	70,325,116,342
6375 (XCL1)	70,325,116,342
6376 (CX3CL1)	70,325,116,342
6387 (CXCL12)	70,325,116,342
6846 (XCL2)	70,325,116,342
9547 (CXCL14)	70,325,116,342
9560 (CCL4L2)	70,325,116,342
3717 (JAK2)	282,120,328,137
3718 (JAK3)	282,120,328,137
5747 (PTK2)	451,665,497,682
2268 (FGR)	332,291,378,308
3055 (HCK)	332,291,378,308
4067 (LYN)	332,291,378,308
6714 (SRC)	332,291,378,308
5829 (PXN)	623,652,669,669
387 (RHOA)	734,617,780,634
5290 (PIK3CA)	422,280,468,297
5291 (PIK3CB)	422,280,468,297
5293 (PIK3CD)	422,280,468,297
5295 (PIK3R1)	422,280,468,297
5296 (PIK3R2)	422,280,468,297
8503 (PIK3R3)	422,280,468,297
23236 (PLCB1)	340,743,386,760
5330 (PLCB2)	340,743,386,760
5331 (PLCB3)	340,743,386,760
5332 (PLCB4)	340,743,386,760
25759 (SHC2)	421,196,467,213
399694 (SHC4)	421,196,467,213
53358 (SHC3)	421,196,467,213
6464 (SHC1)	421,196,467,213
2770 (GNAI1)	253,291,299,308
2771 (GNAI2)	253,291,299,308
2773 (GNAI3)	253,291,299,308
10681 (GNB5)	253,359,299,376
2782 (GNB1)	253,359,299,376
2783 (GNB2)	253,359,299,376
2784 (GNB3)	253,359,299,376
2785 (GNG3)	253,359,299,376
2786 (GNG4)	253,359,299,376
2787 (GNG5)	253,359,299,376
2788 (GNG7)	253,359,299,376
2790 (GNG10)	253,359,299,376
2791 (GNG11)	253,359,299,376
2792 (GNGT1)	253,359,299,376
2793 (GNGT2)	253,359,299,376
51764 (GNG13)	253,359,299,376
54331 (GNG2)	253,359,299,376
55970 (GNG12)	253,359,299,376
59345 (GNB4)	253,359,299,376
94235 (GNG8)	253,359,299,376
2885 (GRB2)	490,196,536,213
9564 (BCAR1)	553,676,599,693
9844 (ELMO1)	582,441,628,458
1398 (CRK)	623,677,669,694
1399 (CRKL)	623,677,669,694
131890 (GRK7)	204,396,250,413
156 (GRK2)	204,396,250,413
157 (GRK3)	204,396,250,413
2868 (GRK4)	204,396,250,413
2869 (GRK5)	204,396,250,413
2870 (GRK6)	204,396,250,413
6011 (GRK1)	204,396,250,413
408 (ARRB1)	188,422,234,439
409 (ARRB2)	188,422,234,439
6093 (ROCK1)	806,617,852,634
9475 (ROCK2)	806,617,852,634
10451 (VAV3)	572,551,618,568
7409 (VAV1)	572,551,618,568
7410 (VAV2)	572,551,618,568
3702 (ITK)	501,551,547,568
998 (CDC42)	711,551,757,568
107 (ADCY1)	268,240,314,257
108 (ADCY2)	268,240,314,257
109 (ADCY3)	268,240,314,257
111 (ADCY5)	268,240,314,257
112 (ADCY6)	268,240,314,257
113 (ADCY7)	268,240,314,257
114 (ADCY8)	268,240,314,257
115 (ADCY9)	268,240,314,257
196883 (ADCY4)	268,240,314,257
10235 (RASGRP2)	553,743,599,760
5906 (RAP1A)	645,743,691,760
5908 (RAP1B)	645,743,691,760
7454 (WAS)	799,551,845,568
5579 (PRKCB)	553,810,599,827
5580 (PRKCD)	553,810,599,827
56288 (PARD3)	726,491,772,508
5590 (PRKCZ)	726,508,772,525
7074 (TIAM1)	726,474,772,491
653361 (NCF1)	652,847,698,864
5566 (PRKACA)	327,160,373,177
5567 (PRKACB)	327,160,373,177
5568 (PRKACG)	327,160,373,177
2185 (PTK2B)	500,611,546,628
5058 (PAK1)	845,478,891,495
6772 (STAT1)	541,120,587,137
6773 (STAT2)	541,120,587,137
6774 (STAT3)	541,120,587,137
6777 (STAT5B)	541,120,587,137
5594 (MAPK1)	835,196,881,213
5595 (MAPK3)	835,196,881,213
10000 (AKT3)	624,291,670,308
207 (AKT1)	624,291,670,308
208 (AKT2)	624,291,670,308
3265 (HRAS)	628,196,674,213
3845 (KRAS)	628,196,674,213
4893 (NRAS)	628,196,674,213
5604 (MAP2K1)	766,196,812,213
5894 (RAF1)	697,196,743,213
673 (BRAF)	697,196,743,213
1794 (DOCK2)	582,424,628,441
5879 (RAC1)	744,423,790,440
5880 (RAC2)	744,423,790,440
5881 (RAC3)	744,423,790,440
5590 (PRKCZ)	624,255,670,272
4790 (NFKB1)	835,257,881,274
5970 (RELA)	835,257,881,274
1147 (CHUK)	749,291,795,308
3551 (IKBKB)	749,291,795,308
8517 (IKBKG)	749,291,795,308
4792 (NFKBIA)	835,291,881,308
4793 (NFKBIB)	835,291,881,308
57580 (PREX1)	582,377,628,394
6654 (SOS1)	559,196,605,213
6655 (SOS2)	559,196,605,213
2309 (FOXO3)	835,231,881,248
2931 (GSK3A)	749,369,795,386
2932 (GSK3B)	749,369,795,386
5747 (PTK2)	743,801,789,818
1398 (CRK)	743,818,789,835
1399 (CRKL)	743,818,789,835
9564 (BCAR1)	789,801,835,818
5829 (PXN)	789,818,835,835
2185 (PTK2B)	652,810,698,827
572 (BAD)	749,334,795,351
146850 (PIK3R6)	422,304,468,321
23533 (PIK3R5)	422,304,468,321
5294 (PIK3CG)	422,304,468,321
hsa04810: Regulation of actin cytoskeleton	932,469,1033,503
hsa04060: Cytokine-cytokine receptor interaction	32,275,177,309
hsa04670: Leukocyte transendothelial migration	1049,469,1189,503
hsa04630: JAK-STAT signaling pathway	423,83,532,117
hsa04120: Ubiquitin mediated proteolysis	809,346,911,380
hsa04010: MAPK signaling pathway	643,149,744,183
hsa04062: Chemokine signaling pathway	40,45,320,70
