C00002 (ATP)	513,709,4
C00022 (Pyruvate)	513,761,4
C00238 (Potassium cation)	318,728,4
C00031 (D-Glucose)	182,761,4
C00162 (Fatty acid)	182,378,4
C00076 (Calcium cation)	347,657,4
C00031 (D-Glucose)	101,539,4
5313 (PKLR)	409,753,455,770
5315 (PKM)	409,753,455,770
5290 (PIK3CA)	492,241,538,258
5291 (PIK3CB)	492,241,538,258
5293 (PIK3CD)	492,241,538,258
5295 (PIK3R1)	492,241,538,258
5296 (PIK3R2)	492,241,538,258
8503 (PIK3R3)	492,241,538,258
6517 (SLC2A4)	492,135,538,152
3667 (IRS1)	409,241,455,258
3643 (INSR)	243,241,289,258
3630 (INS)	160,241,206,258
122809 (SOCS4)	326,304,372,321
8651 (SOCS1)	326,304,372,321
8835 (SOCS2)	326,304,372,321
9021 (SOCS3)	326,304,372,321
5594 (MAPK1)	326,331,372,348
5595 (MAPK3)	326,331,372,348
9370 (ADIPOQ)	160,135,206,152
3551 (IKBKB)	326,359,372,376
5580 (PRKCD)	326,457,372,474
5581 (PRKCE)	326,457,372,474
3651 (PDX1)	409,588,455,605
3667 (IRS1)	409,263,455,280
8471 (IRS4)	409,263,455,280
8660 (IRS2)	409,263,455,280
5599 (MAPK8)	326,379,372,396
5601 (MAPK9)	326,379,372,396
5602 (MAPK10)	326,379,372,396
5590 (PRKCZ)	326,428,372,445
7124 (TNF)	160,408,206,425
5599 (MAPK8)	346,580,392,597
5601 (MAPK9)	346,580,392,597
5602 (MAPK10)	346,580,392,597
773 (CACNA1A)	243,649,289,666
774 (CACNA1B)	243,649,289,666
775 (CACNA1C)	243,649,289,666
776 (CACNA1D)	243,649,289,666
777 (CACNA1E)	243,649,289,666
8913 (CACNA1G)	243,649,289,666
3630 (INS)	575,605,621,622
2645 (GCK)	326,753,372,770
3098 (HK1)	326,753,372,770
3099 (HK2)	326,753,372,770
3101 (HK3)	326,753,372,770
80201 (HKDC1)	326,753,372,770
2475 (MTOR)	326,408,372,425
389692 (MAFA)	409,622,455,639
6514 (SLC2A2)	243,753,289,770
3767 (KCNJ11)	243,719,289,736
6833 (ABCC8)	243,702,289,719
hsa04930: Type II diabetes mellitus	40,45,272,70
hsa04920: Adipocytokine signaling pathway	295,152,401,186
hsa04910: Insulin signaling pathway	295,203,401,235
hsa04920: Adipocytokine signaling pathway	137,332,243,366
hsa04210: Apoptosis	477,546,547,571
hsa04950: Maturity onset diabetes of the young	660,557,786,591
