C00575 (3',5'-Cyclic AMP)	596,227,4
C00076 (Calcium cation)	722,247,4
C00698 (Cl-)	722,278,4
C01330 (Sodium cation)	722,210,4
C00942 (3',5'-Cyclic GMP)	400,331,4
C00076 (Calcium cation)	722,357,4
C01330 (Sodium cation)	722,312,4
C00575 (3',5'-Cyclic AMP)	488,557,4
C01330 (Sodium cation)	753,632,4
C00238 (Potassium cation)	755,593,4
C00942 (3',5'-Cyclic GMP)	401,677,4
C00076 (Calcium cation)	722,698,4
C01330 (Sodium cation)	722,656,4
C00076 (Calcium cation)	722,609,4
C00020 (AMP)	488,609,4
C00076 (Calcium cation)	640,609,4
C00144 (GMP)	401,717,4
C00076 (Calcium cation)	640,698,4
C00076 (Calcium cation)	545,357,4
2774 (GNAL)	377,175,423,192
2782 (GNB1)	377,175,423,192
2788 (GNG7)	377,175,423,192
51764 (GNG13)	377,175,423,192
109 (ADCY3)	778,175,824,192
102723532	203,175,249,192
105369274	203,175,249,192
10798 (OR5I1)	203,175,249,192
107987545	203,175,249,192
112268384	203,175,249,192
119678 (OR52E2)	203,175,249,192
119679 (OR52J3)	203,175,249,192
119682 (OR51L1)	203,175,249,192
119687 (OR51A7)	203,175,249,192
119692 (OR51S1)	203,175,249,192
119694 (OR51F2)	203,175,249,192
119695 (OR52R1)	203,175,249,192
119749 (OR4C46)	203,175,249,192
119764 (OR4X2)	203,175,249,192
119765 (OR4B1)	203,175,249,192
119772 (OR52M1)	203,175,249,192
119774 (OR52K2)	203,175,249,192
120065 (OR5P2)	203,175,249,192
120066 (OR5P3)	203,175,249,192
120586 (OR8I2)	203,175,249,192
120775 (OR2D3)	203,175,249,192
120776 (OR2D2)	203,175,249,192
120787 (OR52W1)	203,175,249,192
120793 (OR56A4)	203,175,249,192
120796 (OR56A1)	203,175,249,192
121129 (OR2AP1)	203,175,249,192
121130 (OR10P1)	203,175,249,192
121275 (OR10AD1)	203,175,249,192
121364 (OR10A7)	203,175,249,192
122740 (OR4K14)	203,175,249,192
122742 (OR4L1)	203,175,249,192
122748 (OR11H6)	203,175,249,192
124538 (OR4D2)	203,175,249,192
125958 (OR7D4)	203,175,249,192
125962 (OR7G1)	203,175,249,192
125963 (OR1M1)	203,175,249,192
126370 (OR1I1)	203,175,249,192
126541 (OR10H4)	203,175,249,192
127059 (OR2M5)	203,175,249,192
127062 (OR2M3)	203,175,249,192
127064 (OR2T12)	203,175,249,192
127066 (OR14C36)	203,175,249,192
127068 (OR2T34)	203,175,249,192
127069 (OR2T10)	203,175,249,192
127074 (OR2T4)	203,175,249,192
127077 (OR2T11)	203,175,249,192
127385 (OR10J5)	203,175,249,192
127608 (OR2AJ1)	203,175,249,192
127623 (OR2B11)	203,175,249,192
128360 (OR10T2)	203,175,249,192
128366 (OR6P1)	203,175,249,192
128367 (OR10X1)	203,175,249,192
128368 (OR10Z1)	203,175,249,192
128371 (OR6K6)	203,175,249,192
128372 (OR6N1)	203,175,249,192
130075 (OR9A4)	203,175,249,192
134083 (OR2Y1)	203,175,249,192
135924 (OR9A2)	203,175,249,192
135941 (OR2A14)	203,175,249,192
135946 (OR6B1)	203,175,249,192
135948 (OR2F2)	203,175,249,192
138799 (OR13C5)	203,175,249,192
138802 (OR13C8)	203,175,249,192
138803 (OR13C3)	203,175,249,192
138804 (OR13C4)	203,175,249,192
138805 (OR13F1)	203,175,249,192
138881 (OR1L8)	203,175,249,192
138882 (OR1N2)	203,175,249,192
138883 (OR1N1)	203,175,249,192
143496 (OR52B4)	203,175,249,192
143502 (OR52I2)	203,175,249,192
143503 (OR51E1)	203,175,249,192
144124 (OR10A5)	203,175,249,192
144125 (OR2AG1)	203,175,249,192
150681 (OR6B3)	203,175,249,192
158131 (OR1Q1)	203,175,249,192
162998 (OR7D2)	203,175,249,192
196335 (OR56B4)	203,175,249,192
219417 (OR8U1)	203,175,249,192
219428 (OR4C16)	203,175,249,192
219429 (OR4C11)	203,175,249,192
219431 (OR4S2)	203,175,249,192
219432 (OR4C6)	203,175,249,192
219436 (OR5D14)	203,175,249,192
219437 (OR5L1)	203,175,249,192
219438 (OR5D18)	203,175,249,192
219447 (OR5AS1)	203,175,249,192
219453 (OR8K5)	203,175,249,192
219464 (OR5T2)	203,175,249,192
219469 (OR8H1)	203,175,249,192
219473 (OR8K3)	203,175,249,192
219477 (OR8J1)	203,175,249,192
219479 (OR5R1)	203,175,249,192
219482 (OR5M3)	203,175,249,192
219484 (OR5M8)	203,175,249,192
219487 (OR5M11)	203,175,249,192
219493 (OR5AR1)	203,175,249,192
219858 (OR8B12)	203,175,249,192
219865 (OR8G5)	203,175,249,192
219869 (OR10G8)	203,175,249,192
219870 (OR10G9)	203,175,249,192
219873 (OR10S1)	203,175,249,192
219874 (OR6T1)	203,175,249,192
219875 (OR4D5)	203,175,249,192
219952 (OR6Q1)	203,175,249,192
219954 (OR9I1)	203,175,249,192
219956 (OR9Q1)	203,175,249,192
219957 (OR9Q2)	203,175,249,192
219958 (OR1S2)	203,175,249,192
219959 (OR1S1)	203,175,249,192
219960 (OR10Q1)	203,175,249,192
219965 (OR5B17)	203,175,249,192
219968 (OR5B21)	203,175,249,192
219981 (OR5A2)	203,175,249,192
219982 (OR5A1)	203,175,249,192
219983 (OR4D6)	203,175,249,192
219986 (OR4D11)	203,175,249,192
23538 (OR52A1)	203,175,249,192
254783 (OR6C74)	203,175,249,192
254786 (OR6C3)	203,175,249,192
254879 (OR2T6)	203,175,249,192
254973 (OR1L4)	203,175,249,192
255725 (OR52B2)	203,175,249,192
256144 (OR4C3)	203,175,249,192
256148 (OR4S1)	203,175,249,192
256892 (OR51F1)	203,175,249,192
26188 (OR1C1)	203,175,249,192
26189 (OR1A2)	203,175,249,192
26211 (OR2F1)	203,175,249,192
26212 (OR2B6)	203,175,249,192
26219 (OR1J4)	203,175,249,192
26245 (OR2M4)	203,175,249,192
26246 (OR2L2)	203,175,249,192
26248 (OR2K2)	203,175,249,192
26333 (OR7A17)	203,175,249,192
26338 (OR5L2)	203,175,249,192
26339 (OR5K1)	203,175,249,192
26341 (OR5H1)	203,175,249,192
26476 (OR10J1)	203,175,249,192
26492 (OR8G2P)	203,175,249,192
26493 (OR8B8)	203,175,249,192
26494 (OR8G1)	203,175,249,192
26496 (OR10A3)	203,175,249,192
26497 (OR10D3)	203,175,249,192
26529 (OR12D2)	203,175,249,192
26530 (OR12D1)	203,175,249,192
26531 (OR11A1)	203,175,249,192
26532 (OR10H3)	203,175,249,192
26533 (OR10G3)	203,175,249,192
26534 (OR10G2)	203,175,249,192
26538 (OR10H2)	203,175,249,192
26539 (OR10H1)	203,175,249,192
26595 (OR8B2)	203,175,249,192
26648 (OR7E24)	203,175,249,192
26658 (OR7C2)	203,175,249,192
26659 (OR7A5)	203,175,249,192
26664 (OR7C1)	203,175,249,192
26682 (OR4F4)	203,175,249,192
26683 (OR4F3)	203,175,249,192
26686 (OR4E2)	203,175,249,192
26687 (OR4E1)	203,175,249,192
26689 (OR4D1)	203,175,249,192
26692 (OR2W1)	203,175,249,192
26693 (OR2V1)	203,175,249,192
26696 (OR2T1)	203,175,249,192
26707 (OR2J2)	203,175,249,192
26716 (OR2H1)	203,175,249,192
26735 (OR1L3)	203,175,249,192
26737 (OR1L1)	203,175,249,192
26740 (OR1J2)	203,175,249,192
282763 (OR51B5)	203,175,249,192
282770 (OR10AG1)	203,175,249,192
282775 (OR5J2)	203,175,249,192
283092 (OR4C13)	203,175,249,192
283093 (OR4C12)	203,175,249,192
283110 (OR52Z1)	203,175,249,192
283111 (OR51V1)	203,175,249,192
283159 (OR8D1)	203,175,249,192
283160 (OR8D2)	203,175,249,192
283162 (OR8B4)	203,175,249,192
283189 (OR9G4)	203,175,249,192
283297 (OR10A4)	203,175,249,192
283365 (OR6C6)	203,175,249,192
283617 (OR4K3)	203,175,249,192
283694 (OR4N4)	203,175,249,192
284383 (OR2Z1)	203,175,249,192
284433 (OR10H5)	203,175,249,192
284521 (OR2L13)	203,175,249,192
284532 (OR14A16)	203,175,249,192
285659 (OR2V2)	203,175,249,192
286362 (OR13C9)	203,175,249,192
286365 (OR13D1)	203,175,249,192
338662 (OR8D4)	203,175,249,192
338674 (OR5F1)	203,175,249,192
338675 (OR5AP2)	203,175,249,192
338751 (OR52L1)	203,175,249,192
338755 (OR2AG2)	203,175,249,192
340980 (OR52B6)	203,175,249,192
341152 (OR2AT4)	203,175,249,192
341276 (OR10A2)	203,175,249,192
341416 (OR6C2)	203,175,249,192
341418 (OR6C4)	203,175,249,192
341568 (OR8S1)	203,175,249,192
341799 (OR6S1)	203,175,249,192
343169 (OR6F1)	203,175,249,192
343170 (OR14K1)	203,175,249,192
343171 (OR2W3)	203,175,249,192
343172 (OR2T8)	203,175,249,192
343173 (OR2T3)	203,175,249,192
343406 (OR10R2)	203,175,249,192
343563 (OR2T29)	203,175,249,192
346517 (OR6V1)	203,175,249,192
346525 (OR2A12)	203,175,249,192
346528 (OR2A1)	203,175,249,192
347168 (OR1J1)	203,175,249,192
347169 (OR1B1)	203,175,249,192
347468 (OR13H1)	203,175,249,192
387748 (OR56B1)	203,175,249,192
388761 (OR14A2)	203,175,249,192
389090 (OR6B2)	203,175,249,192
390036 (OR52K1)	203,175,249,192
390037 (OR52I1)	203,175,249,192
390038 (OR51D1)	203,175,249,192
390054 (OR52A5)	203,175,249,192
390058 (OR51B6)	203,175,249,192
390059 (OR51M1)	203,175,249,192
390061 (OR51Q1)	203,175,249,192
390063 (OR51I1)	203,175,249,192
390064 (OR51I2)	203,175,249,192
390066 (OR52D1)	203,175,249,192
390067 (OR52H1)	203,175,249,192
390072 (OR52N4)	203,175,249,192
390075 (OR52N5)	203,175,249,192
390077 (OR52N2)	203,175,249,192
390078 (OR52E6)	203,175,249,192
390079 (OR52E8)	203,175,249,192
390081 (OR52E4)	203,175,249,192
390082 (OR52E5)	203,175,249,192
390083 (OR56A3)	203,175,249,192
390084 (OR56A5)	203,175,249,192
390093 (OR10A6)	203,175,249,192
390113 (OR4X1)	203,175,249,192
390142 (OR5D13)	203,175,249,192
390144 (OR5D16)	203,175,249,192
390148 (OR5W2)	203,175,249,192
390151 (OR8H2)	203,175,249,192
390152 (OR8H3)	203,175,249,192
390154 (OR5T3)	203,175,249,192
390155 (OR5T1)	203,175,249,192
390157 (OR8K1)	203,175,249,192
390162 (OR5M9)	203,175,249,192
390167 (OR5M10)	203,175,249,192
390168 (OR5M1)	203,175,249,192
390174 (OR9G1)	203,175,249,192
390181 (OR5AK2)	203,175,249,192
390190 (OR5B2)	203,175,249,192
390191 (OR5B12)	203,175,249,192
390195 (OR5AN1)	203,175,249,192
390197 (OR4D10)	203,175,249,192
390199 (OR4D9)	203,175,249,192
390201 (OR10V1)	203,175,249,192
390260 (OR6X1)	203,175,249,192
390261 (OR6M1)	203,175,249,192
390264 (OR10G4)	203,175,249,192
390265 (OR10G7)	203,175,249,192
390271 (OR8B3)	203,175,249,192
390275 (OR8A1)	203,175,249,192
390321 (OR6C1)	203,175,249,192
390323 (OR6C75)	203,175,249,192
390326 (OR6C76)	203,175,249,192
390327 (OR6C70)	203,175,249,192
390429 (OR4N2)	203,175,249,192
390431 (OR4K2)	203,175,249,192
390432 (OR4Q2)	203,175,249,192
390433 (OR4K13)	203,175,249,192
390436 (OR4K17)	203,175,249,192
390437 (OR4N5)	203,175,249,192
390439 (OR11G2)	203,175,249,192
390441 (OR11H7)	203,175,249,192
390442 (OR11H4)	203,175,249,192
390445 (OR5AU1)	203,175,249,192
390538 (OR4M2)	203,175,249,192
390648 (OR4F6)	203,175,249,192
390649 (OR4F15)	203,175,249,192
390882 (OR7G2)	203,175,249,192
390883 (OR7G3)	203,175,249,192
390892 (OR7A10)	203,175,249,192
391107 (OR10K2)	203,175,249,192
391109 (OR10K1)	203,175,249,192
391112 (OR6Y1)	203,175,249,192
391114 (OR6K3)	203,175,249,192
391121 (OR10J4)	203,175,249,192
391189 (OR11L1)	203,175,249,192
391190 (OR2L8)	203,175,249,192
391191 (OR2AK2)	203,175,249,192
391192 (OR2L3)	203,175,249,192
391194 (OR2M2)	203,175,249,192
391195 (OR2T33)	203,175,249,192
391196 (OR2M7)	203,175,249,192
391211 (OR2G6)	203,175,249,192
392133 (OR10AC1)	203,175,249,192
392138 (OR2A25)	203,175,249,192
392309 (OR13J1)	203,175,249,192
392376 (OR13C2)	203,175,249,192
392390 (OR1L6)	203,175,249,192
392391 (OR5C1)	203,175,249,192
392392 (OR1K1)	203,175,249,192
393046 (OR2A5)	203,175,249,192
401427 (OR2A7)	203,175,249,192
401663 (OR51H1)	203,175,249,192
401665 (OR51T1)	203,175,249,192
401666 (OR51A4)	203,175,249,192
401667 (OR51A2)	203,175,249,192
401992 (OR2T2)	203,175,249,192
401993 (OR2T5)	203,175,249,192
401994 (OR14I1)	203,175,249,192
402135 (OR5K2)	203,175,249,192
402317 (OR2A42)	203,175,249,192
403239 (OR2T27)	203,175,249,192
403244 (OR2T35)	203,175,249,192
403253 (OR4A47)	203,175,249,192
403257 (OR4C45)	203,175,249,192
403273 (OR5H14)	203,175,249,192
403274 (OR5H15)	203,175,249,192
403277 (OR5K3)	203,175,249,192
403278 (OR5K4)	203,175,249,192
403282 (OR6C65)	203,175,249,192
403284 (OR6C68)	203,175,249,192
440153 (OR11H12)	203,175,249,192
441308 (OR4F21)	203,175,249,192
441608 (OR5B3)	203,175,249,192
441639 (OR9K2)	203,175,249,192
441669 (OR4Q3)	203,175,249,192
441670 (OR4M1)	203,175,249,192
441911 (OR10J3)	203,175,249,192
441932 (OR2W5)	203,175,249,192
441933 (OR13G1)	203,175,249,192
442179 (OR1F12)	203,175,249,192
442184 (OR2B3)	203,175,249,192
442185 (OR2J1)	203,175,249,192
442186 (OR2J3)	203,175,249,192
442191 (OR14J1)	203,175,249,192
442194 (OR10C1)	203,175,249,192
442361 (OR2A2)	203,175,249,192
4991 (OR1D2)	203,175,249,192
4992 (OR1F1)	203,175,249,192
4993 (OR2C1)	203,175,249,192
4994 (OR3A1)	203,175,249,192
4995 (OR3A2)	203,175,249,192
504189 (OR8U8)	203,175,249,192
504190 (OR8U9)	203,175,249,192
504191 (OR9G9)	203,175,249,192
56656 (OR2S2)	203,175,249,192
653166 (OR1D4)	203,175,249,192
729759 (OR4F29)	203,175,249,192
79290 (OR13A1)	203,175,249,192
79295 (OR5H6)	203,175,249,192
79296 (OR52E1)	203,175,249,192
79310 (OR5H2)	203,175,249,192
79317 (OR4K5)	203,175,249,192
7932 (OR2H2)	203,175,249,192
79324 (OR51G1)	203,175,249,192
79334 (OR11H2)	203,175,249,192
79339 (OR51B4)	203,175,249,192
79345 (OR51B2)	203,175,249,192
79346 (OR4C5)	203,175,249,192
79470 (OR51J1)	203,175,249,192
79473 (OR52N1)	203,175,249,192
79482 (OR5AL1)	203,175,249,192
79490 (OR10G6)	203,175,249,192
79501 (OR4F5)	203,175,249,192
79541 (OR2A4)	203,175,249,192
79544 (OR4K1)	203,175,249,192
79549 (OR6J1)	203,175,249,192
81050 (OR5AC2)	203,175,249,192
81061 (OR11H1)	203,175,249,192
81099 (OR4F17)	203,175,249,192
81127 (OR4K15)	203,175,249,192
81168 (OR8J3)	203,175,249,192
81282 (OR51G2)	203,175,249,192
81285 (OR51E2)	203,175,249,192
81300 (OR4P4)	203,175,249,192
81309 (OR4C15)	203,175,249,192
81318 (OR4A5)	203,175,249,192
81327 (OR4A16)	203,175,249,192
81328 (OR4A15)	203,175,249,192
81341 (OR10W1)	203,175,249,192
81392 (OR2AE1)	203,175,249,192
81399 (OR4F16)	203,175,249,192
81442 (OR6N2)	203,175,249,192
81448 (OR6K2)	203,175,249,192
81458 (OR2T7)	203,175,249,192
81466 (OR2L5)	203,175,249,192
81469 (OR2G3)	203,175,249,192
81470 (OR2G2)	203,175,249,192
81472 (OR2C3)	203,175,249,192
81696 (OR5V1)	203,175,249,192
81697 (OR2B2)	203,175,249,192
81797 (OR12D3)	203,175,249,192
8383 (OR1A1)	203,175,249,192
8386 (OR1D5)	203,175,249,192
8387 (OR1E1)	203,175,249,192
8388 (OR1E2)	203,175,249,192
8389 (OR1E3)	203,175,249,192
8390 (OR1G1)	203,175,249,192
8392 (OR3A3)	203,175,249,192
8590 (OR6A2)	203,175,249,192
1258 (CNGB1)	778,218,824,235
1260 (CNGA2)	778,218,824,235
1262 (CNGA4)	778,218,824,235
57101 (ANO2)	778,269,824,286
3000 (GUCY2D)	203,322,249,339
1261 (CNGA3)	778,322,824,339
5592 (PRKG1)	377,278,423,295
5593 (PRKG2)	377,278,423,295
815 (CAMK2A)	700,523,746,540
816 (CAMK2B)	700,523,746,540
817 (CAMK2D)	700,523,746,540
818 (CAMK2G)	700,523,746,540
2774 (GNAL)	377,489,423,506
2782 (GNB1)	377,489,423,506
2788 (GNG7)	377,489,423,506
51764 (GNG13)	377,489,423,506
163688 (CALML6)	617,572,663,589
51806 (CALML5)	617,572,663,589
801 (CALM1)	617,572,663,589
805 (CALM2)	617,572,663,589
808 (CALM3)	617,572,663,589
810 (CALML3)	617,572,663,589
91860 (CALML4)	617,572,663,589
5136 (PDE1A)	529,572,575,589
5137 (PDE1C)	529,572,575,589
5153 (PDE1B)	529,572,575,589
5566 (PRKACA)	377,549,423,566
5567 (PRKACB)	377,549,423,566
5568 (PRKACG)	377,549,423,566
109 (ADCY3)	778,490,824,507
102723532	203,489,249,506
105369274	203,489,249,506
10798 (OR5I1)	203,489,249,506
107987545	203,489,249,506
112268384	203,489,249,506
119678 (OR52E2)	203,489,249,506
119679 (OR52J3)	203,489,249,506
119682 (OR51L1)	203,489,249,506
119687 (OR51A7)	203,489,249,506
119692 (OR51S1)	203,489,249,506
119694 (OR51F2)	203,489,249,506
119695 (OR52R1)	203,489,249,506
119749 (OR4C46)	203,489,249,506
119764 (OR4X2)	203,489,249,506
119765 (OR4B1)	203,489,249,506
119772 (OR52M1)	203,489,249,506
119774 (OR52K2)	203,489,249,506
120065 (OR5P2)	203,489,249,506
120066 (OR5P3)	203,489,249,506
120586 (OR8I2)	203,489,249,506
120775 (OR2D3)	203,489,249,506
120776 (OR2D2)	203,489,249,506
120787 (OR52W1)	203,489,249,506
120793 (OR56A4)	203,489,249,506
120796 (OR56A1)	203,489,249,506
121129 (OR2AP1)	203,489,249,506
121130 (OR10P1)	203,489,249,506
121275 (OR10AD1)	203,489,249,506
121364 (OR10A7)	203,489,249,506
122740 (OR4K14)	203,489,249,506
122742 (OR4L1)	203,489,249,506
122748 (OR11H6)	203,489,249,506
124538 (OR4D2)	203,489,249,506
125958 (OR7D4)	203,489,249,506
125962 (OR7G1)	203,489,249,506
125963 (OR1M1)	203,489,249,506
126370 (OR1I1)	203,489,249,506
126541 (OR10H4)	203,489,249,506
127059 (OR2M5)	203,489,249,506
127062 (OR2M3)	203,489,249,506
127064 (OR2T12)	203,489,249,506
127066 (OR14C36)	203,489,249,506
127068 (OR2T34)	203,489,249,506
127069 (OR2T10)	203,489,249,506
127074 (OR2T4)	203,489,249,506
127077 (OR2T11)	203,489,249,506
127385 (OR10J5)	203,489,249,506
127608 (OR2AJ1)	203,489,249,506
127623 (OR2B11)	203,489,249,506
128360 (OR10T2)	203,489,249,506
128366 (OR6P1)	203,489,249,506
128367 (OR10X1)	203,489,249,506
128368 (OR10Z1)	203,489,249,506
128371 (OR6K6)	203,489,249,506
128372 (OR6N1)	203,489,249,506
130075 (OR9A4)	203,489,249,506
134083 (OR2Y1)	203,489,249,506
135924 (OR9A2)	203,489,249,506
135941 (OR2A14)	203,489,249,506
135946 (OR6B1)	203,489,249,506
135948 (OR2F2)	203,489,249,506
138799 (OR13C5)	203,489,249,506
138802 (OR13C8)	203,489,249,506
138803 (OR13C3)	203,489,249,506
138804 (OR13C4)	203,489,249,506
138805 (OR13F1)	203,489,249,506
138881 (OR1L8)	203,489,249,506
138882 (OR1N2)	203,489,249,506
138883 (OR1N1)	203,489,249,506
143496 (OR52B4)	203,489,249,506
143502 (OR52I2)	203,489,249,506
143503 (OR51E1)	203,489,249,506
144124 (OR10A5)	203,489,249,506
144125 (OR2AG1)	203,489,249,506
150681 (OR6B3)	203,489,249,506
158131 (OR1Q1)	203,489,249,506
162998 (OR7D2)	203,489,249,506
196335 (OR56B4)	203,489,249,506
219417 (OR8U1)	203,489,249,506
219428 (OR4C16)	203,489,249,506
219429 (OR4C11)	203,489,249,506
219431 (OR4S2)	203,489,249,506
219432 (OR4C6)	203,489,249,506
219436 (OR5D14)	203,489,249,506
219437 (OR5L1)	203,489,249,506
219438 (OR5D18)	203,489,249,506
219447 (OR5AS1)	203,489,249,506
219453 (OR8K5)	203,489,249,506
219464 (OR5T2)	203,489,249,506
219469 (OR8H1)	203,489,249,506
219473 (OR8K3)	203,489,249,506
219477 (OR8J1)	203,489,249,506
219479 (OR5R1)	203,489,249,506
219482 (OR5M3)	203,489,249,506
219484 (OR5M8)	203,489,249,506
219487 (OR5M11)	203,489,249,506
219493 (OR5AR1)	203,489,249,506
219858 (OR8B12)	203,489,249,506
219865 (OR8G5)	203,489,249,506
219869 (OR10G8)	203,489,249,506
219870 (OR10G9)	203,489,249,506
219873 (OR10S1)	203,489,249,506
219874 (OR6T1)	203,489,249,506
219875 (OR4D5)	203,489,249,506
219952 (OR6Q1)	203,489,249,506
219954 (OR9I1)	203,489,249,506
219956 (OR9Q1)	203,489,249,506
219957 (OR9Q2)	203,489,249,506
219958 (OR1S2)	203,489,249,506
219959 (OR1S1)	203,489,249,506
219960 (OR10Q1)	203,489,249,506
219965 (OR5B17)	203,489,249,506
219968 (OR5B21)	203,489,249,506
219981 (OR5A2)	203,489,249,506
219982 (OR5A1)	203,489,249,506
219983 (OR4D6)	203,489,249,506
219986 (OR4D11)	203,489,249,506
23538 (OR52A1)	203,489,249,506
254783 (OR6C74)	203,489,249,506
254786 (OR6C3)	203,489,249,506
254879 (OR2T6)	203,489,249,506
254973 (OR1L4)	203,489,249,506
255725 (OR52B2)	203,489,249,506
256144 (OR4C3)	203,489,249,506
256148 (OR4S1)	203,489,249,506
256892 (OR51F1)	203,489,249,506
26188 (OR1C1)	203,489,249,506
26189 (OR1A2)	203,489,249,506
26211 (OR2F1)	203,489,249,506
26212 (OR2B6)	203,489,249,506
26219 (OR1J4)	203,489,249,506
26245 (OR2M4)	203,489,249,506
26246 (OR2L2)	203,489,249,506
26248 (OR2K2)	203,489,249,506
26333 (OR7A17)	203,489,249,506
26338 (OR5L2)	203,489,249,506
26339 (OR5K1)	203,489,249,506
26341 (OR5H1)	203,489,249,506
26476 (OR10J1)	203,489,249,506
26492 (OR8G2P)	203,489,249,506
26493 (OR8B8)	203,489,249,506
26494 (OR8G1)	203,489,249,506
26496 (OR10A3)	203,489,249,506
26497 (OR10D3)	203,489,249,506
26529 (OR12D2)	203,489,249,506
26530 (OR12D1)	203,489,249,506
26531 (OR11A1)	203,489,249,506
26532 (OR10H3)	203,489,249,506
26533 (OR10G3)	203,489,249,506
26534 (OR10G2)	203,489,249,506
26538 (OR10H2)	203,489,249,506
26539 (OR10H1)	203,489,249,506
26595 (OR8B2)	203,489,249,506
26648 (OR7E24)	203,489,249,506
26658 (OR7C2)	203,489,249,506
26659 (OR7A5)	203,489,249,506
26664 (OR7C1)	203,489,249,506
26682 (OR4F4)	203,489,249,506
26683 (OR4F3)	203,489,249,506
26686 (OR4E2)	203,489,249,506
26687 (OR4E1)	203,489,249,506
26689 (OR4D1)	203,489,249,506
26692 (OR2W1)	203,489,249,506
26693 (OR2V1)	203,489,249,506
26696 (OR2T1)	203,489,249,506
26707 (OR2J2)	203,489,249,506
26716 (OR2H1)	203,489,249,506
26735 (OR1L3)	203,489,249,506
26737 (OR1L1)	203,489,249,506
26740 (OR1J2)	203,489,249,506
282763 (OR51B5)	203,489,249,506
282770 (OR10AG1)	203,489,249,506
282775 (OR5J2)	203,489,249,506
283092 (OR4C13)	203,489,249,506
283093 (OR4C12)	203,489,249,506
283110 (OR52Z1)	203,489,249,506
283111 (OR51V1)	203,489,249,506
283159 (OR8D1)	203,489,249,506
283160 (OR8D2)	203,489,249,506
283162 (OR8B4)	203,489,249,506
283189 (OR9G4)	203,489,249,506
283297 (OR10A4)	203,489,249,506
283365 (OR6C6)	203,489,249,506
283617 (OR4K3)	203,489,249,506
283694 (OR4N4)	203,489,249,506
284383 (OR2Z1)	203,489,249,506
284433 (OR10H5)	203,489,249,506
284521 (OR2L13)	203,489,249,506
284532 (OR14A16)	203,489,249,506
285659 (OR2V2)	203,489,249,506
286362 (OR13C9)	203,489,249,506
286365 (OR13D1)	203,489,249,506
338662 (OR8D4)	203,489,249,506
338674 (OR5F1)	203,489,249,506
338675 (OR5AP2)	203,489,249,506
338751 (OR52L1)	203,489,249,506
338755 (OR2AG2)	203,489,249,506
340980 (OR52B6)	203,489,249,506
341152 (OR2AT4)	203,489,249,506
341276 (OR10A2)	203,489,249,506
341416 (OR6C2)	203,489,249,506
341418 (OR6C4)	203,489,249,506
341568 (OR8S1)	203,489,249,506
341799 (OR6S1)	203,489,249,506
343169 (OR6F1)	203,489,249,506
343170 (OR14K1)	203,489,249,506
343171 (OR2W3)	203,489,249,506
343172 (OR2T8)	203,489,249,506
343173 (OR2T3)	203,489,249,506
343406 (OR10R2)	203,489,249,506
343563 (OR2T29)	203,489,249,506
346517 (OR6V1)	203,489,249,506
346525 (OR2A12)	203,489,249,506
346528 (OR2A1)	203,489,249,506
347168 (OR1J1)	203,489,249,506
347169 (OR1B1)	203,489,249,506
347468 (OR13H1)	203,489,249,506
387748 (OR56B1)	203,489,249,506
388761 (OR14A2)	203,489,249,506
389090 (OR6B2)	203,489,249,506
390036 (OR52K1)	203,489,249,506
390037 (OR52I1)	203,489,249,506
390038 (OR51D1)	203,489,249,506
390054 (OR52A5)	203,489,249,506
390058 (OR51B6)	203,489,249,506
390059 (OR51M1)	203,489,249,506
390061 (OR51Q1)	203,489,249,506
390063 (OR51I1)	203,489,249,506
390064 (OR51I2)	203,489,249,506
390066 (OR52D1)	203,489,249,506
390067 (OR52H1)	203,489,249,506
390072 (OR52N4)	203,489,249,506
390075 (OR52N5)	203,489,249,506
390077 (OR52N2)	203,489,249,506
390078 (OR52E6)	203,489,249,506
390079 (OR52E8)	203,489,249,506
390081 (OR52E4)	203,489,249,506
390082 (OR52E5)	203,489,249,506
390083 (OR56A3)	203,489,249,506
390084 (OR56A5)	203,489,249,506
390093 (OR10A6)	203,489,249,506
390113 (OR4X1)	203,489,249,506
390142 (OR5D13)	203,489,249,506
390144 (OR5D16)	203,489,249,506
390148 (OR5W2)	203,489,249,506
390151 (OR8H2)	203,489,249,506
390152 (OR8H3)	203,489,249,506
390154 (OR5T3)	203,489,249,506
390155 (OR5T1)	203,489,249,506
390157 (OR8K1)	203,489,249,506
390162 (OR5M9)	203,489,249,506
390167 (OR5M10)	203,489,249,506
390168 (OR5M1)	203,489,249,506
390174 (OR9G1)	203,489,249,506
390181 (OR5AK2)	203,489,249,506
390190 (OR5B2)	203,489,249,506
390191 (OR5B12)	203,489,249,506
390195 (OR5AN1)	203,489,249,506
390197 (OR4D10)	203,489,249,506
390199 (OR4D9)	203,489,249,506
390201 (OR10V1)	203,489,249,506
390260 (OR6X1)	203,489,249,506
390261 (OR6M1)	203,489,249,506
390264 (OR10G4)	203,489,249,506
390265 (OR10G7)	203,489,249,506
390271 (OR8B3)	203,489,249,506
390275 (OR8A1)	203,489,249,506
390321 (OR6C1)	203,489,249,506
390323 (OR6C75)	203,489,249,506
390326 (OR6C76)	203,489,249,506
390327 (OR6C70)	203,489,249,506
390429 (OR4N2)	203,489,249,506
390431 (OR4K2)	203,489,249,506
390432 (OR4Q2)	203,489,249,506
390433 (OR4K13)	203,489,249,506
390436 (OR4K17)	203,489,249,506
390437 (OR4N5)	203,489,249,506
390439 (OR11G2)	203,489,249,506
390441 (OR11H7)	203,489,249,506
390442 (OR11H4)	203,489,249,506
390445 (OR5AU1)	203,489,249,506
390538 (OR4M2)	203,489,249,506
390648 (OR4F6)	203,489,249,506
390649 (OR4F15)	203,489,249,506
390882 (OR7G2)	203,489,249,506
390883 (OR7G3)	203,489,249,506
390892 (OR7A10)	203,489,249,506
391107 (OR10K2)	203,489,249,506
391109 (OR10K1)	203,489,249,506
391112 (OR6Y1)	203,489,249,506
391114 (OR6K3)	203,489,249,506
391121 (OR10J4)	203,489,249,506
391189 (OR11L1)	203,489,249,506
391190 (OR2L8)	203,489,249,506
391191 (OR2AK2)	203,489,249,506
391192 (OR2L3)	203,489,249,506
391194 (OR2M2)	203,489,249,506
391195 (OR2T33)	203,489,249,506
391196 (OR2M7)	203,489,249,506
391211 (OR2G6)	203,489,249,506
392133 (OR10AC1)	203,489,249,506
392138 (OR2A25)	203,489,249,506
392309 (OR13J1)	203,489,249,506
392376 (OR13C2)	203,489,249,506
392390 (OR1L6)	203,489,249,506
392391 (OR5C1)	203,489,249,506
392392 (OR1K1)	203,489,249,506
393046 (OR2A5)	203,489,249,506
401427 (OR2A7)	203,489,249,506
401663 (OR51H1)	203,489,249,506
401665 (OR51T1)	203,489,249,506
401666 (OR51A4)	203,489,249,506
401667 (OR51A2)	203,489,249,506
401992 (OR2T2)	203,489,249,506
401993 (OR2T5)	203,489,249,506
401994 (OR14I1)	203,489,249,506
402135 (OR5K2)	203,489,249,506
402317 (OR2A42)	203,489,249,506
403239 (OR2T27)	203,489,249,506
403244 (OR2T35)	203,489,249,506
403253 (OR4A47)	203,489,249,506
403257 (OR4C45)	203,489,249,506
403273 (OR5H14)	203,489,249,506
403274 (OR5H15)	203,489,249,506
403277 (OR5K3)	203,489,249,506
403278 (OR5K4)	203,489,249,506
403282 (OR6C65)	203,489,249,506
403284 (OR6C68)	203,489,249,506
440153 (OR11H12)	203,489,249,506
441308 (OR4F21)	203,489,249,506
441608 (OR5B3)	203,489,249,506
441639 (OR9K2)	203,489,249,506
441669 (OR4Q3)	203,489,249,506
441670 (OR4M1)	203,489,249,506
441911 (OR10J3)	203,489,249,506
441932 (OR2W5)	203,489,249,506
441933 (OR13G1)	203,489,249,506
442179 (OR1F12)	203,489,249,506
442184 (OR2B3)	203,489,249,506
442185 (OR2J1)	203,489,249,506
442186 (OR2J3)	203,489,249,506
442191 (OR14J1)	203,489,249,506
442194 (OR10C1)	203,489,249,506
442361 (OR2A2)	203,489,249,506
4991 (OR1D2)	203,489,249,506
4992 (OR1F1)	203,489,249,506
4993 (OR2C1)	203,489,249,506
4994 (OR3A1)	203,489,249,506
4995 (OR3A2)	203,489,249,506
504189 (OR8U8)	203,489,249,506
504190 (OR8U9)	203,489,249,506
504191 (OR9G9)	203,489,249,506
56656 (OR2S2)	203,489,249,506
653166 (OR1D4)	203,489,249,506
729759 (OR4F29)	203,489,249,506
79290 (OR13A1)	203,489,249,506
79295 (OR5H6)	203,489,249,506
79296 (OR52E1)	203,489,249,506
79310 (OR5H2)	203,489,249,506
79317 (OR4K5)	203,489,249,506
7932 (OR2H2)	203,489,249,506
79324 (OR51G1)	203,489,249,506
79334 (OR11H2)	203,489,249,506
79339 (OR51B4)	203,489,249,506
79345 (OR51B2)	203,489,249,506
79346 (OR4C5)	203,489,249,506
79470 (OR51J1)	203,489,249,506
79473 (OR52N1)	203,489,249,506
79482 (OR5AL1)	203,489,249,506
79490 (OR10G6)	203,489,249,506
79501 (OR4F5)	203,489,249,506
79541 (OR2A4)	203,489,249,506
79544 (OR4K1)	203,489,249,506
79549 (OR6J1)	203,489,249,506
81050 (OR5AC2)	203,489,249,506
81061 (OR11H1)	203,489,249,506
81099 (OR4F17)	203,489,249,506
81127 (OR4K15)	203,489,249,506
81168 (OR8J3)	203,489,249,506
81282 (OR51G2)	203,489,249,506
81285 (OR51E2)	203,489,249,506
81300 (OR4P4)	203,489,249,506
81309 (OR4C15)	203,489,249,506
81318 (OR4A5)	203,489,249,506
81327 (OR4A16)	203,489,249,506
81328 (OR4A15)	203,489,249,506
81341 (OR10W1)	203,489,249,506
81392 (OR2AE1)	203,489,249,506
81399 (OR4F16)	203,489,249,506
81442 (OR6N2)	203,489,249,506
81448 (OR6K2)	203,489,249,506
81458 (OR2T7)	203,489,249,506
81466 (OR2L5)	203,489,249,506
81469 (OR2G3)	203,489,249,506
81470 (OR2G2)	203,489,249,506
81472 (OR2C3)	203,489,249,506
81696 (OR5V1)	203,489,249,506
81697 (OR2B2)	203,489,249,506
81797 (OR12D3)	203,489,249,506
8383 (OR1A1)	203,489,249,506
8386 (OR1D5)	203,489,249,506
8387 (OR1E1)	203,489,249,506
8388 (OR1E2)	203,489,249,506
8389 (OR1E3)	203,489,249,506
8390 (OR1G1)	203,489,249,506
8392 (OR3A3)	203,489,249,506
8590 (OR6A2)	203,489,249,506
408 (ARRB1)	289,472,335,489
409 (ARRB2)	289,472,335,489
156 (GRK2)	249,452,295,469
157 (GRK3)	249,452,295,469
123041 (SLC24A4)	778,601,824,618
6543 (SLC8A2)	778,601,824,618
6546 (SLC8A1)	778,601,824,618
6547 (SLC8A3)	778,601,824,618
3000 (GUCY2D)	203,668,249,685
1261 (CNGA3)	778,668,824,685
1258 (CNGB1)	778,549,824,566
1260 (CNGA2)	778,549,824,566
1262 (CNGA4)	778,549,824,566
5592 (PRKG1)	377,624,423,641
5593 (PRKG2)	377,624,423,641
5138 (PDE2A)	472,686,518,703
83988 (NCALD)	488,348,531,365
5997 (RGS2)	700,461,746,478
hsa04740: Olfactory transduction	40,45,260,70
hsa04024: cAMP signaling pathway	446,212,579,237
hsa00230: Purine metabolism	279,695,381,720
