C00942 (3',5'-Cyclic GMP)	361,724,4
C00076 (Calcium cation)	548,191,4
C00238 (Potassium cation)	187,252,4
C01245 (D-myo-Inositol 1,4,5-trisphosphate)	513,161,4
C00076 (Calcium cation)	186,366,4
C00575 (3',5'-Cyclic AMP)	358,648,4
C00020 (AMP)	548,650,4
C00076 (Calcium cation)	186,388,4
C00076 (Calcium cation)	386,386,4
C00165 (Diacylglycerol)	520,322,4
C00187 (Cholesterol)	760,482,4
C01953 (Pregnenolone)	921,579,4
C00410 (Progesterone)	921,666,4
C03205 (11-Deoxycorticosterone)	921,736,4
C01780 (Aldosterone)	721,817,4
C00076 (Calcium cation)	186,435,4
C00004 (NADH)	649,617,4
C00003 (NAD+)	695,617,4
C00005 (NADPH)	695,654,4
C00006 (NADP+)	649,651,4
C00219 (Arachidonate)	622,322,4
C14777 (12(S)-HETE)	693,322,4
C14822 (12(R)-HETE)	693,322,4
C01124 (18-Hydroxycorticosterone)	781,817,4
C02140 (Corticosterone)	842,817,4
C00238 (Potassium cation)	187,284,4
C00238 (Potassium cation)	187,314,4
C01330 (Sodium cation)	294,322,4
C00076 (Calcium cation)	298,465,4
3708 (ITPR1)	578,184,624,201
3709 (ITPR2)	578,184,624,201
3710 (ITPR3)	578,184,624,201
3777 (KCNK3)	221,243,267,260
51305 (KCNK9)	221,243,267,260
23236 (PLCB1)	397,152,443,169
5330 (PLCB2)	397,152,443,169
5331 (PLCB3)	397,152,443,169
5332 (PLCB4)	397,152,443,169
775 (CACNA1C)	221,381,267,398
776 (CACNA1D)	221,381,267,398
778 (CACNA1F)	221,381,267,398
779 (CACNA1S)	221,381,267,398
2767 (GNA11)	307,152,353,169
2776 (GNAQ)	307,152,353,169
8911 (CACNA1I)	221,357,267,374
8912 (CACNA1H)	221,357,267,374
8913 (CACNA1G)	221,357,267,374
10488 (CREB3)	777,326,823,343
1385 (CREB1)	777,326,823,343
1386 (ATF2)	777,326,823,343
1388 (ATF6B)	777,326,823,343
148327 (CREB3L4)	777,326,823,343
468 (ATF4)	777,326,823,343
64764 (CREB3L2)	777,326,823,343
84699 (CREB3L3)	777,326,823,343
90993 (CREB3L1)	777,326,823,343
9586 (CREB5)	777,326,823,343
107 (ADCY1)	221,638,267,655
108 (ADCY2)	221,638,267,655
109 (ADCY3)	221,638,267,655
111 (ADCY5)	221,638,267,655
112 (ADCY6)	221,638,267,655
113 (ADCY7)	221,638,267,655
114 (ADCY8)	221,638,267,655
115 (ADCY9)	221,638,267,655
196883 (ADCY4)	221,638,267,655
5138 (PDE2A)	411,653,457,670
163688 (CALML6)	576,378,622,395
51806 (CALML5)	576,378,622,395
801 (CALM1)	576,378,622,395
805 (CALM2)	576,378,622,395
808 (CALM3)	576,378,622,395
810 (CALML3)	576,378,622,395
91860 (CALML4)	576,378,622,395
185 (AGTR1)	221,152,267,169
4158 (MC2R)	221,570,267,587
2778 (GNAS)	318,570,364,587
5578 (PRKCA)	571,259,617,276
5579 (PRKCB)	571,259,617,276
5581 (PRKCE)	571,259,617,276
5582 (PRKCG)	571,259,617,276
23683 (PRKD3)	667,259,713,276
25865 (PRKD2)	667,259,713,276
5587 (PRKD1)	667,259,713,276
57118 (CAMK1D)	662,378,708,395
57172 (CAMK1G)	662,378,708,395
814 (CAMK4)	662,378,708,395
815 (CAMK2A)	662,378,708,395
816 (CAMK2B)	662,378,708,395
817 (CAMK2D)	662,378,708,395
818 (CAMK2G)	662,378,708,395
8536 (CAMK1)	662,378,708,395
4929 (NR4A2)	776,409,822,426
3164 (NR4A1)	776,432,822,449
1585 (CYP11B2)	973,321,1019,338
6770 (STAR)	973,343,1019,360
4881 (NPR1)	221,715,267,732
6770 (STAR)	737,549,783,566
3283 (HSD3B1)	925,608,971,625
3284 (HSD3B2)	925,608,971,625
1585 (CYP11B2)	779,779,825,796
5566 (PRKACA)	461,547,507,564
5567 (PRKACB)	461,547,507,564
5568 (PRKACG)	461,547,507,564
84876 (ORAI1)	221,426,267,443
221955 (DAGLB)	551,329,597,346
747 (DAGLA)	551,329,597,346
3949 (LDLR)	221,496,267,513
949 (SCARB1)	221,530,267,547
3991 (LIPE)	554,443,600,460
466 (ATF1)	777,343,823,360
4929 (NR4A2)	973,371,1019,388
3164 (NR4A1)	973,394,1019,411
1583 (CYP11A1)	788,581,834,598
1589 (CYP21A2)	925,692,971,709
3762 (KCNJ5)	221,275,267,292
23439 (ATP1B4)	221,310,267,327
476 (ATP1A1)	221,310,267,327
477 (ATP1A2)	221,310,267,327
478 (ATP1A3)	221,310,267,327
480 (ATP1A4)	221,310,267,327
481 (ATP1B1)	221,310,267,327
482 (ATP1B2)	221,310,267,327
483 (ATP1B3)	221,310,267,327
490 (ATP2B1)	221,456,267,473
491 (ATP2B2)	221,456,267,473
492 (ATP2B3)	221,456,267,473
493 (ATP2B4)	221,456,267,473
5443 (POMC)	124,570,170,587
183 (AGT)	124,152,170,169
4878 (NPPA)	124,715,170,732
hsa04925: Aldosterone synthesis and secretion	40,45,383,70
hsa04020: Calcium signaling pathway	389,342,514,376
hsa04022: cGMP-PKG signaling pathway	292,752,417,786
hsa04024: cAMP signaling pathway	428,603,553,637
hsa04614: Renin-angiotensin system	92,109,217,143
hsa04960: Aldosterone-regulated sodium reabsorption	66,800,191,834
hsa00140: Steroid hormone biosynthesis	725,639,850,673
hsa00590: Arachidonic acid metabolism	604,334,729,368
