C01245 (D-myo-Inositol 1,4,5-trisphosphate)	417,298,4
C00165 (Diacylglycerol)	416,352,4
C00076 (Calcium cation)	516,130,4
C00219 (Arachidonate)	384,264,4
C14748 (20-HETE)	384,204,4
C00238 (Potassium cation)	140,180,4
C00533 (Nitric oxide)	116,713,4
C00575 (3',5'-Cyclic AMP)	397,483,4
C00942 (3',5'-Cyclic GMP)	347,661,4
C00076 (Calcium cation)	511,580,4
C00238 (Potassium cation)	144,602,4
C00076 (Calcium cation)	264,546,4
C00212 (Adenosine)	116,445,4
C01312 (Prostaglandin I2)	116,476,4
C00547 (L-Noradrenaline)	116,260,4
C14771 (14,15-EET)	116,568,4
C14770 (11,12-EET)	116,568,4
C14769 (8,9-EET)	116,568,4
C14768 (5,6-EET)	116,568,4
340156 (MYLK4)	685,123,731,140
4638 (MYLK)	685,123,731,140
85366 (MYLK2)	685,123,731,140
91807 (MYLK3)	685,123,731,140
10398 (MYL9)	778,229,824,246
140465 (MYL6B)	778,229,824,246
4637 (MYL6)	778,229,824,246
4659 (PPP1R12A)	685,350,731,367
4660 (PPP1R12B)	685,350,731,367
54776 (PPP1R12C)	685,350,731,367
5499 (PPP1CA)	685,350,731,367
5500 (PPP1CB)	685,350,731,367
5501 (PPP1CC)	685,350,731,367
6093 (ROCK1)	518,412,564,429
9475 (ROCK2)	518,412,564,429
5578 (PRKCA)	451,345,497,362
5579 (PRKCB)	451,345,497,362
5580 (PRKCD)	451,345,497,362
5581 (PRKCE)	451,345,497,362
5582 (PRKCG)	451,345,497,362
5583 (PRKCH)	451,345,497,362
5588 (PRKCQ)	451,345,497,362
387 (RHOA)	427,412,473,429
23365 (ARHGEF12)	339,412,385,429
9138 (ARHGEF1)	339,412,385,429
9826 (ARHGEF11)	339,412,385,429
59 (ACTA2)	777,299,823,316
72 (ACTG2)	777,299,823,316
146 (ADRA1D)	168,273,214,290
147 (ADRA1B)	168,273,214,290
148 (ADRA1A)	168,273,214,290
2767 (GNA11)	251,311,297,328
2776 (GNAQ)	251,311,297,328
10672 (GNA13)	261,390,307,407
2768 (GNA12)	261,390,307,407
23236 (PLCB1)	336,310,382,327
5330 (PLCB2)	336,310,382,327
5331 (PLCB3)	336,310,382,327
5332 (PLCB4)	336,310,382,327
3708 (ITPR1)	541,219,587,236
3709 (ITPR2)	541,219,587,236
3710 (ITPR3)	541,219,587,236
163688 (CALML6)	581,123,627,140
51806 (CALML5)	581,123,627,140
801 (CALM1)	581,123,627,140
805 (CALM2)	581,123,627,140
808 (CALM3)	581,123,627,140
810 (CALML3)	581,123,627,140
91860 (CALML4)	581,123,627,140
775 (CACNA1C)	169,115,215,132
776 (CACNA1D)	169,115,215,132
778 (CACNA1F)	169,115,215,132
779 (CACNA1S)	169,115,215,132
94274 (PPP1R14A)	562,345,608,362
4659 (PPP1R12A)	685,651,731,668
4660 (PPP1R12B)	685,651,731,668
54776 (PPP1R12C)	685,651,731,668
5499 (PPP1CA)	685,651,731,668
5500 (PPP1CB)	685,651,731,668
5501 (PPP1CC)	685,651,731,668
10398 (MYL9)	775,571,821,588
140465 (MYL6B)	775,571,821,588
4637 (MYL6)	775,571,821,588
59 (ACTA2)	774,636,820,653
72 (ACTG2)	774,636,820,653
10242 (KCNMB2)	169,171,215,188
157855 (KCNU1)	169,171,215,188
27094 (KCNMB3)	169,171,215,188
27345 (KCNMB4)	169,171,215,188
3778 (KCNMA1)	169,171,215,188
3779 (KCNMB1)	169,171,215,188
1579 (CYP4A11)	388,233,434,250
284541 (CYP4A22)	388,233,434,250
100137049 (PLA2G4B)	296,257,342,274
123745 (PLA2G4E)	296,257,342,274
255189 (PLA2G4F)	296,257,342,274
26279 (PLA2G2D)	296,257,342,274
283748 (PLA2G4D)	296,257,342,274
30814 (PLA2G2E)	296,257,342,274
391013 (PLA2G2C)	296,257,342,274
50487 (PLA2G3)	296,257,342,274
5319 (PLA2G1B)	296,257,342,274
5320 (PLA2G2A)	296,257,342,274
5321 (PLA2G4A)	296,257,342,274
5322 (PLA2G5)	296,257,342,274
64600 (PLA2G2F)	296,257,342,274
81579 (PLA2G12A)	296,257,342,274
8398 (PLA2G6)	296,257,342,274
8399 (PLA2G10)	296,257,342,274
84647 (PLA2G12B)	296,257,342,274
8605 (PLA2G4C)	296,257,342,274
8681 (JMJD7-PLA2G4B)	296,257,342,274
800 (CALD1)	679,299,725,316
369 (ARAF)	461,299,507,316
5894 (RAF1)	461,299,507,316
673 (BRAF)	461,299,507,316
5604 (MAP2K1)	534,299,580,316
5605 (MAP2K2)	534,299,580,316
5594 (MAPK1)	607,299,653,316
5595 (MAPK3)	607,299,653,316
135 (ADORA2A)	168,450,214,467
136 (ADORA2B)	168,450,214,467
4881 (NPR1)	168,640,214,657
107 (ADCY1)	319,475,365,492
108 (ADCY2)	319,475,365,492
109 (ADCY3)	319,475,365,492
111 (ADCY5)	319,475,365,492
112 (ADCY6)	319,475,365,492
113 (ADCY7)	319,475,365,492
114 (ADCY8)	319,475,365,492
115 (ADCY9)	319,475,365,492
196883 (ADCY4)	319,475,365,492
5566 (PRKACA)	423,475,469,492
5567 (PRKACB)	423,475,469,492
5568 (PRKACG)	423,475,469,492
5592 (PRKG1)	418,651,464,668
2977 (GUCY1A2)	255,705,301,722
2982 (GUCY1A1)	255,705,301,722
2983 (GUCY1B1)	255,705,301,722
340156 (MYLK4)	685,477,731,494
4638 (MYLK)	685,477,731,494
85366 (MYLK2)	685,477,731,494
91807 (MYLK3)	685,477,731,494
3708 (ITPR1)	541,573,587,590
3709 (ITPR2)	541,573,587,590
3710 (ITPR3)	541,573,587,590
10242 (KCNMB2)	169,595,215,612
157855 (KCNU1)	169,595,215,612
27094 (KCNMB3)	169,595,215,612
27345 (KCNMB4)	169,595,215,612
3778 (KCNMA1)	169,595,215,612
3779 (KCNMB1)	169,595,215,612
775 (CACNA1C)	169,538,215,555
776 (CACNA1D)	169,538,215,555
778 (CACNA1F)	169,538,215,555
779 (CACNA1S)	169,538,215,555
2778 (GNAS)	243,475,289,492
4882 (NPR2)	168,663,214,680
185 (AGTR1)	168,296,214,313
1909 (EDNRA)	169,321,215,338
552 (AVPR1A)	169,345,215,362
553 (AVPR1B)	169,345,215,362
5739 (PTGIR)	168,475,214,492
10203 (CALCRL)	168,500,214,517
10266 (RAMP2)	168,500,214,517
10267 (RAMP1)	168,500,214,517
10268 (RAMP3)	168,500,214,517
4629 (MYH11)	778,246,824,263
4629 (MYH11)	775,588,821,605
10335 (MRVI1)	483,613,529,630
183 (AGT)	70,288,116,305
551 (AVP)	70,359,116,376
4878 (NPPA)	70,616,116,633
4879 (NPPB)	70,643,116,660
4880 (NPPC)	70,672,116,689
1906 (EDN1)	70,325,116,342
1907 (EDN2)	70,325,116,342
1908 (EDN3)	70,325,116,342
796 (CALCA)	70,492,116,509
797 (CALCB)	70,492,116,509
133 (ADM)	70,519,116,536
hsa04020: Calcium signaling pathway	491,158,602,192
hsa04270: Vascular smooth muscle contraction	40,45,386,70
hsa00590: Arachidonic acid metabolism	231,215,342,249
