G00181 (Disialosylglobopentaosylceramide)	220,525,4
G00096 (IV3GalNAcb-Gb4Cer)	219,344,4
G00099 (Globo-H)	220,435,4
G00100 (V3(NeuAc)2-Gb5Cer)	333,616,4
G00101	445,525,4
G00098 (Monosialylgalactosylgloboside)	333,525,4
G00097 (Galactosylgloboside)	333,435,4
G00104	668,435,4
G00103	557,435,4
G00102	445,435,4
G00106	108,344,4
G00105 (GalGb3Cer)	108,292,4
G00094 (Globoside)	333,250,4
G00095 (Forssman antigen	445,250,4
IV3GalNAca-Gb4Cer)	445,250,4
G00093 (Globotriaosylceramide)	221,250,4
G00092 (Lactosylceramide)	108,250,4
G00403 (iGb3-Cer)	221,162,4
G00392 (iGb4-Cer)	333,162,4
G02977	445,162,4
G00107	108,434,4
G11492 (IV4-alpha-Gal-Gb4Cer)	445,292,4
G13080 (NORint)	555,292,4
G13081 (NOR2 antigen)	666,292,4
6482 (ST3GAL1)	310,470,356,487
6483 (ST3GAL2)	310,470,356,487
10317 (B3GALT5)	311,350,357,367
4668 (NAGA)	364,255,410,272
53947 (A4GALT)	139,241,185,258
3073 (HEXA)	251,256,297,273
3074 (HEXB)	251,256,297,273
6489 (ST8SIA1)	311,563,357,580
10690 (FUT9)	585,425,631,442
2523 (FUT1)	251,425,297,442
2524 (FUT2)	251,425,297,442
2717 (GLA)	139,209,185,226
8706 (B3GALNT1)	251,228,297,245
26301 (GBGT1)	363,228,409,245
6489 (ST8SIA1)	77,733,107,733,107,737,77,737
2523 (FUT1)	188,766,203,751,207,751,192,766
2524 (FUT2)	188,766,203,751,207,751,192,766
26301 (GBGT1)	235,683,265,683,265,687,235,687
10317 (B3GALT5)	234,727,264,697,268,697,238,727
53947 (A4GALT)	393,683,423,683,423,687,393,687
6482 (ST3GAL1)	171,733,201,733,201,737,171,737
6483 (ST3GAL2)	171,733,201,733,201,737,171,737
8706 (B3GALNT1)	322,683,352,683,352,687,322,687
10690 (FUT9)	166,656,181,641,185,641,170,656
127550 (A3GALT2)	139,154,185,171
8706 (B3GALNT1)	251,154,297,171
26301 (GBGT1)	363,153,409,170
8706 (B3GALNT1)	322,898,352,898,352,902,322,902
26301 (GBGT1)	235,898,265,898,265,902,235,902
127550 (A3GALT2)	393,899,423,899,423,903,393,903
53947 (A4GALT)	365,283,411,300
8706 (B3GALNT1)	474,283,520,300
53947 (A4GALT)	587,282,633,299
53947 (A4GALT)	302,698,302,729,306,729,306,698
8706 (B3GALNT1)	313,749,298,764,302,764,317,749
53947 (A4GALT)	275,818,275,788,279,788,279,818
hsa00600: Sphingolipid metabolism	68,100,145,134
hsa00603: Glycosphingolipid biosynthesis - globo and isoglobo series	40,45,537,70
