C00062 (L-Arginine)	404,443,4
C00533 (Nitric oxide)	504,443,4
C01245 (D-myo-Inositol 1,4,5-trisphosphate)	494,615,4
C00076 (Calcium cation)	543,615,4
C00575 (3',5'-Cyclic AMP)	494,674,4
C05981 (Phosphatidylinositol-3,4,5-trisphosphate)	433,721,4
7097 (TLR2)	268,293,314,310
7099 (TLR4)	268,188,314,205
3458 (IFNG)	210,411,256,428
811 (CALR)	111,540,157,557
718 (C3)	189,520,235,537
712 (C1QA)	189,540,235,557
713 (C1QB)	189,540,235,557
714 (C1QC)	189,540,235,557
54106 (TLR9)	350,350,396,367
4615 (MYD88)	428,293,474,310
3654 (IRAK1)	500,293,546,310
51135 (IRAK4)	500,293,546,310
7189 (TRAF6)	572,293,618,310
6416 (MAP2K4)	648,226,694,243
5599 (MAPK8)	715,226,761,243
5601 (MAPK9)	715,226,761,243
5602 (MAPK10)	715,226,761,243
1432 (MAPK14)	715,286,761,303
5600 (MAPK11)	715,286,761,303
5603 (MAPK13)	715,286,761,303
6300 (MAPK12)	715,286,761,303
5594 (MAPK1)	715,256,761,273
5595 (MAPK3)	715,256,761,273
2353 (FOS)	829,256,875,273
3725 (JUN)	829,256,875,273
7124 (TNF)	943,256,989,273
3592 (IL12A)	943,275,989,292
3593 (IL12B)	943,275,989,292
148022 (TICAM1)	428,188,474,205
3456 (IFNB1)	943,188,989,205
4792 (NFKBIA)	715,330,761,347
4790 (NFKB1)	715,367,761,384
5970 (RELA)	715,367,761,384
1147 (CHUK)	648,330,694,347
3551 (IKBKB)	648,330,694,347
8517 (IKBKG)	648,330,694,347
7124 (TNF)	210,430,256,447
3553 (IL1B)	943,368,989,385
3459 (IFNGR1)	268,411,314,428
3460 (IFNGR2)	268,411,314,428
4843 (NOS2)	428,419,474,436
7132 (TNFRSF1A)	268,430,314,447
7046 (TGFBR1)	267,787,313,804
7048 (TGFBR2)	267,771,313,788
4087 (SMAD2)	427,787,473,804
5054 (SERPINE1)	942,787,988,804
2770 (GNAI1)	331,632,377,649
2771 (GNAI2)	331,632,377,649
2773 (GNAI3)	331,632,377,649
2775 (GNAO1)	331,632,377,649
624 (BDKRB2)	270,581,316,598
2767 (GNA11)	331,581,377,598
2769 (GNA15)	331,581,377,598
2776 (GNAQ)	331,581,377,598
9630 (GNA14)	331,581,377,598
23236 (PLCB1)	405,606,451,623
5330 (PLCB2)	405,606,451,623
5331 (PLCB3)	405,606,451,623
5332 (PLCB4)	405,606,451,623
2774 (GNAL)	331,666,377,683
2778 (GNAS)	331,666,377,683
107 (ADCY1)	405,666,451,683
5290 (PIK3CA)	331,713,377,730
5291 (PIK3CB)	331,713,377,730
5293 (PIK3CD)	331,713,377,730
5295 (PIK3R1)	331,713,377,730
5296 (PIK3R2)	331,713,377,730
8503 (PIK3R3)	331,713,377,730
10000 (AKT3)	494,713,540,730
207 (AKT1)	494,713,540,730
208 (AKT2)	494,713,540,730
3586 (IL10)	943,502,989,519
7040 (TGFB1)	943,523,989,540
7042 (TGFB2)	943,523,989,540
7043 (TGFB3)	943,523,989,540
5515 (PPP2CA)	943,405,989,422
5516 (PPP2CB)	943,405,989,422
5518 (PPP2R1A)	943,405,989,422
5519 (PPP2R1B)	943,405,989,422
5520 (PPP2R2A)	943,405,989,422
5521 (PPP2R2B)	943,405,989,422
5522 (PPP2R2C)	943,405,989,422
55844 (PPP2R2D)	943,405,989,422
356 (FASLG)	210,863,256,880
7124 (TNF)	210,882,256,899
355 (FAS)	268,863,314,880
7132 (TNFRSF1A)	268,882,314,899
8772 (FADD)	362,872,408,889
841 (CASP8)	455,872,501,889
8837 (CFLAR)	455,835,501,852
3458 (IFNG)	210,928,256,945
3459 (IFNGR1)	268,928,314,945
3460 (IFNGR2)	268,928,314,945
6347 (CCL2)	943,232,989,249
3576 (CXCL8)	943,313,989,330
3569 (IL6)	943,294,989,311
414062 (CCL3L3)	943,332,989,349
6348 (CCL3)	943,332,989,349
6349 (CCL3L1)	943,332,989,349
356 (FASLG)	210,1132,256,1149
355 (FAS)	268,1132,314,1149
915 (CD3D)	268,1102,314,1119
916 (CD3E)	268,1102,314,1119
917 (CD3G)	268,1102,314,1119
919 (CD247)	268,1102,314,1119
841 (CASP8)	455,1113,501,1130
6352 (CCL5)	943,207,989,224
4792 (NFKBIA)	715,1113,761,1130
4790 (NFKB1)	715,1150,761,1167
5970 (RELA)	715,1150,761,1167
3558 (IL2)	942,1151,988,1168
10333 (TLR6)	268,310,314,327
3827 (KNG1)	204,581,250,598
1636 (ACE)	138,608,184,625
hsa04610: Complement and coagulation cascades	173,483,248,517
hsa04620: Toll-like receptor signaling pathway	384,218,485,252
hsa00330: Arginine and proline metabolism	478,391,584,425
hsa04350: TGF-beta signaling pathway	650,758,745,792
hsa04020: Calcium signaling pathway	406,559,501,593
hsa04070: Phosphatidylinositol signaling system	343,737,535,762
hsa04210: Apoptosis	601,945,696,970
map4670	1058,337,1176,362
hsa05142: Chagas disease (American trypanosomiasis)	40,45,191,70
