C04549 (1-Phosphatidyl-1D-myo-inositol 3-phosphate)	932,683,4
C01194 (1-Phosphatidyl-D-myo-inositol)	834,683,4
C05981 (Phosphatidylinositol-3,4,5-trisphosphate)	302,146,4
C00350 (Phosphatidylethanolamine)	735,983,4
C00350 (Phosphatidylethanolamine)	971,960,4
C00044 (GTP)	1003,151,4
C00035 (GDP)	932,151,4
3480 (IGF1R)	55,150,101,167
3630 (INS)	55,128,101,145
3667 (IRS1)	141,138,187,155
8471 (IRS4)	141,138,187,155
8660 (IRS2)	141,138,187,155
5290 (PIK3CA)	212,137,258,154
5291 (PIK3CB)	212,137,258,154
5293 (PIK3CD)	212,137,258,154
5295 (PIK3R1)	212,137,258,154
5296 (PIK3R2)	212,137,258,154
8503 (PIK3R3)	212,137,258,154
5728 (PTEN)	279,104,325,121
5170 (PDPK1)	345,138,391,155
10000 (AKT3)	433,138,479,155
207 (AKT1)	433,138,479,155
208 (AKT2)	433,138,479,155
22800 (RRAS2)	165,212,211,229
22808 (MRAS)	165,212,211,229
3265 (HRAS)	165,212,211,229
3845 (KRAS)	165,212,211,229
4893 (NRAS)	165,212,211,229
6237 (RRAS)	165,212,211,229
5894 (RAF1)	237,243,283,260
5604 (MAP2K1)	309,243,355,260
5605 (MAP2K2)	309,243,355,260
5594 (MAPK1)	381,242,427,259
5595 (MAPK3)	381,242,427,259
3091 (HIF1A)	151,315,197,332
54541 (DDIT4)	244,315,290,332
664 (BNIP3)	244,345,290,362
5580 (PRKCD)	151,368,197,385
7249 (TSC2)	433,298,479,315
7248 (TSC1)	433,315,479,332
6009 (RHEB)	515,307,561,324
57521 (RPTOR)	600,271,646,288
64798 (DEPTOR)	668,276,714,293
2475 (MTOR)	634,307,680,324
84335 (AKT1S1)	599,344,645,361
64223 (MLST8)	666,344,712,361
6198 (RPS6KB1)	715,185,761,202
6199 (RPS6KB2)	715,185,761,202
5515 (PPP2CA)	810,192,856,209
5516 (PPP2CB)	810,192,856,209
3476 (IGBP1)	754,256,800,273
8408 (ULK1)	810,307,856,324
9706 (ULK2)	810,307,856,324
9776 (ATG13)	810,369,856,386
9821 (RB1CC1)	916,369,962,386
60673 (ATG101)	884,339,930,356
23130 (ATG2A)	1041,307,1087,324
55102 (ATG2B)	1041,307,1087,324
26100 (WIPI2)	1041,342,1087,359
55062 (WIPI1)	1041,342,1087,359
10325 (RRAGB)	244,387,290,404
10670 (RRAGA)	244,387,290,404
58528 (RRAGD)	244,404,290,421
64121 (RRAGC)	244,404,290,421
6794 (STK11)	186,473,232,490
5562 (PRKAA1)	433,473,479,490
5563 (PRKAA2)	433,473,479,490
10645 (CAMKK2)	290,563,336,580
6885 (MAP3K7)	290,590,336,607
2081 (ERN1)	290,620,336,637
5599 (MAPK8)	434,590,480,607
5601 (MAPK9)	434,590,480,607
5602 (MAPK10)	434,590,480,607
5566 (PRKACA)	433,528,479,545
5567 (PRKACB)	433,528,479,545
5568 (PRKACG)	433,528,479,545
58476 (TP53INP2)	780,468,826,485
7189 (TRAF6)	715,488,761,505
55626 (AMBRA1)	680,539,726,556
3708 (ITPR1)	607,549,653,566
596 (BCL2)	637,580,683,597
598 (BCL2L1)	637,601,683,618
285973 (ATG9B)	907,432,953,449
79065 (ATG9A)	907,432,953,449
55578 (SUPT20H)	907,474,953,491
55014 (STX17)	905,507,951,524
441925 (BECN2)	780,590,826,607
8678 (BECN1)	780,590,826,607
30849 (PIK3R4)	780,633,826,650
29982 (NRBF2)	851,590,897,607
5289 (PIK3C3)	851,633,897,650
22863 (ATG14)	851,544,897,561
7405 (UVRAG)	936,544,982,561
51100 (SH3GLB1)	1007,544,1053,561
9711 (RUBCN)	936,600,982,617
53349 (ZFYVE1)	1007,692,1053,709
8897 (MTMR3)	869,725,915,742
9110 (MTMR4)	869,725,915,742
64419 (MTMR14)	945,725,991,742
572 (BAD)	570,633,616,650
3146 (HMGB1)	628,647,674,664
118471 (PRAP1)	128,700,174,717
9451 (EIF2AK3)	290,707,336,724
440275 (EIF2AK4)	382,717,428,734
1612 (DAPK1)	434,677,480,694
1613 (DAPK3)	434,677,480,694
23604 (DAPK2)	434,677,480,694
1965 (EIF2S1)	382,808,428,825
9140 (ATG12)	517,808,563,825
9474 (ATG5)	749,799,795,816
83452 (RAB33B)	994,750,1040,767
9140 (ATG12)	954,808,1000,825
9140 (ATG12)	749,816,795,833
9474 (ATG5)	1000,808,1046,825
9474 (ATG5)	665,845,711,862
10533 (ATG7)	567,877,613,894
83734 (ATG10)	614,855,660,872
55054 (ATG16L1)	846,845,892,862
89849 (ATG16L2)	846,845,892,862
8837 (CFLAR)	624,898,670,915
64422 (ATG3)	687,898,733,915
5588 (PRKCQ)	362,901,408,918
11337 (GABARAP)	433,952,479,969
11345 (GABARAPL2)	433,952,479,969
23710 (GABARAPL1)	433,952,479,969
115201 (ATG4A)	476,1000,522,1017
23192 (ATG4B)	476,1000,522,1017
84938 (ATG4C)	476,1000,522,1017
84971 (ATG4D)	476,1000,522,1017
3916 (LAMP1)	925,1083,971,1100
3920 (LAMP2)	925,1083,971,1100
338382 (RAB7B)	925,1053,971,1070
7879 (RAB7A)	925,1053,971,1070
8673 (VAMP8)	925,1152,971,1169
55014 (STX17)	972,1113,1018,1130
22863 (ATG14)	1049,1113,1095,1130
55054 (ATG16L1)	1046,808,1092,825
89849 (ATG16L2)	1046,808,1092,825
11337 (GABARAP)	907,952,953,969
11345 (GABARAPL2)	907,952,953,969
23710 (GABARAPL1)	907,952,953,969
9342 (SNAP29)	972,1130,1018,1147
1509 (CTSD)	760,1230,806,1247
1514 (CTSL)	760,1260,806,1277
1508 (CTSB)	760,1290,806,1307
81671 (VMP1)	780,515,826,532
203228 (C9orf72)	969,236,1015,253
5861 (RAB1A)	1040,236,1086,253
55255 (WDR41)	923,227,969,244
140775 (SMCR8)	923,244,969,261
116442 (RAB39B)	909,165,955,182
4218 (RAB8A)	909,165,955,182
116442 (RAB39B)	981,165,1027,182
4218 (RAB8A)	981,165,1027,182
8878 (SQSTM1)	1052,165,1098,182
29110 (TBK1)	857,221,903,238
10010 (TANK)	857,238,903,255
hsa04140: Autophagy - animal	40,45,240,70
hsa04910: Insulin signaling pathway	183,163,293,203
hsa04010: MAPK signaling pathway	236,264,346,304
hsa04150: mTOR signaling pathway	600,219,710,259
hsa04141: Protein processing in endoplasmic reticulum	55,519,165,559
hsa04152: AMPK signaling pathway	311,429,421,469
hsa04142: Lysosome	736,1130,846,1170
