C05606 (Melanin)	551,657,4
C00082 (L-Tyrosine)	357,656,4
C00076 (Calcium cation)	443,429,4
C01245 (D-myo-Inositol 1,4,5-trisphosphate)	342,429,4
C00165 (Diacylglycerol)	342,476,4
C00575 (3',5'-Cyclic AMP)	222,189,4
1855 (DVL1)	314,266,360,283
1856 (DVL2)	314,266,360,283
1857 (DVL3)	314,266,360,283
1638 (DCT)	487,582,533,599
7306 (TYRP1)	429,582,475,599
7299 (TYR)	372,582,418,599
4286 (MITF)	509,319,555,336
1638 (DCT)	779,416,825,433
7306 (TYRP1)	779,394,825,411
7299 (TYR)	779,371,825,388
5566 (PRKACA)	466,468,512,485
5567 (PRKACB)	466,468,512,485
5568 (PRKACG)	466,468,512,485
815 (CAMK2A)	548,421,594,438
816 (CAMK2B)	548,421,594,438
817 (CAMK2D)	548,421,594,438
818 (CAMK2G)	548,421,594,438
163688 (CALML6)	475,421,521,438
51806 (CALML5)	475,421,521,438
801 (CALM1)	475,421,521,438
805 (CALM2)	475,421,521,438
808 (CALM3)	475,421,521,438
810 (CALML3)	475,421,521,438
91860 (CALML4)	475,421,521,438
2770 (GNAI1)	190,443,236,460
2771 (GNAI2)	190,443,236,460
2773 (GNAI3)	190,443,236,460
2775 (GNAO1)	190,443,236,460
1910 (EDNRB)	116,443,162,460
3815 (KIT)	116,354,162,371
4286 (MITF)	779,226,825,243
4254 (KITLG)	43,354,89,371
11211 (FZD10)	116,266,162,283
2535 (FZD2)	116,266,162,283
7855 (FZD5)	116,266,162,283
7976 (FZD3)	116,266,162,283
8321 (FZD1)	116,266,162,283
8322 (FZD4)	116,266,162,283
8323 (FZD6)	116,266,162,283
8324 (FZD7)	116,266,162,283
8325 (FZD8)	116,266,162,283
8326 (FZD9)	116,266,162,283
23236 (PLCB1)	262,443,308,460
5330 (PLCB2)	262,443,308,460
5331 (PLCB3)	262,443,308,460
5332 (PLCB4)	262,443,308,460
434 (ASIP)	43,158,89,175
1387 (CREBBP)	658,198,704,215
2033 (EP300)	658,198,704,215
5566 (PRKACA)	267,180,313,197
5567 (PRKACB)	267,180,313,197
5568 (PRKACG)	267,180,313,197
51176 (LEF1)	658,265,704,282
6932 (TCF7)	658,265,704,282
6934 (TCF7L2)	658,265,704,282
83439 (TCF7L1)	658,265,704,282
2778 (GNAS)	198,124,244,141
5579 (PRKCB)	302,537,348,554
10488 (CREB3)	658,181,704,198
1385 (CREB1)	658,181,704,198
148327 (CREB3L4)	658,181,704,198
64764 (CREB3L2)	658,181,704,198
84699 (CREB3L3)	658,181,704,198
90993 (CREB3L1)	658,181,704,198
107 (ADCY1)	116,179,162,196
108 (ADCY2)	116,179,162,196
109 (ADCY3)	116,179,162,196
111 (ADCY5)	116,179,162,196
112 (ADCY6)	116,179,162,196
113 (ADCY7)	116,179,162,196
114 (ADCY8)	116,179,162,196
115 (ADCY9)	116,179,162,196
196883 (ADCY4)	116,179,162,196
5578 (PRKCA)	384,468,430,485
5579 (PRKCB)	384,468,430,485
5582 (PRKCG)	384,468,430,485
2932 (GSK3B)	413,266,459,283
1499 (CTNNB1)	512,266,558,283
5443 (POMC)	43,124,89,141
2775 (GNAO1)	215,266,261,283
2776 (GNAQ)	215,266,261,283
4157 (MC1R)	116,124,162,141
51384 (WNT16)	43,266,89,283
54361 (WNT4)	43,266,89,283
7471 (WNT1)	43,266,89,283
7472 (WNT2)	43,266,89,283
7473 (WNT3)	43,266,89,283
7474 (WNT5A)	43,266,89,283
7475 (WNT6)	43,266,89,283
7476 (WNT7A)	43,266,89,283
7477 (WNT7B)	43,266,89,283
7478 (WNT8A)	43,266,89,283
7479 (WNT8B)	43,266,89,283
7480 (WNT10B)	43,266,89,283
7481 (WNT11)	43,266,89,283
7482 (WNT2B)	43,266,89,283
7483 (WNT9A)	43,266,89,283
7484 (WNT9B)	43,266,89,283
80326 (WNT10A)	43,266,89,283
81029 (WNT5B)	43,266,89,283
89780 (WNT3A)	43,266,89,283
5594 (MAPK1)	433,354,479,371
5595 (MAPK3)	433,354,479,371
5604 (MAP2K1)	353,354,399,371
5605 (MAP2K2)	353,354,399,371
5894 (RAF1)	274,354,320,371
3265 (HRAS)	194,354,240,371
3845 (KRAS)	194,354,240,371
4893 (NRAS)	194,354,240,371
1906 (EDN1)	43,443,89,460
hsa04916: Melanogenesis	40,45,181,70
hsa04310: Wnt signaling pathway	266,222,375,256
hsa00350: Tyrosine metabolism	398,640,507,674
hsa05218: Melanoma	640,353,732,378
hsa04010: MAPK signaling pathway	264,312,374,346
