C00076 (Calcium cation)	598,590,4
C00165 (Diacylglycerol)	515,491,4
C01245 (D-myo-Inositol 1,4,5-trisphosphate)	515,563,4
C00575 (3',5'-Cyclic AMP)	591,831,4
C00219 (Arachidonate)	771,86,4
C00427 (Prostaglandin H2)	860,86,4
C00639 (Prostaglandin F2alpha)	919,62,4
C00584 (Prostaglandin E2)	919,110,4
C00533 (Nitric oxide)	915,591,4
C00942 (3',5'-Cyclic GMP)	1049,592,4
C00076 (Calcium cation)	191,591,4
C00942 (3',5'-Cyclic GMP)	323,759,4
C00639 (Prostaglandin F2alpha)	150,177,4
C00584 (Prostaglandin E2)	193,177,4
C13050 (Cyclic ADP-ribose)	340,408,4
C00076 (Calcium cation)	326,371,4
C00076 (Calcium cation)	423,372,4
C00238 (Potassium cation)	314,836,4
C00238 (Potassium cation)	308,463,4
2776 (GNAQ)	325,504,371,521
340156 (MYLK4)	738,658,784,675
4638 (MYLK)	738,658,784,675
85366 (MYLK2)	738,658,784,675
91807 (MYLK3)	738,658,784,675
3708 (ITPR1)	576,633,622,650
3709 (ITPR2)	576,633,622,650
3710 (ITPR3)	576,633,622,650
163688 (CALML6)	654,583,700,600
51806 (CALML5)	654,583,700,600
801 (CALM1)	654,583,700,600
805 (CALM2)	654,583,700,600
808 (CALM3)	654,583,700,600
810 (CALML3)	654,583,700,600
91860 (CALML4)	654,583,700,600
107 (ADCY1)	509,822,555,839
108 (ADCY2)	509,822,555,839
109 (ADCY3)	509,822,555,839
111 (ADCY5)	509,822,555,839
112 (ADCY6)	509,822,555,839
113 (ADCY7)	509,822,555,839
114 (ADCY8)	509,822,555,839
115 (ADCY9)	509,822,555,839
196883 (ADCY4)	509,822,555,839
5566 (PRKACA)	634,822,680,839
5567 (PRKACB)	634,822,680,839
5568 (PRKACG)	634,822,680,839
2778 (GNAS)	423,822,469,839
5021 (OXTR)	235,504,281,521
5020 (OXT)	162,504,208,521
23236 (PLCB1)	410,504,456,521
5330 (PLCB2)	410,504,456,521
5331 (PLCB3)	410,504,456,521
5332 (PLCB4)	410,504,456,521
5578 (PRKCA)	655,484,701,501
5579 (PRKCB)	655,484,701,501
5582 (PRKCG)	655,484,701,501
3265 (HRAS)	388,234,434,251
3845 (KRAS)	388,234,434,251
4893 (NRAS)	388,234,434,251
5894 (RAF1)	476,234,522,251
5604 (MAP2K1)	561,234,607,251
5605 (MAP2K2)	561,234,607,251
5594 (MAPK1)	647,234,693,251
5595 (MAPK3)	647,234,693,251
100137049 (PLA2G4B)	681,78,727,95
123745 (PLA2G4E)	681,78,727,95
255189 (PLA2G4F)	681,78,727,95
283748 (PLA2G4D)	681,78,727,95
5321 (PLA2G4A)	681,78,727,95
8605 (PLA2G4C)	681,78,727,95
8681 (JMJD7-PLA2G4B)	681,78,727,95
29904 (EEF2K)	770,457,816,474
1938 (EEF2)	904,484,950,501
57118 (CAMK1D)	738,583,784,600
57172 (CAMK1G)	738,583,784,600
814 (CAMK4)	738,583,784,600
815 (CAMK2A)	738,583,784,600
816 (CAMK2B)	738,583,784,600
817 (CAMK2D)	738,583,784,600
818 (CAMK2G)	738,583,784,600
8536 (CAMK1)	738,583,784,600
4846 (NOS3)	825,583,871,600
2977 (GUCY1A2)	959,583,1005,600
2982 (GUCY1A1)	959,583,1005,600
2983 (GUCY1B1)	959,583,1005,600
10398 (MYL9)	938,739,984,756
140465 (MYL6B)	938,739,984,756
4637 (MYL6)	938,739,984,756
60 (ACTB)	980,712,1026,729
71 (ACTG1)	980,712,1026,729
387 (RHOA)	423,786,469,803
6093 (ROCK1)	573,786,619,803
9475 (ROCK2)	573,786,619,803
4659 (PPP1R12A)	736,786,782,803
4660 (PPP1R12B)	736,786,782,803
54776 (PPP1R12C)	736,786,782,803
5499 (PPP1CA)	736,786,782,803
5500 (PPP1CB)	736,786,782,803
5501 (PPP1CC)	736,786,782,803
5743 (PTGS2)	1065,212,1111,229
5743 (PTGS2)	795,93,841,110
10368 (CACNG3)	235,584,281,601
10369 (CACNG2)	235,584,281,601
27091 (CACNG5)	235,584,281,601
27092 (CACNG4)	235,584,281,601
55799 (CACNA2D3)	235,584,281,601
59283 (CACNG8)	235,584,281,601
59284 (CACNG7)	235,584,281,601
59285 (CACNG6)	235,584,281,601
775 (CACNA1C)	235,584,281,601
776 (CACNA1D)	235,584,281,601
778 (CACNA1F)	235,584,281,601
779 (CACNA1S)	235,584,281,601
781 (CACNA2D1)	235,584,281,601
782 (CACNB1)	235,584,281,601
783 (CACNB2)	235,584,281,601
784 (CACNB3)	235,584,281,601
785 (CACNB4)	235,584,281,601
786 (CACNG1)	235,584,281,601
9254 (CACNA2D2)	235,584,281,601
93589 (CACNA2D4)	235,584,281,601
4881 (NPR1)	235,749,281,766
4882 (NPR2)	235,749,281,766
10645 (CAMKK2)	738,538,784,555
51422 (PRKAG2)	824,538,870,555
53632 (PRKAG3)	824,538,870,555
5562 (PRKAA1)	824,538,870,555
5563 (PRKAA2)	824,538,870,555
5564 (PRKAB1)	824,538,870,555
5565 (PRKAB2)	824,538,870,555
5571 (PRKAG1)	824,538,870,555
5607 (MAP2K5)	435,279,481,296
5598 (MAPK7)	630,280,676,297
5530 (PPP3CA)	748,364,794,381
5532 (PPP3CB)	748,364,794,381
5533 (PPP3CC)	748,364,794,381
5534 (PPP3R1)	748,364,794,381
5535 (PPP3R2)	748,364,794,381
4772 (NFATC1)	835,364,881,381
4773 (NFATC2)	835,364,881,381
4775 (NFATC3)	835,364,881,381
4776 (NFATC4)	835,364,881,381
5997 (RGS2)	1068,364,1114,381
1827 (RCAN1)	1068,389,1114,406
5743 (PTGS2)	1068,339,1114,356
3725 (JUN)	1065,235,1111,252
2353 (FOS)	1065,259,1111,276
4208 (MEF2C)	1123,212,1169,229
595 (CCND1)	1123,235,1169,252
2002 (ELK1)	1123,259,1169,276
6261 (RYR1)	632,633,678,650
6262 (RYR2)	632,633,678,650
6263 (RYR3)	632,633,678,650
952 (CD38)	235,400,281,417
7226 (TRPM2)	235,362,281,379
6261 (RYR1)	452,363,498,380
6262 (RYR2)	452,363,498,380
6263 (RYR3)	452,363,498,380
2770 (GNAI1)	423,872,469,889
2771 (GNAI2)	423,872,469,889
2773 (GNAI3)	423,872,469,889
2775 (GNAO1)	423,872,469,889
23236 (PLCB1)	531,861,577,878
5330 (PLCB2)	531,861,577,878
5331 (PLCB3)	531,861,577,878
5332 (PLCB4)	531,861,577,878
146850 (PIK3R6)	531,885,577,902
23533 (PIK3R5)	531,885,577,902
5294 (PIK3CG)	531,885,577,902
6714 (SRC)	531,908,577,925
1956 (EGFR)	235,931,281,948
5594 (MAPK1)	883,931,929,948
5595 (MAPK3)	883,931,929,948
1026 (CDKN1A)	1067,931,1113,948
3760 (KCNJ3)	235,828,281,845
3762 (KCNJ5)	235,828,281,845
3763 (KCNJ6)	235,828,281,845
3765 (KCNJ9)	235,828,281,845
3759 (KCNJ2)	235,454,281,471
3761 (KCNJ4)	235,454,281,471
3768 (KCNJ12)	235,454,281,471
3770 (KCNJ14)	235,454,281,471
4878 (NPPA)	419,646,465,663
hsa04010: MAPK signaling pathway	458,193,569,227
hsa04921: Oxytocin signaling pathway	40,45,309,70
hsa04020: Calcium signaling pathway	572,706,683,740
hsa00590: Arachidonic acid metabolism	702,119,813,153
hsa04110: Cell cycle	1115,899,1207,924
