C00076 (Calcium cation)	509,353,4
C00238 (Potassium cation)	186,331,4
C01245 (D-myo-Inositol 1,4,5-trisphosphate)	516,323,4
C00076 (Calcium cation)	186,436,4
C00575 (3',5'-Cyclic AMP)	359,214,4
C00020 (AMP)	549,214,4
C00076 (Calcium cation)	186,458,4
C00076 (Calcium cation)	386,456,4
C00187 (Cholesterol)	761,503,4
C01953 (Pregnenolone)	921,579,4
C00410 (Progesterone)	921,666,4
C05488 (11-Deoxycortisol)	921,736,4
C00076 (Calcium cation)	186,505,4
C00735 (Cortisol)	723,817,4
C00238 (Potassium cation)	302,565,4
C00238 (Potassium cation)	303,607,4
C05488 (11-Deoxycortisol)	846,736,4
C05138 (17alpha-Hydroxypregnenolone)	1005,579,4
C01176 (17alpha-Hydroxyprogesterone)	1005,666,4
3708 (ITPR1)	539,346,585,363
3709 (ITPR2)	539,346,585,363
3710 (ITPR3)	539,346,585,363
23236 (PLCB1)	456,281,502,298
5330 (PLCB2)	456,281,502,298
5331 (PLCB3)	456,281,502,298
5332 (PLCB4)	456,281,502,298
775 (CACNA1C)	221,451,267,468
776 (CACNA1D)	221,451,267,468
778 (CACNA1F)	221,451,267,468
779 (CACNA1S)	221,451,267,468
2767 (GNA11)	373,281,419,298
2776 (GNAQ)	373,281,419,298
8911 (CACNA1I)	221,427,267,444
8912 (CACNA1H)	221,427,267,444
8913 (CACNA1G)	221,427,267,444
10488 (CREB3)	770,366,816,383
1385 (CREB1)	770,366,816,383
1386 (ATF2)	770,366,816,383
1388 (ATF6B)	770,366,816,383
148327 (CREB3L4)	770,366,816,383
468 (ATF4)	770,366,816,383
64764 (CREB3L2)	770,366,816,383
84699 (CREB3L3)	770,366,816,383
90993 (CREB3L1)	770,366,816,383
9586 (CREB5)	770,366,816,383
107 (ADCY1)	221,204,267,221
108 (ADCY2)	221,204,267,221
109 (ADCY3)	221,204,267,221
111 (ADCY5)	221,204,267,221
112 (ADCY6)	221,204,267,221
113 (ADCY7)	221,204,267,221
114 (ADCY8)	221,204,267,221
115 (ADCY9)	221,204,267,221
196883 (ADCY4)	221,204,267,221
5151 (PDE8A)	412,192,458,209
8622 (PDE8B)	412,192,458,209
185 (AGTR1)	221,252,267,269
4158 (MC2R)	221,153,267,170
2778 (GNAS)	320,153,366,170
6770 (STAR)	972,346,1018,363
6770 (STAR)	736,539,782,556
3283 (HSD3B1)	925,608,971,625
3284 (HSD3B2)	925,608,971,625
5566 (PRKACA)	412,242,458,259
5567 (PRKACB)	412,242,458,259
5568 (PRKACG)	412,242,458,259
84876 (ORAI1)	221,496,267,513
3949 (LDLR)	221,705,267,722
949 (SCARB1)	221,739,267,756
1583 (CYP11A1)	788,581,834,598
1589 (CYP21A2)	1009,694,1055,711
4158 (MC2R)	763,116,809,133
56246 (MRAP)	763,133,809,150
1584 (CYP11B1)	972,298,1018,315
1584 (CYP11B1)	779,778,825,795
3776 (KCNK2)	221,322,267,339
57552 (NCEH1)	972,371,1018,388
1586 (CYP17A1)	972,322,1018,339
3739 (KCNA4)	221,556,267,573
3777 (KCNK3)	221,599,267,616
5443 (POMC)	140,153,186,170
2516 (NR5A1)	770,278,816,295
3164 (NR4A1)	770,300,816,317
6667 (SP1)	770,322,816,339
5087 (PBX1)	770,344,816,361
3283 (HSD3B1)	1009,608,1055,625
3284 (HSD3B2)	1009,608,1055,625
1586 (CYP17A1)	938,557,984,574
1586 (CYP17A1)	938,645,984,662
56246 (MRAP)	221,170,267,187
57552 (NCEH1)	671,466,717,483
190 (NR0B1)	700,256,746,273
183 (AGT)	140,252,186,269
hsa04927: Cortisol synthesis and secretion	40,45,353,70
hsa04020: Calcium signaling pathway	389,412,514,446
hsa04024: cAMP signaling pathway	474,169,599,203
hsa04960: Aldosterone-regulated sodium reabsorption	71,830,196,864
hsa00140: Steroid hormone biosynthesis	716,640,841,674
