C00165 (Diacylglycerol)	632,514,4
C00076 (Calcium cation)	710,446,4
C01245 (D-myo-Inositol 1,4,5-trisphosphate)	633,444,4
C00777 (Retinoate)	303,1012,4
4792 (NFKBIA)	888,507,934,524
4793 (NFKBIB)	888,507,934,524
4794 (NFKBIE)	888,507,934,524
4790 (NFKB1)	888,476,934,493
5970 (RELA)	888,476,934,493
1147 (CHUK)	781,507,827,524
3551 (IKBKB)	781,507,827,524
8517 (IKBKG)	781,507,827,524
5588 (PRKCQ)	689,507,735,524
4772 (NFATC1)	888,438,934,455
4773 (NFATC2)	888,438,934,455
4775 (NFATC3)	888,438,934,455
5530 (PPP3CA)	781,438,827,455
5532 (PPP3CB)	781,438,827,455
5533 (PPP3CC)	781,438,827,455
5534 (PPP3R1)	781,438,827,455
5535 (PPP3R2)	781,438,827,455
7535 (ZAP70)	505,515,551,532
5594 (MAPK1)	689,545,735,562
5595 (MAPK3)	689,545,735,562
1432 (MAPK14)	689,582,735,599
5600 (MAPK11)	689,582,735,599
5603 (MAPK13)	689,582,735,599
6300 (MAPK12)	689,582,735,599
5599 (MAPK8)	689,610,735,627
5601 (MAPK9)	689,610,735,627
5602 (MAPK10)	689,610,735,627
3725 (JUN)	889,596,935,613
27040 (LAT)	382,597,428,614
2353 (FOS)	888,545,934,562
5335 (PLCG1)	517,546,563,563
920 (CD4)	382,435,428,452
3932 (LCK)	458,435,504,452
3458 (IFNG)	280,829,326,846
3459 (IFNGR1)	382,829,428,846
3460 (IFNGR2)	382,829,428,846
6772 (STAT1)	689,805,735,822
3565 (IL4)	280,645,326,662
3561 (IL2RG)	382,645,428,662
3566 (IL4R)	382,645,428,662
6778 (STAT6)	689,646,735,663
3558 (IL2)	280,969,326,986
3559 (IL2RA)	382,969,428,986
3560 (IL2RB)	382,969,428,986
3561 (IL2RG)	382,969,428,986
6776 (STAT5A)	689,969,735,986
6777 (STAT5B)	689,969,735,986
3108 (HLA-DMA)	149,515,195,532
3109 (HLA-DMB)	149,515,195,532
3111 (HLA-DOA)	149,515,195,532
3112 (HLA-DOB)	149,515,195,532
3113 (HLA-DPA1)	149,515,195,532
3115 (HLA-DPB1)	149,515,195,532
3117 (HLA-DQA1)	149,515,195,532
3118 (HLA-DQA2)	149,515,195,532
3119 (HLA-DQB1)	149,515,195,532
3122 (HLA-DRA)	149,515,195,532
3123 (HLA-DRB1)	149,515,195,532
3125 (HLA-DRB3)	149,515,195,532
3126 (HLA-DRB4)	149,515,195,532
3127 (HLA-DRB5)	149,515,195,532
3554 (IL1R1)	382,106,428,123
3556 (IL1RAP)	382,106,428,123
3561 (IL2RG)	382,186,428,203
50615 (IL21R)	382,186,428,203
3570 (IL6R)	382,219,428,236
3572 (IL6ST)	382,219,428,236
149233 (IL23R)	382,259,428,276
3594 (IL12RB1)	382,259,428,276
6774 (STAT3)	689,220,735,237
1432 (MAPK14)	689,93,735,110
5600 (MAPK11)	689,93,735,110
5603 (MAPK13)	689,93,735,110
6300 (MAPK12)	689,93,735,110
2475 (MTOR)	689,122,735,139
7046 (TGFBR1)	382,154,428,171
7048 (TGFBR2)	382,154,428,171
59067 (IL21)	280,186,326,203
3605 (IL17A)	1188,358,1234,375
112744 (IL17F)	1242,358,1288,375
59067 (IL21)	1188,381,1234,398
50616 (IL22)	1242,381,1288,398
6097 (RORC)	1212,168,1258,185
6095 (RORA)	1212,192,1258,209
6097 (RORC)	1035,363,1081,380
3662 (IRF4)	1212,98,1258,115
3662 (IRF4)	1035,137,1081,154
149233 (IL23R)	1212,271,1258,288
3594 (IL12RB1)	1212,271,1258,288
30009 (TBX21)	1212,805,1258,822
30009 (TBX21)	1035,763,1081,780
861 (RUNX1)	1054,722,1100,739
6097 (RORC)	1212,722,1258,739
2625 (GATA3)	1212,646,1258,663
2625 (GATA3)	1054,692,1100,709
6097 (RORC)	1054,862,1100,879
5914 (RARA)	1035,995,1081,1012
6256 (RXRA)	1035,1012,1081,1029
6257 (RXRB)	1035,1012,1081,1029
6258 (RXRG)	1035,1012,1081,1029
50943 (FOXP3)	1212,969,1258,986
3605 (IL17A)	1212,850,1258,867
112744 (IL17F)	1264,850,1310,867
59067 (IL21)	1212,873,1258,890
50616 (IL22)	1264,873,1310,890
7040 (TGFB1)	280,922,326,939
4087 (SMAD2)	689,920,735,937
4088 (SMAD3)	689,920,735,937
4089 (SMAD4)	689,920,735,937
7046 (TGFBR1)	382,922,428,939
7048 (TGFBR2)	382,922,428,939
7040 (TGFB1)	280,154,326,171
4087 (SMAD2)	689,155,735,172
4088 (SMAD3)	689,155,735,172
4089 (SMAD4)	689,155,735,172
9466 (IL27RA)	382,756,428,773
50943 (FOXP3)	1035,902,1081,919
861 (RUNX1)	1092,902,1138,919
3553 (IL1B)	280,106,326,123
53342 (IL17D)	280,756,326,773
3569 (IL6)	280,219,326,236
51561 (IL23A)	280,259,326,276
3320 (HSP90AA1)	689,315,735,332
3326 (HSP90AB1)	689,315,735,332
196 (AHR)	689,332,735,349
916 (CD3E)	382,468,428,485
917 (CD3G)	382,485,428,502
915 (CD3D)	382,547,428,564
916 (CD3E)	382,564,428,581
919 (CD247)	428,507,474,524
919 (CD247)	428,524,474,541
6095 (RORA)	1035,380,1081,397
3091 (HIF1A)	1212,245,1258,262
3091 (HIF1A)	1035,205,1081,222
3716 (JAK1)	428,177,474,194
3718 (JAK3)	428,177,474,194
3716 (JAK1)	428,209,474,226
3717 (JAK2)	428,209,474,226
3717 (JAK2)	428,244,474,261
7297 (TYK2)	428,271,474,288
3716 (JAK1)	428,656,474,673
3718 (JAK3)	428,656,474,673
3716 (JAK1)	428,744,474,761
3717 (JAK2)	428,744,474,761
7297 (TYK2)	428,770,474,787
3716 (JAK1)	428,840,474,857
3717 (JAK2)	428,840,474,857
3716 (JAK1)	428,980,474,997
3718 (JAK3)	428,980,474,997
hsa04514: Cell adhesion molecules (CAMs)	249,568,351,602
hsa04659: Th17 cell differentiation	40,45,274,70
hsa04010: MAPK signaling pathway	761,562,863,596
hsa04020: Calcium signaling pathway	511,428,613,462
hsa04064: NF-kappa B signaling pathway	760,465,862,499
hsa04660: T cell receptor signaling pathway	249,479,351,513
hsa04630: JAK-STAT signaling pathway	503,661,605,695
hsa04350: TGF-beta signaling pathway	498,887,600,921
hsa05321: Inflammatory bowel disease (IBD)	1327,413,1429,447
hsa05323: Rheumatoid arthritis	1328,452,1430,486
hsa04620: Toll-like receptor signaling pathway	43,178,148,212
hsa04066: HIF-1 signaling pathway	664,251,766,285
