C01330 (Sodium cation)	107,529,4
C01780 (Aldosterone)	649,361,4
C00238 (Potassium cation)	514,561,4
C01330 (Sodium cation)	653,570,4
C00735 (Cortisol)	644,291,4
C00762 (Cortisone)	468,292,4
C05981 (Phosphatidylinositol-3,4,5-trisphosphate)	384,576,4
C00698 (Cl-)	123,186,4
C00238 (Potassium cation)	224,391,4
C00575 (3',5'-Cyclic AMP)	508,425,4
6337 (SCNN1A)	135,521,181,538
6338 (SCNN1B)	135,521,181,538
6340 (SCNN1G)	135,521,181,538
23439 (ATP1B4)	559,559,605,576
476 (ATP1A1)	559,559,605,576
477 (ATP1A2)	559,559,605,576
478 (ATP1A3)	559,559,605,576
480 (ATP1A4)	559,559,605,576
481 (ATP1B1)	559,559,605,576
482 (ATP1B2)	559,559,605,576
483 (ATP1B3)	559,559,605,576
486 (FXYD2)	559,559,605,576
6446 (SGK1)	271,489,317,506
4306 (NR3C2)	493,348,539,365
3845 (KRAS)	442,526,488,543
23327 (NEDD4L)	218,572,264,589
53828 (FXYD4)	559,516,605,533
3291 (HSD11B2)	506,269,552,286
3643 (INSR)	559,643,605,660
3667 (IRS1)	463,641,509,658
5290 (PIK3CA)	393,605,439,622
5291 (PIK3CB)	393,605,439,622
5293 (PIK3CD)	393,605,439,622
5295 (PIK3R1)	393,605,439,622
5296 (PIK3R2)	393,605,439,622
8503 (PIK3R3)	393,605,439,622
5170 (PDPK1)	314,537,360,554
3630 (INS)	641,627,687,644
3479 (IGF1)	642,657,688,674
3758 (KCNJ1)	134,382,180,399
2810 (SFN)	283,572,329,589
5594 (MAPK1)	511,449,557,466
5595 (MAPK3)	511,449,557,466
5578 (PRKCA)	481,395,527,412
5579 (PRKCB)	481,395,527,412
5582 (PRKCG)	481,395,527,412
9351 (SLC9A3R2)	135,406,181,423
hsa04960: Aldosterone-regulated sodium reabsorption	40,45,433,70
hsa04120: Ubiquitin mediated proteolysis	276,646,391,680
hsa00140: Steroid hormone biosynthesis	320,267,435,301
hsa04530: Tight junction	194,104,309,129
