C05981 (Phosphatidylinositol-3,4,5-trisphosphate)	507,262,4
C00165 (Diacylglycerol)	482,438,4
C01245 (D-myo-Inositol 1,4,5-trisphosphate)	478,315,4
C00076 (Calcium cation)	525,315,4
C00575 (3',5'-Cyclic AMP)	527,637,4
C00416 (Phosphatidate)	916,436,4
C04637 (1-Phosphatidyl-D-myo-inositol 4,5-bisphosphate)	741,506,4
C00681 (1-Acyl-sn-glycerol 3-phosphate)	879,324,4
C00165 (Diacylglycerol)	959,608,4
C05981 (Phosphatidylinositol-3,4,5-trisphosphate)	537,539,4
C06124 (Sphingosine 1-phosphate)	1097,378,4
C00416 (Phosphatidate)	214,677,4
C00025 (L-Glutamate)	113,617,4
C00681 (1-Acyl-sn-glycerol 3-phosphate)	86,645,4
C00639 (Prostaglandin F2alpha)	61,678,4
C00076 (Calcium cation)	1160,378,4
5594 (MAPK1)	1120,431,1166,448
5595 (MAPK3)	1120,431,1166,448
5604 (MAP2K1)	1040,431,1086,448
5605 (MAP2K2)	1040,431,1086,448
5894 (RAF1)	957,431,1003,448
22800 (RRAS2)	493,165,539,182
22808 (MRAS)	493,165,539,182
3265 (HRAS)	493,165,539,182
3845 (KRAS)	493,165,539,182
4893 (NRAS)	493,165,539,182
6237 (RRAS)	493,165,539,182
2885 (GRB2)	267,153,313,170
6654 (SOS1)	405,165,451,182
6655 (SOS2)	405,165,451,182
10000 (AKT3)	582,254,628,271
207 (AKT1)	582,254,628,271
208 (AKT2)	582,254,628,271
5290 (PIK3CA)	371,254,417,271
5291 (PIK3CB)	371,254,417,271
5293 (PIK3CD)	371,254,417,271
5295 (PIK3R1)	371,254,417,271
5296 (PIK3R2)	371,254,417,271
8503 (PIK3R3)	371,254,417,271
25759 (SHC2)	267,179,313,196
399694 (SHC4)	267,179,313,196
53358 (SHC3)	267,179,313,196
6464 (SHC1)	267,179,313,196
4254 (KITLG)	90,344,136,361
1956 (EGFR)	177,334,223,351
3643 (INSR)	177,334,223,351
3815 (KIT)	177,334,223,351
5156 (PDGFRA)	177,334,223,351
5159 (PDGFRB)	177,334,223,351
2549 (GAB1)	319,153,365,170
9846 (GAB2)	319,153,365,170
5781 (PTPN11)	319,179,365,196
5900 (RALGDS)	581,165,627,182
5898 (RALA)	667,165,713,182
5899 (RALB)	667,165,713,182
387 (RHOA)	589,348,635,365
10161 (LPAR6)	177,631,223,648
185 (AGTR1)	177,631,223,648
1902 (LPAR1)	177,631,223,648
2149 (F2R)	177,631,223,648
23566 (LPAR3)	177,631,223,648
2846 (LPAR4)	177,631,223,648
2911 (GRM1)	177,631,223,648
2912 (GRM2)	177,631,223,648
2913 (GRM3)	177,631,223,648
2914 (GRM4)	177,631,223,648
2915 (GRM5)	177,631,223,648
2916 (GRM6)	177,631,223,648
2917 (GRM7)	177,631,223,648
2918 (GRM8)	177,631,223,648
3577 (CXCR1)	177,631,223,648
3579 (CXCR2)	177,631,223,648
552 (AVPR1A)	177,631,223,648
553 (AVPR1B)	177,631,223,648
554 (AVPR2)	177,631,223,648
57121 (LPAR5)	177,631,223,648
5737 (PTGFR)	177,631,223,648
9170 (LPAR2)	177,631,223,648
5335 (PLCG1)	369,336,415,353
5336 (PLCG2)	369,336,415,353
10411 (RAPGEF3)	562,581,608,598
11069 (RAPGEF4)	562,581,608,598
5578 (PRKCA)	533,430,579,447
5337 (PLD1)	762,431,808,448
5338 (PLD2)	762,431,808,448
23236 (PLCB1)	373,490,419,510
5330 (PLCB2)	373,490,419,510
5331 (PLCB3)	373,490,419,510
5332 (PLCB4)	373,490,419,510
7248 (TSC1)	814,254,860,271
7249 (TSC2)	814,254,860,271
6009 (RHEB)	906,254,952,271
2475 (MTOR)	998,254,1044,271
387 (RHOA)	553,470,599,487
23396 (PIP5K1C)	816,497,862,514
8394 (PIP5K1A)	816,497,862,514
8395 (PIP5K1B)	816,497,862,514
10672 (GNA13)	363,597,409,614
146850 (PIK3R6)	454,556,500,573
23533 (PIK3R5)	454,556,500,573
5294 (PIK3CG)	454,556,500,573
27128 (CYTH4)	580,505,626,522
9265 (CYTH3)	580,505,626,522
9266 (CYTH2)	580,505,626,522
9267 (CYTH1)	580,505,626,522
375 (ARF1)	659,473,705,490
2778 (GNAS)	311,631,357,648
107 (ADCY1)	432,631,478,648
108 (ADCY2)	432,631,478,648
109 (ADCY3)	432,631,478,648
111 (ADCY5)	432,631,478,648
112 (ADCY6)	432,631,478,648
113 (ADCY7)	432,631,478,648
114 (ADCY8)	432,631,478,648
115 (ADCY9)	432,631,478,648
196883 (ADCY4)	432,631,478,648
22800 (RRAS2)	620,541,666,558
6237 (RRAS)	620,541,666,558
2185 (PTK2B)	438,505,484,522
2768 (GNA12)	345,544,391,561
100137049 (PLA2G4B)	840,376,886,393
123745 (PLA2G4E)	840,376,886,393
255189 (PLA2G4F)	840,376,886,393
283748 (PLA2G4D)	840,376,886,393
5321 (PLA2G4A)	840,376,886,393
8605 (PLA2G4C)	840,376,886,393
8681 (JMJD7-PLA2G4B)	840,376,886,393
8611 (PLPP1)	956,528,1002,545
8612 (PLPP2)	956,528,1002,545
8613 (PLPP3)	956,528,1002,545
139189 (DGKK)	882,528,928,545
1606 (DGKA)	882,528,928,545
1607 (DGKB)	882,528,928,545
1608 (DGKG)	882,528,928,545
160851 (DGKH)	882,528,928,545
1609 (DGKQ)	882,528,928,545
8525 (DGKZ)	882,528,928,545
8526 (DGKE)	882,528,928,545
8527 (DGKD)	882,528,928,545
9162 (DGKI)	882,528,928,545
56848 (SPHK2)	1002,369,1048,386
8877 (SPHK1)	1002,369,1048,386
5154 (PDGFA)	90,321,136,338
5155 (PDGFB)	90,321,136,338
56034 (PDGFC)	90,321,136,338
80310 (PDGFD)	90,321,136,338
3630 (INS)	90,368,136,385
1950 (EGF)	90,297,136,314
1759 (DNM1)	177,714,223,731
1785 (DNM2)	177,714,223,731
26052 (DNM3)	177,714,223,731
1759 (DNM1)	177,750,223,767
1785 (DNM2)	177,750,223,767
26052 (DNM3)	177,750,223,767
3576 (CXCL8)	95,674,141,691
102723407 (IGH)	104,456,150,473
2534 (FYN)	243,413,289,430
9846 (GAB2)	288,364,334,381
2205 (FCER1A)	177,456,223,473
2206 (MS4A2)	177,456,223,473
2207 (FCER1G)	177,456,223,473
6850 (SYK)	303,413,349,430
551 (AVP)	35,614,81,631
375 (ARF1)	647,335,693,352
382 (ARF6)	647,335,693,352
10554 (AGPAT1)	905,354,951,371
10555 (AGPAT2)	905,354,951,371
55326 (AGPAT5)	905,354,951,371
56894 (AGPAT3)	905,354,951,371
56895 (AGPAT4)	905,354,951,371
2147 (F2)	35,584,81,601
183 (AGT)	95,584,141,601
hsa04010: MAPK signaling pathway	1049,452,1159,486
hsa04072: Phospholipase D signaling pathway	40,45,369,70
hsa04151: PI3K-Akt signaling pathway	445,216,555,250
hsa04020: Calcium signaling pathway	470,360,580,394
hsa04144: Endocytosis	481,729,573,754
hsa00561: Glycerolipid metabolism	910,629,1020,663
hsa04071: Sphingolipid signaling pathway	1041,330,1151,364
hsa04014: Ras signaling pathway	415,122,525,156
hsa04150: mTOR signaling pathway	917,205,1027,239
hsa04664: Fc epsilon RI signaling pathway	249,460,359,494
hsa04024: cAMP signaling pathway	586,613,696,647
