6444 (SGCD)	586,216,632,233
6445 (SGCG)	632,216,678,233
6443 (SGCB)	723,216,769,233
6442 (SGCA)	677,216,723,233
1605 (DAG1)	767,169,813,186
1605 (DAG1)	768,216,814,233
284217 (LAMA1)	768,130,814,147
3908 (LAMA2)	768,130,814,147
1756 (DMD)	751,290,797,307
1981 (EIF4G1)	748,491,794,508
1982 (EIF4G2)	748,491,794,508
8672 (EIF4G3)	748,491,794,508
1525 (CXADR)	390,216,436,233
1604 (CD55)	480,216,526,233
595 (CCND1)	565,547,611,564
958 (CD40)	151,244,197,261
3108 (HLA-DMA)	205,244,251,261
3109 (HLA-DMB)	205,244,251,261
3111 (HLA-DOA)	205,244,251,261
3112 (HLA-DOB)	205,244,251,261
3113 (HLA-DPA1)	205,244,251,261
3115 (HLA-DPB1)	205,244,251,261
3117 (HLA-DQA1)	205,244,251,261
3118 (HLA-DQA2)	205,244,251,261
3119 (HLA-DQB1)	205,244,251,261
3122 (HLA-DRA)	205,244,251,261
3123 (HLA-DRB1)	205,244,251,261
3125 (HLA-DRB3)	205,244,251,261
3126 (HLA-DRB4)	205,244,251,261
3127 (HLA-DRB5)	205,244,251,261
959 (CD40LG)	152,307,198,324
3105 (HLA-A)	330,538,376,555
3106 (HLA-B)	330,538,376,555
3107 (HLA-C)	330,538,376,555
3133 (HLA-E)	330,538,376,555
3134 (HLA-F)	330,538,376,555
3135 (HLA-G)	330,538,376,555
940 (CD28)	218,564,264,581
941 (CD80)	331,565,377,582
942 (CD86)	331,565,377,582
841 (CASP8)	507,639,553,656
637 (BID)	582,639,628,656
54205 (CYCS)	791,638,837,655
842 (CASP9)	872,638,918,655
836 (CASP3)	953,638,999,655
5551 (PRF1)	270,598,316,615
102723407 (IGH)	268,753,314,770
102723407 (IGH)	270,813,316,830
3683 (ITGAL)	216,628,262,645
3689 (ITGB2)	216,628,262,645
3383 (ICAM1)	330,629,376,646
60 (ACTB)	740,336,786,353
71 (ACTG1)	740,336,786,353
4624 (MYH6)	1148,272,1194,289
4625 (MYH7)	1148,272,1194,289
2534 (FYN)	490,274,536,291
25 (ABL1)	547,274,593,291
27 (ABL2)	547,274,593,291
857 (CAV1)	489,314,535,331
5879 (RAC1)	568,315,614,332
5880 (RAC2)	568,315,614,332
5881 (RAC3)	568,315,614,332
hsa04260: Cardiac muscle contraction	993,406,1111,440
hsa04512: ECM-receptor interaction	628,140,746,174
hsa03050: Proteasome	645,579,763,604
hsa04612: Antigen processing and presentation	98,126,216,160
hsa04660: T cell receptor signaling pathway	120,363,238,397
hsa04210: Apoptosis	837,664,955,689
hsa04110: Cell cycle	915,578,1033,603
hsa05414: Dilated cardiomyopathy (DCM)	1196,551,1314,585
