C00027 (Hydrogen peroxide)	461,555,4
C00076 (Calcium cation)	688,420,4
C00076 (Calcium cation)	586,434,4
C00575 (3',5'-Cyclic AMP)	820,228,4
C04637 (1-Phosphatidyl-D-myo-inositol 4,5-bisphosphate)	952,368,4
100132463 (CLDN24)	252,684,298,701
100506658 (OCLN)	252,684,298,701
10686 (CLDN16)	252,684,298,701
1364 (CLDN4)	252,684,298,701
1365 (CLDN3)	252,684,298,701
1366 (CLDN7)	252,684,298,701
137075 (CLDN23)	252,684,298,701
149461 (CLDN19)	252,684,298,701
23562 (CLDN14)	252,684,298,701
24146 (CLDN15)	252,684,298,701
26285 (CLDN17)	252,684,298,701
49861 (CLDN20)	252,684,298,701
5010 (CLDN11)	252,684,298,701
51208 (CLDN18)	252,684,298,701
53842 (CLDN22)	252,684,298,701
644672 (CLDN25)	252,684,298,701
7122 (CLDN5)	252,684,298,701
9071 (CLDN10)	252,684,298,701
9073 (CLDN8)	252,684,298,701
9074 (CLDN6)	252,684,298,701
9075 (CLDN2)	252,684,298,701
9076 (CLDN1)	252,684,298,701
9080 (CLDN9)	252,684,298,701
90952 (ESAM)	252,684,298,701
4313 (MMP2)	283,569,329,586
4318 (MMP9)	283,569,329,586
100132463 (CLDN24)	175,684,221,701
100506658 (OCLN)	175,684,221,701
10686 (CLDN16)	175,684,221,701
1364 (CLDN4)	175,684,221,701
1365 (CLDN3)	175,684,221,701
1366 (CLDN7)	175,684,221,701
137075 (CLDN23)	175,684,221,701
149461 (CLDN19)	175,684,221,701
23562 (CLDN14)	175,684,221,701
24146 (CLDN15)	175,684,221,701
26285 (CLDN17)	175,684,221,701
49861 (CLDN20)	175,684,221,701
5010 (CLDN11)	175,684,221,701
51208 (CLDN18)	175,684,221,701
53842 (CLDN22)	175,684,221,701
644672 (CLDN25)	175,684,221,701
7122 (CLDN5)	175,684,221,701
9071 (CLDN10)	175,684,221,701
9073 (CLDN8)	175,684,221,701
9074 (CLDN6)	175,684,221,701
9075 (CLDN2)	175,684,221,701
9076 (CLDN1)	175,684,221,701
9080 (CLDN9)	175,684,221,701
90952 (ESAM)	175,684,221,701
5781 (PTPN11)	396,600,442,617
1003 (CDH5)	268,624,314,641
4267 (CD99)	167,512,213,529
5175 (PECAM1)	316,475,362,492
3689 (ITGB2)	258,422,304,439
1500 (CTNND1)	314,637,360,654
9564 (BCAR1)	729,563,775,580
4301 (AFDN)	876,450,922,467
6494 (SIPA1)	956,482,1002,499
5175 (PECAM1)	257,475,303,492
50848 (F11R)	316,413,362,430
3683 (ITGAL)	258,405,304,422
1003 (CDH5)	158,624,204,641
5781 (PTPN11)	413,499,459,516
4267 (CD99)	108,512,154,529
3688 (ITGB1)	167,456,213,473
3676 (ITGA4)	167,439,213,456
58494 (JAM2)	108,447,154,464
3689 (ITGB2)	167,391,213,408
3684 (ITGAM)	167,374,213,391
5290 (PIK3CA)	612,394,658,411
5291 (PIK3CB)	612,394,658,411
5293 (PIK3CD)	612,394,658,411
5295 (PIK3R1)	612,394,658,411
5296 (PIK3R2)	612,394,658,411
8503 (PIK3R3)	612,394,658,411
1499 (CTNNB1)	386,475,432,492
60 (ACTB)	803,624,849,641
71 (ACTG1)	803,624,849,641
103910 (MYL12B)	803,569,849,586
10398 (MYL9)	803,569,849,586
10627 (MYL12A)	803,569,849,586
29895 (MYLPF)	803,569,849,586
4633 (MYL2)	803,569,849,586
4636 (MYL5)	803,569,849,586
58498 (MYL7)	803,569,849,586
93408 (MYL10)	803,569,849,586
6093 (ROCK1)	803,514,849,531
9475 (ROCK2)	803,514,849,531
5578 (PRKCA)	664,458,710,475
5579 (PRKCB)	664,458,710,475
5582 (PRKCG)	664,458,710,475
5747 (PTK2)	729,518,775,535
387 (RHOA)	803,460,849,477
83700 (JAM3)	108,383,154,400
1432 (MAPK14)	545,580,591,597
5600 (MAPK11)	545,580,591,597
5603 (MAPK13)	545,580,591,597
6300 (MAPK12)	545,580,591,597
2909 (ARHGAP35)	772,387,818,404
394 (ARHGAP5)	772,387,818,404
1495 (CTNNA1)	503,624,549,641
1496 (CTNNA2)	503,624,549,641
29119 (CTNNA3)	503,624,549,641
1536 (CYBB)	515,491,561,508
1535 (CYBA)	558,491,604,508
4688 (NCF2)	515,508,561,525
5829 (PXN)	729,541,775,558
653361 (NCF1)	558,508,604,525
5879 (RAC1)	596,444,642,461
4689 (NCF4)	537,525,583,542
1499 (CTNNB1)	384,624,430,641
5906 (RAP1A)	706,158,752,175
5908 (RAP1B)	706,158,752,175
10451 (VAV3)	548,168,594,185
7409 (VAV1)	548,168,594,185
7410 (VAV2)	548,168,594,185
3684 (ITGAM)	750,268,796,285
3683 (ITGAL)	666,268,712,285
5879 (RAC1)	843,147,889,164
5880 (RAC2)	832,102,878,119
4478 (MSN)	634,338,680,355
7430 (EZR)	634,338,680,355
3688 (ITGB1)	571,285,617,302
3689 (ITGB2)	750,285,796,302
3689 (ITGB2)	666,285,712,302
10411 (RAPGEF3)	762,191,808,208
11069 (RAPGEF4)	762,191,808,208
3702 (ITK)	788,158,834,175
7294 (TXK)	788,158,834,175
83593 (RASSF5)	706,141,752,158
2185 (PTK2B)	612,144,658,161
6387 (CXCL12)	833,321,879,338
7852 (CXCR4)	833,276,879,293
2770 (GNAI1)	833,251,879,268
2771 (GNAI2)	833,251,879,268
2773 (GNAI3)	833,251,879,268
7070 (THY1)	750,321,796,338
7412 (VCAM1)	571,321,617,338
3383 (ICAM1)	665,321,711,338
5335 (PLCG1)	664,369,710,386
5336 (PLCG2)	664,369,710,386
60 (ACTB)	958,307,1004,324
71 (ACTG1)	958,307,1004,324
103910 (MYL12B)	737,74,783,91
10398 (MYL9)	737,74,783,91
10627 (MYL12A)	737,74,783,91
29895 (MYLPF)	737,74,783,91
4633 (MYL2)	737,74,783,91
4636 (MYL5)	737,74,783,91
58498 (MYL7)	737,74,783,91
93408 (MYL10)	737,74,783,91
6093 (ROCK1)	662,74,708,91
9475 (ROCK2)	662,74,708,91
387 (RHOA)	587,74,633,91
998 (CDC42)	822,125,868,142
3676 (ITGA4)	571,268,617,285
399 (RHOH)	562,221,608,238
4478 (MSN)	538,338,584,355
7430 (EZR)	538,338,584,355
7414 (VCL)	983,358,1029,375
7408 (VASP)	930,334,976,351
5290 (PIK3CA)	872,200,918,217
5291 (PIK3CB)	872,200,918,217
5293 (PIK3CD)	872,200,918,217
5295 (PIK3R1)	872,200,918,217
5296 (PIK3R2)	872,200,918,217
8503 (PIK3R3)	872,200,918,217
81 (ACTN4)	983,334,1029,351
87 (ACTN1)	983,334,1029,351
10451 (VAV3)	706,112,752,129
7409 (VAV1)	706,112,752,129
7410 (VAV2)	706,112,752,129
60 (ACTB)	476,304,522,321
71 (ACTG1)	476,304,522,321
5906 (RAP1A)	876,481,922,498
5908 (RAP1B)	876,481,922,498
hsa04514: Cell adhesion molecules (CAMs)	309,678,420,712
hsa04810: Regulation of actin cytoskeleton	887,610,998,644
hsa04670: Leukocyte transendothelial migration	40,45,394,70
