C00044 (GTP)	709,636,4
C00035 (GDP)	407,156,4
C00575 (3',5'-Cyclic AMP)	381,325,4
C00165 (Diacylglycerol)	386,374,4
C00076 (Calcium cation)	386,429,4
C00044 (GTP)	734,786,4
C00076 (Calcium cation)	223,282,4
C00076 (Calcium cation)	270,282,4
C00165 (Diacylglycerol)	408,717,4
C00076 (Calcium cation)	409,756,4
5594 (MAPK1)	1032,646,1078,663
5595 (MAPK3)	1032,646,1078,663
5604 (MAP2K1)	959,646,1005,663
5605 (MAP2K2)	959,646,1005,663
5894 (RAF1)	822,657,868,674
5906 (RAP1A)	685,656,731,673
5908 (RAP1B)	685,656,731,673
54518 (APBB1IP)	822,310,868,327
1435 (CSF1)	73,489,119,506
1942 (EFNA1)	73,489,119,506
1943 (EFNA2)	73,489,119,506
1944 (EFNA3)	73,489,119,506
1945 (EFNA4)	73,489,119,506
1946 (EFNA5)	73,489,119,506
1950 (EGF)	73,489,119,506
2246 (FGF1)	73,489,119,506
2247 (FGF2)	73,489,119,506
2248 (FGF3)	73,489,119,506
2249 (FGF4)	73,489,119,506
2250 (FGF5)	73,489,119,506
2251 (FGF6)	73,489,119,506
2252 (FGF7)	73,489,119,506
2253 (FGF8)	73,489,119,506
2254 (FGF9)	73,489,119,506
2255 (FGF10)	73,489,119,506
2277 (VEGFD)	73,489,119,506
26281 (FGF20)	73,489,119,506
26291 (FGF21)	73,489,119,506
27006 (FGF22)	73,489,119,506
284 (ANGPT1)	73,489,119,506
285 (ANGPT2)	73,489,119,506
3082 (HGF)	73,489,119,506
3479 (IGF1)	73,489,119,506
3630 (INS)	73,489,119,506
4254 (KITLG)	73,489,119,506
4803 (NGF)	73,489,119,506
51378 (ANGPT4)	73,489,119,506
5154 (PDGFA)	73,489,119,506
5155 (PDGFB)	73,489,119,506
5228 (PGF)	73,489,119,506
56034 (PDGFC)	73,489,119,506
7422 (VEGFA)	73,489,119,506
7423 (VEGFB)	73,489,119,506
7424 (VEGFC)	73,489,119,506
80310 (PDGFD)	73,489,119,506
8074 (FGF23)	73,489,119,506
8817 (FGF18)	73,489,119,506
8822 (FGF17)	73,489,119,506
8823 (FGF16)	73,489,119,506
9965 (FGF19)	73,489,119,506
1436 (CSF1R)	150,489,196,506
1956 (EGFR)	150,489,196,506
1969 (EPHA2)	150,489,196,506
2260 (FGFR1)	150,489,196,506
2261 (FGFR3)	150,489,196,506
2263 (FGFR2)	150,489,196,506
2264 (FGFR4)	150,489,196,506
2321 (FLT1)	150,489,196,506
2324 (FLT4)	150,489,196,506
3480 (IGF1R)	150,489,196,506
3643 (INSR)	150,489,196,506
3791 (KDR)	150,489,196,506
3815 (KIT)	150,489,196,506
4233 (MET)	150,489,196,506
4804 (NGFR)	150,489,196,506
5156 (PDGFRA)	150,489,196,506
5159 (PDGFRB)	150,489,196,506
7010 (TEK)	150,489,196,506
5900 (RALGDS)	822,212,868,229
5879 (RAC1)	904,222,950,239
5880 (RAC2)	904,222,950,239
5881 (RAC3)	904,222,950,239
83593 (RASSF5)	822,575,868,592
5606 (MAP2K3)	822,694,868,711
5608 (MAP2K6)	822,694,868,711
1432 (MAPK14)	904,694,950,711
5600 (MAPK11)	904,694,950,711
5603 (MAPK13)	904,694,950,711
6300 (MAPK12)	904,694,950,711
51466 (EVL)	904,321,950,338
55740 (ENAH)	904,321,950,338
7408 (VASP)	904,321,950,338
345456 (PFN3)	904,297,950,314
375189 (PFN4)	904,297,950,314
5216 (PFN1)	904,297,950,314
5217 (PFN2)	904,297,950,314
60 (ACTB)	986,311,1032,328
71 (ACTG1)	986,311,1032,328
999 (CDH1)	991,505,1037,522
5906 (RAP1A)	383,178,429,195
5908 (RAP1B)	383,178,429,195
9732 (DOCK4)	397,283,443,300
10411 (RAPGEF3)	416,316,462,333
11069 (RAPGEF4)	416,316,462,333
26037 (SIPA1L1)	549,299,595,316
6494 (SIPA1)	570,333,616,350
5909 (RAP1GAP)	526,265,572,282
5898 (RALA)	904,201,950,218
5899 (RALB)	904,201,950,218
4301 (AFDN)	822,491,868,508
673 (BRAF)	822,630,868,647
3683 (ITGAL)	904,575,950,592
3684 (ITGAM)	904,575,950,592
3688 (ITGB1)	904,575,950,592
3689 (ITGB2)	904,575,950,592
135 (ADORA2A)	150,351,196,368
136 (ADORA2B)	150,351,196,368
1902 (LPAR1)	150,351,196,368
2149 (F2R)	150,351,196,368
23566 (LPAR3)	150,351,196,368
2357 (FPR1)	150,351,196,368
2846 (LPAR4)	150,351,196,368
5028 (P2RY1)	150,351,196,368
57121 (LPAR5)	150,351,196,368
9002 (F2RL3)	150,351,196,368
9170 (LPAR2)	150,351,196,368
2778 (GNAS)	222,316,268,333
2776 (GNAQ)	222,384,268,401
23236 (PLCB1)	304,384,350,401
5330 (PLCB2)	304,384,350,401
5331 (PLCB3)	304,384,350,401
5332 (PLCB4)	304,384,350,401
1398 (CRK)	407,489,453,506
1399 (CRKL)	407,489,453,506
999 (CDH1)	150,588,196,605
2889 (RAPGEF1)	537,489,583,506
1499 (CTNNB1)	188,605,234,622
260425 (MAGI3)	473,541,519,558
9223 (MAGI1)	473,541,519,558
9863 (MAGI2)	473,541,519,558
51735 (RAPGEF6)	566,541,612,558
9693 (RAPGEF2)	566,541,612,558
10451 (VAV3)	822,433,868,450
7409 (VAV1)	822,433,868,450
7410 (VAV2)	822,433,868,450
7074 (TIAM1)	822,450,868,467
5879 (RAC1)	904,442,950,459
5880 (RAC2)	904,442,950,459
5881 (RAC3)	904,442,950,459
56288 (PARD3)	991,442,1037,459
64411 (ARAP3)	822,359,868,376
387 (RHOA)	904,358,950,375
23683 (PRKD3)	822,600,868,617
25865 (PRKD2)	822,600,868,617
5587 (PRKD1)	822,600,868,617
889 (KRIT1)	822,522,868,539
6714 (SRC)	822,396,868,413
9855 (FARP2)	868,396,914,413
998 (CDC42)	937,396,983,413
22808 (MRAS)	286,229,332,246
9771 (RAPGEF5)	366,230,412,247
5906 (RAP1A)	473,600,519,617
5908 (RAP1B)	473,600,519,617
25780 (RASGRP3)	449,365,495,382
10235 (RASGRP2)	484,421,530,438
107 (ADCY1)	301,316,347,333
108 (ADCY2)	301,316,347,333
109 (ADCY3)	301,316,347,333
111 (ADCY5)	301,316,347,333
112 (ADCY6)	301,316,347,333
113 (ADCY7)	301,316,347,333
114 (ADCY8)	301,316,347,333
115 (ADCY9)	301,316,347,333
196883 (ADCY4)	301,316,347,333
1268 (CNR1)	150,120,196,137
1813 (DRD2)	150,120,196,137
2770 (GNAI1)	230,120,276,137
2771 (GNAI2)	230,120,276,137
2773 (GNAI3)	230,120,276,137
2775 (GNAO1)	230,120,276,137
5290 (PIK3CA)	822,735,868,752
5291 (PIK3CB)	822,735,868,752
5293 (PIK3CD)	822,735,868,752
5295 (PIK3R1)	822,735,868,752
5296 (PIK3R2)	822,735,868,752
8503 (PIK3R3)	822,735,868,752
10000 (AKT3)	904,735,950,752
207 (AKT1)	904,735,950,752
208 (AKT2)	904,735,950,752
57568 (SIPA1L2)	591,367,637,384
23094 (SIPA1L3)	614,398,660,415
3265 (HRAS)	711,749,757,766
3845 (KRAS)	711,749,757,766
4893 (NRAS)	711,749,757,766
6237 (RRAS)	711,749,757,766
1500 (CTNND1)	904,492,950,509
1499 (CTNNB1)	904,522,950,539
2902 (GRIN1)	150,274,196,291
2903 (GRIN2A)	150,274,196,291
2904 (GRIN2B)	150,274,196,291
163688 (CALML6)	301,274,347,291
51806 (CALML5)	301,274,347,291
801 (CALM1)	301,274,347,291
805 (CALM2)	301,274,347,291
808 (CALM3)	301,274,347,291
810 (CALML3)	301,274,347,291
91860 (CALML4)	301,274,347,291
7094 (TLN1)	904,266,950,283
83660 (TLN2)	904,266,950,283
3674 (ITGA2B)	986,266,1032,283
3690 (ITGB3)	986,266,1032,283
3937 (LCP2)	319,666,365,683
2533 (FYB1)	346,649,392,666
8631 (SKAP1)	365,666,411,683
5578 (PRKCA)	454,708,500,725
5579 (PRKCB)	454,708,500,725
5582 (PRKCG)	454,708,500,725
23683 (PRKD3)	534,708,580,725
25865 (PRKD2)	534,708,580,725
5587 (PRKD1)	534,708,580,725
27040 (LAT)	230,686,276,703
5335 (PLCG1)	319,708,365,725
3397 (ID1)	822,144,868,161
7057 (THBS1)	904,144,950,161
51196 (PLCE1)	822,764,868,781
10636 (RGS14)	822,549,868,566
9564 (BCAR1)	234,529,280,546
5584 (PRKCI)	1037,442,1083,459
5590 (PRKCZ)	1037,442,1083,459
50855 (PARD6A)	1016,425,1062,442
84552 (PARD6G)	1016,425,1062,442
84612 (PARD6B)	1016,425,1062,442
hsa04010: MAPK signaling pathway	967,680,1077,714
hsa04015: Rap1 signaling pathway	40,45,268,70
hsa04810: Regulation of actin cytoskeleton	973,180,1083,214
hsa04020: Calcium signaling pathway	256,447,366,481
hsa04151: PI3K-Akt signaling pathway	968,726,1078,760
hsa04520: Adherens junction	967,534,1077,559
hsa04014: Ras signaling pathway	217,185,327,219
hsa04510: Focal adhesion	973,233,1083,258
hsa04660: T cell receptor signaling pathway	222,740,332,774
