C05981 (Phosphatidylinositol-3,4,5-trisphosphate)	319,866,4
C00165 (Diacylglycerol)	327,788,4
C00076 (Calcium cation)	452,575,4
C01245 (D-myo-Inositol 1,4,5-trisphosphate)	375,575,4
1019 (CDK4)	1117,724,1163,741
7124 (TNF)	1117,690,1163,707
1437 (CSF2)	1117,669,1163,686
3458 (IFNG)	1117,648,1163,665
3586 (IL10)	1117,627,1163,644
3567 (IL5)	1117,606,1163,623
3565 (IL4)	1117,585,1163,602
3558 (IL2)	1117,564,1162,581
4792 (NFKBIA)	805,806,851,823
4793 (NFKBIB)	805,806,851,823
4794 (NFKBIE)	805,806,851,823
4790 (NFKB1)	805,775,851,792
5970 (RELA)	805,775,851,792
3551 (IKBKB)	628,806,674,823
8517 (IKBKG)	628,823,674,840
1147 (CHUK)	628,840,674,857
9020 (MAP3K14)	559,858,605,875
1326 (MAP3K8)	484,858,530,875
10000 (AKT3)	409,858,455,875
207 (AKT1)	409,858,455,875
208 (AKT2)	409,858,455,875
10892 (MALT1)	501,813,547,830
8915 (BCL10)	501,796,547,813
84433 (CARD11)	501,779,547,796
5588 (PRKCQ)	389,779,435,796
5170 (PDPK1)	356,895,402,912
2885 (GRB2)	232,908,278,925
5290 (PIK3CA)	232,858,278,875
5291 (PIK3CB)	232,858,278,875
5293 (PIK3CD)	232,858,278,875
5295 (PIK3R1)	232,858,278,875
5296 (PIK3R2)	232,858,278,875
8503 (PIK3R3)	232,858,278,875
940 (CD28)	139,872,185,889
29851 (ICOS)	139,845,185,862
959 (CD40LG)	139,787,185,804
6654 (SOS1)	206,630,252,647
6655 (SOS2)	206,630,252,647
10125 (RASGRP1)	388,630,434,647
3265 (HRAS)	460,630,506,647
3845 (KRAS)	460,630,506,647
4893 (NRAS)	460,630,506,647
2353 (FOS)	902,630,948,647
3725 (JUN)	902,630,948,647
4772 (NFATC1)	804,566,850,583
4773 (NFATC2)	804,566,850,583
4775 (NFATC3)	804,566,850,583
5530 (PPP3CA)	533,566,579,583
5532 (PPP3CB)	533,566,579,583
5533 (PPP3CC)	533,566,579,583
5534 (PPP3R1)	533,566,579,583
5535 (PPP3R2)	533,566,579,583
3702 (ITK)	350,535,396,552
7006 (TEC)	350,535,396,552
5335 (PLCG1)	260,566,306,583
2885 (GRB2)	185,550,231,567
27040 (LAT)	198,434,244,451
9402 (GRAP2)	259,414,305,431
10451 (VAV3)	388,457,434,474
7409 (VAV1)	388,457,434,474
7410 (VAV2)	388,457,434,474
387 (RHOA)	475,457,521,474
998 (CDC42)	475,457,521,474
10298 (PAK4)	475,388,521,405
106821730 (BUB1B-PAK6)	475,388,521,405
5058 (PAK1)	475,388,521,405
5062 (PAK2)	475,388,521,405
5063 (PAK3)	475,388,521,405
56924 (PAK6)	475,388,521,405
57144 (PAK5)	475,388,521,405
4690 (NCK1)	373,388,419,405
8440 (NCK2)	373,388,419,405
3937 (LCP2)	311,388,357,405
7535 (ZAP70)	271,344,317,361
916 (CD3E)	139,390,185,407
915 (CD3D)	139,373,185,390
919 (CD247)	187,352,233,369
919 (CD247)	187,335,233,352
2534 (FYN)	220,299,266,316
917 (CD3G)	139,314,185,331
916 (CD3E)	139,297,185,314
920 (CD4)	139,245,185,262
925 (CD8A)	139,245,185,262
926 (CD8B)	139,245,185,262
927 (CD8B2)	139,245,185,262
868 (CBLB)	350,248,396,265
3932 (LCK)	220,245,266,262
5788 (PTPRC)	139,194,185,211
5777 (PTPN6)	251,143,297,160
1493 (CTLA4)	139,143,185,160
5133 (PDCD1)	139,116,185,133
5604 (MAP2K1)	602,630,648,647
5605 (MAP2K2)	602,630,648,647
5894 (RAF1)	531,630,577,647
5594 (MAPK1)	672,630,718,647
5595 (MAPK3)	672,630,718,647
6885 (MAP3K7)	540,737,586,754
5609 (MAP2K7)	606,737,652,754
5599 (MAPK8)	672,737,718,754
5601 (MAPK9)	672,737,718,754
5602 (MAPK10)	672,737,718,754
1739 (DLG1)	638,306,684,323
1432 (MAPK14)	672,344,718,361
5600 (MAPK11)	672,344,718,361
5603 (MAPK13)	672,344,718,361
6300 (MAPK12)	672,344,718,361
2932 (GSK3B)	484,913,530,930
hsa04514: Cell adhesion molecules (CAMs)	8,379,110,413
hsa04120: Ubiquitin mediated proteolysis	456,239,561,273
hsa04120: Ubiquitin mediated proteolysis	770,909,876,943
hsa04810: Regulation of actin cytoskeleton	587,379,689,413
hsa04660: T cell receptor signaling pathway	40,45,346,70
hsa04010: MAPK signaling pathway	497,653,599,687
hsa04020: Calcium signaling pathway	442,526,544,560
hsa04064: NF-kappa B signaling pathway	772,732,874,766
hsa04151: PI3K-Akt signaling pathway	314,819,416,853
