C01673 (Calcitriol)	756,171,4
C00951 (Estradiol-17beta)	831,170,4
C01673 (Calcitriol)	756,285,4
C00076 (Calcium cation)	110,829,4
C00076 (Calcium cation)	108,650,4
C00076 (Calcium cation)	953,619,4
C01330 (Sodium cation)	835,612,4
C00076 (Calcium cation)	957,724,4
C00076 (Calcium cation)	497,678,4
C00076 (Calcium cation)	637,739,4
C00076 (Calcium cation)	770,680,4
C00165 (Diacylglycerol)	297,719,4
C01245 (D-myo-Inositol 1,4,5-trisphosphate)	368,707,4
C00951 (Estradiol-17beta)	831,284,4
C00575 (3',5'-Cyclic AMP)	377,539,4
C01330 (Sodium cation)	958,541,4
C00238 (Potassium cation)	841,534,4
56302 (TRPV5)	135,642,181,659
5745 (PTH1R)	629,222,675,239
56302 (TRPV5)	401,586,447,603
7421 (VDR)	734,308,780,325
6543 (SLC8A2)	873,606,919,623
6546 (SLC8A1)	873,606,919,623
6547 (SLC8A3)	873,606,919,623
490 (ATP2B1)	873,716,919,733
491 (ATP2B2)	873,716,919,733
492 (ATP2B3)	873,716,919,733
493 (ATP2B4)	873,716,919,733
793 (CALB1)	614,616,660,633
793 (CALB1)	525,670,571,687
793 (CALB1)	615,699,661,716
793 (CALB1)	693,671,739,688
624 (BDKRB2)	135,740,181,757
56302 (TRPV5)	570,536,616,553
56302 (TRPV5)	242,415,288,432
56302 (TRPV5)	384,321,430,338
56302 (TRPV5)	403,452,449,469
56302 (TRPV5)	566,330,612,347
56302 (TRPV5)	566,359,612,376
56302 (TRPV5)	505,330,551,347
56302 (TRPV5)	505,359,551,376
1211 (CLTA)	266,486,312,503
1212 (CLTB)	266,486,312,503
1213 (CLTC)	266,486,312,503
8218 (CLTCL1)	266,486,312,503
1173 (AP2M1)	287,460,333,477
1175 (AP2S1)	287,460,333,477
160 (AP2A1)	287,460,333,477
161 (AP2A2)	287,460,333,477
163 (AP2B1)	287,460,333,477
8766 (RAB11A)	435,435,481,452
1759 (DNM1)	135,438,181,455
1785 (DNM2)	135,438,181,455
26052 (DNM3)	135,438,181,455
1759 (DNM1)	135,398,181,415
1785 (DNM2)	135,398,181,415
26052 (DNM3)	135,398,181,415
9365 (KL)	84,592,130,609
5578 (PRKCA)	222,681,268,698
5579 (PRKCB)	222,681,268,698
5582 (PRKCG)	222,681,268,698
2776 (GNAQ)	229,740,275,757
23236 (PLCB1)	320,740,366,757
5330 (PLCB2)	320,740,366,757
5331 (PLCB3)	320,740,366,757
5332 (PLCB4)	320,740,366,757
3816 (KLK1)	54,740,100,757
3817 (KLK2)	54,740,100,757
2099 (ESR1)	809,308,855,325
5566 (PRKACA)	255,577,301,594
5567 (PRKACB)	255,577,301,594
5568 (PRKACG)	255,577,301,594
112 (ADCY6)	447,499,493,516
115 (ADCY9)	447,499,493,516
2778 (GNAS)	547,449,593,466
23439 (ATP1B4)	873,529,919,546
476 (ATP1A1)	873,529,919,546
477 (ATP1A2)	873,529,919,546
478 (ATP1A3)	873,529,919,546
480 (ATP1A4)	873,529,919,546
481 (ATP1B1)	873,529,919,546
482 (ATP1B2)	873,529,919,546
483 (ATP1B3)	873,529,919,546
486 (FXYD2)	873,529,919,546
9365 (KL)	816,482,862,499
8766 (RAB11A)	594,376,640,393
8766 (RAB11A)	594,313,640,330
8766 (RAB11A)	479,376,525,393
8766 (RAB11A)	479,313,525,330
5741 (PTH)	629,163,675,180
hsa04530: Tight junction	194,104,309,129
hsa04144: Endocytosis	325,377,417,402
hsa04961: Endocrine and other factor-regulated calcium reabsorption	40,45,589,70
