C15647 (2-Acyl-1-(1-alkenyl)-sn-glycero-3-phosphate)	539,689,4
C15646 (1-(1-Alkenyl)-sn-glycero-3-phosphate)	468,636,4
C15645 (1-(1-Alkenyl)-sn-glycerol)	371,566,4
C02773 (1-Alkyl-sn-glycerol)	325,205,4
C01264 (2-Acetyl-1-alkyl-sn-glycero-3-phosphate)	180,349,4
C04756 (O-1-Alk-1-enyl-2-acyl-sn-glycero-3-phosphoethanolamine)	612,564,4
C04317 (1-Organyl-2-lyso-sn-glycero-3-phosphocholine)	180,565,4
C01233 (sn-Glycero-3-phosphoethanolamine)	468,495,4
C03968 (1-Alkyl-sn-glycero-3-phosphate)	395,277,4
C03201 (1-Alkyl-2-acylglycerol)	612,422,4
C04635 (1-(1-Alkenyl)-sn-glycero-3-phosphoethanolamine)	468,566,4
C03820 (1-Alkyl-2-acetyl-sn-glycerol)	180,421,4
C04598 (2-Acetyl-1-alkyl-sn-glycero-3-phosphocholine)	180,493,4
C03372 (Acylglycerone phosphate)	395,133,4
C03715 (O-Alkylglycerone phosphate)	395,205,4
C05212 (1-Radyl-2-acyl-sn-glycero-3-phosphocholine)	313,565,4
C04361 (1-O-Alkyl-2-acetyl-3-acyl-sn-glycerol)	73,420,4
C04517 (1-(1-Alkenyl)-sn-glycero-3-phosphocholine)	504,817,4
C03454 (1-Alkenyl-2-acylglycerol)	612,745,4
C00670 (sn-Glycero-3-phosphocholine)	504,893,4
C00958 (Plasmenylcholine)	612,818,4
C04475 (1-Alkyl-2-acylglycerophosphoethanolamine)	612,493,4
C05977 (2-Acyl-1-alkyl-sn-glycero-3-phosphate)	612,349,4
C20859 (Galactosyl-1-alkyl-2-acylglycerol)	794,493,4
C20825 (Seminolipid)	794,564,4
8540 (AGPS)	373,159,419,176
8611 (PLPP1)	590,374,636,391
8612 (PLPP2)	590,374,636,391
8613 (PLPP3)	590,374,636,391
10390 (CEPT1)	157,444,203,461
56994 (CHPT1)	157,444,203,461
10390 (CEPT1)	590,444,636,461
85465 (SELENOI)	590,444,636,461
10390 (CEPT1)	291,444,337,461
56994 (CHPT1)	291,444,337,461
5048 (PAFAH1B1)	136,512,182,529
5049 (PAFAH1B2)	136,512,182,529
5050 (PAFAH1B3)	136,512,182,529
5051 (PAFAH2)	136,512,182,529
7941 (PLA2G7)	136,512,182,529
100137049 (PLA2G4B)	248,549,294,566
11145 (PLAAT3)	248,549,294,566
123745 (PLA2G4E)	248,549,294,566
151056 (PLB1)	248,549,294,566
255189 (PLA2G4F)	248,549,294,566
26279 (PLA2G2D)	248,549,294,566
283748 (PLA2G4D)	248,549,294,566
30814 (PLA2G2E)	248,549,294,566
391013 (PLA2G2C)	248,549,294,566
50487 (PLA2G3)	248,549,294,566
5319 (PLA2G1B)	248,549,294,566
5320 (PLA2G2A)	248,549,294,566
5321 (PLA2G4A)	248,549,294,566
5322 (PLA2G5)	248,549,294,566
64600 (PLA2G2F)	248,549,294,566
81579 (PLA2G12A)	248,549,294,566
8398 (PLA2G6)	248,549,294,566
8399 (PLA2G10)	248,549,294,566
84647 (PLA2G12B)	248,549,294,566
8605 (PLA2G4C)	248,549,294,566
8681 (JMJD7-PLA2G4B)	248,549,294,566
54947 (LPCAT2)	200,567,246,584
79888 (LPCAT1)	200,567,246,584
254531 (LPCAT4)	180,532,226,549
54947 (LPCAT2)	180,532,226,549
79888 (LPCAT1)	180,532,226,549
100137049 (PLA2G4B)	518,566,564,583
11145 (PLAAT3)	518,566,564,583
123745 (PLA2G4E)	518,566,564,583
151056 (PLB1)	518,566,564,583
255189 (PLA2G4F)	518,566,564,583
26279 (PLA2G2D)	518,566,564,583
283748 (PLA2G4D)	518,566,564,583
30814 (PLA2G2E)	518,566,564,583
391013 (PLA2G2C)	518,566,564,583
50487 (PLA2G3)	518,566,564,583
5319 (PLA2G1B)	518,566,564,583
5320 (PLA2G2A)	518,566,564,583
5321 (PLA2G4A)	518,566,564,583
5322 (PLA2G5)	518,566,564,583
64600 (PLA2G2F)	518,566,564,583
81579 (PLA2G12A)	518,566,564,583
8398 (PLA2G6)	518,566,564,583
8399 (PLA2G10)	518,566,564,583
84647 (PLA2G12B)	518,566,564,583
8605 (PLA2G4C)	518,566,564,583
8681 (JMJD7-PLA2G4B)	518,566,564,583
254531 (LPCAT4)	518,547,564,564
255043 (TMEM86B)	462,516,508,533
10390 (CEPT1)	570,647,616,664
85465 (SELENOI)	570,647,616,664
122618 (PLD4)	518,647,564,664
23646 (PLD3)	518,647,564,664
5337 (PLD1)	518,647,564,664
5338 (PLD2)	518,647,564,664
255043 (TMEM86B)	482,845,528,862
284161 (GDPD1)	446,586,492,603
5168 (ENPP2)	446,586,492,603
79153 (GDPD3)	446,586,492,603
133121 (ENPP6)	400,557,446,574
7368 (UGT8)	771,444,817,461
9514 (GAL3ST1)	771,507,817,524
hsa00564: Glycerophospholipid metabolism	139,120,318,147
hsa00565: Ether lipid metabolism	40,45,247,70
