C00031 (D-Glucose)	90,269,4
C05981 (Phosphatidylinositol-3,4,5-trisphosphate)	395,391,4
C00008 (ADP)	406,144,4
C00020 (AMP)	433,144,4
C00025 (L-Glutamate)	90,488,4
1147 (CHUK)	514,338,560,355
3551 (IKBKB)	514,338,560,355
5599 (MAPK8)	463,249,509,266
5601 (MAPK9)	463,249,509,266
5602 (MAPK10)	463,249,509,266
5594 (MAPK1)	582,622,628,639
5595 (MAPK3)	582,622,628,639
51422 (PRKAG2)	463,216,509,233
53632 (PRKAG3)	463,216,509,233
5562 (PRKAA1)	463,216,509,233
5563 (PRKAA2)	463,216,509,233
5564 (PRKAB1)	463,216,509,233
5565 (PRKAB2)	463,216,509,233
5571 (PRKAG1)	463,216,509,233
3630 (INS)	70,383,116,400
100132074 (FOXO6)	670,371,716,388
2308 (FOXO1)	670,371,716,388
2309 (FOXO3)	670,371,716,388
4303 (FOXO4)	670,371,716,388
6654 (SOS1)	294,622,340,639
6655 (SOS2)	294,622,340,639
3265 (HRAS)	366,622,412,639
3845 (KRAS)	366,622,412,639
4893 (NRAS)	366,622,412,639
5604 (MAP2K1)	510,622,556,639
5605 (MAP2K2)	510,622,556,639
3643 (INSR)	141,383,187,400
369 (ARAF)	438,622,484,639
5894 (RAF1)	438,622,484,639
673 (BRAF)	438,622,484,639
5105 (PCK1)	1047,508,1093,525
5106 (PCK2)	1047,508,1093,525
2538 (G6PC)	1119,508,1165,525
57818 (G6PC2)	1119,508,1165,525
92579 (G6PC3)	1119,508,1165,525
10000 (AKT3)	514,383,560,400
207 (AKT1)	514,383,560,400
208 (AKT2)	514,383,560,400
5290 (PIK3CA)	307,383,353,400
5291 (PIK3CB)	307,383,353,400
5293 (PIK3CD)	307,383,353,400
5295 (PIK3R1)	307,383,353,400
5296 (PIK3R2)	307,383,353,400
8503 (PIK3R3)	307,383,353,400
5170 (PDPK1)	433,383,479,400
3667 (IRS1)	227,383,273,400
8471 (IRS4)	227,383,273,400
8660 (IRS2)	227,383,273,400
1956 (EGFR)	141,622,187,639
2885 (GRB2)	221,622,267,639
6789 (STK4)	463,273,509,290
1950 (EGF)	70,622,116,639
5728 (PTEN)	433,338,479,355
6502 (SKP2)	638,259,684,276
4193 (MDM2)	638,282,684,299
1387 (CREBBP)	779,348,825,365
2033 (EP300)	779,348,825,365
23411 (SIRT1)	845,348,891,365
3479 (IGF1)	70,345,116,362
3480 (IGF1R)	141,345,187,362
100132074 (FOXO6)	814,399,860,416
2308 (FOXO1)	814,399,860,416
2309 (FOXO3)	814,399,860,416
4303 (FOXO4)	814,399,860,416
1017 (CDK2)	670,536,716,553
85417 (CCNB3)	1047,69,1093,86
891 (CCNB1)	1047,69,1093,86
9133 (CCNB2)	1047,69,1093,86
595 (CCND1)	1118,69,1164,86
894 (CCND2)	1118,69,1164,86
1030 (CDKN2B)	1047,121,1093,138
1032 (CDKN2D)	1118,121,1164,138
1026 (CDKN1A)	1047,146,1093,163
1027 (CDKN1B)	1118,146,1164,163
5934 (RBL2)	1047,182,1093,199
10733 (PLK4)	1047,208,1093,225
10769 (PLK2)	1047,208,1093,225
1263 (PLK3)	1047,208,1093,225
5347 (PLK1)	1047,208,1093,225
10912 (GADD45G)	1118,208,1164,225
1647 (GADD45A)	1118,208,1164,225
4616 (GADD45B)	1118,208,1164,225
356 (FASLG)	1047,261,1093,278
10018 (BCL2L11)	1118,261,1164,278
8743 (TNFSF10)	1047,285,1093,302
604 (BCL6)	1118,285,1164,302
847 (CAT)	1047,412,1093,429
6648 (SOD2)	1118,412,1164,429
10912 (GADD45G)	1047,439,1093,456
1647 (GADD45A)	1047,439,1093,456
4616 (GADD45B)	1047,439,1093,456
472 (ATM)	1118,439,1164,456
604 (BCL6)	1047,568,1093,585
3575 (IL7R)	1119,568,1165,585
10365 (KLF2)	1047,594,1093,611
1901 (S1PR1)	1119,594,1165,611
8698 (S1PR4)	1119,594,1165,611
5896 (RAG1)	1047,621,1093,638
5897 (RAG2)	1047,621,1093,638
2911 (GRM1)	141,481,187,498
9454 (HOMER3)	202,435,248,452
9455 (HOMER2)	202,435,248,452
9456 (HOMER1)	202,435,248,452
116986 (AGAP2)	202,456,248,473
102800317 (TPTEP2-CSNK1E)	514,481,560,498
1454 (CSNK1E)	514,481,560,498
664 (BNIP3)	1047,318,1093,335
11337 (GABARAP)	1047,342,1093,359
11345 (GABARAPL2)	1047,342,1093,359
23710 (GABARAPL1)	1047,342,1093,359
9140 (ATG12)	1118,318,1164,335
100533105 (C8orf44-SGK3)	514,418,560,435
10110 (SGK2)	514,418,560,435
23678 (SGK3)	514,418,560,435
6446 (SGK1)	514,418,560,435
7046 (TGFBR1)	141,113,187,130
7048 (TGFBR2)	141,113,187,130
4088 (SMAD3)	641,112,687,129
4089 (SMAD4)	556,69,602,86
4088 (SMAD3)	803,120,849,137
4089 (SMAD4)	803,103,849,120
2290 (FOXG1)	835,688,881,705
6774 (STAT3)	514,544,560,561
3569 (IL6)	70,536,116,553
3586 (IL10)	70,558,116,575
51701 (NLK)	577,258,623,275
1432 (MAPK14)	628,572,674,589
5600 (MAPK11)	628,572,674,589
5603 (MAPK13)	628,572,674,589
6300 (MAPK12)	628,572,674,589
80854 (SETD7)	709,306,755,323
3276 (PRMT1)	712,472,758,489
7874 (USP7)	796,467,842,484
114907 (FBXO32)	1047,663,1093,680
26260 (FBXO25)	1047,663,1093,680
6517 (SLC2A4)	141,262,187,279
6794 (STK11)	434,173,480,190
901 (CCNG2)	1047,95,1093,112
100132074 (FOXO6)	814,306,860,323
2308 (FOXO1)	814,306,860,323
2309 (FOXO3)	814,306,860,323
4303 (FOXO4)	814,306,860,323
7040 (TGFB1)	70,113,116,130
7042 (TGFB2)	70,113,116,130
7043 (TGFB3)	70,113,116,130
hsa00010: Glycolysis / Gluconeogenesis	1224,528,1319,562
hsa04210: Apoptosis	1220,294,1312,319
hsa04010: MAPK signaling pathway	375,646,487,680
hsa04151: PI3K-Akt signaling pathway	376,422,488,456
hsa04120: Ubiquitin mediated proteolysis	613,180,725,214
hsa04110: Cell cycle	1218,171,1310,196
hsa04140: Autophagy - animal	1222,354,1317,388
hsa04350: TGF-beta signaling pathway	372,78,484,112
hsa04910: Insulin signaling pathway	234,338,346,372
hsa04630: JAK-STAT signaling pathway	376,557,488,591
hsa00010: Glycolysis / Gluconeogenesis	234,197,346,231
hsa00020: Citrate cycle (TCA cycle)	234,235,346,269
hsa00190: Oxidative phosphorylation	234,273,346,307
