C05981 (Phosphatidylinositol-3,4,5-trisphosphate)	436,253,4
C00076 (Calcium cation)	509,889,4
C01245 (D-myo-Inositol 1,4,5-trisphosphate)	469,889,4
C05981 (Phosphatidylinositol-3,4,5-trisphosphate)	571,753,4
C05981 (Phosphatidylinositol-3,4,5-trisphosphate)	363,996,4
C00165 (Diacylglycerol)	469,953,4
4792 (NFKBIA)	661,446,707,463
4793 (NFKBIB)	661,446,707,463
4794 (NFKBIE)	661,446,707,463
4790 (NFKB1)	661,415,707,432
5970 (RELA)	661,415,707,432
1147 (CHUK)	478,445,524,462
3551 (IKBKB)	478,445,524,462
8517 (IKBKG)	478,445,524,462
10000 (AKT3)	478,245,524,262
207 (AKT1)	478,245,524,262
208 (AKT2)	478,245,524,262
5290 (PIK3CA)	349,245,395,262
5291 (PIK3CB)	349,245,395,262
5293 (PIK3CD)	349,245,395,262
5295 (PIK3R1)	349,245,395,262
5296 (PIK3R2)	349,245,395,262
8503 (PIK3R3)	349,245,395,262
10125 (RASGRP1)	506,944,552,961
3265 (HRAS)	578,944,624,961
3845 (KRAS)	578,944,624,961
4893 (NRAS)	578,944,624,961
2353 (FOS)	889,944,935,961
3725 (JUN)	889,944,935,961
4772 (NFATC1)	790,880,836,897
4773 (NFATC2)	790,880,836,897
4775 (NFATC3)	790,880,836,897
5530 (PPP3CA)	588,880,634,897
5532 (PPP3CB)	588,880,634,897
5533 (PPP3CC)	588,880,634,897
5534 (PPP3R1)	588,880,634,897
5535 (PPP3R2)	588,880,634,897
5335 (PLCG1)	391,908,437,925
7535 (ZAP70)	343,746,389,763
916 (CD3E)	185,839,231,856
915 (CD3D)	185,822,231,839
919 (CD247)	231,801,277,818
919 (CD247)	231,784,277,801
917 (CD3G)	185,763,231,780
916 (CD3E)	185,746,231,763
3932 (LCK)	240,713,286,730
5777 (PTPN6)	294,640,340,657
5781 (PTPN11)	294,640,340,657
5133 (PDCD1)	185,640,231,657
5604 (MAP2K1)	720,944,766,961
5605 (MAP2K2)	720,944,766,961
5894 (RAF1)	649,944,695,961
5594 (MAPK1)	790,944,836,961
5595 (MAPK3)	790,944,836,961
3265 (HRAS)	349,179,395,196
3845 (KRAS)	349,179,395,196
4893 (NRAS)	349,179,395,196
5604 (MAP2K1)	569,179,615,196
5605 (MAP2K2)	569,179,615,196
5894 (RAF1)	478,179,524,196
5594 (MAPK1)	661,179,707,196
5595 (MAPK3)	661,179,707,196
1950 (EGF)	106,179,152,196
1956 (EGFR)	185,179,231,196
3458 (IFNG)	106,327,152,344
3459 (IFNGR1)	185,327,231,344
3460 (IFNGR2)	185,327,231,344
3716 (JAK1)	264,328,310,345
3717 (JAK2)	264,328,310,345
6772 (STAT1)	478,326,524,343
6774 (STAT3)	478,326,524,343
54106 (TLR9)	185,407,231,424
7097 (TLR2)	185,407,231,424
7099 (TLR4)	185,407,231,424
29126 (CD274)	185,491,231,508
10000 (AKT3)	608,745,654,762
207 (AKT1)	608,745,654,762
208 (AKT2)	608,745,654,762
5290 (PIK3CA)	482,745,528,762
5291 (PIK3CB)	482,745,528,762
5293 (PIK3CD)	482,745,528,762
5295 (PIK3R1)	482,745,528,762
5296 (PIK3R2)	482,745,528,762
8503 (PIK3R3)	482,745,528,762
940 (CD28)	185,1006,231,1023
5588 (PRKCQ)	278,1025,324,1042
10538 (BATF)	414,608,460,625
116071 (BATF2)	414,608,460,625
55509 (BATF3)	414,608,460,625
4215 (MAP3K3)	482,793,528,810
5606 (MAP2K3)	608,781,654,798
5608 (MAP2K6)	608,803,654,820
1432 (MAPK14)	687,790,733,807
5600 (MAPK11)	687,790,733,807
5603 (MAPK13)	687,790,733,807
6300 (MAPK12)	687,790,733,807
5728 (PTEN)	529,697,575,714
1457 (CSNK2A1)	451,698,497,715
1459 (CSNK2A2)	451,698,497,715
1460 (CSNK2B)	451,698,497,715
283106 (CSNK2A3)	451,698,497,715
238 (ALK)	237,232,283,249
27436 (EML4)	237,232,283,249
4615 (MYD88)	264,382,310,399
7189 (TRAF6)	349,374,395,391
5604 (MAP2K1)	478,374,524,391
5605 (MAP2K2)	478,374,524,391
5594 (MAPK1)	569,375,615,392
5595 (MAPK3)	569,375,615,392
2475 (MTOR)	569,222,615,239
6198 (RPS6KB1)	661,222,707,239
6199 (RPS6KB2)	661,222,707,239
3091 (HIF1A)	902,126,948,143
29126 (CD274)	1013,251,1059,268
2353 (FOS)	872,179,918,196
3725 (JUN)	872,179,918,196
2475 (MTOR)	687,745,733,762
10000 (AKT3)	407,987,453,1004
207 (AKT1)	407,987,453,1004
208 (AKT2)	407,987,453,1004
5290 (PIK3CA)	255,987,301,1004
5291 (PIK3CB)	255,987,301,1004
5293 (PIK3CD)	255,987,301,1004
5295 (PIK3R1)	255,987,301,1004
5296 (PIK3R2)	255,987,301,1004
8503 (PIK3R3)	255,987,301,1004
4790 (NFKB1)	407,1026,453,1043
5970 (RELA)	407,1026,453,1043
3725 (JUN)	494,987,540,1004
148022 (TICAM1)	264,434,310,451
353376 (TICAM2)	264,451,310,468
114609 (TIRAP)	264,365,310,382
4772 (NFATC1)	661,375,707,392
4773 (NFATC2)	661,375,707,392
4775 (NFATC3)	661,375,707,392
1147 (CHUK)	569,269,615,286
3551 (IKBKB)	569,269,615,286
8517 (IKBKG)	569,269,615,286
4792 (NFKBIA)	661,268,707,285
4793 (NFKBIB)	661,268,707,285
4794 (NFKBIE)	661,268,707,285
4790 (NFKB1)	661,301,707,318
5970 (RELA)	661,301,707,318
5728 (PTEN)	376,206,422,223
920 (CD4)	185,713,231,730
27040 (LAT)	380,850,426,867
hsa04514: Cell adhesion molecules (CAMs)	64,819,166,853
hsa05235: PD-L1 expression and PD-1 checkpoint pathway in cancer	40,45,532,70
hsa04010: MAPK signaling pathway	555,904,657,938
hsa04020: Calcium signaling pathway	556,838,658,872
hsa04151: PI3K-Akt signaling pathway	375,269,477,303
hsa04010: MAPK signaling pathway	580,138,682,172
hsa04151: PI3K-Akt signaling pathway	584,695,690,729
hsa04066: HIF-1 signaling pathway	580,94,682,128
hsa04620: Toll-like receptor signaling pathway	372,406,485,440
hsa04660: T cell receptor signaling pathway	245,597,351,631
