C05981 (Phosphatidylinositol-3,4,5-trisphosphate)	423,568,4
C00533 (Nitric oxide)	810,274,4
C04637 (1-Phosphatidyl-D-myo-inositol 4,5-bisphosphate)	363,776,4
C05981 (Phosphatidylinositol-3,4,5-trisphosphate)	489,780,4
C00020 (AMP)	563,90,4
1977 (EIF4E)	1076,79,1122,96
253314 (EIF4E1B)	1076,79,1122,96
9470 (EIF4E2)	1076,79,1122,96
1978 (EIF4EBP1)	983,79,1029,96
6194 (RPS6)	1076,141,1122,158
1975 (EIF4B)	1076,114,1122,131
6198 (RPS6KB1)	985,139,1031,156
6199 (RPS6KB2)	985,139,1031,156
57521 (RPTOR)	882,124,928,141
2475 (MTOR)	882,107,928,124
64223 (MLST8)	882,90,928,107
6009 (RHEB)	800,107,846,124
7249 (TSC2)	718,117,764,134
7248 (TSC1)	718,100,764,117
10000 (AKT3)	560,562,606,579
207 (AKT1)	560,562,606,579
208 (AKT2)	560,562,606,579
5170 (PDPK1)	465,493,511,510
5290 (PIK3CA)	332,494,378,511
5291 (PIK3CB)	332,494,378,511
5293 (PIK3CD)	332,494,378,511
5295 (PIK3R1)	332,494,378,511
5296 (PIK3R2)	332,494,378,511
8503 (PIK3R3)	332,494,378,511
5728 (PTEN)	381,642,427,659
3667 (IRS1)	281,415,327,432
1436 (CSF1R)	186,333,232,350
1956 (EGFR)	186,333,232,350
1969 (EPHA2)	186,333,232,350
2064 (ERBB2)	186,333,232,350
2065 (ERBB3)	186,333,232,350
2066 (ERBB4)	186,333,232,350
2260 (FGFR1)	186,333,232,350
2261 (FGFR3)	186,333,232,350
2263 (FGFR2)	186,333,232,350
2264 (FGFR4)	186,333,232,350
2321 (FLT1)	186,333,232,350
2322 (FLT3)	186,333,232,350
2324 (FLT4)	186,333,232,350
3480 (IGF1R)	186,333,232,350
3643 (INSR)	186,333,232,350
3791 (KDR)	186,333,232,350
3815 (KIT)	186,333,232,350
4233 (MET)	186,333,232,350
4804 (NGFR)	186,333,232,350
4914 (NTRK1)	186,333,232,350
4915 (NTRK2)	186,333,232,350
5156 (PDGFRA)	186,333,232,350
5159 (PDGFRB)	186,333,232,350
7010 (TEK)	186,333,232,350
10161 (LPAR6)	186,750,232,767
1128 (CHRM1)	186,750,232,767
1129 (CHRM2)	186,750,232,767
1902 (LPAR1)	186,750,232,767
2149 (F2R)	186,750,232,767
23566 (LPAR3)	186,750,232,767
2846 (LPAR4)	186,750,232,767
57121 (LPAR5)	186,750,232,767
9170 (LPAR2)	186,750,232,767
2932 (GSK3B)	746,466,792,483
4609 (MYC)	937,488,983,505
1027 (CDKN1B)	937,601,983,618
5934 (RBL2)	937,623,983,640
356 (FASLG)	937,658,983,675
10018 (BCL2L11)	937,680,983,697
2309 (FOXO3)	752,614,798,631
572 (BAD)	752,709,798,726
4193 (MDM2)	752,906,798,923
598 (BCL2L1)	858,697,904,714
7157 (TP53)	858,907,904,924
2997 (GYS1)	849,413,895,430
2998 (GYS2)	849,413,895,430
595 (CCND1)	937,515,983,532
5105 (PCK1)	937,442,983,459
5106 (PCK2)	937,442,983,459
2538 (G6PC)	937,463,983,480
57818 (G6PC2)	937,463,983,480
92579 (G6PC3)	937,463,983,480
1147 (CHUK)	752,865,798,882
3551 (IKBKB)	752,865,798,882
8517 (IKBKG)	752,865,798,882
4790 (NFKB1)	836,865,882,882
5970 (RELA)	836,865,882,882
10971 (YWHAQ)	732,658,778,675
7529 (YWHAB)	732,658,778,675
7531 (YWHAE)	732,658,778,675
7532 (YWHAG)	732,658,778,675
7533 (YWHAH)	732,658,778,675
7534 (YWHAZ)	732,658,778,675
1435 (CSF1)	98,333,144,350
1942 (EFNA1)	98,333,144,350
1943 (EFNA2)	98,333,144,350
1944 (EFNA3)	98,333,144,350
1945 (EFNA4)	98,333,144,350
1946 (EFNA5)	98,333,144,350
1950 (EGF)	98,333,144,350
2069 (EREG)	98,333,144,350
2246 (FGF1)	98,333,144,350
2247 (FGF2)	98,333,144,350
2248 (FGF3)	98,333,144,350
2249 (FGF4)	98,333,144,350
2250 (FGF5)	98,333,144,350
2251 (FGF6)	98,333,144,350
2252 (FGF7)	98,333,144,350
2253 (FGF8)	98,333,144,350
2254 (FGF9)	98,333,144,350
2255 (FGF10)	98,333,144,350
2277 (VEGFD)	98,333,144,350
2323 (FLT3LG)	98,333,144,350
26281 (FGF20)	98,333,144,350
26291 (FGF21)	98,333,144,350
27006 (FGF22)	98,333,144,350
284 (ANGPT1)	98,333,144,350
285 (ANGPT2)	98,333,144,350
3082 (HGF)	98,333,144,350
3479 (IGF1)	98,333,144,350
3481 (IGF2)	98,333,144,350
3630 (INS)	98,333,144,350
374 (AREG)	98,333,144,350
4254 (KITLG)	98,333,144,350
4803 (NGF)	98,333,144,350
4908 (NTF3)	98,333,144,350
4909 (NTF4)	98,333,144,350
51378 (ANGPT4)	98,333,144,350
5154 (PDGFA)	98,333,144,350
5155 (PDGFB)	98,333,144,350
5228 (PGF)	98,333,144,350
56034 (PDGFC)	98,333,144,350
627 (BDNF)	98,333,144,350
7039 (TGFA)	98,333,144,350
7422 (VEGFA)	98,333,144,350
7423 (VEGFB)	98,333,144,350
7424 (VEGFC)	98,333,144,350
80310 (PDGFD)	98,333,144,350
8074 (FGF23)	98,333,144,350
8817 (FGF18)	98,333,144,350
8822 (FGF17)	98,333,144,350
8823 (FGF16)	98,333,144,350
9965 (FGF19)	98,333,144,350
2885 (GRB2)	267,333,313,350
6654 (SOS1)	354,333,400,350
6655 (SOS2)	354,333,400,350
3265 (HRAS)	439,333,485,350
3845 (KRAS)	439,333,485,350
4893 (NRAS)	439,333,485,350
117145 (THEM4)	515,465,561,482
28227 (PPP2R3B)	555,440,601,457
55012 (PPP2R3C)	555,440,601,457
5515 (PPP2CA)	555,440,601,457
5516 (PPP2CB)	555,440,601,457
5518 (PPP2R1A)	555,440,601,457
5519 (PPP2R1B)	555,440,601,457
5520 (PPP2R2A)	555,440,601,457
5521 (PPP2R2B)	555,440,601,457
5522 (PPP2R2C)	555,440,601,457
5523 (PPP2R3A)	555,440,601,457
5525 (PPP2R5A)	555,440,601,457
5526 (PPP2R5B)	555,440,601,457
5527 (PPP2R5C)	555,440,601,457
5528 (PPP2R5D)	555,440,601,457
5529 (PPP2R5E)	555,440,601,457
55844 (PPP2R2D)	555,440,601,457
3320 (HSP90AA1)	465,606,511,623
3326 (HSP90AB1)	465,606,511,623
7184 (HSP90B1)	465,606,511,623
11140 (CDC37)	465,623,511,640
4846 (NOS3)	709,266,755,283
5562 (PRKAA1)	616,108,662,125
5563 (PRKAA2)	616,108,662,125
54541 (DDIT4)	616,66,662,83
6794 (STK11)	539,122,585,139
200186 (CRTC2)	489,661,535,678
23035 (PHLPP2)	526,688,572,705
23239 (PHLPP1)	526,688,572,705
1026 (CDKN1A)	752,539,798,556
1027 (CDKN1B)	752,563,798,580
1017 (CDK2)	937,549,983,566
1019 (CDK4)	937,549,983,566
1021 (CDK6)	937,549,983,566
842 (CASP9)	752,741,798,758
146850 (PIK3R6)	400,743,446,760
23533 (PIK3R5)	400,743,446,760
5290 (PIK3CA)	400,743,446,760
5291 (PIK3CB)	400,743,446,760
5293 (PIK3CD)	400,743,446,760
5294 (PIK3CG)	400,743,446,760
5295 (PIK3R1)	400,743,446,760
5296 (PIK3R2)	400,743,446,760
8503 (PIK3R3)	400,743,446,760
5728 (PTEN)	400,794,446,811
5894 (RAF1)	744,333,790,350
5604 (MAP2K1)	848,333,894,350
5605 (MAP2K2)	848,333,894,350
5594 (MAPK1)	938,333,984,350
5595 (MAPK3)	938,333,984,350
146850 (PIK3R6)	330,624,376,641
23533 (PIK3R5)	330,624,376,641
5294 (PIK3CG)	330,624,376,641
102723407 (IGH)	186,472,232,489
930 (CD19)	186,506,232,523
6850 (SYK)	232,472,278,489
10681 (GNB5)	231,750,277,767
2782 (GNB1)	231,750,277,767
2783 (GNB2)	231,750,277,767
2784 (GNB3)	231,750,277,767
2785 (GNG3)	231,750,277,767
2786 (GNG4)	231,750,277,767
2787 (GNG5)	231,750,277,767
2788 (GNG7)	231,750,277,767
2790 (GNG10)	231,750,277,767
2791 (GNG11)	231,750,277,767
2792 (GNGT1)	231,750,277,767
2793 (GNGT2)	231,750,277,767
51764 (GNG13)	231,750,277,767
54331 (GNG2)	231,750,277,767
55970 (GNG12)	231,750,277,767
59345 (GNB4)	231,750,277,767
94235 (GNG8)	231,750,277,767
22801 (ITGA11)	186,611,232,628
3655 (ITGA6)	186,611,232,628
3672 (ITGA1)	186,611,232,628
3673 (ITGA2)	186,611,232,628
3674 (ITGA2B)	186,611,232,628
3675 (ITGA3)	186,611,232,628
3676 (ITGA4)	186,611,232,628
3678 (ITGA5)	186,611,232,628
3679 (ITGA7)	186,611,232,628
3680 (ITGA9)	186,611,232,628
3685 (ITGAV)	186,611,232,628
8515 (ITGA10)	186,611,232,628
8516 (ITGA8)	186,611,232,628
3688 (ITGB1)	186,628,232,645
3690 (ITGB3)	186,628,232,645
3691 (ITGB4)	186,628,232,645
3693 (ITGB5)	186,628,232,645
3694 (ITGB6)	186,628,232,645
3695 (ITGB7)	186,628,232,645
3696 (ITGB8)	186,628,232,645
10319 (LAMC3)	101,620,147,637
1101 (CHAD)	101,620,147,637
1277 (COL1A1)	101,620,147,637
1278 (COL1A2)	101,620,147,637
1280 (COL2A1)	101,620,147,637
1282 (COL4A1)	101,620,147,637
1284 (COL4A2)	101,620,147,637
1285 (COL4A3)	101,620,147,637
1286 (COL4A4)	101,620,147,637
1287 (COL4A5)	101,620,147,637
1288 (COL4A6)	101,620,147,637
1291 (COL6A1)	101,620,147,637
1292 (COL6A2)	101,620,147,637
1293 (COL6A3)	101,620,147,637
1297 (COL9A1)	101,620,147,637
1298 (COL9A2)	101,620,147,637
1299 (COL9A3)	101,620,147,637
1311 (COMP)	101,620,147,637
131873 (COL6A6)	101,620,147,637
22798 (LAMB4)	101,620,147,637
2335 (FN1)	101,620,147,637
256076 (COL6A5)	101,620,147,637
284217 (LAMA1)	101,620,147,637
3371 (TNC)	101,620,147,637
3381 (IBSP)	101,620,147,637
3908 (LAMA2)	101,620,147,637
3909 (LAMA3)	101,620,147,637
3910 (LAMA4)	101,620,147,637
3911 (LAMA5)	101,620,147,637
3912 (LAMB1)	101,620,147,637
3913 (LAMB2)	101,620,147,637
3914 (LAMB3)	101,620,147,637
3915 (LAMC1)	101,620,147,637
3918 (LAMC2)	101,620,147,637
5649 (RELN)	101,620,147,637
63923 (TNN)	101,620,147,637
6696 (SPP1)	101,620,147,637
7057 (THBS1)	101,620,147,637
7058 (THBS2)	101,620,147,637
7059 (THBS3)	101,620,147,637
7060 (THBS4)	101,620,147,637
7143 (TNR)	101,620,147,637
7148 (TNXB)	101,620,147,637
7448 (VTN)	101,620,147,637
7450 (VWF)	101,620,147,637
5747 (PTK2)	232,619,278,636
7097 (TLR2)	186,404,232,421
7099 (TLR4)	186,404,232,421
5879 (RAC1)	261,447,307,464
1441 (CSF3R)	186,561,232,578
2057 (EPOR)	186,561,232,578
2690 (GHR)	186,561,232,578
3454 (IFNAR1)	186,561,232,578
3455 (IFNAR2)	186,561,232,578
3559 (IL2RA)	186,561,232,578
3560 (IL2RB)	186,561,232,578
3561 (IL2RG)	186,561,232,578
3563 (IL3RA)	186,561,232,578
3566 (IL4R)	186,561,232,578
3570 (IL6R)	186,561,232,578
3575 (IL7R)	186,561,232,578
5618 (PRLR)	186,561,232,578
9180 (OSMR)	186,561,232,578
3716 (JAK1)	232,561,278,578
3717 (JAK2)	232,561,278,578
3718 (JAK3)	232,561,278,578
1440 (CSF3)	101,560,147,577
1442 (CSH1)	101,560,147,577
1443 (CSH2)	101,560,147,577
2056 (EPO)	101,560,147,577
2688 (GH1)	101,560,147,577
2689 (GH2)	101,560,147,577
3439 (IFNA1)	101,560,147,577
3440 (IFNA2)	101,560,147,577
3441 (IFNA4)	101,560,147,577
3442 (IFNA5)	101,560,147,577
3443 (IFNA6)	101,560,147,577
3444 (IFNA7)	101,560,147,577
3445 (IFNA8)	101,560,147,577
3446 (IFNA10)	101,560,147,577
3447 (IFNA13)	101,560,147,577
3448 (IFNA14)	101,560,147,577
3449 (IFNA16)	101,560,147,577
3451 (IFNA17)	101,560,147,577
3452 (IFNA21)	101,560,147,577
3456 (IFNB1)	101,560,147,577
3558 (IL2)	101,560,147,577
3562 (IL3)	101,560,147,577
3565 (IL4)	101,560,147,577
3569 (IL6)	101,560,147,577
3574 (IL7)	101,560,147,577
5008 (OSM)	101,560,147,577
5617 (PRL)	101,560,147,577
672 (BRCA1)	938,373,984,390
10488 (CREB3)	752,773,798,790
1385 (CREB1)	752,773,798,790
1386 (ATF2)	752,773,798,790
1388 (ATF6B)	752,773,798,790
148327 (CREB3L4)	752,773,798,790
468 (ATF4)	752,773,798,790
64764 (CREB3L2)	752,773,798,790
84699 (CREB3L3)	752,773,798,790
90993 (CREB3L1)	752,773,798,790
9586 (CREB5)	752,773,798,790
596 (BCL2)	959,765,1005,782
4170 (MCL1)	959,786,1005,803
598 (BCL2L1)	958,853,1004,870
4602 (MYB)	958,874,1004,891
5578 (PRKCA)	751,175,797,192
29941 (PKN3)	752,202,798,219
5585 (PKN1)	752,202,798,219
5586 (PKN2)	752,202,798,219
100533105 (C8orf44-SGK3)	751,230,797,247
10110 (SGK2)	751,230,797,247
23678 (SGK3)	751,230,797,247
6446 (SGK1)	751,230,797,247
596 (BCL2)	858,719,904,736
118788 (PIK3AP1)	226,523,272,540
595 (CCND1)	937,566,983,583
894 (CCND2)	937,566,983,583
896 (CCND3)	937,566,983,583
898 (CCNE1)	937,566,983,583
9134 (CCNE2)	937,566,983,583
4515 (MTCP1)	567,714,613,731
8115 (TCL1A)	567,714,613,731
9623 (TCL1B)	567,714,613,731
3164 (NR4A1)	752,825,798,842
6256 (RXRA)	752,808,798,825
596 (BCL2)	858,825,904,842
9223 (MAGI1)	348,676,394,693
9863 (MAGI2)	348,676,394,693
hsa04115: p53 signaling pathway	1128,900,1238,934
hsa04150: mTOR signaling pathway	766,60,876,94
hsa04151: PI3K-Akt signaling pathway	40,45,297,70
hsa04064: NF-kappa B signaling pathway	1127,854,1237,888
hsa04110: Cell cycle	1125,541,1235,566
hsa00010: Glycolysis / Gluconeogenesis	1123,443,1233,477
hsa04370: VEGF signaling pathway	709,287,819,321
hsa04210: Apoptosis	1127,722,1237,747
hsa04012: ErbB signaling pathway	314,267,424,301
hsa04910: Insulin signaling pathway	315,220,425,254
hsa04010: MAPK signaling pathway	857,294,967,328
hsa04510: Focal adhesion	62,586,172,611
hsa04662: B cell receptor signaling pathway	62,435,172,469
hsa04620: Toll-like receptor signaling pathway	62,360,172,394
hsa04630: JAK-STAT signaling pathway	62,520,172,554
hsa04062: Chemokine signaling pathway	62,703,172,737
hsa04068: FoxO signaling pathway	819,579,929,613
