2130 (EWSR1)	1257,273,1303,290
2313 (FLI1)	1312,273,1358,290
2130 (EWSR1)	1257,313,1303,330
2078 (ERG)	1312,313,1358,330
2130 (EWSR1)	1257,360,1303,377
2115 (ETV1)	1312,360,1358,377
2130 (EWSR1)	1257,401,1303,418
2118 (ETV4)	1312,401,1358,418
2130 (EWSR1)	1257,445,1303,462
54738 (FEV)	1312,445,1358,462
2130 (EWSR1)	1257,512,1303,529
466 (ATF1)	1312,512,1358,529
2130 (EWSR1)	1257,585,1303,602
7490 (WT1)	1312,585,1358,602
2130 (EWSR1)	1257,670,1303,687
8013 (NR4A3)	1312,670,1358,687
2521 (FUS)	1257,756,1303,773
1649 (DDIT3)	1312,756,1358,773
2130 (EWSR1)	1257,802,1303,819
1649 (DDIT3)	1312,802,1358,819
5077 (PAX3)	1257,862,1303,879
2308 (FOXO1)	1312,862,1358,879
5081 (PAX7)	1257,909,1303,926
2308 (FOXO1)	1312,909,1358,926
6760 (SS18)	1257,961,1303,978
6756 (SSX1)	1312,961,1358,978
6757 (SSX2)	1312,961,1358,978
727837 (SSX2B)	1312,961,1358,978
79058 (ASPSCR1)	1257,1016,1303,1033
7030 (TFE3)	1312,1016,1358,1033
4609 (MYC)	1480,288,1526,305
3398 (ID2)	1480,311,1526,328
9915 (ARNT2)	1480,488,1526,505
472 (ATM)	1480,512,1526,529
5154 (PDGFA)	1480,571,1526,588
3560 (IL2RB)	1533,571,1579,588
8938 (BAIAP3)	1480,594,1526,611
7102 (TSPAN7)	1480,617,1526,634
4291 (MLF1)	1480,640,1526,657
5468 (PPARG)	1480,670,1526,687
4233 (MET)	1483,1016,1529,1033
2321 (FLT1)	1480,862,1526,879
26471 (NUPR1)	1483,961,1529,978
1026 (CDKN1A)	1480,358,1526,375
3486 (IGFBP3)	1480,404,1526,421
7048 (TGFBR2)	1480,381,1526,398
3479 (IGF1)	1480,265,1526,282
1051 (CEBPB)	1386,756,1432,773
3569 (IL6)	1496,757,1542,774
64332 (NFKBIZ)	1387,786,1433,803
3576 (CXCL8)	1496,803,1542,820
3479 (IGF1)	1480,440,1526,457
7849 (PAX8)	708,730,754,747
5468 (PPARG)	763,730,809,747
5546 (PRCC)	708,808,754,825
7030 (TFE3)	763,808,809,825
7113 (TMPRSS2)	708,870,754,887
2078 (ERG)	763,870,809,887
7113 (TMPRSS2)	708,911,754,928
2115 (ETV1)	763,911,809,928
7113 (TMPRSS2)	708,957,754,974
2118 (ETV4)	763,957,809,974
7113 (TMPRSS2)	708,1003,754,1020
2119 (ETV5)	763,1003,809,1020
85414 (SLC45A3)	708,1046,754,1063
2005 (ELK4)	763,1046,809,1063
1655 (DDX5)	708,1083,754,1100
2118 (ETV4)	763,1083,809,1100
5328 (PLAU)	905,858,951,875
4314 (MMP3)	905,880,951,897
4318 (MMP9)	905,880,951,897
6935 (ZEB1)	956,880,1002,897
7850 (IL1R2)	905,902,951,919
6692 (SPINT1)	905,933,951,950
5328 (PLAU)	905,995,951,1012
4318 (MMP9)	905,1017,951,1034
6256 (RXRA)	831,708,877,725
6257 (RXRB)	831,708,877,725
6258 (RXRG)	831,708,877,725
5468 (PPARG)	831,748,877,765
1026 (CDKN1A)	905,808,951,825
861 (RUNX1)	148,338,194,355
862 (RUNX1T1)	203,338,249,355
5371 (PML)	148,435,194,452
5914 (RARA)	203,435,249,452
7704 (ZBTB16)	148,526,194,543
5914 (RARA)	203,526,249,543
4609 (MYC)	380,526,426,543
890 (CCNA2)	380,438,426,455
8900 (CCNA1)	380,438,426,455
3728 (JUP)	380,406,426,423
1053 (CEBPE)	380,470,426,487
597 (BCL2A1)	380,491,426,508
1050 (CEBPA)	293,263,339,280
8864 (PER2)	401,263,447,280
6688 (SPI1)	293,352,339,369
929 (CD14)	402,331,448,348
3684 (ITGAM)	402,353,448,370
2209 (FCGR1A)	402,375,448,392
5966 (REL)	708,378,754,395
597 (BCL2A1)	890,367,936,384
330 (BIRC3)	943,367,989,384
7185 (TRAF1)	890,389,936,406
598 (BCL2L1)	943,389,989,406
942 (CD86)	890,411,936,428
958 (CD40)	943,411,989,428
6929 (TCF3)	148,656,194,673
5087 (PBX1)	203,656,249,673
2120 (ETV6)	148,730,194,747
51513 (ETV7)	148,730,194,747
861 (RUNX1)	203,730,249,747
51384 (WNT16)	380,656,426,673
9611 (NCOR1)	238,777,284,794
25942 (SIN3A)	238,760,284,777
4297 (KMT2A)	148,932,194,949
4299 (AFF1)	203,932,249,949
4005 (LMO2)	349,816,395,833
860 (RUNX2)	349,838,395,855
3205 (HOXA9)	349,882,395,899
3206 (HOXA10)	402,882,448,899
5090 (PBX3)	402,816,448,833
4086 (SMAD1)	402,838,448,855
4208 (MEF2C)	402,860,448,877
51274 (KLF3)	349,860,395,877
221037 (JMJD1C)	349,922,395,939
7403 (KDM6A)	349,944,395,961
8091 (HMGA2)	402,922,448,939
8464 (SUPT3H)	402,944,448,961
8842 (PROM1)	349,990,395,1007
55589 (BMP2K)	349,1012,395,1029
2322 (FLT3)	402,990,448,1007
3480 (IGF1R)	402,1012,448,1029
1027 (CDKN1B)	349,1054,395,1071
5218 (CDK14)	349,1076,395,1093
4094 (MAF)	763,514,809,531
894 (CCND2)	905,498,951,515
3695 (ITGB7)	905,528,951,545
102723407 (IGH)	708,514,754,531
5079 (PAX5)	708,632,754,649
102723407 (IGH)	763,632,809,649
4613 (MYCN)	1257,92,1303,109
4149 (MAX)	1312,92,1358,109
6667 (SP1)	1313,124,1359,141
7709 (ZBTB17)	1313,141,1359,158
4193 (MDM2)	1457,42,1503,59
7157 (TP53)	1457,84,1503,101
100532731 (COMMD3-BMI1)	1457,105,1503,122
648 (BMI1)	1457,105,1503,122
5747 (PTK2)	1457,63,1503,80
4914 (NTRK1)	1457,136,1503,153
4804 (NGFR)	1457,157,1503,174
4221 (MEN1)	1257,188,1303,205
1027 (CDKN1B)	1457,189,1503,206
4297 (KMT2A)	1257,205,1303,222
1025 (CDK9)	151,968,197,985
904 (CCNT1)	151,968,197,985
905 (CCNT2)	151,968,197,985
4298 (MLLT1)	173,995,219,1012
4300 (MLLT3)	173,995,219,1012
84444 (DOT1L)	206,1026,252,1043
3562 (IL3)	402,700,448,717
1437 (CSF2)	349,722,395,739
4353 (MPO)	402,722,448,739
1668 (DEFA3)	402,744,448,761
1991 (ELANE)	349,766,395,783
3002 (GZMB)	402,766,448,783
25942 (SIN3A)	201,284,247,301
9611 (NCOR1)	201,301,247,318
1848 (DUSP6)	380,558,426,575
861 (RUNX1)	233,180,279,197
1436 (CSF1R)	349,171,395,188
4353 (MPO)	402,171,448,188
1437 (CSF2)	349,193,395,210
3562 (IL3)	402,193,448,210
6688 (SPI1)	293,305,339,322
1436 (CSF1R)	402,305,448,322
1050 (CEBPA)	293,225,339,242
4297 (KMT2A)	708,106,754,123
4298 (MLLT1)	763,106,809,123
4300 (MLLT3)	763,106,809,123
4211 (MEIS1)	890,88,936,105
3205 (HOXA9)	943,88,989,105
3206 (HOXA10)	890,110,936,127
3207 (HOXA11)	943,110,989,127
6495 (SIX1)	996,110,1042,127
51804 (SIX4)	890,132,936,149
2138 (EYA1)	943,132,989,149
1031 (CDKN2C)	996,132,1042,149
3248 (HPGD)	890,154,936,171
2892 (GRIA3)	943,154,989,171
2530 (FUT8)	996,154,1042,171
3195 (TLX1)	708,200,754,217
30012 (TLX3)	708,148,754,165
64919 (BCL11B)	890,200,936,217
604 (BCL6)	708,446,754,463
102723407 (IGH)	708,555,754,572
7468 (NSD2)	763,555,809,572
126961 (HIST2H3C)	840,556,886,573
3020 (H3F3A)	840,556,886,573
3021 (H3F3B)	840,556,886,573
333932 (HIST2H3A)	840,556,886,573
440093 (H3F3C)	840,556,886,573
653604 (HIST2H3D)	840,556,886,573
8290 (HIST3H3)	840,556,886,573
8350 (HIST1H3A)	840,556,886,573
8351 (HIST1H3D)	840,556,886,573
8352 (HIST1H3C)	840,556,886,573
8353 (HIST1H3E)	840,556,886,573
8354 (HIST1H3I)	840,556,886,573
8355 (HIST1H3G)	840,556,886,573
8356 (HIST1H3J)	840,556,886,573
8357 (HIST1H3H)	840,556,886,573
8358 (HIST1H3B)	840,556,886,573
8968 (HIST1H3F)	840,556,886,573
894 (CCND2)	905,594,951,611
8148 (TAF15)	1257,706,1303,723
8013 (NR4A3)	1312,706,1358,723
5327 (PLAT)	956,858,1002,875
3065 (HDAC1)	155,293,201,310
3066 (HDAC2)	155,293,201,310
3065 (HDAC1)	238,702,284,719
3066 (HDAC2)	238,702,284,719
4790 (NFKB1)	1387,803,1433,820
5970 (RELA)	1387,803,1433,820
4005 (LMO2)	708,268,754,285
8861 (LDB1)	708,285,754,302
4066 (LYL1)	784,281,830,298
6929 (TCF3)	784,298,830,315
3087 (HHEX)	914,274,960,291
171558 (PTCRA)	914,302,960,319
7157 (TP53)	1257,1083,1303,1100
1026 (CDKN1A)	1483,1061,1529,1078
10912 (GADD45G)	1535,1061,1581,1078
1647 (GADD45A)	1535,1061,1581,1078
4616 (GADD45B)	1535,1061,1581,1078
581 (BAX)	1483,1083,1529,1100
578 (BAK1)	1535,1083,1581,1100
1643 (DDB2)	1483,1105,1529,1122
51426 (POLK)	1535,1105,1581,1122
894 (CCND2)	890,344,936,361
4286 (MITF)	1480,536,1526,553
hsa05202: Transcriptional misregulation in cancer	40,45,403,70
hsa05216: Thyroid cancer	951,702,1048,727
hsa05221: Acute myeloid leukemia	93,206,230,231
hsa04115: p53 signaling pathway	1324,1107,1458,1132
hsa05215: Prostate cancer	953,1054,1050,1079
hsa05211: Renal cell carcinoma	951,779,1075,804
