C00076 (Calcium cation)	301,667,4
50855 (PARD6A)	285,186,331,203
84552 (PARD6G)	285,186,331,203
84612 (PARD6B)	285,186,331,203
10207 (PATJ)	357,221,403,238
998 (CDC42)	624,256,670,273
6794 (STK11)	398,908,444,925
57530 (CGN)	398,839,444,856
7074 (TIAM1)	398,339,444,356
55114 (ARHGAP17)	511,256,557,273
100506658 (OCLN)	149,799,195,816
7082 (TJP1)	285,801,331,818
100506658 (OCLN)	103,799,149,816
10207 (PATJ)	511,873,557,890
23370 (ARHGEF18)	511,839,557,856
387 (RHOA)	624,839,670,856
6093 (ROCK1)	737,839,783,856
9475 (ROCK2)	737,839,783,856
4633 (MYL2)	850,839,896,856
54566 (EPB41L4B)	398,873,444,890
56288 (PARD3)	285,339,331,356
5584 (PRKCI)	285,272,331,289
5590 (PRKCZ)	285,272,331,289
5879 (RAC1)	511,339,557,356
150084 (IGSF5)	149,969,195,986
9223 (MAGI1)	285,969,331,986
50848 (F11R)	149,1040,195,1057
51735 (RAPGEF6)	285,1021,331,1038
5906 (RAP1A)	398,1032,444,1049
5515 (PPP2CA)	285,767,331,784
5516 (PPP2CB)	285,767,331,784
5518 (PPP2R1A)	285,767,331,784
5519 (PPP2R1B)	285,767,331,784
5520 (PPP2R2A)	285,767,331,784
5521 (PPP2R2B)	285,767,331,784
5522 (PPP2R2C)	285,767,331,784
55844 (PPP2R2D)	285,767,331,784
81 (ACTN4)	398,986,444,1003
87 (ACTN1)	398,986,444,1003
60 (ACTB)	398,969,444,986
71 (ACTG1)	398,969,444,986
11346 (SYNPO)	398,952,444,969
79778 (MICALL2)	511,986,557,1003
5872 (RAB13)	624,986,670,1003
5872 (RAB13)	624,801,670,818
5566 (PRKACA)	511,801,557,818
5567 (PRKACB)	511,801,557,818
5568 (PRKACG)	511,801,557,818
7408 (VASP)	398,801,444,818
100506658 (OCLN)	149,703,195,720
7082 (TJP1)	285,730,331,747
6714 (SRC)	398,703,444,720
5609 (MAP2K7)	511,659,557,676
4217 (MAP3K5)	398,659,444,676
5599 (MAPK8)	511,703,557,720
5601 (MAPK9)	511,703,557,720
5602 (MAPK10)	511,703,557,720
776 (CACNA1D)	149,655,195,672
7082 (TJP1)	285,548,331,565
8531 (YBX3)	398,548,444,565
9368 (SLC9A3R1)	285,609,331,626
60 (ACTB)	511,622,557,639
71 (ACTG1)	511,622,557,639
4478 (MSN)	398,609,444,626
5962 (RDX)	398,609,444,626
7430 (EZR)	398,609,444,626
3993 (LLGL2)	398,294,444,311
3996 (LLGL1)	398,294,444,311
8777 (MPDZ)	430,221,476,238
58538 (MPP4)	511,186,557,203
91862 (MARVELD3)	149,491,195,508
153562 (MARVELD2)	149,1136,195,1153
4214 (MAP3K1)	285,491,331,508
5599 (MAPK8)	398,491,444,508
5601 (MAPK9)	398,491,444,508
5602 (MAPK10)	398,491,444,508
100132463 (CLDN24)	149,856,195,873
10686 (CLDN16)	149,856,195,873
1364 (CLDN4)	149,856,195,873
1365 (CLDN3)	149,856,195,873
1366 (CLDN7)	149,856,195,873
137075 (CLDN23)	149,856,195,873
149461 (CLDN19)	149,856,195,873
23562 (CLDN14)	149,856,195,873
24146 (CLDN15)	149,856,195,873
26285 (CLDN17)	149,856,195,873
49861 (CLDN20)	149,856,195,873
5010 (CLDN11)	149,856,195,873
51208 (CLDN18)	149,856,195,873
53842 (CLDN22)	149,856,195,873
644672 (CLDN25)	149,856,195,873
7122 (CLDN5)	149,856,195,873
9071 (CLDN10)	149,856,195,873
9073 (CLDN8)	149,856,195,873
9074 (CLDN6)	149,856,195,873
9075 (CLDN2)	149,856,195,873
9076 (CLDN1)	149,856,195,873
9080 (CLDN9)	149,856,195,873
5584 (PRKCI)	285,908,331,925
5590 (PRKCZ)	285,908,331,925
51422 (PRKAG2)	511,908,557,925
53632 (PRKAG3)	511,908,557,925
5562 (PRKAA1)	511,908,557,925
5563 (PRKAA2)	511,908,557,925
5564 (PRKAB1)	511,908,557,925
5565 (PRKAB2)	511,908,557,925
5571 (PRKAG1)	511,908,557,925
4633 (MYL2)	624,908,670,925
7082 (TJP1)	285,1076,331,1093
9414 (TJP2)	285,1076,331,1093
4301 (AFDN)	285,1048,331,1065
9693 (RAPGEF2)	398,1076,444,1093
57826 (RAP2C)	511,1076,557,1093
387 (RHOA)	624,1076,670,1093
7082 (TJP1)	285,1104,331,1121
998 (CDC42)	398,1136,444,1153
10376 (TUBA1B)	285,1136,331,1153
112714 (TUBA3E)	285,1136,331,1153
113457 (TUBA3D)	285,1136,331,1153
51807 (TUBA8)	285,1136,331,1153
7277 (TUBA4A)	285,1136,331,1153
7278 (TUBA3C)	285,1136,331,1153
7846 (TUBA1A)	285,1136,331,1153
79861 (TUBAL3)	285,1136,331,1153
84790 (TUBA1C)	285,1136,331,1153
123720 (WHAMM)	511,1136,557,1152
7454 (WAS)	511,1136,557,1152
10096 (ACTR3)	624,1118,670,1135
10097 (ACTR2)	624,1118,670,1135
57180 (ACTR3B)	624,1118,670,1135
653857 (ACTR3C)	624,1118,670,1135
60 (ACTB)	624,1151,670,1168
71 (ACTG1)	624,1151,670,1168
4771 (NF2)	511,223,557,240
1019 (CDK4)	398,531,444,548
2064 (ERBB2)	921,566,967,583
5111 (PCNA)	921,529,967,546
861 (RUNX1)	970,566,1016,583
387 (RHOA)	624,439,670,456
9181 (ARHGEF2)	511,439,557,456
50848 (F11R)	149,384,195,401
58494 (JAM2)	149,384,195,401
83700 (JAM3)	149,384,195,401
50848 (F11R)	103,384,149,401
58494 (JAM2)	103,384,149,401
83700 (JAM3)	103,384,149,401
57530 (CGN)	398,428,444,445
7082 (TJP1)	285,439,331,456
100506658 (OCLN)	149,339,195,356
100506658 (OCLN)	103,339,149,356
100132463 (CLDN24)	149,297,195,314
10686 (CLDN16)	149,297,195,314
1364 (CLDN4)	149,297,195,314
1365 (CLDN3)	149,297,195,314
1366 (CLDN7)	149,297,195,314
137075 (CLDN23)	149,297,195,314
149461 (CLDN19)	149,297,195,314
23562 (CLDN14)	149,297,195,314
24146 (CLDN15)	149,297,195,314
26285 (CLDN17)	149,297,195,314
49861 (CLDN20)	149,297,195,314
5010 (CLDN11)	149,297,195,314
51208 (CLDN18)	149,297,195,314
53842 (CLDN22)	149,297,195,314
644672 (CLDN25)	149,297,195,314
7122 (CLDN5)	149,297,195,314
9071 (CLDN10)	149,297,195,314
9073 (CLDN8)	149,297,195,314
9074 (CLDN6)	149,297,195,314
9075 (CLDN2)	149,297,195,314
9076 (CLDN1)	149,297,195,314
9080 (CLDN9)	149,297,195,314
100132463 (CLDN24)	103,297,149,314
10686 (CLDN16)	103,297,149,314
1364 (CLDN4)	103,297,149,314
1365 (CLDN3)	103,297,149,314
1366 (CLDN7)	103,297,149,314
137075 (CLDN23)	103,297,149,314
149461 (CLDN19)	103,297,149,314
23562 (CLDN14)	103,297,149,314
24146 (CLDN15)	103,297,149,314
26285 (CLDN17)	103,297,149,314
49861 (CLDN20)	103,297,149,314
5010 (CLDN11)	103,297,149,314
51208 (CLDN18)	103,297,149,314
53842 (CLDN22)	103,297,149,314
644672 (CLDN25)	103,297,149,314
7122 (CLDN5)	103,297,149,314
9071 (CLDN10)	103,297,149,314
9073 (CLDN8)	103,297,149,314
9074 (CLDN6)	103,297,149,314
9075 (CLDN2)	103,297,149,314
9076 (CLDN1)	103,297,149,314
9080 (CLDN9)	103,297,149,314
100506658 (OCLN)	149,548,195,565
100506658 (OCLN)	103,548,149,565
100132463 (CLDN24)	103,856,149,873
10686 (CLDN16)	103,856,149,873
1364 (CLDN4)	103,856,149,873
1365 (CLDN3)	103,856,149,873
1366 (CLDN7)	103,856,149,873
137075 (CLDN23)	103,856,149,873
149461 (CLDN19)	103,856,149,873
23562 (CLDN14)	103,856,149,873
24146 (CLDN15)	103,856,149,873
26285 (CLDN17)	103,856,149,873
49861 (CLDN20)	103,856,149,873
5010 (CLDN11)	103,856,149,873
51208 (CLDN18)	103,856,149,873
53842 (CLDN22)	103,856,149,873
644672 (CLDN25)	103,856,149,873
7122 (CLDN5)	103,856,149,873
9071 (CLDN10)	103,856,149,873
9073 (CLDN8)	103,856,149,873
9074 (CLDN6)	103,856,149,873
9075 (CLDN2)	103,856,149,873
9076 (CLDN1)	103,856,149,873
9080 (CLDN9)	103,856,149,873
154796 (AMOT)	398,256,444,273
154810 (AMOTL1)	398,256,444,273
51421 (AMOTL2)	398,256,444,273
3725 (JUN)	511,491,557,508
909 (CD1A)	921,491,967,508
910 (CD1B)	921,491,967,508
911 (CD1C)	921,491,967,508
912 (CD1D)	921,491,967,508
913 (CD1E)	921,491,967,508
91862 (MARVELD3)	103,491,149,508
3308 (HSPA4)	285,580,331,597
2626 (GATA4)	735,439,781,456
100132463 (CLDN24)	921,439,967,456
10686 (CLDN16)	921,439,967,456
1364 (CLDN4)	921,439,967,456
1365 (CLDN3)	921,439,967,456
1366 (CLDN7)	921,439,967,456
137075 (CLDN23)	921,439,967,456
149461 (CLDN19)	921,439,967,456
23562 (CLDN14)	921,439,967,456
24146 (CLDN15)	921,439,967,456
26285 (CLDN17)	921,439,967,456
49861 (CLDN20)	921,439,967,456
5010 (CLDN11)	921,439,967,456
51208 (CLDN18)	921,439,967,456
53842 (CLDN22)	921,439,967,456
644672 (CLDN25)	921,439,967,456
7122 (CLDN5)	921,439,967,456
9071 (CLDN10)	921,439,967,456
9073 (CLDN8)	921,439,967,456
9074 (CLDN6)	921,439,967,456
9075 (CLDN2)	921,439,967,456
9076 (CLDN1)	921,439,967,456
9080 (CLDN9)	921,439,967,456
595 (CCND1)	970,529,1016,546
8189 (SYMPK)	398,565,444,582
1080 (CFTR)	149,580,195,597
56288 (PARD3)	624,873,670,890
50855 (PARD6A)	285,925,331,942
84552 (PARD6G)	285,925,331,942
84612 (PARD6B)	285,925,331,942
56288 (PARD3)	285,856,331,873
100506658 (OCLN)	103,703,149,720
11149 (BVES)	149,439,195,456
11149 (BVES)	103,439,149,456
150084 (IGSF5)	103,969,149,986
2017 (CTTN)	398,758,444,775
3059 (HCLS1)	398,758,444,775
10096 (ACTR3)	511,741,557,758
10097 (ACTR2)	511,741,557,758
57180 (ACTR3B)	511,741,557,758
653857 (ACTR3C)	511,741,557,758
60 (ACTB)	511,758,557,775
71 (ACTG1)	511,758,557,775
123720 (WHAMM)	511,775,557,791
7454 (WAS)	511,775,557,791
4218 (RAB8A)	624,953,670,970
51762 (RAB8B)	624,953,670,970
50848 (F11R)	149,1057,195,1074
50848 (F11R)	103,1040,149,1057
50848 (F11R)	103,1057,149,1074
3688 (ITGB1)	511,1032,557,1049
5879 (RAC1)	674,256,720,273
92359 (CRB3)	341,130,387,147
64398 (MPP5)	398,186,444,203
23513 (SCRIB)	511,306,557,323
1739 (DLG1)	511,283,557,300
27134 (TJP3)	212,222,258,239
103910 (MYL12B)	737,908,783,925
10398 (MYL9)	737,908,783,925
10627 (MYL12A)	737,908,783,925
140465 (MYL6B)	737,908,783,925
22989 (MYH15)	737,908,783,925
4619 (MYH1)	737,908,783,925
4620 (MYH2)	737,908,783,925
4621 (MYH3)	737,908,783,925
4622 (MYH4)	737,908,783,925
4626 (MYH8)	737,908,783,925
4627 (MYH9)	737,908,783,925
4628 (MYH10)	737,908,783,925
4629 (MYH11)	737,908,783,925
4637 (MYL6)	737,908,783,925
57644 (MYH7B)	737,908,783,925
79784 (MYH14)	737,908,783,925
8735 (MYH13)	737,908,783,925
6093 (ROCK1)	737,1076,783,1093
9475 (ROCK2)	737,1076,783,1093
4633 (MYL2)	850,1076,896,1093
5581 (PRKCE)	511,593,557,610
84952 (CGNL1)	398,449,444,466
998 (CDC42)	212,186,258,203
153562 (MARVELD2)	103,1136,149,1153
5515 (PPP2CA)	213,272,259,289
5516 (PPP2CB)	213,272,259,289
5518 (PPP2R1A)	213,272,259,289
5519 (PPP2R1B)	213,272,259,289
5520 (PPP2R2A)	213,272,259,289
5521 (PPP2R2B)	213,272,259,289
5522 (PPP2R2C)	213,272,259,289
55844 (PPP2R2D)	213,272,259,289
7082 (TJP1)	284,384,330,401
93643 (TJAP1)	398,384,444,401
1741 (DLG3)	512,393,558,410
1740 (DLG2)	512,376,558,393
23327 (NEDD4L)	624,393,670,410
4734 (NEDD4)	624,393,670,410
hsa04530: Tight junction	40,45,183,70
hsa04810: Regulation of actin cytoskeleton	713,869,881,893
hsa04520: Adherens junction	622,221,720,244
