C00024 (Acetyl-CoA)	199,624,4
C01996 (Acetylcholine)	244,453,4
C01996 (Acetylcholine)	469,385,4
C00575 (3',5'-Cyclic AMP)	968,619,4
C01245 (D-myo-Inositol 1,4,5-trisphosphate)	1057,373,4
C00165 (Diacylglycerol)	1057,426,4
C00076 (Calcium cation)	1121,382,4
C01330 (Sodium cation)	737,667,4
C00076 (Calcium cation)	737,667,4
C00114 (Choline)	674,718,4
C00076 (Calcium cation)	675,391,4
C01996 (Acetylcholine)	644,505,4
C00114 (Choline)	248,624,4
C00033 (Acetate)	716,719,4
C00010 (CoA)	197,452,4
C00114 (Choline)	299,559,4
C00033 (Acetate)	349,558,4
C00238 (Potassium cation)	828,475,4
C00076 (Calcium cation)	735,753,4
C00076 (Calcium cation)	927,83,4
C00076 (Calcium cation)	698,203,4
C00238 (Potassium cation)	828,518,4
C04637 (1-Phosphatidyl-D-myo-inositol 4,5-bisphosphate)	947,402,4
1136 (CHRNA3)	758,659,804,676
1137 (CHRNA4)	758,659,804,676
1139 (CHRNA7)	758,659,804,676
1141 (CHRNB2)	758,659,804,676
1143 (CHRNB4)	758,659,804,676
8973 (CHRNA6)	758,659,804,676
1128 (CHRM1)	758,422,804,439
1129 (CHRM2)	758,563,804,580
1132 (CHRM4)	758,607,804,624
43 (ACHE)	682,636,728,653
6572 (SLC18A3)	269,446,315,463
107 (ADCY1)	888,611,934,628
108 (ADCY2)	888,611,934,628
109 (ADCY3)	888,611,934,628
111 (ADCY5)	888,611,934,628
112 (ADCY6)	888,611,934,628
113 (ADCY7)	888,611,934,628
114 (ADCY8)	888,611,934,628
115 (ADCY9)	888,611,934,628
196883 (ADCY4)	888,611,934,628
5566 (PRKACA)	1002,611,1048,628
5567 (PRKACB)	1002,611,1048,628
5568 (PRKACG)	1002,611,1048,628
2767 (GNA11)	861,377,907,394
2776 (GNAQ)	861,377,907,394
23236 (PLCB1)	964,377,1010,394
5330 (PLCB2)	964,377,1010,394
5331 (PLCB3)	964,377,1010,394
5332 (PLCB4)	964,377,1010,394
3708 (ITPR1)	1096,338,1142,355
3709 (ITPR2)	1096,338,1142,355
3710 (ITPR3)	1096,338,1142,355
5578 (PRKCA)	1098,419,1144,436
5579 (PRKCB)	1098,419,1144,436
5582 (PRKCG)	1098,419,1144,436
1103 (CHAT)	170,540,216,557
60482 (SLC5A7)	608,710,654,727
773 (CACNA1A)	608,383,654,400
774 (CACNA1B)	608,383,654,400
10681 (GNB5)	870,575,916,592
2770 (GNAI1)	870,575,916,592
2771 (GNAI2)	870,575,916,592
2773 (GNAI3)	870,575,916,592
2775 (GNAO1)	870,575,916,592
2782 (GNB1)	870,575,916,592
2783 (GNB2)	870,575,916,592
2784 (GNB3)	870,575,916,592
2785 (GNG3)	870,575,916,592
2786 (GNG4)	870,575,916,592
2787 (GNG5)	870,575,916,592
2788 (GNG7)	870,575,916,592
2790 (GNG10)	870,575,916,592
2791 (GNG11)	870,575,916,592
2792 (GNGT1)	870,575,916,592
2793 (GNGT2)	870,575,916,592
51764 (GNG13)	870,575,916,592
54331 (GNG2)	870,575,916,592
55970 (GNG12)	870,575,916,592
59345 (GNB4)	870,575,916,592
94235 (GNG8)	870,575,916,592
1133 (CHRM5)	758,348,804,365
1131 (CHRM3)	758,387,804,404
1132 (CHRM4)	537,235,583,252
43 (ACHE)	238,517,284,534
3759 (KCNJ2)	758,467,804,484
3761 (KCNJ4)	758,467,804,484
3768 (KCNJ12)	758,467,804,484
3770 (KCNJ14)	758,467,804,484
3784 (KCNQ1)	758,467,804,484
3785 (KCNQ2)	758,467,804,484
3786 (KCNQ3)	758,467,804,484
56479 (KCNQ5)	758,467,804,484
9132 (KCNQ4)	758,467,804,484
5594 (MAPK1)	1084,611,1130,628
5595 (MAPK3)	1084,611,1130,628
10488 (CREB3)	1166,611,1212,628
1385 (CREB1)	1166,611,1212,628
148327 (CREB3L4)	1166,611,1212,628
468 (ATF4)	1166,611,1212,628
64764 (CREB3L2)	1166,611,1212,628
84699 (CREB3L3)	1166,611,1212,628
90993 (CREB3L1)	1166,611,1212,628
9586 (CREB5)	1166,611,1212,628
814 (CAMK4)	990,642,1036,659
815 (CAMK2A)	990,642,1036,659
816 (CAMK2B)	990,642,1036,659
817 (CAMK2D)	990,642,1036,659
818 (CAMK2G)	990,642,1036,659
10681 (GNB5)	538,313,584,330
2770 (GNAI1)	538,313,584,330
2771 (GNAI2)	538,313,584,330
2773 (GNAI3)	538,313,584,330
2775 (GNAO1)	538,313,584,330
2782 (GNB1)	538,313,584,330
2783 (GNB2)	538,313,584,330
2784 (GNB3)	538,313,584,330
2785 (GNG3)	538,313,584,330
2786 (GNG4)	538,313,584,330
2787 (GNG5)	538,313,584,330
2788 (GNG7)	538,313,584,330
2790 (GNG10)	538,313,584,330
2791 (GNG11)	538,313,584,330
2792 (GNGT1)	538,313,584,330
2793 (GNGT2)	538,313,584,330
51764 (GNG13)	538,313,584,330
54331 (GNG2)	538,313,584,330
55970 (GNG12)	538,313,584,330
59345 (GNB4)	538,313,584,330
94235 (GNG8)	538,313,584,330
1129 (CHRM2)	483,235,529,252
5290 (PIK3CA)	896,736,942,753
5291 (PIK3CB)	896,736,942,753
5293 (PIK3CD)	896,736,942,753
5295 (PIK3R1)	896,736,942,753
5296 (PIK3R2)	896,736,942,753
8503 (PIK3R3)	896,736,942,753
10000 (AKT3)	972,736,1018,753
207 (AKT1)	972,736,1018,753
208 (AKT2)	972,736,1018,753
596 (BCL2)	1047,736,1093,753
775 (CACNA1C)	758,743,804,760
776 (CACNA1D)	758,743,804,760
778 (CACNA1F)	758,743,804,760
779 (CACNA1S)	758,743,804,760
1139 (CHRNA7)	674,147,720,164
1128 (CHRM1)	733,147,779,164
1131 (CHRM3)	733,147,779,164
1133 (CHRM5)	733,147,779,164
146850 (PIK3R6)	952,555,998,572
23533 (PIK3R5)	952,555,998,572
5294 (PIK3CG)	952,555,998,572
3265 (HRAS)	1027,555,1073,572
3845 (KRAS)	1027,555,1073,572
4893 (NRAS)	1027,555,1073,572
5604 (MAP2K1)	1096,555,1142,572
5594 (MAPK1)	1169,555,1215,572
5595 (MAPK3)	1169,555,1215,572
2353 (FOS)	1242,555,1288,572
3717 (JAK2)	830,709,876,726
2534 (FYN)	885,700,931,717
3760 (KCNJ3)	758,508,804,525
3763 (KCNJ6)	758,508,804,525
hsa04975: Fat digestion and absorption	40,45,239,70
hsa00564: Glycerophospholipid metabolism	291,609,414,643
hsa04721: Synaptic vesicle cycle	400,472,523,506
hsa04020: Calcium signaling pathway	894,323,1017,357
hsa04010: MAPK signaling pathway	1133,506,1243,540
