C05981 (Phosphatidylinositol-3,4,5-trisphosphate)	462,682,4
C00195 (N-Acylsphingosine)	556,157,4
C12126 (Dihydroceramide)	650,157,4
C00836 (Sphinganine)	742,157,4
C00065 (L-Serine)	886,176,4
C00550 (Sphingomyelin)	433,157,4
C00195 (N-Acylsphingosine)	434,348,4
C00319 (Sphingosine)	434,454,4
C06124 (Sphingosine 1-phosphate)	433,575,4
C06124 (Sphingosine 1-phosphate)	69,760,4
C00550 (Sphingomyelin)	618,225,4
C00195 (N-Acylsphingosine)	618,279,4
C16845 (Peroxynitrite)	502,272,4
C00346 (Ethanolamine phosphate)	558,575,4
C01245 (D-myo-Inositol 1,4,5-trisphosphate)	451,780,4
C00165 (Diacylglycerol)	452,826,4
C05981 (Phosphatidylinositol-3,4,5-trisphosphate)	282,442,4
C00212 (Adenosine)	80,442,4
C00154 (Palmitoyl-CoA)	886,147,4
C00533 (Nitric oxide)	737,682,4
5594 (MAPK1)	696,617,742,634
5595 (MAPK3)	696,617,742,634
5604 (MAP2K1)	585,617,631,634
5605 (MAP2K2)	585,617,631,634
5894 (RAF1)	468,617,514,634
10000 (AKT3)	574,672,620,689
207 (AKT1)	574,672,620,689
208 (AKT2)	574,672,620,689
5290 (PIK3CA)	356,672,402,689
5291 (PIK3CB)	356,672,402,689
5293 (PIK3CD)	356,672,402,689
5295 (PIK3R1)	356,672,402,689
5296 (PIK3R2)	356,672,402,689
8503 (PIK3R3)	356,672,402,689
5170 (PDPK1)	495,672,541,689
5578 (PRKCA)	527,818,573,835
5579 (PRKCB)	527,818,573,835
5582 (PRKCG)	527,818,573,835
1901 (S1PR1)	137,614,183,631
9294 (S1PR2)	137,670,183,687
1903 (S1PR3)	137,770,183,787
8698 (S1PR4)	138,824,184,841
53637 (S1PR5)	137,876,183,893
2770 (GNAI1)	261,660,307,677
2771 (GNAI2)	261,660,307,677
2773 (GNAI3)	261,660,307,677
2776 (GNAQ)	261,770,307,787
10672 (GNA13)	262,876,308,893
2768 (GNA12)	262,876,308,893
3265 (HRAS)	355,617,401,634
3845 (KRAS)	355,617,401,634
4893 (NRAS)	355,617,401,634
23236 (PLCB1)	355,770,401,787
5330 (PLCB2)	355,770,401,787
5331 (PLCB3)	355,770,401,787
5332 (PLCB4)	355,770,401,787
387 (RHOA)	348,876,394,893
6093 (ROCK1)	437,876,483,893
9475 (ROCK2)	437,876,483,893
5728 (PTEN)	527,857,573,874
7124 (TNF)	54,206,100,223
10558 (SPTLC1)	786,168,832,185
55304 (SPTLC3)	786,168,832,185
9517 (SPTLC2)	786,168,832,185
10715 (CERS1)	677,168,723,185
204219 (CERS3)	677,168,723,185
253782 (CERS6)	677,168,723,185
29956 (CERS2)	677,168,723,185
79603 (CERS4)	677,168,723,185
91012 (CERS5)	677,168,723,185
123099 (DEGS2)	580,168,626,185
8560 (DEGS1)	580,168,626,185
8439 (NSMAF)	221,206,267,223
6610 (SMPD2)	378,206,424,223
125981 (ACER1)	378,408,424,425
340485 (ACER2)	378,408,424,425
427 (ASAH1)	378,408,424,425
56624 (ASAH2)	378,408,424,425
56848 (SPHK2)	379,498,425,515
8877 (SPHK1)	379,498,425,515
4363 (ABCC1)	137,566,183,583
1509 (CTSD)	536,341,582,358
4217 (MAP3K5)	536,391,582,408
5590 (PRKCZ)	583,451,629,468
28227 (PPP2R3B)	604,514,650,531
55012 (PPP2R3C)	604,514,650,531
5515 (PPP2CA)	604,514,650,531
5516 (PPP2CB)	604,514,650,531
5518 (PPP2R1A)	604,514,650,531
5519 (PPP2R1B)	604,514,650,531
5520 (PPP2R2A)	604,514,650,531
5521 (PPP2R2B)	604,514,650,531
5522 (PPP2R2C)	604,514,650,531
5523 (PPP2R3A)	604,514,650,531
5525 (PPP2R5A)	604,514,650,531
5526 (PPP2R5B)	604,514,650,531
5527 (PPP2R5C)	604,514,650,531
5528 (PPP2R5D)	604,514,650,531
5529 (PPP2R5E)	604,514,650,531
55844 (PPP2R2D)	604,514,650,531
6609 (SMPD1)	565,243,611,260
130367 (SGPP2)	444,498,490,515
81537 (SGPP1)	444,498,490,515
10715 (CERS1)	444,408,490,425
204219 (CERS3)	444,408,490,425
253782 (CERS6)	444,408,490,425
29956 (CERS2)	444,408,490,425
79603 (CERS4)	444,408,490,425
91012 (CERS5)	444,408,490,425
5599 (MAPK8)	629,375,675,392
5601 (MAPK9)	629,375,675,392
5602 (MAPK10)	629,375,675,392
637 (BID)	629,341,675,358
1432 (MAPK14)	629,410,675,427
5600 (MAPK11)	629,410,675,427
5603 (MAPK13)	629,410,675,427
6300 (MAPK12)	629,410,675,427
581 (BAX)	723,393,769,410
10000 (AKT3)	738,451,784,468
207 (AKT1)	738,451,784,468
208 (AKT2)	738,451,784,468
7157 (TP53)	829,489,875,506
596 (BCL2)	829,451,875,468
8879 (SGPL1)	476,555,522,572
166929 (SGMS2)	443,241,489,258
259230 (SGMS1)	443,241,489,258
4846 (NOS3)	653,672,699,689
581 (BAX)	814,341,860,358
4790 (NFKB1)	527,895,573,912
5970 (RELA)	527,895,573,912
5879 (RAC1)	501,739,547,756
5880 (RAC2)	501,739,547,756
5881 (RAC3)	501,739,547,756
7132 (TNFRSF1A)	137,206,183,223
134 (ADORA1)	137,465,183,482
140 (ADORA3)	137,465,183,482
4985 (OPRD1)	137,465,183,482
624 (BDKRB2)	137,465,183,482
2205 (FCER1A)	137,313,183,330
2206 (MS4A2)	137,313,183,330
2207 (FCER1G)	137,313,183,330
5290 (PIK3CA)	230,400,276,417
5291 (PIK3CB)	230,400,276,417
5293 (PIK3CD)	230,400,276,417
5295 (PIK3R1)	230,400,276,417
5296 (PIK3R2)	230,400,276,417
8503 (PIK3R3)	230,400,276,417
5337 (PLD1)	299,465,345,482
5338 (PLD2)	299,465,345,482
2534 (FYN)	183,323,229,340
9846 (GAB2)	209,363,255,380
8717 (TRADD)	221,265,267,282
7186 (TRAF2)	265,322,311,339
2770 (GNAI1)	217,466,263,483
2771 (GNAI2)	217,466,263,483
2773 (GNAI3)	217,466,263,483
23236 (PLCB1)	240,505,286,522
5330 (PLCB2)	240,505,286,522
5331 (PLCB3)	240,505,286,522
5332 (PLCB4)	240,505,286,522
5581 (PRKCE)	309,527,355,544
5594 (MAPK1)	364,545,410,562
5595 (MAPK3)	364,545,410,562
3827 (KNG1)	54,465,100,482
hsa04071: Sphingolipid signaling pathway	40,45,329,70
hsa04010: MAPK signaling pathway	630,572,742,606
hsa04151: PI3K-Akt signaling pathway	519,698,631,732
hsa00600: Sphingolipid metabolism	742,195,854,229
hsa04142: Lysosome	717,290,809,315
