C00836 (Sphinganine)	312,366,4
C12144 (Phytosphingosine)	350,294,4
C12145 (Phytoceramide)	457,294,4
C12126 (Dihydroceramide)	457,366,4
C01290 (Lactosylceramide)	313,453,4
C06124 (Sphingosine 1-phosphate)	619,146,4
C01190 (Glucosylceramide)	457,454,4
C01120 (Sphinganine 1-phosphate)	312,146,4
C00346 (Ethanolamine phosphate)	457,146,4
C06062 (Ceramide phosphoethanolamine)	763,283,4
C05681 (Ceramide 2-aminoethylphosphonate)	763,308,4
C02934 (3-Dehydrosphinganine)	205,366,4
C00065 (L-Serine)	113,307,4
C00154 (Palmitoyl-CoA)	95,366,4
C00319 (Sphingosine)	619,221,4
C00195 (N-Acylsphingosine)	620,365,4
C02686 (Galactosylceramide)	620,526,4
C01747 (Psychosine)	763,149,4
C03640 (Sphingosyl-phosphocholine)	886,366,4
C02960 (Ceramide 1-phosphate)	763,454,4
C00550 (Sphingomyelin)	763,365,4
C06125 (Sulfatide)	763,526,4
C06128 (GM4)	475,526,4
C06126 (Digalactosylceramide)	619,633,4
C06127 (Digalactosylceramide sulfate)	762,634,4
55331 (ACER3)	376,414,422,431
130367 (SGPP2)	682,456,728,473
81537 (SGPP1)	682,456,728,473
130367 (SGPP2)	523,178,569,195
81537 (SGPP1)	523,178,569,195
130367 (SGPP2)	233,222,279,239
81537 (SGPP1)	233,222,279,239
427 (ASAH1)	376,393,422,410
56624 (ASAH2)	376,393,422,410
427 (ASAH1)	376,275,422,292
56624 (ASAH2)	376,275,422,292
10715 (CERS1)	376,346,422,363
204219 (CERS3)	376,346,422,363
29956 (CERS2)	376,346,422,363
79603 (CERS4)	376,346,422,363
123099 (DEGS2)	509,356,555,373
8560 (DEGS1)	509,356,555,373
123099 (DEGS2)	436,331,482,348
8560 (DEGS1)	436,331,482,348
123099 (DEGS2)	313,331,359,348
8560 (DEGS1)	313,331,359,348
339221 (ENPP7)	682,366,728,383
55512 (SMPD3)	682,366,728,383
55627 (SMPD4)	682,366,728,383
6609 (SMPD1)	682,366,728,383
6610 (SMPD2)	682,366,728,383
10715 (CERS1)	504,272,550,289
204219 (CERS3)	504,272,550,289
29956 (CERS2)	504,272,550,289
79603 (CERS4)	504,272,550,289
64781 (CERK)	682,413,728,430
8611 (PLPP1)	682,435,728,452
8612 (PLPP2)	682,435,728,452
8613 (PLPP3)	682,435,728,452
8611 (PLPP1)	473,178,519,195
8612 (PLPP2)	473,178,519,195
8613 (PLPP3)	473,178,519,195
8611 (PLPP1)	182,222,228,239
8612 (PLPP2)	182,222,228,239
8613 (PLPP3)	182,222,228,239
10558 (SPTLC1)	124,358,170,375
55304 (SPTLC3)	124,358,170,375
9517 (SPTLC2)	124,358,170,375
2531 (KDSR)	233,367,279,384
9514 (GAL3ST1)	682,625,728,642
2717 (GLA)	614,568,660,585
9514 (GAL3ST1)	682,518,728,535
10825 (NEU3)	527,517,573,534
129807 (NEU4)	527,517,573,534
4758 (NEU1)	527,517,573,534
4759 (NEU2)	527,517,573,534
7368 (UGT8)	575,484,621,501
2720 (GLB1)	376,456,422,473
2629 (GBA)	510,445,556,462
57704 (GBA2)	510,445,556,462
7357 (UGCG)	510,416,556,433
125981 (ACER1)	617,258,663,275
340485 (ACER2)	617,258,663,275
427 (ASAH1)	617,258,663,275
56624 (ASAH2)	617,258,663,275
56848 (SPHK2)	598,178,644,195
8877 (SPHK1)	598,178,644,195
56848 (SPHK2)	288,222,334,239
8877 (SPHK1)	288,222,334,239
8879 (SGPL1)	509,129,555,146
8879 (SGPL1)	376,138,422,155
2581 (GALC)	620,463,666,480
410 (ARSA)	682,564,728,581
9331 (B4GALT6)	376,436,422,453
166929 (SGMS2)	682,327,728,344
259230 (SGMS1)	682,327,728,344
253782 (CERS6)	376,367,422,384
91012 (CERS5)	376,367,422,384
253782 (CERS6)	554,272,600,289
91012 (CERS5)	554,272,600,289
hsa00604: Glycosphingolipid biosynthesis - ganglio series	97,605,267,639
hsa00603: Glycosphingolipid biosynthesis - globo and isoglobo series	97,561,267,595
hsa00601: Glycosphingolipid biosynthesis - lacto and neolacto series	97,517,267,551
hsa00260: Glycine	52,167,178,201
serine and threonine metabolism	52,167,178,201
hsa00600: Sphingolipid metabolism	40,45,254,70
