C00076 (Calcium cation)	502,659,4
C00238 (Potassium cation)	181,639,4
C01245 (D-myo-Inositol 1,4,5-trisphosphate)	509,629,4
C00076 (Calcium cation)	179,742,4
C00575 (3',5'-Cyclic AMP)	352,520,4
C00020 (AMP)	542,522,4
C00076 (Calcium cation)	179,764,4
C00076 (Calcium cation)	379,762,4
C00187 (Cholesterol)	754,809,4
C01953 (Pregnenolone)	914,885,4
C00410 (Progesterone)	914,972,4
C05488 (11-Deoxycortisol)	914,1042,4
C00076 (Calcium cation)	179,811,4
C00735 (Cortisol)	716,1123,4
C00238 (Potassium cation)	295,871,4
C00238 (Potassium cation)	296,913,4
C05488 (11-Deoxycortisol)	839,1042,4
C05138 (17alpha-Hydroxypregnenolone)	998,885,4
C01176 (17alpha-Hydroxyprogesterone)	998,972,4
C00575 (3',5'-Cyclic AMP)	460,126,4
C00076 (Calcium cation)	179,217,4
C00076 (Calcium cation)	337,219,4
C07557 (2,3,7,8-Tetrachlorodibenzodioxin)	606,194,4
3708 (ITPR1)	532,652,578,669
3709 (ITPR2)	532,652,578,669
3710 (ITPR3)	532,652,578,669
23236 (PLCB1)	449,587,495,604
5330 (PLCB2)	449,587,495,604
5331 (PLCB3)	449,587,495,604
5332 (PLCB4)	449,587,495,604
775 (CACNA1C)	214,757,260,774
776 (CACNA1D)	214,757,260,774
778 (CACNA1F)	214,757,260,774
779 (CACNA1S)	214,757,260,774
2767 (GNA11)	366,587,412,604
2776 (GNAQ)	366,587,412,604
8911 (CACNA1I)	214,733,260,750
8912 (CACNA1H)	214,733,260,750
8913 (CACNA1G)	214,733,260,750
10488 (CREB3)	763,672,809,689
1385 (CREB1)	763,672,809,689
1386 (ATF2)	763,672,809,689
1388 (ATF6B)	763,672,809,689
148327 (CREB3L4)	763,672,809,689
468 (ATF4)	763,672,809,689
64764 (CREB3L2)	763,672,809,689
84699 (CREB3L3)	763,672,809,689
90993 (CREB3L1)	763,672,809,689
9586 (CREB5)	763,672,809,689
107 (ADCY1)	214,510,260,527
108 (ADCY2)	214,510,260,527
109 (ADCY3)	214,510,260,527
111 (ADCY5)	214,510,260,527
112 (ADCY6)	214,510,260,527
113 (ADCY7)	214,510,260,527
114 (ADCY8)	214,510,260,527
115 (ADCY9)	214,510,260,527
196883 (ADCY4)	214,510,260,527
5151 (PDE8A)	393,495,439,512
8622 (PDE8B)	393,495,439,512
185 (AGTR1)	214,558,260,575
4158 (MC2R)	214,459,260,476
2778 (GNAS)	313,459,359,476
6770 (STAR)	965,652,1011,669
6770 (STAR)	729,845,775,862
3283 (HSD3B1)	918,914,964,931
3284 (HSD3B2)	918,914,964,931
5566 (PRKACA)	405,548,451,565
5567 (PRKACB)	405,548,451,565
5568 (PRKACG)	405,548,451,565
84876 (ORAI1)	214,802,260,819
3949 (LDLR)	214,1011,260,1028
949 (SCARB1)	214,1045,260,1062
1583 (CYP11A1)	781,887,827,904
1589 (CYP21A2)	1000,1000,1046,1017
4158 (MC2R)	701,423,747,440
56246 (MRAP)	701,440,747,457
1584 (CYP11B1)	965,604,1011,621
1584 (CYP11B1)	772,1084,818,1101
3776 (KCNK2)	214,628,260,645
57552 (NCEH1)	965,677,1011,694
1586 (CYP17A1)	965,628,1011,645
3739 (KCNA4)	214,862,260,879
3777 (KCNK3)	214,905,260,922
5443 (POMC)	133,459,179,476
2516 (NR5A1)	763,584,809,601
3164 (NR4A1)	763,606,809,623
6667 (SP1)	763,628,809,645
5087 (PBX1)	763,650,809,667
3283 (HSD3B1)	1000,914,1046,931
3284 (HSD3B2)	1000,914,1046,931
1586 (CYP17A1)	931,863,977,880
1586 (CYP17A1)	931,951,977,968
56246 (MRAP)	214,476,260,493
57552 (NCEH1)	664,772,710,789
10297 (APC2)	483,1180,529,1197
324 (APC)	483,1180,529,1197
8312 (AXIN1)	438,1180,484,1197
8313 (AXIN2)	438,1180,484,1197
1855 (DVL1)	307,1197,353,1214
1856 (DVL2)	307,1197,353,1214
1857 (DVL3)	307,1197,353,1214
11211 (FZD10)	214,1197,260,1214
2535 (FZD2)	214,1197,260,1214
7855 (FZD5)	214,1197,260,1214
7976 (FZD3)	214,1197,260,1214
8321 (FZD1)	214,1197,260,1214
8322 (FZD4)	214,1197,260,1214
8323 (FZD6)	214,1197,260,1214
8324 (FZD7)	214,1197,260,1214
8325 (FZD8)	214,1197,260,1214
8326 (FZD9)	214,1197,260,1214
1499 (CTNNB1)	480,1197,526,1214
2932 (GSK3B)	397,1197,443,1214
51176 (LEF1)	629,1197,675,1214
6932 (TCF7)	629,1197,675,1214
6934 (TCF7L2)	629,1197,675,1214
83439 (TCF7L1)	629,1197,675,1214
1956 (EGFR)	214,279,260,296
5594 (MAPK1)	600,279,646,296
5595 (MAPK3)	600,279,646,296
5443 (POMC)	811,279,857,296
9101 (USP8)	336,304,382,321
1392 (CRH)	134,118,180,135
1394 (CRHR1)	214,118,260,135
1395 (CRHR2)	214,118,260,135
2778 (GNAS)	295,118,341,135
107 (ADCY1)	376,118,422,135
108 (ADCY2)	376,118,422,135
109 (ADCY3)	376,118,422,135
111 (ADCY5)	376,118,422,135
112 (ADCY6)	376,118,422,135
113 (ADCY7)	376,118,422,135
114 (ADCY8)	376,118,422,135
115 (ADCY9)	376,118,422,135
196883 (ADCY4)	376,118,422,135
5566 (PRKACA)	499,118,545,135
5567 (PRKACB)	499,118,545,135
5568 (PRKACG)	499,118,545,135
775 (CACNA1C)	214,210,260,227
776 (CACNA1D)	214,210,260,227
778 (CACNA1F)	214,210,260,227
779 (CACNA1S)	214,210,260,227
815 (CAMK2A)	376,210,422,227
816 (CAMK2B)	376,210,422,227
817 (CAMK2D)	376,210,422,227
818 (CAMK2G)	376,210,422,227
2770 (GNAI1)	376,155,422,172
2771 (GNAI2)	376,155,422,172
2773 (GNAI3)	376,155,422,172
51655 (RASD1)	295,155,341,172
10488 (CREB3)	637,240,683,257
1385 (CREB1)	637,240,683,257
1386 (ATF2)	637,240,683,257
1388 (ATF6B)	637,240,683,257
148327 (CREB3L4)	637,240,683,257
468 (ATF4)	637,240,683,257
64764 (CREB3L2)	637,240,683,257
84699 (CREB3L3)	637,240,683,257
90993 (CREB3L1)	637,240,683,257
9586 (CREB5)	637,240,683,257
595 (CCND1)	972,152,1018,169
1026 (CDKN1A)	892,238,938,255
1019 (CDK4)	972,135,1018,152
1021 (CDK6)	972,135,1018,152
5925 (RB1)	1057,142,1103,159
1869 (E2F1)	1057,179,1103,196
1870 (E2F2)	1057,179,1103,196
1871 (E2F3)	1057,179,1103,196
1017 (CDK2)	972,194,1018,211
898 (CCNE1)	972,211,1018,228
9134 (CCNE2)	972,211,1018,228
1027 (CDKN1B)	892,191,938,208
1030 (CDKN2B)	892,116,938,133
1029 (CDKN2A)	892,136,938,153
196 (AHR)	757,183,803,200
405 (ARNT)	757,200,803,217
196 (AHR)	636,186,682,203
23746 (AIPL1)	636,203,682,220
9049 (AIP)	636,203,682,220
1031 (CDKN2C)	892,95,938,112
4221 (MEN1)	757,86,803,103
11091 (WDR5)	757,103,803,120
4297 (KMT2A)	757,103,803,120
54554 (WDR5B)	757,103,803,120
5929 (RBBP5)	757,103,803,120
8085 (KMT2D)	757,103,803,120
9070 (ASH2L)	757,103,803,120
79798 (ARMC5)	875,483,921,500
4221 (MEN1)	875,590,921,607
2271 (FH)	615,914,661,931
50940 (PDE11A)	457,495,503,512
5906 (RAP1A)	447,210,493,227
5908 (RAP1B)	447,210,493,227
673 (BRAF)	496,232,542,249
5604 (MAP2K1)	546,256,592,273
5605 (MAP2K2)	546,256,592,273
3164 (NR4A1)	668,279,714,296
51384 (WNT16)	133,1197,179,1214
54361 (WNT4)	133,1197,179,1214
7471 (WNT1)	133,1197,179,1214
7472 (WNT2)	133,1197,179,1214
7473 (WNT3)	133,1197,179,1214
7474 (WNT5A)	133,1197,179,1214
7475 (WNT6)	133,1197,179,1214
7476 (WNT7A)	133,1197,179,1214
7477 (WNT7B)	133,1197,179,1214
7478 (WNT8A)	133,1197,179,1214
7479 (WNT8B)	133,1197,179,1214
7480 (WNT10B)	133,1197,179,1214
7481 (WNT11)	133,1197,179,1214
7482 (WNT2B)	133,1197,179,1214
7483 (WNT9A)	133,1197,179,1214
7484 (WNT9B)	133,1197,179,1214
80326 (WNT10A)	133,1197,179,1214
81029 (WNT5B)	133,1197,179,1214
89780 (WNT3A)	133,1197,179,1214
183 (AGT)	133,558,179,575
hsa04934: Cushing syndrome	40,45,233,70
hsa04020: Calcium signaling pathway	382,718,507,752
hsa04024: cAMP signaling pathway	543,473,668,507
hsa00140: Steroid hormone biosynthesis	636,1069,761,1103
hsa04310: Wnt signaling pathway	305,1151,407,1185
hsa04927: Cortisol synthesis and secretion	402,1084,527,1118
hsa00020: Citrate cycle (TCA cycle)	615,937,707,962
hsa04110: Cell cycle	1066,211,1158,236
hsa04960: Aldosterone-regulated sodium reabsorption	52,1141,177,1175
