G00164	1311,463,4
G00163	1311,392,4
G00162	1311,323,4
G00157	1311,254,4
C00054 (Adenosine 3',5'-bisphosphate)	1343,660,4
C00053 (3'-Phosphoadenylyl sulfate)	1282,623,4
C00033 (Acetate)	1283,660,4
2135 (EXTL2)	1288,272,1334,289
2137 (EXTL3)	1288,272,1334,289
64131 (XYLT1)	1021,294,1064,294,1064,298,1021,298
64132 (XYLT2)	1021,294,1064,294,1064,298,1021,298
2131 (EXT1)	128,295,178,295,178,297,128,297
2132 (EXT2)	128,295,178,295,178,297,128,297
3340 (NDST1)	356,453,402,470
64579 (NDST4)	356,453,402,470
8509 (NDST2)	356,453,402,470
9348 (NDST3)	356,453,402,470
9956 (HS3ST2)	522,753,568,770
9957 (HS3ST1)	356,753,402,770
90161 (HS6ST2)	163,601,209,618
9957 (HS3ST1)	163,753,209,770
9953 (HS3ST3B1)	763,932,809,949
9955 (HS3ST3A1)	763,932,809,949
9956 (HS3ST2)	916,932,962,949
9394 (HS6ST1)	1082,790,1128,807
26035 (GLCE)	587,502,633,519
11285 (B4GALT7)	937,294,980,294,980,298,937,298
9653 (HS2ST1)	941,601,987,618
2131 (EXT1)	1288,343,1334,360
2132 (EXT2)	1288,343,1334,360
2134 (EXTL1)	1289,413,1335,430
2137 (EXTL3)	1289,413,1335,430
26035 (GLCE)	1289,709,1335,726
126792 (B3GALT6)	851,294,894,294,894,298,851,298
26229 (B3GAT3)	761,294,804,294,804,298,761,298
2135 (EXTL2)	671,294,714,294,714,298,671,298
2137 (EXTL3)	671,294,714,294,714,298,671,298
2131 (EXT1)	567,294,610,294,610,298,567,298
2132 (EXT2)	567,294,610,294,610,298,567,298
2134 (EXTL1)	479,294,522,294,522,298,479,298
2137 (EXTL3)	479,294,522,294,522,298,479,298
2131 (EXT1)	375,294,418,294,418,298,375,298
2132 (EXT2)	375,294,418,294,418,298,375,298
2131 (EXT1)	285,294,328,294,328,298,285,298
2132 (EXT2)	285,294,328,294,328,298,285,298
2131 (EXT1)	182,294,225,294,225,298,182,298
2132 (EXT2)	182,294,225,294,225,298,182,298
9653 (HS2ST1)	522,601,568,618
9394 (HS6ST1)	675,601,721,618
266722 (HS6ST3)	215,601,261,618
266722 (HS6ST3)	727,601,773,618
266722 (HS6ST3)	1132,790,1178,807
3340 (NDST1)	1289,631,1335,648
64579 (NDST4)	1289,631,1335,648
8509 (NDST2)	1289,631,1335,648
9348 (NDST3)	1289,631,1335,648
222537 (HS3ST5)	215,753,261,770
9953 (HS3ST3B1)	966,932,1012,949
9955 (HS3ST3A1)	966,932,1012,949
9953 (HS3ST3B1)	1107,933,1153,950
9955 (HS3ST3A1)	1107,933,1153,950
hsa00532: Glycosaminoglycan biosynthesis - chondroitin sulfate / dermatan sulfate	1252,142,1368,176
hsa00534: Glycosaminoglycan biosynthesis - heparan sulfate / heparin	40,45,556,70
hsa00531: Glycosaminoglycan degradation	1261,971,1377,1005
