C00338 (Lipopolysaccharide)	119,1027,4
C01277 (1-Phosphatidyl-1D-myo-inositol 4-phosphate)	634,251,4
58484 (NLRC4)	597,984,643,1001
29108 (PYCARD)	643,984,689,1001
834 (CASP1)	737,984,783,1001
3553 (IL1B)	896,994,939,1011
3606 (IL18)	896,973,939,990
4671 (NAIP)	597,937,643,954
840 (CASP7)	737,937,783,954
4790 (NFKB1)	694,660,740,677
5970 (RELA)	694,660,740,677
4792 (NFKBIA)	694,609,740,626
664 (BNIP3)	664,505,710,522
23786 (BCL2L13)	664,526,710,543
375 (ARF1)	612,169,658,186
5861 (RAB1A)	612,192,658,209
81876 (RAB1B)	612,192,658,209
1195 (CLK1)	593,715,639,732
57396 (CLK4)	593,715,639,732
9554 (SEC22B)	612,290,658,307
51128 (SAR1B)	612,311,658,328
56681 (SAR1A)	612,311,658,328
7415 (VCP)	612,332,658,349
54205 (CYCS)	662,407,708,424
842 (CASP9)	733,407,779,424
836 (CASP3)	804,407,850,424
841 (CASP8)	804,428,850,445
317 (APAF1)	662,377,708,394
3684 (ITGAM)	185,456,231,473
3689 (ITGB2)	185,473,231,490
1378 (CR1)	185,428,231,445
1379 (CR1L)	185,428,231,445
718 (C3)	108,428,154,445
718 (C3)	108,464,154,481
3329 (HSPD1)	109,398,155,415
4791 (NFKB2)	694,579,740,596
1937 (EEF1G)	596,838,642,855
1915 (EEF1A1)	596,794,642,811
1917 (EEF1A2)	596,794,642,811
3297 (HSF1)	695,794,741,811
10767 (HBS1L)	694,755,740,772
3303 (HSPA1A)	823,794,869,811
3304 (HSPA1B)	823,794,869,811
3305 (HSPA1L)	823,794,869,811
3306 (HSPA2)	823,794,869,811
3310 (HSPA6)	823,794,869,811
3312 (HSPA8)	823,794,869,811
7100 (TLR5)	185,990,231,1007
7097 (TLR2)	185,1019,231,1036
7099 (TLR4)	185,1084,231,1101
929 (CD14)	185,1052,231,1069
4615 (MYD88)	288,1019,334,1036
7124 (TNF)	598,1024,641,1041
3553 (IL1B)	598,1044,641,1061
3569 (IL6)	598,1064,641,1081
3576 (CXCL8)	648,1044,691,1061
3592 (IL12A)	598,1084,641,1101
3593 (IL12B)	598,1084,641,1101
2919 (CXCL1)	648,1064,691,1081
2920 (CXCL2)	648,1064,691,1081
2921 (CXCL3)	648,1064,691,1081
hsa05134: Legionellosis	40,45,175,70
hsa04210: Apoptosis	885,411,958,445
hsa04610: Complement and coagulation cascades	60,496,178,530
hsa04620: Toll-like receptor signaling pathway	323,1043,441,1077
