C11596 (FMLP)	712,576,4
C20898 (Lipoteichoic acid)	379,1094,4
1675 (CFD)	517,155,563,172
718 (C3)	433,168,479,185
629 (CFB)	433,151,479,168
727 (C5)	814,409,860,426
716 (C1S)	416,302,462,319
715 (C1R)	416,285,462,302
712 (C1QA)	370,294,416,311
713 (C1QB)	370,294,416,311
714 (C1QC)	370,294,416,311
720 (C4A)	517,270,563,287
721 (C4B)	517,270,563,287
717 (C2)	517,253,563,270
4153 (MBL2)	353,236,399,253
10747 (MASP2)	415,236,461,253
5648 (MASP1)	415,236,461,253
728 (C5AR1)	814,641,860,658
2357 (FPR1)	760,641,806,658
5340 (PLG)	504,334,550,351
102723407 (IGH)	616,524,662,541
102723407 (IGH)	302,334,348,351
3426 (CFI)	641,367,687,384
2266 (FGG)	616,502,662,519
2204 (FCAR)	658,641,704,658
2209 (FCGR1A)	605,641,651,658
2212 (FCGR2A)	605,641,651,658
2213 (FCGR2B)	605,641,651,658
2214 (FCGR3A)	605,641,651,658
2215 (FCGR3B)	605,641,651,658
9103 (FCGR2C)	605,641,651,658
1828 (DSG1)	207,1016,253,1033
3108 (HLA-DMA)	458,1003,504,1020
3109 (HLA-DMB)	458,1003,504,1020
3111 (HLA-DOA)	458,1003,504,1020
3112 (HLA-DOB)	458,1003,504,1020
3113 (HLA-DPA1)	458,1003,504,1020
3115 (HLA-DPB1)	458,1003,504,1020
3117 (HLA-DQA1)	458,1003,504,1020
3118 (HLA-DQA2)	458,1003,504,1020
3119 (HLA-DQB1)	458,1003,504,1020
3122 (HLA-DRA)	458,1003,504,1020
3123 (HLA-DRB1)	458,1003,504,1020
3125 (HLA-DRB3)	458,1003,504,1020
3126 (HLA-DRB4)	458,1003,504,1020
3127 (HLA-DRB5)	458,1003,504,1020
3075 (CFH)	473,102,519,119
719 (C3AR1)	865,641,911,658
100653049	162,206,208,223
125115 (KRT40)	162,206,208,223
147183 (KRT25)	162,206,208,223
162605 (KRT28)	162,206,208,223
192666 (KRT24)	162,206,208,223
25984 (KRT23)	162,206,208,223
342574 (KRT27)	162,206,208,223
353288 (KRT26)	162,206,208,223
3857 (KRT9)	162,206,208,223
3858 (KRT10)	162,206,208,223
3859 (KRT12)	162,206,208,223
3860 (KRT13)	162,206,208,223
3861 (KRT14)	162,206,208,223
3866 (KRT15)	162,206,208,223
3868 (KRT16)	162,206,208,223
3872 (KRT17)	162,206,208,223
3875 (KRT18)	162,206,208,223
3880 (KRT19)	162,206,208,223
3881 (KRT31)	162,206,208,223
3882 (KRT32)	162,206,208,223
3883 (KRT33A)	162,206,208,223
3884 (KRT33B)	162,206,208,223
3885 (KRT34)	162,206,208,223
3886 (KRT35)	162,206,208,223
390792 (KRT39)	162,206,208,223
54474 (KRT20)	162,206,208,223
8687 (KRT38)	162,206,208,223
8688 (KRT37)	162,206,208,223
8689 (KRT36)	162,206,208,223
2266 (FGG)	162,228,208,245
102723407 (IGH)	459,1060,505,1077
3383 (ICAM1)	1024,748,1070,765
3689 (ITGB2)	902,756,948,773
6403 (SELP)	1024,791,1070,808
6404 (SELPLG)	902,791,948,808
3683 (ITGAL)	902,739,948,756
3684 (ITGAM)	902,739,948,756
5724 (PTAFR)	459,1085,505,1102
3586 (IL10)	638,1085,684,1102
2358 (FPR2)	709,641,755,658
2359 (FPR3)	709,641,755,658
100289462 (DEFB4B)	447,734,493,751
1672 (DEFB1)	447,734,493,751
1673 (DEFB4A)	447,734,493,751
414325 (DEFB103A)	447,734,493,751
55894 (DEFB103B)	447,734,493,751
1667 (DEFA1)	447,761,493,778
1668 (DEFA3)	447,761,493,778
1669 (DEFA4)	447,761,493,778
1670 (DEFA5)	447,761,493,778
1671 (DEFA6)	447,761,493,778
728358 (DEFA1B)	447,761,493,778
820 (CAMP)	447,786,493,803
hsa05150: Staphylococcus aureus infection	40,45,340,70
hsa04610: Complement and coagulation cascades	240,96,366,130
hsa04660: T cell receptor signaling pathway	589,955,715,989
hsa04662: B cell receptor signaling pathway	589,1027,715,1061
