C00092 (D-Glucose 6-phosphate)	691,442,4
C00092 (D-Glucose 6-phosphate)	809,443,4
C00031 (D-Glucose)	919,441,4
C00031 (D-Glucose)	877,519,4
C00031 (D-Glucose)	1040,599,4
C01330 (Sodium cation)	389,373,4
C00124 (D-Galactose)	389,386,4
C00031 (D-Glucose)	389,386,4
C00124 (D-Galactose)	1043,359,4
C00031 (D-Glucose)	1043,359,4
C00095 (D-Fructose)	479,567,4
C00031 (D-Glucose)	1048,695,4
C00095 (D-Fructose)	1048,695,4
C01330 (Sodium cation)	1041,303,4
C00238 (Potassium cation)	910,313,4
C00243 (Lactose)	305,183,4
C00124 (D-Galactose)	285,315,4
C00031 (D-Glucose)	328,302,4
C00089 (Sucrose)	356,183,4
C00031 (D-Glucose)	307,589,4
C02049 (Limit dextrin)	222,403,4
C01835 (Maltotriose)	150,418,4
C00208 (Maltose)	270,388,4
C00369 (Starch)	223,183,4
C00031 (D-Glucose)	469,699,4
C00076 (Calcium cation)	394,635,4
C00076 (Calcium cation)	543,635,4
C00095 (D-Fructose)	643,567,4
C05981 (Phosphatidylinositol-3,4,5-trisphosphate)	746,506,4
C00165 (Diacylglycerol)	717,768,4
C12285 (Sucralose)	371,772,4
C12284 (Saccharin sodium anhydrous)	371,772,4
C00760 (Cellulose)	74,628,4
C00369 (Starch)	148,629,4
C00707 (Xylan)	200,629,4
C01355 (Fructan)	128,654,4
C00246 (Butanoic acid)	98,827,4
C00163 (Propanoate)	160,827,4
C00033 (Acetate)	218,828,4
C00714 (Pectin)	253,629,4
C08822 (Gum arabic)	214,653,4
C00011 (CO2)	264,828,4
C00282 (Hydrogen)	264,861,4
6523 (SLC5A1)	423,373,469,390
6518 (SLC2A5)	512,559,558,576
6514 (SLC2A2)	953,349,999,366
23439 (ATP1B4)	952,300,998,317
476 (ATP1A1)	952,300,998,317
477 (ATP1A2)	952,300,998,317
478 (ATP1A3)	952,300,998,317
480 (ATP1A4)	952,300,998,317
481 (ATP1B1)	952,300,998,317
482 (ATP1B2)	952,300,998,317
483 (ATP1B3)	952,300,998,317
486 (FXYD2)	952,300,998,317
2542 (SLC37A4)	724,434,770,451
6514 (SLC2A2)	953,686,999,703
3938 (LCT)	397,239,443,256
6476 (SI)	402,495,448,512
8972 (MGAM)	484,434,530,451
93432 (MGAM2)	484,434,530,451
276 (AMY1A)	114,277,160,294
277 (AMY1B)	114,277,160,294
278 (AMY1C)	114,277,160,294
279 (AMY2A)	114,277,160,294
280 (AMY2B)	114,277,160,294
6514 (SLC2A2)	513,690,559,707
776 (CACNA1D)	424,627,470,644
6514 (SLC2A2)	613,645,659,662
3098 (HK1)	697,408,743,425
3099 (HK2)	697,408,743,425
3101 (HK3)	697,408,743,425
80201 (HKDC1)	697,408,743,425
2538 (G6PC)	831,421,877,438
57818 (G6PC2)	831,421,877,438
92579 (G6PC3)	831,421,877,438
5290 (PIK3CA)	657,495,703,512
5291 (PIK3CB)	657,495,703,512
5293 (PIK3CD)	657,495,703,512
5295 (PIK3R1)	657,495,703,512
5296 (PIK3R2)	657,495,703,512
8503 (PIK3R3)	657,495,703,512
10000 (AKT3)	770,535,816,552
207 (AKT1)	770,535,816,552
208 (AKT2)	770,535,816,552
80834 (TAS1R2)	424,750,470,767
83756 (TAS1R3)	424,767,470,784
346562 (GNAT3)	528,760,574,777
23236 (PLCB1)	620,760,666,777
5330 (PLCB2)	620,760,666,777
5331 (PLCB3)	620,760,666,777
5332 (PLCB4)	620,760,666,777
5579 (PRKCB)	695,711,741,728
hsa04973: Carbohydrate digestion and absorption	40,45,406,70
hsa04970: Salivary secretion	83,190,198,215
hsa04530: Tight junction	542,104,657,129
hsa04972: Pancreatic secretion	83,222,198,247
hsa04742: Taste transduction	546,725,662,750
ko00650: Butanoate metabolism	217,696,340,721
ko00640: Propanoate metabolism	217,726,340,751
ko00620: Pyruvate metabolism	217,756,340,781
