C00031 (D-Glucose)	108,845,4
C00092 (D-Glucose 6-phosphate)	285,844,4
C00022 (Pyruvate)	721,844,4
C00031 (D-Glucose)	215,844,4
C00064 (L-Glutamine)	1074,382,4
C00025 (L-Glutamate)	1073,721,4
C00186 ((S)-Lactate)	719,944,4
C00031 (D-Glucose)	111,241,4
C00092 (D-Glucose 6-phosphate)	285,241,4
C00022 (Pyruvate)	719,241,4
C00031 (D-Glucose)	217,241,4
C00024 (Acetyl-CoA)	875,240,4
C00036 (Oxaloacetate)	934,297,4
C00158 (Citrate)	919,784,4
C00311 (Isocitrate)	998,736,4
C00026 (2-Oxoglutarate)	1072,766,4
C00042 (Succinate)	1093,821,4
C00122 (Fumarate)	1076,882,4
C00149 ((S)-Malate)	1008,921,4
C00036 (Oxaloacetate)	930,889,4
C00704 (O2.-)	1229,959,4
C00704 (O2.-)	1217,327,4
C00022 (Pyruvate)	820,971,4
C00085 (D-Fructose 6-phosphate)	365,844,4
C00158 (Citrate)	917,633,4
C00085 (D-Fructose 6-phosphate)	353,241,4
C00186 ((S)-Lactate)	719,340,4
C00074 (Phosphoenolpyruvate)	635,844,4
C00197 (3-Phospho-D-glycerate)	514,844,4
C00074 (Phosphoenolpyruvate)	623,241,4
C00197 (3-Phospho-D-glycerate)	489,241,4
C00065 (L-Serine)	487,658,4
C00037 (Glycine)	514,637,4
C00097 (L-Cysteine)	536,661,4
C00665 (beta-D-Fructose 2,6-bisphosphate)	365,921,4
C00631 (2-Phospho-D-glycerate)	581,844,4
C00354 (D-Fructose 1,6-bisphosphate)	445,844,4
C00631 (2-Phospho-D-glycerate)	556,241,4
C00354 (D-Fructose 1,6-bisphosphate)	421,241,4
C00123 (L-Leucine)	106,1079,4
C00407 (L-Isoleucine)	106,1079,4
C00079 (L-Phenylalanine)	106,1079,4
C00073 (L-Methionine)	106,1079,4
C00135 (L-Histidine)	106,1079,4
C00078 (L-Tryptophan)	106,1079,4
C00183 (L-Valine)	106,1079,4
C00082 (L-Tyrosine)	106,1079,4
C00024 (Acetyl-CoA)	867,633,4
C00311 (Isocitrate)	970,634,4
C00026 (2-Oxoglutarate)	1044,636,4
C00311 (Isocitrate)	1008,146,4
C00036 (Oxaloacetate)	1079,183,4
C00042 (Succinate)	1095,230,4
C00122 (Fumarate)	1083,288,4
C00149 ((S)-Malate)	1017,329,4
C00041 (L-Alanine)	1128,968,4
C00152 (L-Asparagine)	1175,969,4
C00049 (L-Aspartate)	1148,992,4
C00148 (L-Proline)	1119,623,4
C00062 (L-Arginine)	1179,623,4
C00158 (Citrate)	927,186,4
C00024 (Acetyl-CoA)	869,842,4
6513 (SLC2A1)	139,836,185,853
6514 (SLC2A2)	139,836,185,853
2645 (GCK)	213,865,259,882
9123 (SLC16A3)	139,939,185,956
6513 (SLC2A1)	139,232,185,249
6514 (SLC2A2)	139,232,185,249
2645 (GCK)	224,217,270,234
27165 (GLS2)	1081,513,1127,530
2744 (GLS)	1081,513,1127,530
4609 (MYC)	1304,537,1350,554
4609 (MYC)	1302,186,1348,203
51548 (SIRT6)	1286,243,1332,260
3091 (HIF1A)	1305,309,1351,326
3091 (HIF1A)	1300,1003,1346,1020
5160 (PDHA1)	802,851,848,868
5161 (PDHA2)	802,851,848,868
5162 (PDHB)	802,851,848,868
23410 (SIRT3)	1078,319,1124,336
5315 (PKM)	640,217,686,234
5315 (PKM)	639,819,685,836
160287 (LDHAL6A)	727,878,773,895
3939 (LDHA)	727,878,773,895
3945 (LDHB)	727,878,773,895
3948 (LDHC)	727,878,773,895
92483 (LDHAL6B)	727,878,773,895
5163 (PDK1)	791,900,837,917
1956 (EGFR)	139,539,185,556
2064 (ERBB2)	139,539,185,556
2260 (FGFR1)	139,539,185,556
2261 (FGFR3)	139,539,185,556
2263 (FGFR2)	139,539,185,556
2322 (FLT3)	139,539,185,556
3815 (KIT)	139,539,185,556
4233 (MET)	139,539,185,556
4914 (NTRK1)	139,539,185,556
4916 (NTRK3)	139,539,185,556
5156 (PDGFRA)	139,539,185,556
5159 (PDGFRB)	139,539,185,556
5979 (RET)	139,539,185,556
3265 (HRAS)	280,539,326,556
3845 (KRAS)	280,539,326,556
4893 (NRAS)	280,539,326,556
5894 (RAF1)	489,539,535,556
5604 (MAP2K1)	696,539,742,556
5605 (MAP2K2)	696,539,742,556
5594 (MAPK1)	904,539,950,556
5595 (MAPK3)	904,539,950,556
1956 (EGFR)	139,987,185,1004
2064 (ERBB2)	139,1009,185,1026
4233 (MET)	139,1031,185,1048
5290 (PIK3CA)	360,1008,406,1025
5291 (PIK3CB)	360,1008,406,1025
5293 (PIK3CD)	360,1008,406,1025
5295 (PIK3R1)	360,1008,406,1025
5296 (PIK3R2)	360,1008,406,1025
8503 (PIK3R3)	360,1008,406,1025
10000 (AKT3)	606,1008,652,1025
207 (AKT1)	606,1008,652,1025
208 (AKT2)	606,1008,652,1025
2475 (MTOR)	852,1008,898,1025
6513 (SLC2A1)	1452,646,1498,663
6514 (SLC2A2)	1452,616,1498,633
3098 (HK1)	1457,764,1503,781
3099 (HK2)	1457,764,1503,781
3101 (HK3)	1457,764,1503,781
80201 (HKDC1)	1457,764,1503,781
441531 (PGAM4)	1457,787,1503,804
5223 (PGAM1)	1457,787,1503,804
5224 (PGAM2)	1457,787,1503,804
5315 (PKM)	1457,811,1503,828
160287 (LDHAL6A)	1457,836,1503,853
3939 (LDHA)	1457,836,1503,853
3945 (LDHB)	1457,836,1503,853
3948 (LDHC)	1457,836,1503,853
92483 (LDHAL6B)	1457,836,1503,853
5163 (PDK1)	1457,923,1503,940
27165 (GLS2)	1452,536,1498,553
2744 (GLS)	1452,536,1498,553
23410 (SIRT3)	1081,926,1127,943
51548 (SIRT6)	1281,775,1327,792
3098 (HK1)	225,818,271,835
3099 (HK2)	225,818,271,835
3101 (HK3)	225,818,271,835
80201 (HKDC1)	225,818,271,835
6510 (SLC1A5)	1052,425,1098,442
6510 (SLC1A5)	1050,91,1096,108
6510 (SLC1A5)	1452,564,1498,581
5160 (PDHA1)	799,248,845,265
5161 (PDHA2)	799,248,845,265
5162 (PDHB)	799,248,845,265
5163 (PDK1)	789,298,835,315
9123 (SLC16A3)	139,336,185,353
57103 (TIGAR)	303,914,349,931
7157 (TP53)	324,968,370,985
5211 (PFKL)	376,857,422,874
5213 (PFKM)	376,857,422,874
5214 (PFKP)	376,857,422,874
5728 (PTEN)	417,968,463,985
441531 (PGAM4)	529,856,575,873
5223 (PGAM1)	529,856,575,873
5224 (PGAM2)	529,856,575,873
9997 (SCO2)	728,755,774,772
7157 (TP53)	710,712,756,729
9997 (SCO2)	718,174,764,191
7157 (TP53)	700,131,746,148
8140 (SLC7A5)	139,1072,185,1089
2539 (G6PD)	231,737,277,754
7157 (TP53)	214,777,260,794
3417 (IDH1)	994,643,1040,660
5211 (PFKL)	1457,872,1503,889
5213 (PFKM)	1457,872,1503,889
5214 (PFKP)	1457,872,1503,889
hsa05230: Central carbon metabolism in cancer	40,45,395,70
hsa00020: Citrate cycle (TCA cycle)	949,220,1061,254
hsa00020: Citrate cycle (TCA cycle)	950,815,1062,849
hsa04066: HIF-1 signaling pathway	1139,863,1251,897
hsa00010: Glycolysis / Gluconeogenesis	185,888,297,922
hsa00010: Glycolysis / Gluconeogenesis	202,169,314,203
hsa04151: PI3K-Akt signaling pathway	479,976,591,1010
hsa04010: MAPK signaling pathway	559,503,671,537
hsa04150: mTOR signaling pathway	672,975,784,1009
hsa00030: Pentose phosphate pathway	229,685,341,719
hsa01212: Fatty acid metabolism	706,613,818,647
hsa00260: Glycine	463,771,575,805
serine and threonine metabolism	463,771,575,805
hsa00190: Oxidative phosphorylation	790,708,902,742
hsa00190: Oxidative phosphorylation	790,136,902,170
hsa00250: Alanine	937,953,1070,987
aspartate and glutamate metabolism	937,953,1070,987
hsa00330: Arginine and proline metabolism	1120,634,1232,668
hsa00471: D-Glutamine and D-glutamate metabolism	917,487,1063,521
