C00777 (Retinoate)	742,498,4
C15493 (9-cis-Retinoic acid)	742,498,4
7040 (TGFB1)	473,1003,519,1020
3567 (IL5)	1447,668,1493,685
3569 (IL6)	1447,688,1493,705
8741 (TNFSF13)	442,505,488,522
10673 (TNFSF13B)	442,525,488,542
959 (CD40LG)	375,669,421,686
958 (CD40)	550,669,596,686
115650 (TNFRSF13C)	550,524,596,541
23495 (TNFRSF13B)	550,484,596,501
608 (TNFRSF17)	550,504,596,521
941 (CD80)	296,480,342,497
942 (CD86)	296,480,342,497
940 (CD28)	295,618,341,635
3108 (HLA-DMA)	550,649,596,666
3109 (HLA-DMB)	550,649,596,666
3111 (HLA-DOA)	550,649,596,666
3112 (HLA-DOB)	550,649,596,666
3113 (HLA-DPA1)	550,649,596,666
3115 (HLA-DPB1)	550,649,596,666
3117 (HLA-DQA1)	550,649,596,666
3118 (HLA-DQA2)	550,649,596,666
3119 (HLA-DQB1)	550,649,596,666
3122 (HLA-DRA)	550,649,596,666
3123 (HLA-DRB1)	550,649,596,666
3125 (HLA-DRB3)	550,649,596,666
3126 (HLA-DRB4)	550,649,596,666
3127 (HLA-DRB5)	550,649,596,666
10803 (CCR9)	1138,513,1184,530
3586 (IL10)	1447,708,1493,725
2826 (CCR10)	1138,493,1184,510
56477 (CCL28)	1291,493,1337,510
3600 (IL15)	1221,921,1267,938
8741 (TNFSF13)	442,875,488,892
10673 (TNFSF13B)	442,895,488,912
23495 (TNFRSF13B)	550,629,596,646
23495 (TNFRSF13B)	548,900,594,917
10803 (CCR9)	886,495,932,512
3676 (ITGA4)	886,516,932,533
3695 (ITGB7)	886,516,932,533
3676 (ITGA4)	1138,533,1184,550
3695 (ITGB7)	1138,533,1184,550
8174 (MADCAM1)	1199,533,1245,550
6387 (CXCL12)	1291,473,1337,490
3108 (HLA-DMA)	346,480,392,497
3109 (HLA-DMB)	346,480,392,497
3111 (HLA-DOA)	346,480,392,497
3112 (HLA-DOB)	346,480,392,497
3113 (HLA-DPA1)	346,480,392,497
3115 (HLA-DPB1)	346,480,392,497
3117 (HLA-DQA1)	346,480,392,497
3118 (HLA-DQA2)	346,480,392,497
3119 (HLA-DQB1)	346,480,392,497
3122 (HLA-DRA)	346,480,392,497
3123 (HLA-DRB1)	346,480,392,497
3125 (HLA-DRB3)	346,480,392,497
3126 (HLA-DRB4)	346,480,392,497
3127 (HLA-DRB5)	346,480,392,497
3565 (IL4)	442,734,488,751
57379 (AICDA)	603,659,649,676
57379 (AICDA)	603,504,649,521
102723407 (IGH)	599,875,645,892
102723407 (IGH)	597,609,643,626
102723407 (IGH)	598,458,644,475
6370 (CCL25)	1291,513,1337,530
3565 (IL4)	490,393,536,410
3567 (IL5)	442,412,488,429
3569 (IL6)	490,412,536,429
3586 (IL10)	442,431,488,448
3558 (IL2)	442,393,488,410
7040 (TGFB1)	490,431,536,448
7040 (TGFB1)	442,714,488,731
3569 (IL6)	442,980,488,997
3586 (IL10)	442,960,488,977
3558 (IL2)	442,754,488,771
3567 (IL5)	442,774,488,791
4055 (LTBR)	279,1059,325,1076
9020 (MAP3K14)	348,1059,394,1076
29851 (ICOS)	375,689,421,706
102723996	550,689,596,706
23308 (ICOSLG)	550,689,596,706
7852 (CXCR4)	1138,473,1184,490
3601 (IL15RA)	1138,921,1184,938
102723407 (IGH)	1596,489,1642,506
5284 (PIGR)	1596,314,1642,331
hsa04612: Antigen processing and presentation	184,541,298,575
hsa04660: T cell receptor signaling pathway	189,650,291,684
hsa04662: B cell receptor signaling pathway	571,793,670,827
hsa04670: Leukocyte transendothelial migration	1149,616,1293,650
hsa04672: Intestinal immune network for IgA production	40,45,452,70
