23586 (DDX58)	421,251,467,268
64135 (IFIH1)	421,527,467,544
7706 (TRIM25)	375,183,421,200
54941 (RNF125)	433,183,479,200
57506 (MAVS)	599,381,645,398
4790 (NFKB1)	1088,492,1134,509
5970 (RELA)	1088,492,1134,509
55593 (OTUD5)	730,304,776,321
7187 (TRAF3)	730,356,776,373
3661 (IRF3)	999,315,1045,332
9641 (IKBKE)	908,313,954,330
3665 (IRF7)	999,344,1045,361
10010 (TANK)	818,339,864,356
64343 (AZI2)	818,356,864,373
9755 (TBKBP1)	818,373,864,390
8772 (FADD)	818,446,864,463
841 (CASP8)	908,437,954,454
843 (CASP10)	908,454,954,471
3439 (IFNA1)	1263,300,1309,317
3440 (IFNA2)	1263,300,1309,317
3441 (IFNA4)	1263,300,1309,317
3442 (IFNA5)	1263,300,1309,317
3443 (IFNA6)	1263,300,1309,317
3444 (IFNA7)	1263,300,1309,317
3445 (IFNA8)	1263,300,1309,317
3446 (IFNA10)	1263,300,1309,317
3447 (IFNA13)	1263,300,1309,317
3448 (IFNA14)	1263,300,1309,317
3449 (IFNA16)	1263,300,1309,317
3451 (IFNA17)	1263,300,1309,317
3452 (IFNA21)	1263,300,1309,317
3456 (IFNB1)	1263,319,1309,336
7189 (TRAF6)	692,636,738,653
1147 (CHUK)	999,430,1045,447
3551 (IKBKB)	999,447,1045,464
8517 (IKBKG)	999,413,1045,430
4792 (NFKBIA)	1088,447,1134,464
4793 (NFKBIB)	1088,447,1134,464
29110 (TBK1)	908,330,954,347
79132 (DHX58)	364,381,410,398
54941 (RNF125)	451,452,497,469
9636 (ISG15)	458,209,504,226
9474 (ATG5)	527,217,573,234
9140 (ATG12)	527,234,573,251
79671 (NLRX1)	580,306,626,323
340061 (TMEM173)	668,270,714,287
1540 (CYLD)	400,147,446,164
5300 (PIN1)	1034,264,1080,281
8517 (IKBKG)	908,347,954,364
8717 (TRADD)	730,425,776,442
8737 (RIPK1)	818,463,864,480
80143 (SIKE1)	908,264,954,281
26007 (TKFC)	421,424,467,441
1654 (DDX3X)	965,264,1011,281
4214 (MAP3K1)	798,636,844,653
5599 (MAPK8)	951,621,997,638
5601 (MAPK9)	951,621,997,638
5602 (MAPK10)	951,621,997,638
1432 (MAPK14)	951,652,997,669
5600 (MAPK11)	951,652,997,669
5603 (MAPK13)	951,652,997,669
6300 (MAPK12)	951,652,997,669
7186 (TRAF2)	692,570,738,587
6885 (MAP3K7)	798,570,844,587
3467 (IFNW1)	1263,338,1309,355
338376 (IFNE)	1263,357,1309,374
56832 (IFNK)	1263,376,1309,393
3576 (CXCL8)	1263,486,1309,503
7124 (TNF)	1263,505,1309,522
3592 (IL12A)	1263,524,1309,541
3593 (IL12B)	1263,524,1309,541
3627 (CXCL10)	1263,543,1309,560
hsa04120: Ubiquitin mediated proteolysis	480,630,593,664
hsa04210: Apoptosis	885,508,977,533
hsa04010: MAPK signaling pathway	813,679,926,713
hsa04120: Ubiquitin mediated proteolysis	1044,159,1157,193
hsa04630: JAK-STAT signaling pathway	1441,315,1562,349
hsa04622: RIG-I-like receptor signaling pathway	40,45,372,70
