C00350 (Phosphatidylethanolamine)	358,716,4
C00350 (Phosphatidylethanolamine)	570,693,4
C04549 (1-Phosphatidyl-1D-myo-inositol 3-phosphate)	520,423,4
C01194 (1-Phosphatidyl-D-myo-inositol)	435,423,4
57521 (RPTOR)	190,94,236,111
2475 (MTOR)	215,120,261,137
64223 (MLST8)	241,146,287,163
9706 (ULK2)	371,93,417,110
9776 (ATG13)	371,155,417,172
60673 (ATG101)	429,127,475,144
3476 (IGBP1)	215,203,261,220
5515 (PPP2CA)	215,242,261,259
5516 (PPP2CB)	215,242,261,259
441925 (BECN2)	392,316,438,333
8678 (BECN1)	392,316,438,333
30849 (PIK3R4)	392,347,438,364
5289 (PIK3C3)	452,331,498,348
285973 (ATG9B)	591,189,637,206
79065 (ATG9A)	591,189,637,206
23130 (ATG2A)	561,221,607,238
55102 (ATG2B)	561,221,607,238
26100 (WIPI2)	620,221,666,238
55062 (WIPI1)	620,221,666,238
64422 (ATG3)	282,630,328,647
11337 (GABARAP)	506,684,552,701
11345 (GABARAPL2)	506,684,552,701
23710 (GABARAPL1)	506,684,552,701
115201 (ATG4A)	93,733,139,750
23192 (ATG4B)	93,733,139,750
84938 (ATG4C)	93,733,139,750
84971 (ATG4D)	93,733,139,750
55054 (ATG16L1)	612,540,658,557
9140 (ATG12)	50,540,99,557
83734 (ATG10)	225,588,271,605
10533 (ATG7)	164,610,210,627
9140 (ATG12)	365,549,411,566
9474 (ATG5)	365,532,411,549
9140 (ATG12)	521,540,567,557
9474 (ATG5)	567,540,613,557
9474 (ATG5)	278,577,324,594
55054 (ATG16L1)	419,577,465,594
11337 (GABARAP)	50,685,96,702
11345 (GABARAPL2)	50,685,96,702
23710 (GABARAPL1)	50,685,96,702
hsa04136: Autophagy - other	40,45,240,70
