C00584 (Prostaglandin E2)	1230,435,4
C00696 (Prostaglandin D2)	1215,419,4
C00328 (L-Kynurenine)	1243,530,4
C00078 (L-Tryptophan)	1243,498,4
C01245 (D-myo-Inositol 1,4,5-trisphosphate)	1109,685,4
C00076 (Calcium cation)	1164,685,4
C00165 (Diacylglycerol)	1109,730,4
C00533 (Nitric oxide)	1217,175,4
54106 (TLR9)	523,308,569,325
4615 (MYD88)	588,308,634,325
3592 (IL12A)	632,363,678,380
3593 (IL12B)	632,363,678,380
3606 (IL18)	632,383,678,400
3458 (IFNG)	767,448,813,465
7124 (TNF)	767,201,813,218
8542 (APOL1)	182,524,228,541
6401 (SELE)	959,259,1005,276
7412 (VCAM1)	959,239,1005,256
3910 (LAMA4)	1042,239,1088,256
3553 (IL1B)	767,221,813,238
102723407 (IGH)	459,233,505,250
102723407 (IGH)	459,253,505,270
3586 (IL10)	551,132,597,149
3569 (IL6)	767,241,813,258
3383 (ICAM1)	959,280,1005,297
7064 (THOP1)	376,463,422,480
3250 (HPR)	182,490,228,507
335 (APOA1)	182,507,228,524
3039 (HBA1)	157,441,203,458
3040 (HBA2)	157,441,203,458
3043 (HBB)	157,441,203,458
169355 (IDO2)	1150,506,1196,523
3620 (IDO1)	1150,506,1196,523
355 (FAS)	959,147,1005,164
356 (FASLG)	900,147,946,164
2150 (F2RL1)	861,676,907,693
2776 (GNAQ)	923,676,969,693
23236 (PLCB1)	1020,676,1066,693
5330 (PLCB2)	1020,676,1066,693
5331 (PLCB3)	1020,676,1066,693
5332 (PLCB4)	1020,676,1066,693
5578 (PRKCA)	1207,676,1253,693
5579 (PRKCB)	1207,676,1253,693
5582 (PRKCG)	1207,676,1253,693
3827 (KNG1)	464,463,510,480
4878 (NPPA)	464,497,510,514
hsa05143: African trypanosomiasis	40,45,276,70
hsa04610: Complement and coagulation cascades	418,405,531,430
hsa04210: Apoptosis	1355,162,1447,187
hsa00380: Tryptophan metabolism	1116,553,1243,578
hsa04710: Circadian rhythm	1365,437,1457,462
hsa04620: Toll-like receptor signaling pathway	654,288,754,322
