3978 (LIG1)	1135,1222,1181,1239
2237 (FEN1)	1058,1222,1104,1239
1763 (DNA2)	980,1221,1026,1238
10535 (RNASEH2A)	1044,1165,1090,1182
79621 (RNASEH2B)	1090,1165,1136,1182
5982 (RFC2)	1090,1107,1136,1124
5984 (RFC4)	1090,1107,1136,1124
84153 (RNASEH2C)	1136,1165,1182,1182
5983 (RFC3)	1136,1107,1182,1124
5985 (RFC5)	1136,1107,1182,1124
5111 (PCNA)	980,1107,1026,1124
6119 (RPA3)	1136,1056,1182,1073
4174 (MCM5)	1045,1039,1091,1056
57804 (POLD4)	1136,909,1182,926
10714 (POLD3)	1090,909,1136,926
56655 (POLE4)	1136,967,1182,984
54107 (POLE3)	1090,967,1136,984
6742 (SSBP1)	1135,300,1181,317
246243 (RNASEH1)	980,357,1026,374
4171 (MCM2)	999,1022,1045,1039
4172 (MCM3)	1045,1022,1091,1039
4173 (MCM4)	999,1039,1045,1056
5422 (POLA1)	998,853,1044,870
23649 (POLA2)	1044,853,1090,870
5557 (PRIM1)	1090,853,1136,870
5558 (PRIM2)	1136,853,1182,870
5424 (POLD1)	998,909,1044,926
5425 (POLD2)	1044,909,1090,926
5426 (POLE)	998,967,1044,984
5427 (POLE2)	1044,967,1090,984
4175 (MCM6)	999,1056,1045,1073
4176 (MCM7)	1045,1056,1091,1073
6117 (RPA1)	1136,1022,1182,1039
29935 (RPA4)	1136,1039,1182,1056
6118 (RPA2)	1136,1039,1182,1056
5981 (RFC1)	1044,1107,1090,1124
6117 (RPA1)	1135,600,1181,617
5111 (PCNA)	980,670,1026,687
246243 (RNASEH1)	1135,670,1181,687
3978 (LIG1)	1135,744,1181,761
2237 (FEN1)	1058,744,1104,762
1763 (DNA2)	980,744,1026,761
246243 (RNASEH1)	980,1165,1026,1182
hsa03030: DNA replication	40,45,191,70
