C00305 (Magnesium cation)	261,454,4
C00076 (Calcium cation)	382,439,4
C01245 (D-myo-Inositol 1,4,5-trisphosphate)	538,591,4
C01330 (Sodium cation)	406,174,4
C00165 (Diacylglycerol)	504,541,4
C00575 (3',5'-Cyclic AMP)	454,250,4
C00025 (L-Glutamate)	202,378,4
5578 (PRKCA)	429,512,475,529
5579 (PRKCB)	429,512,475,529
5582 (PRKCG)	429,512,475,529
814 (CAMK4)	793,538,839,555
1387 (CREBBP)	866,491,912,508
2033 (EP300)	866,491,912,508
815 (CAMK2A)	507,362,553,379
816 (CAMK2B)	507,362,553,379
817 (CAMK2D)	507,362,553,379
818 (CAMK2G)	507,362,553,379
5530 (PPP3CA)	425,362,471,379
5532 (PPP3CB)	425,362,471,379
5533 (PPP3CC)	425,362,471,379
5534 (PPP3R1)	425,362,471,379
5535 (PPP3R2)	425,362,471,379
163688 (CALML6)	414,431,460,448
51806 (CALML5)	414,431,460,448
801 (CALM1)	414,431,460,448
805 (CALM2)	414,431,460,448
808 (CALM3)	414,431,460,448
810 (CALML3)	414,431,460,448
91860 (CALML4)	414,431,460,448
27330 (RPS6KA6)	793,431,839,448
6195 (RPS6KA1)	793,431,839,448
6196 (RPS6KA2)	793,431,839,448
6197 (RPS6KA3)	793,431,839,448
468 (ATF4)	861,431,907,448
2902 (GRIN1)	294,430,340,447
2903 (GRIN2A)	294,430,340,447
2904 (GRIN2B)	294,430,340,447
2905 (GRIN2C)	294,430,340,447
2906 (GRIN2D)	294,430,340,447
5566 (PRKACA)	553,199,599,216
5567 (PRKACB)	553,199,599,216
5568 (PRKACG)	553,199,599,216
775 (CACNA1C)	293,489,339,506
5499 (PPP1CA)	519,323,565,340
5500 (PPP1CB)	519,323,565,340
5501 (PPP1CC)	519,323,565,340
107 (ADCY1)	294,297,340,314
114 (ADCY8)	294,297,340,314
2890 (GRIA1)	294,166,340,183
2891 (GRIA2)	294,166,340,183
10411 (RAPGEF3)	465,273,511,290
5594 (MAPK1)	720,431,766,448
5595 (MAPK3)	720,431,766,448
5604 (MAP2K1)	654,431,700,448
5605 (MAP2K2)	654,431,700,448
369 (ARAF)	587,431,633,448
5894 (RAF1)	587,431,633,448
673 (BRAF)	587,431,633,448
3265 (HRAS)	520,431,566,448
3845 (KRAS)	520,431,566,448
4893 (NRAS)	520,431,566,448
5906 (RAP1A)	575,323,621,340
5908 (RAP1B)	575,323,621,340
5502 (PPP1R1A)	535,257,581,274
2776 (GNAQ)	370,581,416,598
2911 (GRM1)	293,581,339,598
2915 (GRM5)	293,581,339,598
23236 (PLCB1)	441,581,487,598
5330 (PLCB2)	441,581,487,598
5331 (PLCB3)	441,581,487,598
5332 (PLCB4)	441,581,487,598
3708 (ITPR1)	559,520,605,537
3709 (ITPR2)	559,520,605,537
3710 (ITPR3)	559,520,605,537
hsa04720: Long-term potentiation	40,45,257,70
hsa04010: MAPK signaling pathway	651,459,762,493
hsa04020: Calcium signaling pathway	609,567,721,601
hsa04724: Glutamatergic synapse	198,115,290,149
