C00195 (N-Acylsphingosine)	639,212,4
C00638 (Long-chain fatty acid)	308,688,4
C15493 (9-cis-Retinoic acid)	224,758,4
C00165 (Diacylglycerol)	639,159,4
C00083 (Malonyl-CoA)	474,810,4
C00040 (Acyl-CoA)	711,212,4
C00162 (Fatty acid)	796,113,4
4790 (NFKB1)	368,238,414,255
5970 (RELA)	368,238,414,255
4792 (NFKBIA)	451,238,497,255
4793 (NFKBIB)	451,238,497,255
4794 (NFKBIE)	451,238,497,255
5781 (PTPN11)	202,525,248,542
9021 (SOCS3)	368,342,414,359
126129 (CPT1C)	688,802,734,819
1374 (CPT1A)	688,802,734,819
1375 (CPT1B)	688,802,734,819
2538 (G6PC)	393,681,439,698
57818 (G6PC2)	393,681,439,698
92579 (G6PC3)	393,681,439,698
5105 (PCK1)	344,681,390,698
5106 (PCK2)	344,681,390,698
2180 (ACSL1)	773,204,819,221
2181 (ACSL3)	773,204,819,221
2182 (ACSL4)	773,204,819,221
23205 (ACSBG1)	773,204,819,221
23305 (ACSL6)	773,204,819,221
51703 (ACSL5)	773,204,819,221
81616 (ACSBG2)	773,204,819,221
3952 (LEP)	36,473,82,490
5443 (POMC)	534,473,580,490
51422 (PRKAG2)	451,507,497,524
53632 (PRKAG3)	451,507,497,524
5562 (PRKAA1)	451,507,497,524
5563 (PRKAA2)	451,507,497,524
5564 (PRKAB1)	451,507,497,524
5565 (PRKAB2)	451,507,497,524
5571 (PRKAG1)	451,507,497,524
51422 (PRKAG2)	285,802,331,819
53632 (PRKAG3)	285,802,331,819
5562 (PRKAA1)	285,802,331,819
5563 (PRKAA2)	285,802,331,819
5564 (PRKAB1)	285,802,331,819
5565 (PRKAB2)	285,802,331,819
5571 (PRKAG1)	285,802,331,819
9370 (ADIPOQ)	36,802,82,819
32 (ACACB)	368,802,414,819
5465 (PPARA)	285,733,331,750
51094 (ADIPOR1)	119,802,165,819
79602 (ADIPOR2)	119,802,165,819
5588 (PRKCQ)	534,152,580,169
3953 (LEPR)	119,473,165,490
10645 (CAMKK2)	202,802,248,819
6794 (STK11)	202,802,248,819
4852 (NPY)	534,541,580,558
6256 (RXRA)	285,750,331,767
6257 (RXRB)	285,750,331,767
6258 (RXRG)	285,750,331,767
6513 (SLC2A1)	368,836,414,853
6517 (SLC2A4)	368,836,414,853
1147 (CHUK)	451,186,497,203
3551 (IKBKB)	451,186,497,203
8517 (IKBKG)	451,186,497,203
7133 (TNFRSF1B)	119,169,165,186
181 (AGRP)	534,507,580,524
6774 (STAT3)	285,473,331,490
5599 (MAPK8)	451,152,497,169
5601 (MAPK9)	451,152,497,169
5602 (MAPK10)	451,152,497,169
10000 (AKT3)	534,238,580,255
207 (AKT1)	534,238,580,255
208 (AKT2)	534,238,580,255
2475 (MTOR)	451,118,497,135
7186 (TRAF2)	285,152,331,169
3667 (IRS1)	532,213,578,229
8471 (IRS4)	532,213,578,229
8660 (IRS2)	532,213,578,229
7132 (TNFRSF1A)	119,135,165,152
948 (CD36)	773,152,819,169
10891 (PPARGC1A)	368,525,414,542
8717 (TRADD)	202,135,248,152
3717 (JAK2)	202,473,248,490
7124 (TNF)	36,152,82,169
hsa04920: Adipocytokine signaling pathway	40,45,330,70
hsa04910: Insulin signaling pathway	553,309,694,334
hsa04010: MAPK signaling pathway	176,616,281,650
