C05825 (2-Amino-5-oxohexanoate)	647,666,4
C05161 ((2R,5S)-2,5-Diaminohexanoate)	446,666,4
C00877 (Crotonoyl-CoA)	912,400,4
C01144 ((S)-3-Hydroxybutanoyl-CoA)	1015,400,4
C00332 (Acetoacetyl-CoA)	1123,400,4
C00024 (Acetyl-CoA)	1225,400,4
C00322 (2-Oxoadipate)	818,266,4
C00527 (Glutaryl-CoA)	818,400,4
C00489 (Glutarate)	698,400,4
C00956 (L-2-Aminoadipate)	818,83,4
C00408 (L-Pipecolate)	728,246,4
C00450 ((S)-2,3,4,5-Tetrahydropyridine-2-carboxylate)	728,179,4
C04076 (L-2-Aminoadipate 6-semialdehyde)	726,83,4
C03273 (5-Oxopentanoate)	590,400,4
C04092 (Delta1-Piperideine-2-carboxylate)	627,246,4
C03239 (6-Amino-2-oxohexanoate)	554,246,4
C00449 (N6-(L-1,3-Dicarboxypropyl)-L-lysine)	405,83,4
C00431 (5-Aminopentanoate)	454,400,4
C05548 (6-Acetamido-2-oxohexanoate)	454,246,4
C02727 (N6-Acetyl-L-lysine)	339,246,4
C00047 (L-Lysine)	203,401,4
C00990 (5-Aminopentanamide)	362,401,4
C03087 (5-Acetamidopentanoate)	454,323,4
C01142 ((3S)-3,6-Diaminohexanoate)	292,626,4
C01186 ((3S,5S)-3,5-Diaminohexanoate)	446,626,4
C03656 ((S)-5-Amino-3-oxohexanoic acid)	647,626,4
C00739 (D-Lysine)	203,560,4
C02188 (Protein lysine)	203,719,4
C05544 (Protein N6-methyl-L-lysine)	323,719,4
C01211 (Procollagen 5-hydroxy-L-lysine)	322,778,4
C05545 (Protein N6,N6-dimethyl-L-lysine)	442,719,4
C04487 (5-(D-Galactosyloxy)-L-lysine-procollagen)	442,778,4
C05546 (Protein N6,N6,N6-trimethyl-L-lysine)	549,719,4
C03793 (N6,N6,N6-Trimethyl-L-lysine)	632,719,4
C01259 ((3S)-3-Hydroxy-N6,N6,N6-trimethyl-L-lysine)	715,719,4
C01181 (4-Trimethylammoniobutanoate)	924,719,4
C00487 (Carnitine)	1020,719,4
C01149 (4-Trimethylammoniobutanal)	809,719,4
C00037 (Glycine)	788,752,4
C04020 (D-Lysopine)	340,353,4
C01028 (N6-Hydroxy-L-lysine)	310,156,4
C03955 (N6-Acetyl-N6-hydroxy-L-lysine)	400,156,4
C05554 (Aerobactin)	580,156,4
C20333 (N2-Citryl-N6-acetyl-N6-hydroxy-L-lysine)	490,156,4
C05231 (L-3-Aminobutyryl-CoA)	912,626,4
C00136 (Butanoyl-CoA)	1015,465,4
C00164 (Acetoacetate)	873,665,4
C03366 (5-Phosphooxy-L-lysine)	584,122,4
C16741 (L-Hydroxylysine)	462,122,4
C03196 ((S)-2-Hydroxyglutarate)	698,455,4
C00026 (2-Oxoglutarate)	698,510,4
C00042 (Succinate)	698,570,4
C12455 (5-Aminopentanal)	454,494,4
C01672 (Cadaverine)	264,494,4
10157 (AASS)	249,85,295,102
1892 (ECHS1)	935,392,981,409
1962 (EHHADH)	935,392,981,409
3030 (HADHA)	935,392,981,409
1962 (EHHADH)	1047,392,1093,409
3033 (HADH)	1047,392,1093,409
10157 (AASS)	530,64,576,81
501 (ALDH7A1)	745,75,791,92
51166 (AADAT)	796,136,842,153
1738 (DLD)	796,315,842,332
1743 (DLST)	796,315,842,332
55526 (DHTKD1)	796,315,842,332
38 (ACAT1)	1145,392,1191,409
39 (ACAT2)	1145,392,1191,409
2639 (GCDH)	838,392,884,409
51268 (PIPOX)	680,197,726,214
8424 (BBOX1)	944,711,990,728
223 (ALDH9A1)	845,721,891,738
55217 (TMLHE)	646,711,692,728
79823 (CAMKMT)	356,711,402,728
10919 (EHMT2)	237,730,283,747
11105 (PRDM7)	237,730,283,747
150572 (SMYD1)	237,730,283,747
2145 (EZH1)	237,730,283,747
2146 (EZH2)	237,730,283,747
23067 (SETD1B)	237,730,283,747
387893 (KMT5A)	237,730,283,747
4297 (KMT2A)	237,730,283,747
54904 (NSD3)	237,730,283,747
55870 (ASH1L)	237,730,283,747
55904 (KMT2E)	237,730,283,747
56950 (SMYD2)	237,730,283,747
56979 (PRDM9)	237,730,283,747
58508 (KMT2C)	237,730,283,747
64324 (NSD1)	237,730,283,747
64754 (SMYD3)	237,730,283,747
6839 (SUV39H1)	237,730,283,747
7468 (NSD2)	237,730,283,747
7799 (PRDM2)	237,730,283,747
79723 (SUV39H2)	237,730,283,747
79813 (EHMT1)	237,730,283,747
8085 (KMT2D)	237,730,283,747
80854 (SETD7)	237,730,283,747
83852 (SETDB2)	237,730,283,747
84444 (DOT1L)	237,730,283,747
93166 (PRDM6)	237,730,283,747
9739 (SETD1A)	237,730,283,747
9757 (KMT2B)	237,730,283,747
9869 (SETDB1)	237,730,283,747
23127 (COLGALT2)	356,769,402,786
79709 (COLGALT1)	356,769,402,786
8985 (PLOD3)	356,769,402,786
79823 (CAMKMT)	237,711,283,728
10919 (EHMT2)	356,730,402,747
11105 (PRDM7)	356,730,402,747
150572 (SMYD1)	356,730,402,747
2145 (EZH1)	356,730,402,747
2146 (EZH2)	356,730,402,747
23067 (SETD1B)	356,730,402,747
4297 (KMT2A)	356,730,402,747
51111 (KMT5B)	356,730,402,747
54904 (NSD3)	356,730,402,747
55870 (ASH1L)	356,730,402,747
55904 (KMT2E)	356,730,402,747
56950 (SMYD2)	356,730,402,747
56979 (PRDM9)	356,730,402,747
58508 (KMT2C)	356,730,402,747
6419 (SETMAR)	356,730,402,747
64324 (NSD1)	356,730,402,747
64754 (SMYD3)	356,730,402,747
6839 (SUV39H1)	356,730,402,747
7468 (NSD2)	356,730,402,747
7799 (PRDM2)	356,730,402,747
79723 (SUV39H2)	356,730,402,747
79813 (EHMT1)	356,730,402,747
8085 (KMT2D)	356,730,402,747
80854 (SETD7)	356,730,402,747
83852 (SETDB2)	356,730,402,747
84444 (DOT1L)	356,730,402,747
84787 (KMT5C)	356,730,402,747
9739 (SETD1A)	356,730,402,747
9757 (KMT2B)	356,730,402,747
9869 (SETDB1)	356,730,402,747
5351 (PLOD1)	237,770,283,787
5352 (PLOD2)	237,770,283,787
8985 (PLOD3)	237,770,283,787
79823 (CAMKMT)	473,711,519,728
10919 (EHMT2)	473,730,519,747
11105 (PRDM7)	473,730,519,747
150572 (SMYD1)	473,730,519,747
2145 (EZH1)	473,730,519,747
2146 (EZH2)	473,730,519,747
23067 (SETD1B)	473,730,519,747
29072 (SETD2)	473,730,519,747
4297 (KMT2A)	473,730,519,747
54904 (NSD3)	473,730,519,747
55870 (ASH1L)	473,730,519,747
55904 (KMT2E)	473,730,519,747
56950 (SMYD2)	473,730,519,747
56979 (PRDM9)	473,730,519,747
58508 (KMT2C)	473,730,519,747
6419 (SETMAR)	473,730,519,747
64324 (NSD1)	473,730,519,747
64754 (SMYD3)	473,730,519,747
6839 (SUV39H1)	473,730,519,747
7468 (NSD2)	473,730,519,747
7799 (PRDM2)	473,730,519,747
79723 (SUV39H2)	473,730,519,747
79813 (EHMT1)	473,730,519,747
8085 (KMT2D)	473,730,519,747
80854 (SETD7)	473,730,519,747
83852 (SETDB2)	473,730,519,747
84444 (DOT1L)	473,730,519,747
9739 (SETD1A)	473,730,519,747
9757 (KMT2B)	473,730,519,747
9869 (SETDB1)	473,730,519,747
217 (ALDH2)	845,700,891,717
219 (ALDH1B1)	845,700,891,717
223 (ALDH9A1)	845,700,891,717
224 (ALDH3A2)	845,700,891,717
501 (ALDH7A1)	845,700,891,717
85007 (PHYKPL)	641,114,687,131
123688 (HYKK)	496,114,542,131
map00311: Penicillin and cephalosporin biosynthesis	887,66,1057,100
hsa00020: Citrate cycle (TCA cycle)	1281,387,1361,412
hsa00310: Lysine degradation	40,45,213,70
map00300: Lysine biosynthesis	39,383,118,417
hsa00780: Biotin metabolism	96,331,173,365
hsa00020: Citrate cycle (TCA cycle)	736,557,810,582
