6477 (SIAH1)	751,701,797,718
3486 (IGFBP3)	646,622,692,639
10912 (GADD45G)	646,581,692,598
1647 (GADD45A)	646,581,692,598
4616 (GADD45B)	646,581,692,598
4194 (MDM4)	282,473,328,490
1111 (CHEK1)	389,219,435,236
545 (ATR)	310,219,356,236
11200 (CHEK2)	433,192,479,209
472 (ATM)	310,192,356,209
56475 (RPRM)	541,167,587,184
2810 (SFN)	541,143,587,160
1017 (CDK2)	670,132,716,149
898 (CCNE1)	670,115,716,132
9134 (CCNE2)	670,115,716,132
7249 (TSC2)	594,622,640,639
8493 (PPM1D)	804,701,850,718
7161 (TP73)	856,701,902,718
900 (CCNG1)	698,701,744,718
901 (CCNG2)	698,701,744,718
64326 (COP1)	594,701,640,718
50484 (RRM2B)	594,581,640,598
6241 (RRM2)	594,581,640,598
1643 (DDB2)	541,581,587,598
55240 (STEAP3)	541,661,587,678
5728 (PTEN)	541,622,587,639
5268 (SERPINB5)	804,540,850,557
3732 (CD82)	646,540,692,557
7057 (THBS1)	751,540,797,557
3486 (IGFBP3)	541,499,587,516
3479 (IGF1)	651,499,697,516
5054 (SERPINE1)	541,540,587,557
575 (ADGRB1)	594,540,640,557
1029 (CDKN2A)	214,409,260,426
1026 (CDKN1A)	541,108,587,125
64393 (ZMAT3)	646,431,692,448
637 (BID)	754,291,800,308
9538 (EI24)	541,389,587,406
9540 (TP53I3)	541,389,587,406
355 (FAS)	541,257,587,274
51512 (GTSE1)	541,223,587,240
581 (BAX)	541,313,587,330
55367 (PIDD1)	541,279,587,296
8795 (TNFRSF10B)	594,267,640,284
841 (CASP8)	678,267,724,284
983 (CDK1)	670,200,716,217
317 (APAF1)	884,365,930,382
54205 (CYCS)	884,333,930,350
842 (CASP9)	987,349,1033,366
4193 (MDM2)	282,409,328,426
7157 (TP53)	372,409,418,426
4193 (MDM2)	541,701,587,718
25898 (RCHY1)	646,701,692,718
10912 (GADD45G)	541,199,587,216
1647 (GADD45A)	541,199,587,216
4616 (GADD45B)	541,199,587,216
1019 (CDK4)	670,87,716,104
1021 (CDK6)	670,87,716,104
595 (CCND1)	670,70,716,87
894 (CCND2)	670,70,716,87
896 (CCND3)	670,70,716,87
64065 (PERP)	594,431,640,448
51246 (SHISA5)	541,431,587,448
143686 (SESN3)	698,581,744,598
27244 (SESN1)	698,581,744,598
83667 (SESN2)	698,581,744,598
891 (CCNB1)	670,183,716,200
9133 (CCNB2)	670,183,716,200
836 (CASP3)	1063,348,1109,365
6477 (SIAH1)	698,431,744,448
63970 (TP53AIP1)	703,313,749,330
27113 (BBC3)	651,313,697,330
5366 (PMAIP1)	599,313,645,330
92344 (GORAB)	282,372,328,389
10572 (SIVA1)	541,355,587,372
598 (BCL2L1)	624,346,670,363
596 (BCL2)	624,366,670,383
84883 (AIFM2)	541,465,587,482
hsa04110: Cell cycle	253,513,356,547
hsa04210: Apoptosis	1025,277,1128,311
hsa04115: p53 signaling pathway	40,45,238,70
hsa04110: Cell cycle	1023,176,1126,210
hsa04218: Cellular senescence	1138,176,1261,210
