C00187 (Cholesterol)	512,765,4
C00187 (Cholesterol)	484,699,4
C00162 (Fatty acid)	393,510,4
C01558 (Bile salt)	264,228,4
C00162 (Fatty acid)	316,350,4
C00187 (Cholesterol)	172,396,4
C02112 (2-Acylglycerol)	407,382,4
C01885 (1-Acylglycerol)	407,382,4
C00681 (1-Acyl-sn-glycerol 3-phosphate)	166,621,4
C02530 (Cholesterol ester)	782,701,4
C00422 (Triacylglycerol)	780,603,4
C00422 (Triacylglycerol)	842,676,4
C02530 (Cholesterol ester)	842,697,4
C00422 (Triacylglycerol)	1052,328,4
C02530 (Cholesterol ester)	1052,352,4
C00422 (Triacylglycerol)	1186,328,4
C02530 (Cholesterol ester)	1187,351,4
C00422 (Triacylglycerol)	114,323,4
C00865 (Phospholipid)	345,317,4
C00010 (CoA)	649,487,4
C00040 (Acyl-CoA)	693,509,4
C00165 (Diacylglycerol)	779,509,4
C00681 (1-Acyl-sn-glycerol 3-phosphate)	428,314,4
C00416 (Phosphatidate)	779,319,4
C00865 (Phospholipid)	1015,571,4
C00187 (Cholesterol)	1015,571,4
C02112 (2-Acylglycerol)	132,567,4
C01885 (1-Acylglycerol)	132,567,4
C01558 (Bile salt)	184,209,4
C01558 (Bile salt)	182,477,4
C00422 (Triacylglycerol)	907,449,4
C02530 (Cholesterol ester)	907,472,4
C00162 (Fatty acid)	395,637,4
C00187 (Cholesterol)	395,637,4
C00187 (Cholesterol)	525,640,4
C00162 (Fatty acid)	602,443,4
C00162 (Fatty acid)	580,490,4
C00162 (Fatty acid)	471,571,4
C00162 (Fatty acid)	516,631,4
64240 (ABCG5)	426,748,472,765
64241 (ABCG8)	426,765,472,782
29881 (NPC1L1)	510,689,556,706
948 (CD36)	426,501,472,518
338 (APOB)	835,642,881,659
1056 (CEL)	172,446,218,463
26279 (PLA2G2D)	172,446,218,463
30814 (PLA2G2E)	172,446,218,463
391013 (PLA2G2C)	172,446,218,463
50487 (PLA2G3)	172,446,218,463
5319 (PLA2G1B)	172,446,218,463
5320 (PLA2G2A)	172,446,218,463
5322 (PLA2G5)	172,446,218,463
5406 (PNLIP)	172,446,218,463
5407 (PNLIPRP1)	172,446,218,463
5408 (PNLIPRP2)	172,446,218,463
64600 (PLA2G2F)	172,446,218,463
81579 (PLA2G12A)	172,446,218,463
8399 (PLA2G10)	172,446,218,463
84647 (PLA2G12B)	172,446,218,463
8513 (LIPF)	172,446,218,463
10554 (AGPAT1)	704,293,750,310
10555 (AGPAT2)	704,293,750,310
346606 (MOGAT3)	720,409,766,426
80168 (MOGAT2)	720,409,766,426
84649 (DGAT2)	726,561,772,578
8694 (DGAT1)	726,561,772,578
39 (ACAT2)	707,705,753,722
4547 (MTTP)	810,616,856,633
338 (APOB)	1041,301,1087,318
338 (APOB)	1178,299,1224,316
337 (APOA4)	1218,333,1264,350
335 (APOA1)	1178,368,1224,385
337 (APOA4)	1080,333,1126,350
335 (APOA1)	1042,365,1088,382
337 (APOA4)	871,678,917,695
335 (APOA1)	899,488,945,505
338 (APOB)	925,621,971,638
19 (ABCA1)	1040,564,1086,581
1208 (CLPS)	231,446,277,463
8611 (PLPP1)	785,346,831,363
8612 (PLPP2)	785,346,831,363
8613 (PLPP3)	785,346,831,363
337 (APOA4)	937,452,983,469
338 (APOB)	899,422,945,439
10999 (SLC27A4)	643,531,689,548
335 (APOA1)	1103,541,1149,558
335 (APOA1)	1103,628,1149,645
949 (SCARB1)	423,628,469,645
2169 (FABP2)	580,409,626,426
2168 (FABP1)	558,456,604,473
2806 (GOT2)	512,564,558,581
hsa04975: Fat digestion and absorption	40,45,325,70
hsa04530: Tight junction	542,104,657,129
hsa04972: Pancreatic secretion	73,409,188,434
hsa04976: Bile secretion	71,154,186,179
hsa00561: Glycerolipid metabolism	788,554,886,588
