C05981 (Phosphatidylinositol-3,4,5-trisphosphate)	545,206,4
C00575 (3',5'-Cyclic AMP)	543,159,4
C03582 (Resveratrol)	221,787,4
C07909 (Sirolimus)	210,269,4
C07151 (Metformin)	210,495,4
C00003 (NAD+)	649,581,4
C00020 (AMP)	319,694,4
C00076 (Calcium cation)	412,581,4
2308 (FOXO1)	1016,196,1062,213
2309 (FOXO3)	1016,196,1062,213
6198 (RPS6KB1)	710,342,756,359
6199 (RPS6KB2)	710,342,756,359
2475 (MTOR)	591,380,637,397
57521 (RPTOR)	591,380,637,397
84335 (AKT1S1)	591,380,637,397
10000 (AKT3)	637,196,683,213
207 (AKT1)	637,196,683,213
208 (AKT2)	637,196,683,213
5290 (PIK3CA)	420,196,466,213
5291 (PIK3CB)	420,196,466,213
5293 (PIK3CD)	420,196,466,213
5295 (PIK3R1)	420,196,466,213
5296 (PIK3R2)	420,196,466,213
8503 (PIK3R3)	420,196,466,213
3479 (IGF1)	154,211,200,228
3480 (IGF1R)	243,211,289,228
3667 (IRS1)	332,178,378,195
8471 (IRS4)	332,178,378,195
8660 (IRS2)	332,178,378,195
3265 (HRAS)	332,219,378,236
3845 (KRAS)	332,219,378,236
4893 (NRAS)	332,219,378,236
5566 (PRKACA)	637,150,683,167
5567 (PRKACB)	637,150,683,167
5568 (PRKACG)	637,150,683,167
107 (ADCY1)	418,152,464,169
108 (ADCY2)	418,152,464,169
109 (ADCY3)	418,152,464,169
111 (ADCY5)	418,152,464,169
112 (ADCY6)	418,152,464,169
113 (ADCY7)	418,152,464,169
114 (ADCY8)	418,152,464,169
115 (ADCY9)	418,152,464,169
196883 (ADCY4)	418,152,464,169
51422 (PRKAG2)	544,572,590,589
53632 (PRKAG3)	544,572,590,589
5562 (PRKAA1)	544,572,590,589
5563 (PRKAA2)	544,572,590,589
5564 (PRKAB1)	544,572,590,589
5565 (PRKAB2)	544,572,590,589
5571 (PRKAG1)	544,572,590,589
3630 (INS)	154,186,200,203
3643 (INSR)	243,186,289,203
10488 (CREB3)	1016,117,1062,134
1385 (CREB1)	1016,117,1062,134
1386 (ATF2)	1016,117,1062,134
1388 (ATF6B)	1016,117,1062,134
148327 (CREB3L4)	1016,117,1062,134
468 (ATF4)	1016,117,1062,134
64764 (CREB3L2)	1016,117,1062,134
84699 (CREB3L3)	1016,117,1062,134
90993 (CREB3L1)	1016,117,1062,134
9586 (CREB5)	1016,117,1062,134
6648 (SOD2)	1195,179,1241,196
7249 (TSC2)	420,386,466,403
7248 (TSC1)	420,369,466,386
6009 (RHEB)	502,380,548,397
1978 (EIF4EBP1)	681,419,727,436
1977 (EIF4E)	755,419,801,436
253314 (EIF4E1B)	755,419,801,436
9470 (EIF4E2)	755,419,801,436
6794 (STK11)	414,674,460,691
7157 (TP53)	400,739,446,756
143686 (SESN3)	483,739,529,756
27244 (SESN1)	483,739,529,756
83667 (SESN2)	483,739,529,756
9370 (ADIPOQ)	154,572,200,589
51094 (ADIPOR1)	243,572,289,589
79602 (ADIPOR2)	243,572,289,589
581 (BAX)	811,491,857,508
7157 (TP53)	811,520,857,537
23411 (SIRT1)	715,572,761,589
10891 (PPARGC1A)	1014,687,1060,704
8408 (ULK1)	710,257,756,274
9365 (KL)	323,130,369,147
9365 (KL)	172,239,218,256
10645 (CAMKK2)	455,572,501,589
814 (CAMK4)	573,739,619,756
10891 (PPARGC1A)	1187,744,1233,761
4790 (NFKB1)	811,577,857,594
5970 (RELA)	811,577,857,594
5468 (PPARG)	811,650,857,667
847 (CAT)	1195,199,1241,216
9474 (ATG5)	1195,227,1241,244
26060 (APPL1)	324,572,370,589
9821 (RB1CC1)	710,291,756,308
9776 (ATG13)	710,274,756,291
60673 (ATG101)	710,308,756,325
10919 (EHMT2)	1016,148,1062,165
79813 (EHMT1)	1016,148,1062,165
hsa04910: Insulin signaling pathway	40,45,331,70
hsa04910: Insulin signaling pathway	122,133,230,167
hsa04150: mTOR signaling pathway	690,372,798,406
hsa04151: PI3K-Akt signaling pathway	413,224,533,258
hsa04068: FoxO signaling pathway	1072,237,1180,271
hsa04152: AMPK signaling pathway	564,603,684,637
hsa04115: p53 signaling pathway	820,540,957,565
hsa04064: NF-kappa B signaling pathway	828,601,948,635
hsa04140: Autophagy - animal	792,244,929,269
