C20640 (Cyclic GMP-AMP)	514,217,4
834 (CASP1)	594,606,640,623
29108 (PYCARD)	534,606,580,623
9447 (AIM2)	474,605,520,622
3553 (IL1B)	720,596,766,613
3606 (IL18)	720,616,766,633
81030 (ZBP1)	514,312,560,329
29110 (TBK1)	674,270,720,287
9641 (IKBKE)	674,291,720,308
3661 (IRF3)	797,303,843,320
3456 (IFNB1)	974,327,1020,344
3665 (IRF7)	797,326,843,343
3439 (IFNA1)	974,307,1020,324
3440 (IFNA2)	974,307,1020,324
3441 (IFNA4)	974,307,1020,324
3442 (IFNA5)	974,307,1020,324
3443 (IFNA6)	974,307,1020,324
3444 (IFNA7)	974,307,1020,324
3445 (IFNA8)	974,307,1020,324
3446 (IFNA10)	974,307,1020,324
3447 (IFNA13)	974,307,1020,324
3448 (IFNA14)	974,307,1020,324
3449 (IFNA16)	974,307,1020,324
3451 (IFNA17)	974,307,1020,324
3452 (IFNA21)	974,307,1020,324
3627 (CXCL10)	974,457,1020,474
57506 (MAVS)	560,167,606,184
340061 (TMEM173)	619,209,665,226
4790 (NFKB1)	797,399,843,416
5970 (RELA)	797,399,843,416
8737 (RIPK1)	593,444,639,461
11035 (RIPK3)	593,461,639,478
103 (ADAR)	348,380,394,397
3569 (IL6)	974,397,1020,414
1147 (CHUK)	698,444,744,461
3551 (IKBKB)	698,444,744,461
8517 (IKBKG)	698,444,744,461
23586 (DDX58)	489,167,535,184
4790 (NFKB1)	797,120,843,137
5970 (RELA)	797,120,843,137
90865 (IL33)	720,636,766,653
4792 (NFKBIA)	797,444,843,461
4793 (NFKBIB)	797,444,843,461
3569 (IL6)	974,134,1020,151
10621 (POLR3F)	309,180,355,197
10622 (POLR3G)	309,180,355,197
10623 (POLR3C)	309,180,355,197
11128 (POLR3A)	309,180,355,197
171568 (POLR3H)	309,180,355,197
51082 (POLR1D)	309,180,355,197
51728 (POLR3K)	309,180,355,197
5434 (POLR2E)	309,180,355,197
5435 (POLR2F)	309,180,355,197
5437 (POLR2H)	309,180,355,197
5440 (POLR2K)	309,180,355,197
5441 (POLR2L)	309,180,355,197
55703 (POLR3B)	309,180,355,197
55718 (POLR3E)	309,180,355,197
661 (POLR3D)	309,180,355,197
84265 (POLR3GL)	309,180,355,197
9533 (POLR1C)	309,180,355,197
388372 (CCL4L1)	974,417,1020,434
6351 (CCL4)	974,417,1020,434
9560 (CCL4L2)	974,417,1020,434
6352 (CCL5)	974,437,1020,454
11277 (TREX1)	312,355,358,372
115004 (CGAS)	387,208,433,225
hsa04622: RIG-I-like receptor signaling pathway	466,123,587,157
hsa04120: Ubiquitin mediated proteolysis	768,508,885,542
hsa04623: Cytosolic DNA-sensing pathway	40,45,332,70
hsa04064: NF-kappa B signaling pathway	663,394,784,428
