C05981 (Phosphatidylinositol-3,4,5-trisphosphate)	583,946,4
C01245 (D-myo-Inositol 1,4,5-trisphosphate)	656,1424,4
C00076 (Calcium cation)	720,1424,4
C05981 (Phosphatidylinositol-3,4,5-trisphosphate)	577,1304,4
1380 (CR2)	241,109,287,126
3108 (HLA-DMA)	241,168,287,185
3109 (HLA-DMB)	241,168,287,185
3111 (HLA-DOA)	241,168,287,185
3112 (HLA-DOB)	241,168,287,185
3113 (HLA-DPA1)	241,168,287,185
3115 (HLA-DPB1)	241,168,287,185
3117 (HLA-DQA1)	241,168,287,185
3118 (HLA-DQA2)	241,168,287,185
3119 (HLA-DQB1)	241,168,287,185
3122 (HLA-DRA)	241,168,287,185
3123 (HLA-DRB1)	241,168,287,185
3125 (HLA-DRB3)	241,168,287,185
3126 (HLA-DRB4)	241,168,287,185
3127 (HLA-DRB5)	241,168,287,185
11317 (RBPJL)	1064,731,1110,748
3516 (RBPJ)	1064,731,1110,748
22938 (SNW1)	936,749,982,766
9612 (NCOR2)	958,677,1004,694
2208 (FCER2)	1276,763,1322,780
4609 (MYC)	1276,784,1322,801
1380 (CR2)	1276,742,1322,759
3065 (HDAC1)	1004,660,1050,677
3066 (HDAC2)	1004,660,1050,677
1027 (CDKN1B)	956,1267,1002,1284
6502 (SKP2)	1125,1242,1171,1259
5925 (RB1)	1125,1281,1171,1298
7874 (USP7)	955,874,1001,891
7157 (TP53)	994,920,1040,937
8717 (TRADD)	356,1045,402,1062
8737 (RIPK1)	467,1160,513,1177
7187 (TRAF3)	356,986,402,1003
7188 (TRAF5)	356,986,402,1003
4792 (NFKBIA)	656,1052,702,1069
4793 (NFKBIB)	656,1052,702,1069
4794 (NFKBIE)	656,1052,702,1069
9020 (MAP3K14)	467,986,513,1003
1147 (CHUK)	559,986,605,1003
4790 (NFKB1)	656,1021,702,1038
5970 (RELA)	656,1021,702,1038
7189 (TRAF6)	467,1032,513,1049
10454 (TAB1)	467,1049,513,1066
23118 (TAB2)	467,1049,513,1066
4791 (NFKB2)	656,986,702,1003
5971 (RELB)	656,986,702,1003
2208 (FCER2)	981,1028,1027,1045
377841 (ENTPD8)	1031,1028,1077,1045
953 (ENTPD1)	1031,1028,1077,1045
956 (ENTPD3)	1031,1028,1077,1045
958 (CD40)	981,1051,1027,1068
960 (CD44)	1032,1051,1078,1068
3683 (ITGAL)	981,1073,1027,1090
965 (CD58)	1032,1073,1078,1090
3383 (ICAM1)	981,1096,1027,1113
596 (BCL2)	1032,1128,1078,1145
7128 (TNFAIP3)	981,1128,1027,1145
6885 (MAP3K7)	467,1066,513,1083
5609 (MAP2K7)	559,1112,605,1129
6416 (MAP2K4)	559,1112,605,1129
5606 (MAP2K3)	559,1143,605,1160
5608 (MAP2K6)	559,1143,605,1160
5599 (MAPK8)	656,1112,702,1129
5601 (MAPK9)	656,1112,702,1129
5602 (MAPK10)	656,1112,702,1129
1432 (MAPK14)	656,1143,702,1160
5600 (MAPK11)	656,1143,702,1160
5603 (MAPK13)	656,1143,702,1160
6300 (MAPK12)	656,1143,702,1160
3725 (JUN)	833,1128,879,1145
3718 (JAK3)	467,1207,513,1224
5290 (PIK3CA)	468,937,514,954
5291 (PIK3CB)	468,937,514,954
5293 (PIK3CD)	468,937,514,954
5295 (PIK3R1)	468,937,514,954
5296 (PIK3R2)	468,937,514,954
8503 (PIK3R3)	468,937,514,954
10000 (AKT3)	656,937,702,954
207 (AKT1)	656,937,702,954
208 (AKT2)	656,937,702,954
4067 (LYN)	356,1300,402,1317
6850 (SYK)	356,1338,402,1355
102723407 (IGH)	241,1414,287,1431
5336 (PLCG2)	559,1416,605,1433
4734 (NEDD4)	422,1258,468,1275
23586 (DDX58)	399,332,445,349
29110 (TBK1)	644,324,690,341
4792 (NFKBIA)	728,256,774,273
4793 (NFKBIB)	728,256,774,273
4794 (NFKBIE)	728,256,774,273
4790 (NFKB1)	728,226,774,243
5970 (RELA)	728,226,774,243
3661 (IRF3)	728,350,774,367
5610 (EIF2AK2)	386,383,432,400
7431 (VIM)	1032,1096,1078,1113
10213 (PSMD14)	675,730,721,747
11047 (ADRM1)	675,730,721,747
5700 (PSMC1)	675,730,721,747
5701 (PSMC2)	675,730,721,747
5702 (PSMC3)	675,730,721,747
5704 (PSMC4)	675,730,721,747
5705 (PSMC5)	675,730,721,747
5706 (PSMC6)	675,730,721,747
5707 (PSMD1)	675,730,721,747
5708 (PSMD2)	675,730,721,747
5709 (PSMD3)	675,730,721,747
5710 (PSMD4)	675,730,721,747
5713 (PSMD7)	675,730,721,747
5714 (PSMD8)	675,730,721,747
5717 (PSMD11)	675,730,721,747
5718 (PSMD12)	675,730,721,747
5719 (PSMD13)	675,730,721,747
7979 (SEM1)	675,730,721,747
9861 (PSMD6)	675,730,721,747
3105 (HLA-A)	520,803,566,820
3106 (HLA-B)	520,803,566,820
3107 (HLA-C)	520,803,566,820
3133 (HLA-E)	520,803,566,820
3134 (HLA-F)	520,803,566,820
3135 (HLA-G)	520,803,566,820
3105 (HLA-A)	241,803,287,820
3106 (HLA-B)	241,803,287,820
3107 (HLA-C)	241,803,287,820
3133 (HLA-E)	241,803,287,820
3134 (HLA-F)	241,803,287,820
3135 (HLA-G)	241,803,287,820
6890 (TAP1)	520,718,566,735
6891 (TAP2)	520,718,566,735
6892 (TAPBP)	520,735,566,752
2923 (PDIA3)	486,757,532,774
811 (CALR)	486,774,532,791
567 (B2M)	486,829,532,846
25942 (SIN3A)	958,660,1004,677
8819 (SAP30)	1004,677,1050,694
9541 (CIR1)	1004,694,1050,711
3280 (HES1)	1327,742,1373,759
864 (RUNX3)	1327,763,1373,780
4193 (MDM2)	954,964,1000,981
1026 (CDKN1A)	1150,900,1196,917
10912 (GADD45G)	1202,900,1248,917
1647 (GADD45A)	1202,900,1248,917
4616 (GADD45B)	1202,900,1248,917
581 (BAX)	1150,922,1196,939
578 (BAK1)	1202,922,1248,939
1643 (DDB2)	1150,944,1196,961
51426 (POLK)	1202,944,1248,961
1026 (CDKN1A)	956,1289,1002,1306
1017 (CDK2)	1038,1311,1084,1328
890 (CCNA2)	1038,1294,1084,1311
8900 (CCNA1)	1038,1294,1084,1311
898 (CCNE1)	1038,1294,1084,1311
9134 (CCNE2)	1038,1294,1084,1311
1869 (E2F1)	1125,1321,1171,1338
1870 (E2F2)	1125,1321,1171,1338
1871 (E2F3)	1125,1321,1171,1338
1019 (CDK4)	1038,1251,1084,1268
1021 (CDK6)	1038,1251,1084,1268
595 (CCND1)	1038,1234,1084,1251
894 (CCND2)	1038,1234,1084,1251
896 (CCND3)	1038,1234,1084,1251
6502 (SKP2)	888,1290,934,1307
7186 (TRAF2)	467,1143,513,1160
6772 (STAT1)	559,1199,605,1216
6774 (STAT3)	559,1216,605,1233
4067 (LYN)	356,1393,402,1410
6850 (SYK)	356,1439,402,1456
5290 (PIK3CA)	467,1316,513,1333
5291 (PIK3CB)	467,1316,513,1333
5293 (PIK3CD)	467,1316,513,1333
5295 (PIK3R1)	467,1316,513,1333
5296 (PIK3R2)	467,1316,513,1333
8503 (PIK3R3)	467,1316,513,1333
10000 (AKT3)	656,1296,702,1313
207 (AKT1)	656,1296,702,1313
208 (AKT2)	656,1296,702,1313
5879 (RAC1)	559,1335,605,1352
695 (BTK)	467,1407,513,1424
29760 (BLNK)	467,1424,513,1441
57506 (MAVS)	477,332,523,349
9641 (IKBKE)	644,341,690,358
3665 (IRF7)	728,316,774,333
3456 (IFNB1)	1004,333,1050,350
3439 (IFNA1)	151,594,197,611
3440 (IFNA2)	151,594,197,611
3441 (IFNA4)	151,594,197,611
3442 (IFNA5)	151,594,197,611
3443 (IFNA6)	151,594,197,611
3444 (IFNA7)	151,594,197,611
3445 (IFNA8)	151,594,197,611
3446 (IFNA10)	151,594,197,611
3447 (IFNA13)	151,594,197,611
3448 (IFNA14)	151,594,197,611
3449 (IFNA16)	151,594,197,611
3451 (IFNA17)	151,594,197,611
3452 (IFNA21)	151,594,197,611
3456 (IFNB1)	151,594,197,611
3454 (IFNAR1)	241,594,287,611
3455 (IFNAR2)	241,594,287,611
3716 (JAK1)	399,584,445,601
7297 (TYK2)	399,606,445,623
6772 (STAT1)	644,588,690,605
6773 (STAT2)	644,605,690,622
10379 (IRF9)	690,596,736,613
3439 (IFNA1)	954,333,1000,350
3440 (IFNA2)	954,333,1000,350
3441 (IFNA4)	954,333,1000,350
3442 (IFNA5)	954,333,1000,350
3443 (IFNA6)	954,333,1000,350
3444 (IFNA7)	954,333,1000,350
3445 (IFNA8)	954,333,1000,350
3446 (IFNA10)	954,333,1000,350
3447 (IFNA13)	954,333,1000,350
3448 (IFNA14)	954,333,1000,350
3449 (IFNA16)	954,333,1000,350
3451 (IFNA17)	954,333,1000,350
3452 (IFNA21)	954,333,1000,350
7124 (TNF)	954,225,1000,242
3569 (IL6)	1004,225,1050,242
7189 (TRAF6)	565,238,611,255
6885 (MAP3K7)	565,271,611,288
7187 (TRAF3)	565,332,611,349
7097 (TLR2)	241,229,287,246
5610 (EIF2AK2)	954,586,1000,603
4938 (OAS1)	1004,586,1050,603
4939 (OAS2)	1004,586,1050,603
4940 (OAS3)	1004,586,1050,603
3665 (IRF7)	954,609,1000,626
3627 (CXCL10)	1004,609,1050,626
9636 (ISG15)	1055,609,1101,626
4615 (MYD88)	399,229,445,246
3654 (IRAK1)	477,229,523,246
51135 (IRAK4)	477,229,523,246
1147 (CHUK)	644,256,690,273
3551 (IKBKB)	644,256,690,273
8517 (IKBKG)	644,256,690,273
8772 (FADD)	410,421,456,438
836 (CASP3)	753,422,799,439
841 (CASP8)	489,422,535,439
10018 (BCL2L11)	385,515,431,532
355 (FAS)	241,420,287,437
596 (BCL2)	452,515,498,532
578 (BAK1)	521,515,567,532
581 (BAX)	521,515,567,532
54205 (CYCS)	649,515,695,532
317 (APAF1)	721,515,767,532
842 (CASP9)	736,469,782,486
637 (BID)	504,471,550,488
915 (CD3D)	158,803,204,820
916 (CD3E)	158,803,204,820
917 (CD3G)	158,803,204,820
919 (CD247)	158,803,204,820
10454 (TAB1)	565,255,611,272
23118 (TAB2)	565,255,611,272
930 (CD19)	241,142,287,159
1147 (CHUK)	559,1052,605,1069
3551 (IKBKB)	559,1052,605,1069
8517 (IKBKG)	559,1052,605,1069
hsa05169: Epstein-Barr virus infection	40,45,302,70
hsa04662: B cell receptor signaling pathway	120,1407,231,1441
hsa04020: Calcium signaling pathway	635,1375,761,1409
hsa04115: p53 signaling pathway	1025,875,1145,900
hsa04622: RIG-I-like receptor signaling pathway	399,289,518,323
hsa04010: MAPK signaling pathway	635,1165,761,1199
hsa04612: Antigen processing and presentation	406,868,520,902
hsa03050: Proteasome	680,757,789,782
hsa04110: Cell cycle	1206,1291,1316,1316
hsa04064: NF-kappa B signaling pathway	635,1074,761,1108
hsa04620: Toll-like receptor signaling pathway	399,188,518,222
hsa04210: Apoptosis	580,454,689,479
hsa04630: JAK-STAT signaling pathway	634,1205,760,1239
