C04637 (1-Phosphatidyl-D-myo-inositol 4,5-bisphosphate)	588,505,4
C00338 (Lipopolysaccharide)	125,240,4
C00533 (Nitric oxide)	597,1312,4
C00062 (L-Arginine)	456,1312,4
5879 (RAC1)	644,444,690,461
998 (CDC42)	644,470,690,487
4790 (NFKB1)	898,482,944,499
5970 (RELA)	898,482,944,499
5599 (MAPK8)	765,496,811,513
5601 (MAPK9)	765,496,811,513
5602 (MAPK10)	765,496,811,513
7082 (TJP1)	717,150,763,167
10163 (WASF2)	792,595,838,612
8936 (WASF1)	792,595,838,612
10092 (ARPC5)	817,642,863,659
10093 (ARPC4)	817,642,863,659
10094 (ARPC3)	817,642,863,659
10095 (ARPC1B)	817,642,863,659
10109 (ARPC2)	817,642,863,659
10552 (ARPC1A)	817,642,863,659
81873 (ARPC5L)	817,642,863,659
8976 (WASL)	842,595,888,612
2353 (FOS)	898,460,944,477
3725 (JUN)	898,460,944,477
3576 (CXCL8)	1034,427,1077,444
391 (RHOG)	644,496,690,513
60 (ACTB)	817,687,863,704
71 (ACTG1)	817,687,863,704
7099 (TLR4)	221,186,267,203
3929 (LBP)	148,218,194,235
929 (CD14)	221,231,267,248
7100 (TLR5)	1065,186,1111,203
4615 (MYD88)	898,186,944,203
2316 (FLNA)	622,1158,668,1175
2317 (FLNB)	622,1158,668,1175
2318 (FLNC)	622,1158,668,1175
345456 (PFN3)	622,1136,668,1153
375189 (PFN4)	622,1136,668,1153
5216 (PFN1)	622,1136,668,1153
5217 (PFN2)	622,1136,668,1153
60 (ACTB)	714,1147,760,1164
71 (ACTG1)	714,1147,760,1164
1778 (DYNC1H1)	825,1057,871,1074
1780 (DYNC1I1)	825,1057,871,1074
1781 (DYNC1I2)	825,1057,871,1074
1783 (DYNC1LI2)	825,1057,871,1074
51143 (DYNC1LI1)	825,1057,871,1074
79659 (DYNC2H1)	825,1057,871,1074
23207 (PLEKHM2)	587,957,633,974
338382 (RAB7B)	588,1004,634,1021
7879 (RAB7A)	588,1004,634,1021
83547 (RILP)	681,1004,727,1021
147700 (KLC3)	681,957,727,974
3831 (KLC1)	681,957,727,974
64837 (KLC2)	681,957,727,974
89953 (KLC4)	681,957,727,974
58484 (NLRC4)	623,310,669,327
29108 (PYCARD)	623,327,669,344
834 (CASP1)	623,344,669,361
3553 (IL1B)	1034,356,1077,373
3606 (IL18)	1034,335,1077,352
5594 (MAPK1)	765,470,811,487
5595 (MAPK3)	765,470,811,487
1432 (MAPK14)	765,444,811,461
5600 (MAPK11)	765,444,811,461
5603 (MAPK13)	765,444,811,461
6300 (MAPK12)	765,444,811,461
5585 (PKN1)	966,651,1012,668
3458 (IFNG)	42,1289,88,1306
3459 (IFNGR1)	221,1281,267,1298
3460 (IFNGR2)	221,1298,267,1315
4843 (NOS2)	499,1289,545,1306
3552 (IL1A)	1034,381,1077,398
3569 (IL6)	1034,402,1077,419
414062 (CCL3L3)	1034,448,1077,465
6348 (CCL3)	1034,448,1077,465
6349 (CCL3L1)	1034,448,1077,465
388372 (CCL4L1)	1034,469,1077,486
6351 (CCL4)	1034,469,1077,486
9560 (CCL4L2)	1034,469,1077,486
2919 (CXCL1)	1034,490,1077,507
2920 (CXCL2)	1034,490,1077,507
2921 (CXCL3)	1034,490,1077,507
1437 (CSF2)	1034,514,1077,531
6093 (ROCK1)	656,868,702,885
9475 (ROCK2)	656,868,702,885
hsa05132: Salmonella infection	40,45,246,70
map03070: Bacterial secretion system	336,1108,474,1142
map03070: Bacterial secretion system	172,424,310,458
hsa04620: Toll-like receptor signaling pathway	928,243,1039,277
hsa04530: Tight junction	690,119,787,144
hsa04010: MAPK signaling pathway	720,404,868,429
hsa04630: JAK-STAT signaling pathway	293,1304,408,1338
hsa04810: Regulation of actin cytoskeleton	702,708,813,742
hsa05100: Bacterial invasion of epithelial cells	331,424,442,458
