C02990 (L-Palmitoylcarnitine)	143,301,4
C00638 (Long-chain fatty acid)	399,774,4
C05280 (cis,cis-3,6-Dodecadienoyl-CoA)	399,824,4
C03561 ((R)-3-Hydroxybutanoyl-CoA)	399,849,4
C01144 ((S)-3-Hydroxybutanoyl-CoA)	898,538,4
C00877 (Crotonoyl-CoA)	898,453,4
C00332 (Acetoacetyl-CoA)	898,622,4
C00136 (Butanoyl-CoA)	898,362,4
C00229 (Acyl-carrier protein)	430,802,4
C05269 (3-Oxohexanoyl-CoA)	772,622,4
C05271 (trans-Hex-2-enoyl-CoA)	772,453,4
C00010 (CoA)	772,693,4
C05268 ((S)-Hydroxyhexanoyl-CoA)	772,538,4
C05270 (Hexanoyl-CoA)	772,362,4
C20683 (Long-chain acyl-[acyl-carrier protein])	536,774,4
C05279 (trans,cis-Lauro-2,6-dienoyl-CoA)	536,824,4
C01144 ((S)-3-Hydroxybutanoyl-CoA)	536,849,4
C00010 (CoA)	646,693,4
C05267 (3-Oxooctanoyl-CoA)	646,622,4
C05266 ((S)-3-Hydroxyoctanoyl-CoA)	646,538,4
C05276 (trans-Oct-2-enoyl-CoA)	646,453,4
C01944 (Octanoyl-CoA)	646,362,4
C01371 (Alkane)	271,914,4
C00340 (Reduced rubredoxin)	292,947,4
C05275 (trans-Dec-2-enoyl-CoA)	520,453,4
C05274 (Decanoyl-CoA)	520,362,4
C05264 ((S)-Hydroxydecanoyl-CoA)	520,538,4
C00010 (CoA)	520,693,4
C05265 (3-Oxodecanoyl-CoA)	520,622,4
C00435 (Oxidized rubredoxin)	378,947,4
C00226 (Primary alcohol)	401,914,4
C05262 ((S)-3-Hydroxydodecanoyl-CoA)	394,538,4
C01832 (Lauroyl-CoA)	394,362,4
C00010 (CoA)	394,693,4
C05263 (3-Oxododecanoyl-CoA)	394,622,4
C03221 (2-trans-Dodecenoyl-CoA)	394,453,4
C00071 (Aldehyde)	506,914,4
C00010 (CoA)	268,693,4
C05260 ((S)-3-Hydroxytetradecanoyl-CoA)	268,538,4
C02593 (Tetradecanoyl-CoA)	268,362,4
C05261 (3-Oxotetradecanoyl-CoA)	268,622,4
C05273 (trans-Tetradec-2-enoyl-CoA)	268,453,4
C00162 (Fatty acid)	610,914,4
C00527 (Glutaryl-CoA)	978,387,4
C00010 (CoA)	143,693,4
C05259 (3-Oxopalmitoyl-CoA)	143,622,4
C05258 ((S)-3-Hydroxyhexadecanoyl-CoA)	143,538,4
C05272 (trans-Hexadec-2-enoyl-CoA)	143,453,4
C00154 (Palmitoyl-CoA)	143,240,4
C00249 (Hexadecanoic acid)	143,178,4
C05102 (alpha-Hydroxy fatty acid)	707,946,4
C03547 (omega-Hydroxy fatty acid)	707,914,4
C00517 (Hexadecanal)	252,177,4
C00823 (1-Hexadecanol)	361,177,4
C00024 (Acetyl-CoA)	898,780,4
C00489 (Glutarate)	978,322,4
C00154 (Palmitoyl-CoA)	143,362,4
36 (ACADSB)	749,414,795,431
36 (ACADSB)	900,389,946,406
35 (ACADS)	850,408,896,425
1962 (EHHADH)	875,569,921,586
3033 (HADH)	875,569,921,586
1892 (ECHS1)	875,486,921,503
1962 (EHHADH)	875,486,921,503
3030 (HADHA)	875,486,921,503
34 (ACADM)	900,408,946,425
10455 (ECI2)	447,816,493,833
1632 (ECI1)	447,816,493,833
1962 (EHHADH)	447,816,493,833
38 (ACAT1)	785,639,831,656
39 (ACAT2)	785,639,831,656
10449 (ACAA2)	785,660,831,677
30 (ACAA1)	785,660,831,677
3032 (HADHB)	785,660,831,677
1962 (EHHADH)	724,571,770,588
3033 (HADH)	724,571,770,588
1892 (ECHS1)	724,487,770,504
1962 (EHHADH)	724,487,770,504
3030 (HADHA)	724,487,770,504
35 (ACADS)	724,376,770,393
34 (ACADM)	724,395,770,412
3030 (HADHA)	774,571,820,588
33 (ACADL)	774,395,820,412
10449 (ACAA2)	660,650,706,667
30 (ACAA1)	660,650,706,667
3032 (HADHB)	660,650,706,667
1962 (EHHADH)	598,572,644,589
3033 (HADH)	598,572,644,589
1892 (ECHS1)	598,488,644,505
1962 (EHHADH)	598,488,644,505
3030 (HADHA)	598,488,644,505
34 (ACADM)	598,408,644,425
3030 (HADHA)	648,572,694,589
33 (ACADL)	648,408,694,425
10449 (ACAA2)	533,650,579,667
30 (ACAA1)	533,650,579,667
3032 (HADHB)	533,650,579,667
1962 (EHHADH)	472,572,518,589
3033 (HADH)	472,572,518,589
1892 (ECHS1)	472,488,518,505
1962 (EHHADH)	472,488,518,505
3030 (HADHA)	472,488,518,505
34 (ACADM)	472,409,518,426
33 (ACADL)	522,409,568,426
3030 (HADHA)	522,572,568,589
10449 (ACAA2)	406,650,452,667
30 (ACAA1)	406,650,452,667
3032 (HADHB)	406,650,452,667
1962 (EHHADH)	346,573,392,590
3033 (HADH)	346,573,392,590
1892 (ECHS1)	346,489,392,506
1962 (EHHADH)	346,489,392,506
3030 (HADHA)	346,489,392,506
34 (ACADM)	346,409,392,426
124 (ADH1A)	432,896,478,913
125 (ADH1B)	432,896,478,913
126 (ADH1C)	432,896,478,913
127 (ADH4)	432,896,478,913
128 (ADH5)	432,896,478,913
130 (ADH6)	432,896,478,913
131 (ADH7)	432,896,478,913
2639 (GCDH)	954,412,1000,429
3030 (HADHA)	396,573,442,590
33 (ACADL)	396,409,442,426
10449 (ACAA2)	281,650,327,667
30 (ACAA1)	281,650,327,667
3032 (HADHB)	281,650,327,667
1892 (ECHS1)	220,489,266,506
1962 (EHHADH)	220,489,266,506
3030 (HADHA)	220,489,266,506
34 (ACADM)	220,395,266,412
1962 (EHHADH)	220,573,266,590
3033 (HADH)	220,573,266,590
3030 (HADHA)	270,573,316,590
33 (ACADL)	270,395,316,412
1579 (CYP4A11)	633,916,679,933
284541 (CYP4A22)	633,916,679,933
10449 (ACAA2)	155,650,201,667
30 (ACAA1)	155,650,201,667
3032 (HADHB)	155,650,201,667
1962 (EHHADH)	95,573,141,590
3033 (HADH)	95,573,141,590
1892 (ECHS1)	95,489,141,506
1962 (EHHADH)	95,489,141,506
3030 (HADHA)	95,489,141,506
34 (ACADM)	95,395,141,412
2180 (ACSL1)	120,201,166,218
2181 (ACSL3)	120,201,166,218
2182 (ACSL4)	120,201,166,218
23205 (ACSBG1)	120,201,166,218
23305 (ACSL6)	120,201,166,218
51703 (ACSL5)	120,201,166,218
81616 (ACSBG2)	120,201,166,218
3030 (HADHA)	145,573,191,590
33 (ACADL)	145,395,191,412
51 (ACOX1)	850,389,896,406
8310 (ACOX3)	850,389,896,406
51 (ACOX1)	774,376,820,393
8310 (ACOX3)	774,376,820,393
51 (ACOX1)	598,389,644,406
8310 (ACOX3)	598,389,644,406
51 (ACOX1)	472,390,518,407
8310 (ACOX3)	472,390,518,407
51 (ACOX1)	346,390,392,407
8310 (ACOX3)	346,390,392,407
51 (ACOX1)	220,376,266,393
8310 (ACOX3)	220,376,266,393
51 (ACOX1)	95,376,141,393
8310 (ACOX3)	95,376,141,393
38 (ACAT1)	900,650,946,667
39 (ACAT2)	900,650,946,667
37 (ACADVL)	120,414,166,431
37 (ACADVL)	245,414,291,431
126129 (CPT1C)	120,259,166,276
1374 (CPT1A)	120,259,166,276
1375 (CPT1B)	120,259,166,276
1376 (CPT2)	120,321,166,338
217 (ALDH2)	534,896,580,913
219 (ALDH1B1)	534,896,580,913
223 (ALDH9A1)	534,896,580,913
224 (ALDH3A2)	534,896,580,913
501 (ALDH7A1)	534,896,580,913
10449 (ACAA2)	850,650,896,667
30 (ACAA1)	850,650,896,667
3032 (HADHB)	850,650,896,667
hsa00072: Synthesis and degradation of ketone bodies	956,649,1099,683
map00252: Alanine and aspartate metabolism	978,764,1101,798
hsa00020: Citrate cycle (TCA cycle)	855,863,936,888
hsa00061: Fatty acid biosynthesis	104,97,182,131
hsa00062: Fatty acid elongation	240,101,358,126
hsa00561: Glycerolipid metabolism	240,129,377,154
hsa00071: Fatty acid degradation	40,45,256,70
hsa00650: Butanoate metabolism	978,802,1101,827
hsa00630: Glyoxylate and dicarboxylate metabolism	978,831,1121,865
