C05981 (Phosphatidylinositol-3,4,5-trisphosphate)	506,505,4
C02465 (Triiodothyronine)	109,109,4
C01829 (Thyroxine)	109,159,4
C02465 (Triiodothyronine)	143,480,4
C02465 (Triiodothyronine)	144,519,4
C00575 (3',5'-Cyclic AMP)	468,101,4
C01245 (D-myo-Inositol 1,4,5-trisphosphate)	400,176,4
C00076 (Calcium cation)	445,175,4
C01829 (Thyroxine)	135,652,4
C07639 (3,3',5'-Triiodo-L-thyronine)	135,729,4
C01829 (Thyroxine)	320,654,4
C02465 (Triiodothyronine)	273,579,4
C07639 (3,3',5'-Triiodo-L-thyronine)	319,727,4
C02465 (Triiodothyronine)	1293,145,4
C02465 (Triiodothyronine)	1294,218,4
C02465 (Triiodothyronine)	109,435,4
C00165 (Diacylglycerol)	399,205,4
C01330 (Sodium cation)	141,297,4
C00080 (H+)	239,309,4
C01330 (Sodium cation)	250,354,4
C00238 (Potassium cation)	138,344,4
3690 (ITGB3)	169,139,215,156
3685 (ITGAV)	169,122,215,139
10000 (AKT3)	543,497,589,514
207 (AKT1)	543,497,589,514
208 (AKT2)	543,497,589,514
5170 (PDPK1)	463,473,509,490
5290 (PIK3CA)	420,497,466,514
5291 (PIK3CB)	420,497,466,514
5293 (PIK3CD)	420,497,466,514
5295 (PIK3R1)	420,497,466,514
5296 (PIK3R2)	420,497,466,514
8503 (PIK3R3)	420,497,466,514
5578 (PRKCA)	494,177,540,194
5579 (PRKCB)	494,177,540,194
5582 (PRKCG)	494,177,540,194
1499 (CTNNB1)	727,369,773,386
2932 (GSK3B)	649,369,695,386
113026 (PLCD3)	311,167,357,184
23236 (PLCB1)	311,167,357,184
51196 (PLCE1)	311,167,357,184
5330 (PLCB2)	311,167,357,184
5331 (PLCB3)	311,167,357,184
5332 (PLCB4)	311,167,357,184
5333 (PLCD1)	311,167,357,184
5335 (PLCG1)	311,167,357,184
5336 (PLCG2)	311,167,357,184
84812 (PLCD4)	311,167,357,184
89869 (PLCZ1)	311,167,357,184
3265 (HRAS)	438,129,484,146
3845 (KRAS)	438,129,484,146
4893 (NRAS)	438,129,484,146
5894 (RAF1)	521,129,567,146
5604 (MAP2K1)	604,129,650,146
5605 (MAP2K2)	604,129,650,146
6772 (STAT1)	880,86,926,103
7067 (THRA)	312,510,358,527
7068 (THRB)	310,471,356,488
2475 (MTOR)	810,435,856,452
7068 (THRB)	880,220,926,237
2626 (GATA4)	1147,341,1193,358
1827 (RCAN1)	1147,365,1193,382
3091 (HIF1A)	1147,389,1193,406
4624 (MYH6)	1147,450,1193,467
4625 (MYH7)	1147,450,1193,467
487 (ATP2A1)	1147,473,1193,490
488 (ATP2A2)	1147,473,1193,490
489 (ATP2A3)	1147,473,1193,490
5350 (PLN)	1147,496,1193,513
5566 (PRKACA)	519,94,565,111
5567 (PRKACB)	519,94,565,111
5568 (PRKACG)	519,94,565,111
5594 (MAPK1)	687,129,733,146
5595 (MAPK3)	687,129,733,146
7157 (TP53)	880,124,926,141
2099 (ESR1)	880,165,926,182
10231 (RCAN2)	1147,655,1193,672
3091 (HIF1A)	1147,679,1193,696
6513 (SLC2A1)	1147,713,1193,730
9882 (TBC1D4)	649,496,695,513
5208 (PFKFB2)	649,521,695,538
6548 (SLC9A1)	169,295,215,312
23439 (ATP1B4)	169,342,215,359
476 (ATP1A1)	169,342,215,359
477 (ATP1A2)	169,342,215,359
478 (ATP1A3)	169,342,215,359
480 (ATP1A4)	169,342,215,359
481 (ATP1B1)	169,342,215,359
482 (ATP1B2)	169,342,215,359
483 (ATP1B3)	169,342,215,359
486 (FXYD2)	169,342,215,359
7067 (THRA)	298,675,344,692
60 (ACTB)	374,675,420,692
71 (ACTG1)	374,675,420,692
1733 (DIO1)	218,617,264,634
1734 (DIO2)	218,617,264,634
1735 (DIO3)	218,680,264,697
1735 (DIO3)	305,586,351,603
1734 (DIO2)	350,734,396,751
117247 (SLC16A10)	169,472,215,489
6567 (SLC16A2)	169,472,215,489
117247 (SLC16A10)	169,511,215,528
6567 (SLC16A2)	169,511,215,528
53919 (SLCO1C1)	169,645,215,662
53919 (SLCO1C1)	169,723,215,740
7067 (THRA)	1272,93,1318,110
7068 (THRB)	1272,93,1318,110
6256 (RXRA)	1272,110,1318,127
6257 (RXRB)	1272,110,1318,127
6258 (RXRG)	1272,110,1318,127
7067 (THRA)	1271,165,1317,182
7068 (THRB)	1271,165,1317,182
6256 (RXRA)	1271,182,1317,199
6257 (RXRB)	1271,182,1317,199
6258 (RXRG)	1271,182,1317,199
7067 (THRA)	1272,238,1318,255
7068 (THRB)	1272,238,1318,255
6256 (RXRA)	1272,255,1318,272
6257 (RXRB)	1272,255,1318,272
6258 (RXRG)	1272,255,1318,272
9611 (NCOR1)	1205,84,1251,101
25942 (SIN3A)	1205,101,1251,118
3065 (HDAC1)	1205,118,1251,135
3066 (HDAC2)	1205,118,1251,135
8841 (HDAC3)	1205,118,1251,135
2648 (KAT2A)	1205,156,1251,173
8850 (KAT2B)	1205,156,1251,173
10499 (NCOA2)	1205,173,1251,190
8202 (NCOA3)	1205,173,1251,190
8648 (NCOA1)	1205,173,1251,190
1387 (CREBBP)	1205,190,1251,207
2033 (EP300)	1205,190,1251,207
10025 (MED16)	1205,230,1251,247
116931 (MED12L)	1205,230,1251,247
23389 (MED13L)	1205,230,1251,247
29079 (MED4)	1205,230,1251,247
90390 (MED30)	1205,230,1251,247
9282 (MED14)	1205,230,1251,247
9440 (MED17)	1205,230,1251,247
9442 (MED27)	1205,230,1251,247
9862 (MED24)	1205,230,1251,247
9968 (MED12)	1205,230,1251,247
9969 (MED13)	1205,230,1251,247
5469 (MED1)	1205,247,1251,264
10025 (MED16)	1205,264,1251,281
116931 (MED12L)	1205,264,1251,281
23389 (MED13L)	1205,264,1251,281
29079 (MED4)	1205,264,1251,281
90390 (MED30)	1205,264,1251,281
9282 (MED14)	1205,264,1251,281
9440 (MED17)	1205,264,1251,281
9442 (MED27)	1205,264,1251,281
9862 (MED24)	1205,264,1251,281
9968 (MED12)	1205,264,1251,281
9969 (MED13)	1205,264,1251,281
4193 (MDM2)	649,399,695,416
7157 (TP53)	727,399,773,416
7249 (TSC2)	649,435,695,452
6009 (RHEB)	727,435,773,452
572 (BAD)	649,552,695,569
2308 (FOXO1)	649,576,695,593
842 (CASP9)	649,600,695,617
7068 (THRB)	1019,415,1065,432
5214 (PFKP)	1147,737,1193,754
3690 (ITGB3)	169,435,215,452
3685 (ITGAV)	169,418,215,435
6714 (SRC)	309,428,355,445
7067 (THRA)	1021,552,1067,569
54361 (WNT4)	1147,526,1193,543
1499 (CTNNB1)	1147,549,1193,566
4851 (NOTCH1)	1147,586,1193,603
4853 (NOTCH2)	1147,586,1193,603
4854 (NOTCH3)	1147,586,1193,603
4855 (NOTCH4)	1147,586,1193,603
652 (BMP4)	1147,609,1193,626
595 (CCND1)	1147,316,1193,333
4609 (MYC)	1147,413,1193,430
hsa04010: MAPK signaling pathway	623,85,734,119
hsa04510: Focal adhesion	40,45,378,70
hsa04810: Regulation of actin cytoskeleton	350,631,461,665
hsa04151: PI3K-Akt signaling pathway	477,427,588,461
hsa04918: Thyroid hormone synthesis	48,192,159,226
hsa04150: mTOR signaling pathway	709,461,820,495
hsa04066: HIF-1 signaling pathway	821,698,932,732
hsa04115: p53 signaling pathway	1044,117,1155,151
hsa00010: Glycolysis / Gluconeogenesis	1259,687,1370,721
hsa04020: Calcium signaling pathway	244,200,355,234
hsa04066: HIF-1 signaling pathway	1259,389,1370,423
hsa04260: Cardiac muscle contraction	1259,495,1370,529
hsa04310: Wnt signaling pathway	1259,557,1370,591
hsa04330: Notch signaling pathway	1258,617,1369,651
