C03758 (Dopamine)	719,159,4
C00355 (3,4-Dihydroxy-L-phenylalanine)	123,549,4
C03758 (Dopamine)	196,549,4
C03758 (Dopamine)	452,473,4
C00575 (3',5'-Cyclic AMP)	1016,535,4
C01245 (D-myo-Inositol 1,4,5-trisphosphate)	992,447,4
C00165 (Diacylglycerol)	1043,490,4
C00076 (Calcium cation)	1042,456,4
C03758 (Dopamine)	644,588,4
C03758 (Dopamine)	677,779,4
C00076 (Calcium cation)	666,492,4
C00082 (L-Tyrosine)	122,438,4
C03758 (Dopamine)	561,780,4
C05587 (3-Methoxytyramine)	422,769,4
C05582 (Homovanillate)	422,787,4
C05582 (Homovanillate)	506,109,4
C01161 (3,4-Dihydroxyphenylacetate)	619,106,4
C05587 (3-Methoxytyramine)	615,157,4
C00238 (Potassium cation)	801,723,4
C00076 (Calcium cation)	716,686,4
C01330 (Sodium cation)	711,605,4
C00076 (Calcium cation)	709,658,4
1816 (DRD5)	730,526,776,543
6531 (SLC6A3)	693,210,739,227
6570 (SLC18A1)	220,541,266,558
6571 (SLC18A2)	220,541,266,558
2774 (GNAL)	824,526,870,543
2778 (GNAS)	824,526,870,543
111 (ADCY5)	936,526,982,543
5566 (PRKACA)	1058,526,1104,543
5567 (PRKACB)	1058,526,1104,543
5568 (PRKACG)	1058,526,1104,543
2776 (GNAQ)	824,465,870,482
23236 (PLCB1)	902,465,948,482
5330 (PLCB2)	902,465,948,482
5331 (PLCB3)	902,465,948,482
5332 (PLCB4)	902,465,948,482
3708 (ITPR1)	1020,413,1066,430
3709 (ITPR2)	1020,413,1066,430
3710 (ITPR3)	1020,413,1066,430
5578 (PRKCA)	1136,481,1182,498
5579 (PRKCB)	1136,481,1182,498
5582 (PRKCG)	1136,481,1182,498
1644 (DDC)	132,561,178,578
4128 (MAOA)	660,100,706,117
4129 (MAOB)	660,100,706,117
6531 (SLC6A3)	601,772,647,789
773 (CACNA1A)	601,484,647,501
774 (CACNA1B)	601,484,647,501
1813 (DRD2)	730,793,776,810
10681 (GNB5)	840,753,886,770
2770 (GNAI1)	840,753,886,770
2771 (GNAI2)	840,753,886,770
2773 (GNAI3)	840,753,886,770
2775 (GNAO1)	840,753,886,770
2782 (GNB1)	840,753,886,770
2783 (GNB2)	840,753,886,770
2784 (GNB3)	840,753,886,770
2785 (GNG3)	840,753,886,770
2786 (GNG4)	840,753,886,770
2787 (GNG5)	840,753,886,770
2788 (GNG7)	840,753,886,770
2790 (GNG10)	840,753,886,770
2791 (GNG11)	840,753,886,770
2792 (GNGT1)	840,753,886,770
2793 (GNGT2)	840,753,886,770
51764 (GNG13)	840,753,886,770
54331 (GNG2)	840,753,886,770
55970 (GNG12)	840,753,886,770
59345 (GNB4)	840,753,886,770
94235 (GNG8)	840,753,886,770
10000 (AKT3)	922,796,968,813
207 (AKT1)	922,796,968,813
208 (AKT2)	922,796,968,813
2931 (GSK3A)	993,796,1039,813
2932 (GSK3B)	993,796,1039,813
10488 (CREB3)	1135,513,1181,530
1385 (CREB1)	1135,513,1181,530
1386 (ATF2)	1135,513,1181,530
1388 (ATF6B)	1135,513,1181,530
148327 (CREB3L4)	1135,513,1181,530
468 (ATF4)	1135,513,1181,530
64764 (CREB3L2)	1135,513,1181,530
84699 (CREB3L3)	1135,513,1181,530
90993 (CREB3L1)	1135,513,1181,530
9586 (CREB5)	1135,513,1181,530
84152 (PPP1R1B)	1135,580,1181,597
1432 (MAPK14)	1135,544,1181,561
5599 (MAPK8)	1135,544,1181,561
5600 (MAPK11)	1135,544,1181,561
5601 (MAPK9)	1135,544,1181,561
5602 (MAPK10)	1135,544,1181,561
5603 (MAPK13)	1135,544,1181,561
6300 (MAPK12)	1135,544,1181,561
7054 (TH)	133,457,179,474
1812 (DRD1)	730,465,776,482
1814 (DRD3)	730,753,776,770
1815 (DRD4)	730,753,776,770
4128 (MAOA)	481,756,527,773
4129 (MAOB)	481,756,527,773
1312 (COMT)	481,783,527,800
220074 (LRTOMT)	481,783,527,800
2353 (FOS)	1240,544,1286,561
1813 (DRD2)	443,309,489,326
1312 (COMT)	647,161,693,178
220074 (LRTOMT)	647,161,693,178
1312 (COMT)	548,84,594,101
220074 (LRTOMT)	548,84,594,101
4128 (MAOA)	521,144,567,161
4129 (MAOB)	521,144,567,161
5530 (PPP3CA)	1230,449,1276,466
5532 (PPP3CB)	1230,449,1276,466
5533 (PPP3CC)	1230,449,1276,466
815 (CAMK2A)	1230,416,1276,433
816 (CAMK2B)	1230,416,1276,433
817 (CAMK2D)	1230,416,1276,433
818 (CAMK2G)	1230,416,1276,433
409 (ARRB2)	840,787,886,804
28227 (PPP2R3B)	840,804,886,821
55012 (PPP2R3C)	840,804,886,821
5515 (PPP2CA)	840,804,886,821
5516 (PPP2CB)	840,804,886,821
5518 (PPP2R1A)	840,804,886,821
5519 (PPP2R1B)	840,804,886,821
5520 (PPP2R2A)	840,804,886,821
5521 (PPP2R2B)	840,804,886,821
5522 (PPP2R2C)	840,804,886,821
5523 (PPP2R3A)	840,804,886,821
5525 (PPP2R5A)	840,804,886,821
5526 (PPP2R5B)	840,804,886,821
5527 (PPP2R5C)	840,804,886,821
5528 (PPP2R5D)	840,804,886,821
5529 (PPP2R5E)	840,804,886,821
55844 (PPP2R2D)	840,804,886,821
5499 (PPP1CA)	1058,579,1104,596
5500 (PPP1CB)	1058,579,1104,596
5501 (PPP1CC)	1058,579,1104,596
1813 (DRD2)	601,712,647,729
773 (CACNA1A)	730,681,776,698
774 (CACNA1B)	730,681,776,698
3760 (KCNJ3)	730,716,776,733
3762 (KCNJ5)	730,716,776,733
3763 (KCNJ6)	730,716,776,733
3765 (KCNJ9)	730,716,776,733
6323 (SCN1A)	730,598,776,615
163688 (CALML6)	1136,432,1182,449
51806 (CALML5)	1136,432,1182,449
801 (CALM1)	1136,432,1182,449
805 (CALM2)	1136,432,1182,449
808 (CALM3)	1136,432,1182,449
810 (CALML3)	1136,432,1182,449
91860 (CALML4)	1136,432,1182,449
775 (CACNA1C)	730,649,776,666
776 (CACNA1D)	730,649,776,666
3798 (KIF5A)	1096,747,1142,764
3799 (KIF5B)	1096,747,1142,764
3800 (KIF5C)	1096,747,1142,764
9575 (CLOCK)	1096,778,1142,795
406 (ARNTL)	1096,795,1142,812
2890 (GRIA1)	1096,730,1142,747
2891 (GRIA2)	1096,730,1142,747
2892 (GRIA3)	1096,730,1142,747
2893 (GRIA4)	1096,730,1142,747
2903 (GRIN2A)	1096,693,1142,710
2904 (GRIN2B)	1096,693,1142,710
50632 (CALY)	823,429,869,446
hsa04728: Dopaminergic synapse	40,45,252,70
hsa05012: Parkinson disease	149,657,241,691
hsa00350: Tyrosine metabolism	140,493,232,527
hsa04721: Synaptic vesicle cycle	385,541,477,575
hsa04020: Calcium signaling pathway	871,380,979,414
hsa04724: Glutamatergic synapse	1175,692,1267,726
