C00033 (Acetate)	146,958,4
C00031 (D-Glucose)	601,195,4
C00103 (D-Glucose 1-phosphate)	483,143,4
C00631 (2-Phospho-D-glycerate)	483,664,4
C00267 (alpha-D-Glucose)	181,228,4
C00221 (beta-D-Glucose)	181,301,4
C00111 (Glycerone phosphate)	332,448,4
C01172 (beta-D-Glucose 6-phosphate)	332,301,4
C00668 (alpha-D-Glucose 6-phosphate)	483,230,4
C05345 (beta-D-Fructose 6-phosphate)	483,303,4
C00074 (Phosphoenolpyruvate)	483,736,4
C00197 (3-Phospho-D-glycerate)	483,592,4
C00236 (3-Phospho-D-glyceroyl phosphate)	483,520,4
C00186 ((S)-Lactate)	627,868,4
C15972 (Enzyme N6-(lipoyl)lysine)	314,911,4
C00469 (Ethanol)	550,958,4
C00022 (Pyruvate)	483,868,4
C05125 (2-(alpha-Hydroxyethyl)thiamine diphosphate)	378,868,4
C00024 (Acetyl-CoA)	146,868,4
C00084 (Acetaldehyde)	378,958,4
C16255 ([Dihydrolipoyllysine-residue acetyltransferase] S-acetyldihydrolipoyllysine)	265,868,4
C15973 (Enzyme N6-(dihydrolipoyl)lysine)	212,911,4
C05378 (beta-D-Fructose 1,6-bisphosphate)	483,373,4
C06186 (Arbutin)	132,359,4
C06187 (Arbutin 6-phosphate)	239,359,4
C06188 (Salicin 6-phosphate)	239,385,4
C01451 (Salicin)	132,385,4
C00036 (Oxaloacetate)	146,736,4
C01159 (2,3-Bisphospho-D-glycerate)	568,556,4
C00118 (D-Glyceraldehyde 3-phosphate)	483,448,4
C00068 (Thiamin diphosphate)	378,825,4
226 (ALDOA)	460,398,506,415
229 (ALDOB)	460,398,506,415
230 (ALDOC)	460,398,506,415
217 (ALDH2)	261,939,307,956
219 (ALDH1B1)	261,939,307,956
223 (ALDH9A1)	261,939,307,956
224 (ALDH3A2)	261,939,307,956
501 (ALDH7A1)	261,939,307,956
218 (ALDH3A1)	236,960,282,977
220 (ALDH1A3)	236,960,282,977
221 (ALDH3B1)	236,960,282,977
222 (ALDH3B2)	236,960,282,977
10327 (AKR1A1)	464,939,510,956
124 (ADH1A)	416,932,462,949
125 (ADH1B)	416,932,462,949
126 (ADH1C)	416,932,462,949
127 (ADH4)	416,932,462,949
128 (ADH5)	416,932,462,949
130 (ADH6)	416,932,462,949
131 (ADH7)	416,932,462,949
5160 (PDHA1)	408,849,454,866
5161 (PDHA2)	408,849,454,866
5162 (PDHB)	408,849,454,866
5160 (PDHA1)	296,861,342,878
5161 (PDHA2)	296,861,342,878
5162 (PDHB)	296,861,342,878
1737 (DLAT)	187,861,233,878
160287 (LDHAL6A)	535,860,581,877
3939 (LDHA)	535,860,581,877
3945 (LDHB)	535,860,581,877
3948 (LDHC)	535,860,581,877
92483 (LDHAL6B)	535,860,581,877
5313 (PKLR)	460,762,506,779
5315 (PKM)	460,762,506,779
2023 (ENO1)	460,692,506,709
2026 (ENO2)	460,692,506,709
2027 (ENO3)	460,692,506,709
387712 (ENO4)	460,692,506,709
441531 (PGAM4)	435,621,481,638
5223 (PGAM1)	435,621,481,638
5224 (PGAM2)	435,621,481,638
669 (BPGM)	435,621,481,638
2597 (GAPDH)	435,475,481,492
26330 (GAPDHS)	435,475,481,492
7167 (TPI1)	363,440,409,457
5211 (PFKL)	435,327,481,344
5213 (PFKM)	435,327,481,344
5214 (PFKP)	435,327,481,344
2203 (FBP1)	385,327,431,344
8789 (FBP2)	385,327,431,344
2821 (GPI)	460,256,506,273
5236 (PGM1)	460,169,506,186
55276 (PGM2)	460,169,506,186
2821 (GPI)	362,293,408,310
3098 (HK1)	210,282,256,299
3099 (HK2)	210,282,256,299
3101 (HK3)	210,282,256,299
80201 (HKDC1)	210,282,256,299
2645 (GCK)	210,303,256,320
2821 (GPI)	334,255,380,272
130589 (GALM)	158,255,204,272
2645 (GCK)	210,230,256,247
3098 (HK1)	210,209,256,226
3099 (HK2)	210,209,256,226
3101 (HK3)	210,209,256,226
80201 (HKDC1)	210,209,256,226
2538 (G6PC)	307,184,353,201
57818 (G6PC2)	307,184,353,201
92579 (G6PC3)	307,184,353,201
1738 (DLD)	239,904,285,921
5230 (PGK1)	460,548,506,565
5232 (PGK2)	460,548,506,565
5105 (PCK1)	216,717,262,734
5106 (PCK2)	216,717,262,734
669 (BPGM)	508,584,554,601
669 (BPGM)	508,512,554,529
55902 (ACSS2)	73,907,119,924
84532 (ACSS1)	73,907,119,924
83440 (ADPGK)	258,230,304,247
83440 (ADPGK)	258,303,304,320
9562 (MINPP1)	548,621,594,638
hsa00030: Pentose phosphate pathway	625,220,687,457
hsa00500: Starch and sucrose metabolism	429,59,539,93
hsa00620: Pyruvate metabolism	345,746,423,780
hsa00020: Citrate cycle (TCA cycle)	40,723,87,877
hsa00010: Glycolysis / Gluconeogenesis	40,45,283,70
hsa00640: Propanoate metabolism	565,912,692,937
map00710: Carbon fixation in photosynthetic organisms	177,579,330,613
