C05981 (Phosphatidylinositol-3,4,5-trisphosphate)	402,619,4
C00165 (Diacylglycerol)	432,483,4
C00076 (Calcium cation)	589,378,4
C01245 (D-myo-Inositol 1,4,5-trisphosphate)	509,378,4
4792 (NFKBIA)	764,590,810,607
4793 (NFKBIB)	764,590,810,607
4794 (NFKBIE)	764,590,810,607
4790 (NFKB1)	764,560,810,577
5970 (RELA)	764,560,810,577
3551 (IKBKB)	627,590,673,607
8517 (IKBKG)	627,573,673,590
1147 (CHUK)	627,556,673,573
2932 (GSK3B)	543,652,589,668
10892 (MALT1)	530,562,576,579
8915 (BCL10)	530,545,576,562
84433 (CARD11)	530,528,576,545
10000 (AKT3)	449,611,495,628
207 (AKT1)	449,611,495,628
208 (AKT2)	449,611,495,628
5579 (PRKCB)	415,528,461,545
10451 (VAV3)	232,639,278,656
7409 (VAV1)	232,639,278,656
7410 (VAV2)	232,639,278,656
5290 (PIK3CA)	307,610,353,627
5291 (PIK3CB)	307,610,353,627
5293 (PIK3CD)	307,610,353,627
5295 (PIK3R1)	307,610,353,627
5296 (PIK3R2)	307,610,353,627
8503 (PIK3R3)	307,610,353,627
1380 (CR2)	138,628,184,645
930 (CD19)	138,608,184,625
975 (CD81)	138,588,184,605
8519 (IFITM1)	138,568,184,585
3635 (INPP5D)	254,513,300,530
3636 (INPPL1)	254,513,300,530
2213 (FCGR2B)	138,513,184,530
2353 (FOS)	879,466,925,483
3725 (JUN)	879,466,925,483
3265 (HRAS)	542,466,588,483
3845 (KRAS)	542,466,588,483
4893 (NRAS)	542,466,588,483
25780 (RASGRP3)	468,466,514,483
4772 (NFATC1)	764,369,810,386
4773 (NFATC2)	764,369,810,386
4775 (NFATC3)	764,369,810,386
5530 (PPP3CA)	654,370,700,387
5532 (PPP3CB)	654,370,700,387
5533 (PPP3CC)	654,370,700,387
5534 (PPP3R1)	654,370,700,387
5535 (PPP3R2)	654,370,700,387
5879 (RAC1)	568,315,614,332
5880 (RAC2)	568,315,614,332
5881 (RAC3)	568,315,614,332
10451 (VAV3)	446,315,492,332
7409 (VAV1)	446,315,492,332
7410 (VAV2)	446,315,492,332
5336 (PLCG2)	399,370,445,387
29760 (BLNK)	320,316,366,333
695 (BTK)	241,326,287,343
4067 (LYN)	211,272,257,289
974 (CD79B)	138,287,184,304
973 (CD79A)	138,270,184,287
102723407 (IGH)	138,250,184,267
6850 (SYK)	280,207,326,224
5777 (PTPN6)	232,137,278,154
971 (CD72)	139,160,185,177
933 (CD22)	139,137,185,154
102725035	139,114,185,131
10288 (LILRB2)	139,114,185,131
10859 (LILRB1)	139,114,185,131
10990 (LILRB5)	139,114,185,131
11006 (LILRB4)	139,114,185,131
11024 (LILRA1)	139,114,185,131
11025 (LILRB3)	139,114,185,131
11026 (LILRA3)	139,114,185,131
11027 (LILRA2)	139,114,185,131
23547 (LILRA4)	139,114,185,131
353514 (LILRA5)	139,114,185,131
79168 (LILRA6)	139,114,185,131
5604 (MAP2K1)	690,466,736,483
5605 (MAP2K2)	690,466,736,483
5594 (MAPK1)	764,466,810,483
5595 (MAPK3)	764,466,810,483
5894 (RAF1)	616,466,662,483
6654 (SOS1)	360,442,406,459
6655 (SOS2)	360,442,406,459
2885 (GRB2)	340,401,386,418
118788 (PIK3AP1)	283,430,329,447
27071 (DAPP1)	466,268,512,285
hsa04120: Ubiquitin mediated proteolysis	740,656,839,690
hsa04610: Complement and coagulation cascades	10,669,125,703
hsa04810: Regulation of actin cytoskeleton	681,307,782,341
hsa04662: B cell receptor signaling pathway	40,45,351,70
hsa04020: Calcium signaling pathway	585,402,686,436
hsa04010: MAPK signaling pathway	663,496,764,530
hsa04064: NF-kappa B signaling pathway	622,617,723,651
hsa04151: PI3K-Akt signaling pathway	347,651,448,685
