C00533 (Nitric oxide)	979,342,4
3105 (HLA-A)	178,486,224,503
3106 (HLA-B)	178,486,224,503
3107 (HLA-C)	178,486,224,503
3108 (HLA-DMA)	178,486,224,503
3109 (HLA-DMB)	178,486,224,503
3111 (HLA-DOA)	178,486,224,503
3112 (HLA-DOB)	178,486,224,503
3113 (HLA-DPA1)	178,486,224,503
3115 (HLA-DPB1)	178,486,224,503
3117 (HLA-DQA1)	178,486,224,503
3118 (HLA-DQA2)	178,486,224,503
3119 (HLA-DQB1)	178,486,224,503
3122 (HLA-DRA)	178,486,224,503
3123 (HLA-DRB1)	178,486,224,503
3125 (HLA-DRB3)	178,486,224,503
3126 (HLA-DRB4)	178,486,224,503
3127 (HLA-DRB5)	178,486,224,503
3133 (HLA-E)	178,486,224,503
3134 (HLA-F)	178,486,224,503
3135 (HLA-G)	178,486,224,503
3558 (IL2)	630,209,676,226
3108 (HLA-DMA)	374,517,420,534
3109 (HLA-DMB)	374,517,420,534
3111 (HLA-DOA)	374,517,420,534
3112 (HLA-DOB)	374,517,420,534
3113 (HLA-DPA1)	374,517,420,534
3115 (HLA-DPB1)	374,517,420,534
3117 (HLA-DQA1)	374,517,420,534
3118 (HLA-DQA2)	374,517,420,534
3119 (HLA-DQB1)	374,517,420,534
3122 (HLA-DRA)	374,517,420,534
3123 (HLA-DRB1)	374,517,420,534
3125 (HLA-DRB3)	374,517,420,534
3126 (HLA-DRB4)	374,517,420,534
3127 (HLA-DRB5)	374,517,420,534
3108 (HLA-DMA)	374,316,420,333
3109 (HLA-DMB)	374,316,420,333
3111 (HLA-DOA)	374,316,420,333
3112 (HLA-DOB)	374,316,420,333
3113 (HLA-DPA1)	374,316,420,333
3115 (HLA-DPB1)	374,316,420,333
3117 (HLA-DQA1)	374,316,420,333
3118 (HLA-DQA2)	374,316,420,333
3119 (HLA-DQB1)	374,316,420,333
3122 (HLA-DRA)	374,316,420,333
3123 (HLA-DRB1)	374,316,420,333
3125 (HLA-DRB3)	374,316,420,333
3126 (HLA-DRB4)	374,316,420,333
3127 (HLA-DRB5)	374,316,420,333
959 (CD40LG)	709,515,755,532
958 (CD40)	793,515,839,532
3108 (HLA-DMA)	793,540,839,557
3109 (HLA-DMB)	793,540,839,557
3111 (HLA-DOA)	793,540,839,557
3112 (HLA-DOB)	793,540,839,557
3113 (HLA-DPA1)	793,540,839,557
3115 (HLA-DPB1)	793,540,839,557
3117 (HLA-DQA1)	793,540,839,557
3118 (HLA-DQA2)	793,540,839,557
3119 (HLA-DQB1)	793,540,839,557
3122 (HLA-DRA)	793,540,839,557
3123 (HLA-DRB1)	793,540,839,557
3125 (HLA-DRB3)	793,540,839,557
3126 (HLA-DRB4)	793,540,839,557
3127 (HLA-DRB5)	793,540,839,557
102723407 (IGH)	833,489,879,506
355 (FAS)	1000,153,1046,170
356 (FASLG)	923,153,969,170
3105 (HLA-A)	1000,125,1046,142
3106 (HLA-B)	1000,125,1046,142
3107 (HLA-C)	1000,125,1046,142
3133 (HLA-E)	1000,125,1046,142
3134 (HLA-F)	1000,125,1046,142
3135 (HLA-G)	1000,125,1046,142
3002 (GZMB)	960,220,1006,237
5551 (PRF1)	960,195,1006,212
102723407 (IGH)	937,530,983,547
3565 (IL4)	755,439,801,456
3567 (IL5)	755,460,801,477
941 (CD80)	374,338,420,355
942 (CD86)	374,338,420,355
940 (CD28)	454,339,500,356
940 (CD28)	455,540,501,557
3586 (IL10)	755,482,801,499
3105 (HLA-A)	375,131,421,148
3106 (HLA-B)	375,131,421,148
3107 (HLA-C)	375,131,421,148
3133 (HLA-E)	375,131,421,148
3134 (HLA-F)	375,131,421,148
3135 (HLA-G)	375,131,421,148
3458 (IFNG)	755,379,801,396
941 (CD80)	375,153,421,170
942 (CD86)	375,153,421,170
940 (CD28)	455,154,501,171
958 (CD40)	793,323,839,340
959 (CD40LG)	709,323,755,340
7124 (TNF)	956,310,1002,327
3592 (IL12A)	416,192,462,209
3593 (IL12B)	416,192,462,209
941 (CD80)	374,540,420,557
942 (CD86)	374,540,420,557
3105 (HLA-A)	1007,530,1053,547
3106 (HLA-B)	1007,530,1053,547
3107 (HLA-C)	1007,530,1053,547
3108 (HLA-DMA)	1007,530,1053,547
3109 (HLA-DMB)	1007,530,1053,547
3111 (HLA-DOA)	1007,530,1053,547
3112 (HLA-DOB)	1007,530,1053,547
3113 (HLA-DPA1)	1007,530,1053,547
3115 (HLA-DPB1)	1007,530,1053,547
3117 (HLA-DQA1)	1007,530,1053,547
3118 (HLA-DQA2)	1007,530,1053,547
3119 (HLA-DQB1)	1007,530,1053,547
3122 (HLA-DRA)	1007,530,1053,547
3123 (HLA-DRB1)	1007,530,1053,547
3125 (HLA-DRB3)	1007,530,1053,547
3126 (HLA-DRB4)	1007,530,1053,547
3127 (HLA-DRB5)	1007,530,1053,547
3133 (HLA-E)	1007,530,1053,547
3134 (HLA-F)	1007,530,1053,547
3135 (HLA-G)	1007,530,1053,547
hsa04660: T cell receptor signaling pathway	470,230,583,264
hsa04612: Antigen processing and presentation	152,565,264,599
hsa04514: Cell adhesion molecules (CAMs)	377,409,490,443
hsa04662: B cell receptor signaling pathway	722,608,834,642
hsa05330: Allograft rejection	40,45,229,70
hsa04210: Apoptosis	1037,207,1149,232
hsa04610: Complement and coagulation cascades	899,609,1011,643
