C00076 (Calcium cation)	195,255,4
C00076 (Calcium cation)	374,263,4
C00076 (Calcium cation)	651,365,4
C00076 (Calcium cation)	193,476,4
C01330 (Sodium cation)	280,486,4
C01330 (Sodium cation)	688,67,4
C00076 (Calcium cation)	414,364,4
C00080 (H+)	839,394,4
C00080 (H+)	838,279,4
C01330 (Sodium cation)	821,317,4
C00076 (Calcium cation)	757,316,4
C01330 (Sodium cation)	773,394,4
C00238 (Potassium cation)	758,90,4
C01330 (Sodium cation)	748,189,4
C00080 (H+)	815,189,4
C01330 (Sodium cation)	825,92,4
10368 (CACNG3)	212,247,258,264
10369 (CACNG2)	212,247,258,264
27091 (CACNG5)	212,247,258,264
27092 (CACNG4)	212,247,258,264
55799 (CACNA2D3)	212,247,258,264
59283 (CACNG8)	212,247,258,264
59284 (CACNG7)	212,247,258,264
59285 (CACNG6)	212,247,258,264
775 (CACNA1C)	212,247,258,264
776 (CACNA1D)	212,247,258,264
778 (CACNA1F)	212,247,258,264
779 (CACNA1S)	212,247,258,264
781 (CACNA2D1)	212,247,258,264
782 (CACNB1)	212,247,258,264
783 (CACNB2)	212,247,258,264
784 (CACNB3)	212,247,258,264
785 (CACNB4)	212,247,258,264
786 (CACNG1)	212,247,258,264
9254 (CACNA2D2)	212,247,258,264
93589 (CACNA2D4)	212,247,258,264
6262 (RYR2)	310,252,356,269
6543 (SLC8A2)	659,131,705,148
6546 (SLC8A1)	659,131,705,148
6547 (SLC8A3)	659,131,705,148
6543 (SLC8A2)	212,473,258,490
6546 (SLC8A1)	212,473,258,490
6547 (SLC8A3)	212,473,258,490
487 (ATP2A1)	564,302,610,319
488 (ATP2A2)	564,302,610,319
489 (ATP2A3)	564,302,610,319
7134 (TNNC1)	392,392,438,409
7137 (TNNI3)	354,428,400,445
7134 (TNNC1)	630,392,676,409
7139 (TNNT2)	432,428,478,445
70 (ACTC1)	376,491,422,508
7168 (TPM1)	401,474,447,491
7169 (TPM2)	401,474,447,491
7170 (TPM3)	401,474,447,491
7171 (TPM4)	401,474,447,491
4624 (MYH6)	376,545,422,562
4625 (MYH7)	376,545,422,562
4633 (MYL2)	376,545,422,562
4634 (MYL3)	376,545,422,562
4635 (MYL4)	376,545,422,562
7137 (TNNI3)	595,428,641,445
7139 (TNNT2)	673,428,719,445
70 (ACTC1)	625,491,671,508
7168 (TPM1)	650,474,696,491
7169 (TPM2)	650,474,696,491
7170 (TPM3)	650,474,696,491
7171 (TPM4)	650,474,696,491
4624 (MYH6)	625,545,671,562
4625 (MYH7)	625,545,671,562
4633 (MYL2)	625,545,671,562
4634 (MYL3)	625,545,671,562
4635 (MYL4)	625,545,671,562
6543 (SLC8A2)	742,346,788,363
6546 (SLC8A1)	742,346,788,363
6547 (SLC8A3)	742,346,788,363
10479 (SLC9A6)	807,346,853,363
10975 (UQCR11)	856,271,902,288
125965 (COX6B2)	856,271,902,288
1327 (COX4I1)	856,271,902,288
1329 (COX5B)	856,271,902,288
1337 (COX6A1)	856,271,902,288
1339 (COX6A2)	856,271,902,288
1340 (COX6B1)	856,271,902,288
1345 (COX6C)	856,271,902,288
1346 (COX7A1)	856,271,902,288
1347 (COX7A2)	856,271,902,288
1349 (COX7B)	856,271,902,288
1350 (COX7C)	856,271,902,288
1351 (COX8A)	856,271,902,288
1537 (CYC1)	856,271,902,288
170712 (COX7B2)	856,271,902,288
27089 (UQCRQ)	856,271,902,288
29796 (UQCR10)	856,271,902,288
341947 (COX8C)	856,271,902,288
440567 (UQCRHL)	856,271,902,288
4512 (COX1)	856,271,902,288
4513 (COX2)	856,271,902,288
4514 (COX3)	856,271,902,288
4519 (CYTB)	856,271,902,288
7381 (UQCRB)	856,271,902,288
7384 (UQCRC1)	856,271,902,288
7385 (UQCRC2)	856,271,902,288
7386 (UQCRFS1)	856,271,902,288
7388 (UQCRH)	856,271,902,288
84701 (COX4I2)	856,271,902,288
9167 (COX7A2L)	856,271,902,288
9377 (COX5A)	856,271,902,288
23439 (ATP1B4)	729,131,775,148
476 (ATP1A1)	729,131,775,148
477 (ATP1A2)	729,131,775,148
478 (ATP1A3)	729,131,775,148
480 (ATP1A4)	729,131,775,148
481 (ATP1B1)	729,131,775,148
482 (ATP1B2)	729,131,775,148
483 (ATP1B3)	729,131,775,148
486 (FXYD2)	729,131,775,148
6548 (SLC9A1)	797,132,843,149
10345 (TRDN)	310,279,356,296
444 (ASPH)	310,225,356,242
845 (CASQ2)	411,245,457,262
3270 (HRC)	506,285,552,302
3270 (HRC)	381,285,427,302
hsa04260: Cardiac muscle contraction	40,45,296,70
hsa04020: Calcium signaling pathway	424,164,541,198
