G01391	647,508,4
G13074	647,447,4
G13073	647,386,4
G01977	647,325,4
G01945	647,264,4
G02632	511,752,4
G09660	511,691,4
G13040	511,630,4
G13039	511,569,4
G13038	511,508,4
G13037	511,447,4
G13036	511,386,4
G13035	511,325,4
G13034	511,264,4
G00872 (DWA-2)	294,508,4
G13043	294,447,4
G12336	294,386,4
G13042	294,325,4
G13041	294,264,4
C00925 (Heparan sulfate)	511,203,4
C00426 (Dermatan sulfate)	294,203,4
C00634 (Chondroitin 4-sulfate)	385,386,4
C00573 (Keratan sulfate)	647,203,4
G10505 (Hyaluronic acid)	73,203,4
G00526	73,264,4
G00711	73,325,4
G10008	73,386,4
6448 (SGSH)	489,403,535,420
60495 (HPSE2)	513,226,559,243
10855 (HPSE)	463,226,509,243
2799 (GNS)	625,403,671,420
3423 (IDS)	272,282,318,299
3423 (IDS)	489,282,535,299
2588 (GALNS)	625,282,671,299
3425 (IDUA)	272,344,318,361
3425 (IDUA)	489,344,535,361
411 (ARSB)	272,403,318,420
2720 (GLB1)	625,344,671,361
23553 (HYAL4)	272,466,318,483
3373 (HYAL1)	272,466,318,483
6677 (SPAM1)	272,466,318,483
8372 (HYAL3)	272,466,318,483
8692 (HYAL2)	272,466,318,483
138050 (HGSNAT)	489,466,535,483
3073 (HEXA)	692,466,738,483
3074 (HEXB)	692,466,738,483
23553 (HYAL4)	202,466,248,483
3373 (HYAL1)	202,466,248,483
6677 (SPAM1)	202,466,248,483
8372 (HYAL3)	202,466,248,483
8692 (HYAL2)	202,466,248,483
4669 (NAGLU)	489,527,535,544
3073 (HEXA)	625,466,671,483
3074 (HEXB)	625,466,671,483
2990 (GUSB)	489,648,535,665
2799 (GNS)	489,710,535,727
23553 (HYAL4)	841,329,871,329,871,333,841,333
3373 (HYAL1)	841,329,871,329,871,333,841,333
6677 (SPAM1)	841,329,871,329,871,333,841,333
8372 (HYAL3)	841,329,871,329,871,333,841,333
8692 (HYAL2)	841,329,871,329,871,333,841,333
411 (ARSB)	813,286,813,316,817,316,817,286
2990 (GUSB)	920,329,950,329,950,333,920,333
2588 (GALNS)	980,286,980,316,984,316,984,286
23553 (HYAL4)	919,461,949,461,949,465,919,465
3373 (HYAL1)	919,461,949,461,949,465,919,465
6677 (SPAM1)	919,461,949,461,949,465,919,465
8372 (HYAL3)	919,461,949,461,949,465,919,465
8692 (HYAL2)	919,461,949,461,949,465,919,465
2990 (GUSB)	1001,462,1031,462,1031,466,1001,466
3423 (IDS)	806,418,806,448,810,448,810,418
3425 (IDUA)	828,461,858,461,858,465,828,465
4669 (NAGLU)	906,601,936,601,936,605,906,605
2990 (GUSB)	985,601,1015,601,1015,605,985,605
3423 (IDS)	806,558,806,588,810,588,810,558
3425 (IDUA)	828,601,858,601,858,605,828,605
4669 (NAGLU)	1077,601,1107,601,1107,605,1077,605
10855 (HPSE)	1156,601,1186,601,1186,605,1156,605
60495 (HPSE2)	1156,601,1186,601,1186,605,1156,605
6448 (SGSH)	870,558,870,588,874,588,874,558
3073 (HEXA)	912,740,942,740,942,744,912,744
3074 (HEXB)	912,740,942,740,942,744,912,744
2799 (GNS)	876,697,876,727,880,727,880,697
2720 (GLB1)	983,740,1013,740,1013,744,983,744
2588 (GALNS)	800,697,800,727,804,727,804,697
2720 (GLB1)	822,740,852,740,852,744,822,744
2799 (GNS)	1040,697,1040,727,1044,727,1044,697
23553 (HYAL4)	51,226,97,243
3373 (HYAL1)	51,226,97,243
6677 (SPAM1)	51,226,97,243
8372 (HYAL3)	51,226,97,243
8692 (HYAL2)	51,226,97,243
2990 (GUSB)	51,282,97,299
2990 (GUSB)	829,187,859,187,859,191,829,191
2990 (GUSB)	991,187,1021,187,1021,191,991,191
3073 (HEXA)	1075,740,1105,740,1105,744,1075,744
3074 (HEXB)	1075,740,1105,740,1105,744,1075,744
hsa00534: Glycosaminoglycan biosynthesis - heparan sulfate / heparin	465,113,558,147
hsa00533: Glycosaminoglycan biosynthesis - keratan sulfate	601,113,694,147
hsa00532: Glycosaminoglycan biosynthesis - chondroitin sulfate / dermatan sulfate	336,113,448,147
hsa00531: Glycosaminoglycan degradation	40,45,327,70
