C00076 (Calcium cation)	519,690,4
C01245 (D-myo-Inositol 1,4,5-trisphosphate)	459,700,4
C00575 (3',5'-Cyclic AMP)	459,836,4
C00076 (Calcium cation)	129,171,4
C00076 (Calcium cation)	596,281,4
C01245 (D-myo-Inositol 1,4,5-trisphosphate)	595,249,4
C00020 (AMP)	560,806,4
C00575 (3',5'-Cyclic AMP)	531,171,4
C01673 (Calcitriol)	129,331,4
C00165 (Diacylglycerol)	459,657,4
C00076 (Calcium cation)	1130,618,4
C01330 (Sodium cation)	1131,660,4
C00009 (Orthophosphate)	1164,667,4
C01561 (Calcidiol)	729,720,4
C01673 (Calcitriol)	730,756,4
C18231 (Calcitetrol)	731,795,4
3708 (ITPR1)	496,714,542,731
3709 (ITPR2)	496,714,542,731
3710 (ITPR3)	496,714,542,731
23236 (PLCB1)	359,673,405,690
5330 (PLCB2)	359,673,405,690
5331 (PLCB3)	359,673,405,690
5332 (PLCB4)	359,673,405,690
2767 (GNA11)	275,673,321,690
2776 (GNAQ)	275,673,321,690
107 (ADCY1)	359,828,405,845
108 (ADCY2)	359,828,405,845
109 (ADCY3)	359,828,405,845
111 (ADCY5)	359,828,405,845
112 (ADCY6)	359,828,405,845
113 (ADCY7)	359,828,405,845
114 (ADCY8)	359,828,405,845
115 (ADCY9)	359,828,405,845
196883 (ADCY4)	359,828,405,845
2778 (GNAS)	275,828,321,845
5566 (PRKACA)	517,828,563,845
5567 (PRKACB)	517,828,563,845
5568 (PRKACG)	517,828,563,845
846 (CASR)	184,162,230,179
5741 (PTH)	87,830,133,847
5745 (PTH1R)	182,830,228,847
3708 (ITPR1)	623,273,669,290
3709 (ITPR2)	623,273,669,290
3710 (ITPR3)	623,273,669,290
23236 (PLCB1)	540,206,586,223
5330 (PLCB2)	540,206,586,223
5331 (PLCB3)	540,206,586,223
5332 (PLCB4)	540,206,586,223
2767 (GNA11)	285,206,331,223
2776 (GNAQ)	285,206,331,223
2770 (GNAI1)	283,162,329,179
2771 (GNAI2)	283,162,329,179
2773 (GNAI3)	283,162,329,179
5741 (PTH)	957,285,1003,302
5744 (PTHLH)	87,870,133,887
5141 (PDE4A)	490,782,536,799
5142 (PDE4B)	490,782,536,799
5143 (PDE4C)	490,782,536,799
5144 (PDE4D)	490,782,536,799
2625 (GATA3)	791,251,837,268
8521 (GCM1)	791,200,837,217
9247 (GCM2)	791,200,837,217
107 (ADCY1)	411,162,457,179
108 (ADCY2)	411,162,457,179
109 (ADCY3)	411,162,457,179
111 (ADCY5)	411,162,457,179
112 (ADCY6)	411,162,457,179
113 (ADCY7)	411,162,457,179
114 (ADCY8)	411,162,457,179
115 (ADCY9)	411,162,457,179
196883 (ADCY4)	411,162,457,179
5741 (PTH)	591,425,637,442
7421 (VDR)	595,323,641,340
5741 (PTH)	161,423,207,440
408 (ARRB1)	275,611,321,628
409 (ARRB2)	275,611,321,628
369 (ARAF)	359,611,405,628
5894 (RAF1)	359,611,405,628
673 (BRAF)	359,611,405,628
5604 (MAP2K1)	441,611,487,628
5594 (MAPK1)	525,611,571,628
5595 (MAPK3)	525,611,571,628
5578 (PRKCA)	578,656,624,673
5579 (PRKCB)	578,656,624,673
5582 (PRKCG)	578,656,624,673
2770 (GNAI1)	275,978,321,995
2771 (GNAI2)	275,978,321,995
2773 (GNAI3)	275,978,321,995
10893 (MMP24)	182,1000,228,1017
4323 (MMP14)	182,1000,228,1017
4324 (MMP15)	182,1000,228,1017
4325 (MMP16)	182,1000,228,1017
4326 (MMP17)	182,1000,228,1017
64386 (MMP25)	182,1000,228,1017
1956 (EGFR)	182,1040,228,1057
5594 (MAPK1)	522,1042,568,1059
5595 (MAPK3)	522,1042,568,1059
10672 (GNA13)	275,935,321,952
2768 (GNA12)	275,935,321,952
11214 (AKAP13)	359,935,405,952
9138 (ARHGEF1)	359,935,405,952
9826 (ARHGEF11)	359,935,405,952
387 (RHOA)	441,935,487,952
5337 (PLD1)	525,935,571,952
5338 (PLD2)	525,935,571,952
56302 (TRPV5)	1067,611,1113,628
9368 (SLC9A3R1)	1024,673,1070,690
1594 (CYP27B1)	675,730,721,747
1591 (CYP24A1)	675,768,721,785
8074 (FGF23)	904,877,950,894
8600 (TNFSF11)	904,963,950,980
50964 (SOST)	904,849,950,866
10488 (CREB3)	675,1006,721,1023
1385 (CREB1)	675,1006,721,1023
1386 (ATF2)	675,1006,721,1023
1388 (ATF6B)	675,1006,721,1023
148327 (CREB3L4)	675,1006,721,1023
468 (ATF4)	675,1006,721,1023
64764 (CREB3L2)	675,1006,721,1023
84699 (CREB3L3)	675,1006,721,1023
90993 (CREB3L1)	675,1006,721,1023
9586 (CREB5)	675,1006,721,1023
596 (BCL2)	904,991,950,1008
1026 (CDKN1A)	904,1012,950,1029
2353 (FOS)	904,1043,950,1060
4666 (NACA)	675,913,721,930
4666 (NACA)	762,914,808,931
3727 (JUND)	762,931,808,948
632 (BGLAP)	904,908,950,925
4040 (LRP6)	904,931,950,948
4041 (LRP5)	904,931,950,948
860 (RUNX2)	675,1094,721,1111
4322 (MMP13)	904,1094,950,1111
2353 (FOS)	760,1067,806,1084
10568 (SLC34A2)	1067,656,1113,673
142680 (SLC34A3)	1067,656,1113,673
6569 (SLC34A1)	1067,656,1113,673
4205 (MEF2A)	759,850,805,867
4208 (MEF2C)	759,850,805,867
4209 (MEF2D)	759,850,805,867
4929 (NR4A2)	675,876,721,893
9935 (MAFB)	791,220,837,237
6667 (SP1)	791,279,837,296
8074 (FGF23)	87,351,133,368
2260 (FGFR1)	184,351,230,368
9365 (KL)	184,368,230,385
5594 (MAPK1)	595,350,641,367
5595 (MAPK3)	595,350,641,367
1958 (EGR1)	791,350,837,367
6256 (RXRA)	791,306,837,323
6257 (RXRB)	791,306,837,323
6258 (RXRG)	791,306,837,323
1839 (HBEGF)	87,1040,133,1057
hsa04928: Parathyroid hormone synthesis	40,45,516,70
secretion and action	40,45,516,70
hsa04020: Calcium signaling pathway	299,702,424,736
hsa04024: cAMP signaling pathway	441,857,566,891
hsa04020: Calcium signaling pathway	271,246,396,280
hsa04961: Endocrine and other factor-regulated calcium reabsorption	876,760,1057,794
hsa04310: Wnt signaling pathway	900,820,1032,845
hsa04380: Osteoclast differentiation	1125,982,1225,1016
hsa04012: ErbB signaling pathway	299,1063,424,1097
