7097 (TLR2)	203,914,249,931
4790 (NFKB1)	203,974,249,991
5970 (RELA)	203,974,249,991
64127 (NOD2)	245,946,291,963
7100 (TLR5)	435,252,481,269
7097 (TLR2)	485,252,531,269
4790 (NFKB1)	485,321,531,338
5970 (RELA)	485,321,531,338
7124 (TNF)	550,367,596,384
51561 (IL23A)	523,1072,569,1089
7040 (TGFB1)	523,936,569,953
7042 (TGFB2)	523,936,569,953
7043 (TGFB3)	523,936,569,953
3569 (IL6)	523,959,569,976
3108 (HLA-DMA)	276,1017,322,1034
3109 (HLA-DMB)	276,1017,322,1034
3111 (HLA-DOA)	276,1017,322,1034
3112 (HLA-DOB)	276,1017,322,1034
3113 (HLA-DPA1)	276,1017,322,1034
3115 (HLA-DPB1)	276,1017,322,1034
3117 (HLA-DQA1)	276,1017,322,1034
3118 (HLA-DQA2)	276,1017,322,1034
3119 (HLA-DQB1)	276,1017,322,1034
3122 (HLA-DRA)	276,1017,322,1034
3123 (HLA-DRB1)	276,1017,322,1034
3125 (HLA-DRB3)	276,1017,322,1034
3126 (HLA-DRB4)	276,1017,322,1034
3127 (HLA-DRB5)	276,1017,322,1034
3592 (IL12A)	523,659,569,676
3593 (IL12B)	523,659,569,676
3458 (IFNG)	523,576,569,593
3594 (IL12RB1)	613,671,659,688
6775 (STAT4)	790,659,836,676
3459 (IFNGR1)	613,576,659,593
3460 (IFNGR2)	613,576,659,593
6772 (STAT1)	702,576,748,593
30009 (TBX21)	861,576,907,593
3458 (IFNG)	967,752,1013,769
3565 (IL4)	523,1314,569,1331
3566 (IL4R)	613,1303,659,1320
6778 (STAT6)	702,1315,748,1332
2625 (GATA3)	861,1315,907,1332
3565 (IL4)	1041,1303,1087,1320
4772 (NFATC1)	861,1275,907,1292
4094 (MAF)	861,1250,907,1267
7124 (TNF)	1309,732,1355,749
3569 (IL6)	1309,752,1355,769
3552 (IL1A)	1309,772,1355,789
3553 (IL1B)	1309,772,1355,789
3596 (IL13)	861,1488,907,1505
3586 (IL10)	861,1573,907,1590
7040 (TGFB1)	861,1596,907,1613
7042 (TGFB2)	861,1596,907,1613
7043 (TGFB3)	861,1596,907,1613
3567 (IL5)	1041,1327,1087,1344
3586 (IL10)	1041,1381,1087,1398
64127 (NOD2)	1163,787,1209,804
7097 (TLR2)	1163,728,1209,745
7099 (TLR4)	1163,728,1209,745
7100 (TLR5)	1163,728,1209,745
3596 (IL13)	1041,1352,1087,1369
3558 (IL2)	967,660,1013,677
149233 (IL23R)	613,1061,659,1078
3594 (IL12RB1)	613,1084,659,1101
112744 (IL17F)	1041,1062,1087,1079
3605 (IL17A)	1041,1062,1087,1079
59067 (IL21)	967,949,1013,966
50616 (IL22)	1041,1085,1087,1102
4087 (SMAD2)	790,936,836,953
4088 (SMAD3)	790,936,836,953
6774 (STAT3)	790,960,836,977
6774 (STAT3)	702,1074,748,1091
7040 (TGFB1)	518,1585,564,1602
7042 (TGFB2)	518,1585,564,1602
7043 (TGFB3)	518,1585,564,1602
3606 (IL18)	523,746,569,763
3725 (JUN)	790,728,836,745
4790 (NFKB1)	790,771,836,788
5970 (RELA)	790,771,836,788
3595 (IL12RB2)	613,645,659,662
3565 (IL4)	967,564,1013,581
3567 (IL5)	967,588,1013,605
3561 (IL2RG)	613,1328,659,1345
8807 (IL18RAP)	613,747,659,764
8809 (IL18R1)	613,747,659,764
6097 (RORC)	861,1060,907,1077
3458 (IFNG)	861,1362,907,1379
50615 (IL21R)	613,1012,659,1029
6774 (STAT3)	702,1013,748,1030
6095 (RORA)	861,1087,907,1104
50943 (FOXP3)	861,1015,907,1032
50943 (FOXP3)	725,1585,771,1602
7099 (TLR4)	555,251,601,268
hsa05321: Inflammatory bowel disease (IBD)	50,55,350,80
hsa04620: Toll-like receptor signaling pathway	448,408,559,442
hsa04621: NOD-like receptor signaling pathway	272,523,377,557
hsa04612: Antigen processing and presentation	55,1057,171,1091
hsa04060: Cytokine-cytokine receptor interaction	503,518,607,552
hsa04660: T cell receptor signaling pathway	307,1081,405,1115
hsa04630: JAK-STAT signaling pathway	675,624,777,658
hsa04630: JAK-STAT signaling pathway	693,1096,795,1130
hsa04630: JAK-STAT signaling pathway	686,1264,788,1298
hsa04659: Th17 cell differentiation	505,1018,607,1052
