C05981 (Phosphatidylinositol-3,4,5-trisphosphate)	422,613,4
C00777 (Retinoate)	628,120,4
C15493 (9-cis-Retinoic acid)	628,120,4
898 (CCNE1)	885,368,931,385
9134 (CCNE2)	885,368,931,385
1017 (CDK2)	885,351,931,368
595 (CCND1)	824,312,870,329
3688 (ITGB1)	200,612,246,629
3655 (ITGA6)	200,595,246,612
3673 (ITGA2)	200,595,246,612
3674 (ITGA2B)	200,595,246,612
3675 (ITGA3)	200,595,246,612
3685 (ITGAV)	200,595,246,612
7709 (ZBTB17)	737,429,783,446
1027 (CDKN1B)	823,350,869,367
6256 (RXRA)	821,120,867,137
6257 (RXRB)	821,120,867,137
6258 (RXRG)	821,120,867,137
5915 (RARB)	821,103,867,120
10000 (AKT3)	450,604,496,621
207 (AKT1)	450,604,496,621
208 (AKT2)	450,604,496,621
1163 (CKS1B)	810,434,856,451
1164 (CKS2)	810,434,856,451
842 (CASP9)	530,357,576,374
317 (APAF1)	416,371,462,388
4149 (MAX)	757,528,803,545
4609 (MYC)	757,511,803,528
5728 (PTEN)	370,652,416,669
5290 (PIK3CA)	343,604,389,621
5291 (PIK3CB)	343,604,389,621
5293 (PIK3CD)	343,604,389,621
5295 (PIK3R1)	343,604,389,621
5296 (PIK3R2)	343,604,389,621
8503 (PIK3R3)	343,604,389,621
5747 (PTK2)	272,604,318,621
2272 (FHIT)	261,136,307,153
54205 (CYCS)	415,341,461,358
10319 (LAMC3)	122,604,168,621
1282 (COL4A1)	122,604,168,621
1284 (COL4A2)	122,604,168,621
1285 (COL4A3)	122,604,168,621
1286 (COL4A4)	122,604,168,621
1287 (COL4A5)	122,604,168,621
1288 (COL4A6)	122,604,168,621
22798 (LAMB4)	122,604,168,621
2335 (FN1)	122,604,168,621
284217 (LAMA1)	122,604,168,621
3908 (LAMA2)	122,604,168,621
3909 (LAMA3)	122,604,168,621
3910 (LAMA4)	122,604,168,621
3911 (LAMA5)	122,604,168,621
3912 (LAMB1)	122,604,168,621
3913 (LAMB2)	122,604,168,621
3914 (LAMB3)	122,604,168,621
3915 (LAMC1)	122,604,168,621
3918 (LAMC2)	122,604,168,621
329 (BIRC2)	854,595,900,612
330 (BIRC3)	854,595,900,612
331 (XIAP)	854,595,900,612
79444 (BIRC7)	854,595,900,612
596 (BCL2)	337,282,383,299
595 (CCND1)	854,560,900,577
4843 (NOS2)	854,698,900,715
5743 (PTGS2)	854,676,900,693
1147 (CHUK)	525,604,571,621
3551 (IKBKB)	525,604,571,621
8517 (IKBKG)	525,604,571,621
4792 (NFKBIA)	599,604,645,621
598 (BCL2L1)	854,617,900,634
7185 (TRAF1)	854,639,900,656
7186 (TRAF2)	854,639,900,656
7187 (TRAF3)	854,639,900,656
7188 (TRAF5)	854,639,900,656
7189 (TRAF6)	854,639,900,656
9618 (TRAF4)	854,639,900,656
1869 (E2F1)	963,397,1009,414
1870 (E2F2)	963,397,1009,414
1871 (E2F3)	963,397,1009,414
1019 (CDK4)	824,295,870,312
1021 (CDK6)	824,295,870,312
4790 (NFKB1)	599,637,645,654
5970 (RELA)	599,637,645,654
5925 (RB1)	963,360,1009,377
6502 (SKP2)	815,391,861,408
1030 (CDKN2B)	723,294,769,311
581 (BAX)	350,328,396,345
836 (CASP3)	615,357,661,374
7157 (TP53)	779,200,825,217
1026 (CDKN1A)	909,180,955,197
10912 (GADD45G)	961,180,1007,197
1647 (GADD45A)	961,180,1007,197
4616 (GADD45B)	961,180,1007,197
581 (BAX)	909,202,955,219
578 (BAK1)	961,202,1007,219
1643 (DDB2)	909,224,955,241
51426 (POLK)	961,224,1007,241
hsa04115: p53 signaling pathway	575,159,677,193
hsa04210: Apoptosis	493,304,595,338
hsa04512: ECM-receptor interaction	95,556,197,590
hsa04510: Focal adhesion	257,646,359,680
hsa05222: Small cell lung cancer	40,45,265,70
hsa04210: Apoptosis	1040,608,1142,642
hsa04110: Cell cycle	1029,329,1131,363
hsa04151: PI3K-Akt signaling pathway	446,646,548,680
