7157 (TP53)	1171,295,1217,312
7337 (UBE3A)	1171,278,1217,295
1739 (DLG1)	1171,377,1217,394
23513 (SCRIB)	1171,403,1217,420
5829 (PXN)	1171,433,1217,450
578 (BAK1)	1171,460,1217,477
3661 (IRF3)	1171,489,1217,506
5925 (RB1)	1171,559,1217,576
5933 (RBL1)	1171,588,1217,605
5934 (RBL2)	1171,615,1217,632
387332 (TBPL2)	1171,829,1217,846
6908 (TBP)	1171,829,1217,846
9519 (TBPL1)	1171,829,1217,846
5700 (PSMC1)	1171,519,1217,536
1108 (CHD4)	1171,888,1217,905
3725 (JUN)	1171,858,1217,875
10379 (IRF9)	1171,962,1217,979
7157 (TP53)	1836,260,1882,277
7157 (TP53)	1836,336,1882,353
836 (CASP3)	1836,574,1882,591
841 (CASP8)	1836,574,1882,591
8517 (IKBKG)	1836,547,1882,564
581 (BAX)	1836,688,1882,705
572 (BAD)	1836,711,1882,728
5366 (PMAIP1)	1836,733,1882,750
7157 (TP53)	1836,601,1882,618
5925 (RB1)	1836,631,1882,648
7185 (TRAF1)	1836,892,1882,909
7186 (TRAF2)	1836,892,1882,909
7187 (TRAF3)	1836,892,1882,909
7188 (TRAF5)	1836,892,1882,909
6714 (SRC)	184,212,230,229
1642 (DDB1)	184,343,230,360
5594 (MAPK1)	184,265,230,282
5595 (MAPK3)	184,265,230,282
10488 (CREB3)	184,294,230,311
1385 (CREB1)	184,294,230,311
1386 (ATF2)	184,294,230,311
1388 (ATF6B)	184,294,230,311
148327 (CREB3L4)	184,294,230,311
468 (ATF4)	184,294,230,311
64764 (CREB3L2)	184,294,230,311
84699 (CREB3L3)	184,294,230,311
90993 (CREB3L1)	184,294,230,311
9586 (CREB5)	184,294,230,311
3716 (JAK1)	184,417,230,434
6774 (STAT3)	184,453,230,470
6776 (STAT5A)	184,453,230,470
6777 (STAT5B)	184,453,230,470
5290 (PIK3CA)	184,636,230,653
5291 (PIK3CB)	184,636,230,653
5293 (PIK3CD)	184,636,230,653
5295 (PIK3R1)	184,636,230,653
5296 (PIK3R2)	184,636,230,653
8503 (PIK3R3)	184,636,230,653
4790 (NFKB1)	184,676,230,693
4791 (NFKB2)	184,676,230,693
5966 (REL)	184,676,230,693
5970 (RELA)	184,676,230,693
1959 (EGR2)	184,912,230,929
1960 (EGR3)	184,912,230,929
7157 (TP53)	184,752,230,769
1017 (CDK2)	184,849,230,866
1019 (CDK4)	1509,668,1555,685
1021 (CDK6)	1509,668,1555,685
1029 (CDKN2A)	1509,712,1555,729
1030 (CDKN2B)	1509,712,1555,729
5925 (RB1)	1509,738,1555,755
1739 (DLG1)	1509,763,1555,780
5423 (POLB)	1509,930,1555,947
7157 (TP53)	1509,956,1555,973
8379 (MAD1L1)	1509,850,1555,867
55697 (VAC14)	1509,875,1555,892
5902 (RANBP1)	1509,900,1555,917
2648 (KAT2A)	1509,203,1555,220
8850 (KAT2B)	1509,203,1555,220
10488 (CREB3)	1509,296,1555,313
1385 (CREB1)	1509,296,1555,313
1386 (ATF2)	1509,296,1555,313
1388 (ATF6B)	1509,296,1555,313
148327 (CREB3L4)	1509,296,1555,313
468 (ATF4)	1509,296,1555,313
64764 (CREB3L2)	1509,296,1555,313
84699 (CREB3L3)	1509,296,1555,313
90993 (CREB3L1)	1509,296,1555,313
9586 (CREB5)	1509,296,1555,313
6722 (SRF)	1509,319,1555,336
5290 (PIK3CA)	1509,607,1555,624
5291 (PIK3CB)	1509,607,1555,624
5293 (PIK3CD)	1509,607,1555,624
5295 (PIK3R1)	1509,607,1555,624
5296 (PIK3R2)	1509,607,1555,624
8503 (PIK3R3)	1509,607,1555,624
8517 (IKBKG)	1509,358,1555,375
8717 (TRADD)	845,745,891,762
7185 (TRAF1)	845,773,891,790
7186 (TRAF2)	845,773,891,790
7187 (TRAF3)	845,773,891,790
7188 (TRAF5)	845,773,891,790
4067 (LYN)	845,905,891,922
6850 (SYK)	845,933,891,950
3718 (JAK3)	845,839,891,856
7874 (USP7)	845,212,891,229
11317 (RBPJL)	845,482,891,499
3516 (RBPJ)	845,482,891,499
7157 (TP53)	845,529,891,546
595 (CCND1)	845,569,891,586
894 (CCND2)	845,569,891,586
896 (CCND3)	845,569,891,586
1021 (CDK6)	845,586,891,603
890 (CCNA2)	845,615,891,632
8900 (CCNA1)	845,615,891,632
1017 (CDK2)	845,632,891,649
4193 (MDM2)	845,279,891,296
28973 (MRPS18B)	845,692,891,709
898 (CCNE1)	1171,698,1217,715
9134 (CCNE2)	1171,698,1217,715
1017 (CDK2)	1171,715,1217,732
890 (CCNA2)	1171,741,1217,758
8900 (CCNA1)	1171,741,1217,758
1017 (CDK2)	1171,758,1217,775
23352 (UBR4)	1171,792,1217,809
3661 (IRF3)	1836,216,1882,233
1234 (CCR5)	1836,397,1882,414
1237 (CCR8)	1836,423,1882,440
1232 (CCR3)	1836,449,1882,466
1233 (CCR4)	1836,471,1882,488
3249 (HPN)	184,567,230,584
898 (CCNE1)	184,832,230,849
9134 (CCNE2)	184,832,230,849
836 (CASP3)	184,506,230,523
7419 (VDAC3)	184,940,230,957
3265 (HRAS)	184,239,230,256
3845 (KRAS)	184,239,230,256
4893 (NRAS)	184,239,230,256
10971 (YWHAQ)	184,373,230,390
7529 (YWHAB)	184,373,230,390
7531 (YWHAE)	184,373,230,390
7532 (YWHAG)	184,373,230,390
7533 (YWHAH)	184,373,230,390
7534 (YWHAZ)	184,373,230,390
6502 (SKP2)	845,659,891,676
11317 (RBPJL)	845,328,891,345
3516 (RBPJ)	845,328,891,345
22938 (SNW1)	845,345,891,362
2965 (GTF2H1)	845,370,891,387
2966 (GTF2H2)	845,370,891,387
2967 (GTF2H3)	845,370,891,387
2968 (GTF2H4)	845,370,891,387
728340 (GTF2H2C)	845,370,891,387
730394 (GTF2H2C_2)	845,370,891,387
2960 (GTF2E1)	845,396,891,413
2961 (GTF2E2)	845,396,891,413
27044 (SND1)	845,413,891,430
1387 (CREBBP)	845,435,891,452
2033 (EP300)	845,435,891,452
2959 (GTF2B)	845,458,891,475
7157 (TP53)	845,239,891,256
245972 (ATP6V0D2)	1171,227,1217,244
9114 (ATP6V0D1)	1171,227,1217,244
9093 (DNAJA3)	1171,987,1217,1004
1026 (CDKN1A)	1171,639,1217,656
1027 (CDKN1B)	1171,662,1217,679
1387 (CREBBP)	1171,334,1217,351
2033 (EP300)	1171,334,1217,351
5315 (PKM)	1171,934,1217,951
10013 (HDAC6)	1171,905,1217,922
10014 (HDAC5)	1171,905,1217,922
3065 (HDAC1)	1171,905,1217,922
3066 (HDAC2)	1171,905,1217,922
51564 (HDAC7)	1171,905,1217,922
55869 (HDAC8)	1171,905,1217,922
79885 (HDAC11)	1171,905,1217,922
83933 (HDAC10)	1171,905,1217,922
8841 (HDAC3)	1171,905,1217,922
9734 (HDAC9)	1171,905,1217,922
9759 (HDAC4)	1171,905,1217,922
1387 (CREBBP)	1509,227,1555,244
2033 (EP300)	1509,227,1555,244
4790 (NFKB1)	1509,415,1555,432
4791 (NFKB2)	1509,415,1555,432
5966 (REL)	1509,415,1555,432
5970 (RELA)	1509,415,1555,432
595 (CCND1)	1509,685,1555,702
894 (CCND2)	1509,685,1555,702
896 (CCND3)	1509,685,1555,702
5922 (RASA2)	1509,456,1555,473
998 (CDC42)	1509,481,1555,498
5879 (RAC1)	1509,506,1555,523
387 (RHOA)	1509,531,1555,548
2934 (GSN)	1509,555,1555,572
85477 (SCIN)	1509,555,1555,572
81 (ACTN4)	1509,579,1555,596
87 (ACTN1)	1509,579,1555,596
4792 (NFKBIA)	1509,385,1555,402
387332 (TBPL2)	1509,250,1555,267
6908 (TBP)	1509,250,1555,267
9519 (TBPL1)	1509,250,1555,267
11036 (GTF2A1L)	1509,272,1555,289
2957 (GTF2A1)	1509,272,1555,289
2958 (GTF2A2)	1509,272,1555,289
991 (CDC20)	1509,822,1555,839
1111 (CHEK1)	1509,795,1555,812
1021 (CDK6)	1836,657,1882,674
5290 (PIK3CA)	1836,855,1882,872
5291 (PIK3CB)	1836,855,1882,872
5293 (PIK3CD)	1836,855,1882,872
5295 (PIK3R1)	1836,855,1882,872
5296 (PIK3R2)	1836,855,1882,872
8503 (PIK3R3)	1836,855,1882,872
1387 (CREBBP)	1836,192,1882,209
2033 (EP300)	1836,192,1882,209
3665 (IRF7)	1836,305,1882,322
3572 (IL6ST)	1836,372,1882,389
9261 (MAPKAPK2)	1836,509,1882,526
718 (C3)	1836,762,1882,779
3105 (HLA-A)	1836,795,1882,812
3106 (HLA-B)	1836,795,1882,812
3107 (HLA-C)	1836,795,1882,812
3133 (HLA-E)	1836,795,1882,812
3134 (HLA-F)	1836,795,1882,812
3135 (HLA-G)	1836,795,1882,812
1237 (CCR8)	1836,985,1882,1002
4055 (LTBR)	513,237,559,254
3190 (HNRNPK)	513,379,559,396
1654 (DDX3X)	513,448,559,465
7531 (YWHAE)	513,494,559,511
5610 (EIF2AK2)	513,525,559,542
1026 (CDKN1A)	513,409,559,426
5566 (PRKACA)	513,555,559,572
5567 (PRKACB)	513,555,559,572
5568 (PRKACG)	513,555,559,572
7157 (TP53)	513,650,559,667
581 (BAX)	513,679,559,696
5610 (EIF2AK2)	513,707,559,724
2885 (GRB2)	513,778,559,795
5290 (PIK3CA)	513,736,559,753
5291 (PIK3CB)	513,736,559,753
5293 (PIK3CD)	513,736,559,753
5295 (PIK3R1)	513,736,559,753
5296 (PIK3R2)	513,736,559,753
8503 (PIK3R3)	513,736,559,753
8717 (TRADD)	513,847,559,864
983 (CDK1)	513,906,559,923
387332 (TBPL2)	513,936,559,953
6908 (TBP)	513,936,559,953
9519 (TBPL1)	513,936,559,953
6672 (SP100)	513,319,559,336
4790 (NFKB1)	513,265,559,282
4791 (NFKB2)	513,265,559,282
5966 (REL)	513,265,559,282
5970 (RELA)	513,265,559,282
128312 (HIST3H2BB)	513,601,559,618
158983 (H2BFWT)	513,601,559,618
255626 (HIST1H2BA)	513,601,559,618
286436 (H2BFM)	513,601,559,618
3017 (HIST1H2BD)	513,601,559,618
3018 (HIST1H2BB)	513,601,559,618
440689 (HIST2H2BF)	513,601,559,618
8339 (HIST1H2BG)	513,601,559,618
8340 (HIST1H2BL)	513,601,559,618
8341 (HIST1H2BN)	513,601,559,618
8342 (HIST1H2BM)	513,601,559,618
8343 (HIST1H2BF)	513,601,559,618
8344 (HIST1H2BE)	513,601,559,618
8345 (HIST1H2BH)	513,601,559,618
8346 (HIST1H2BI)	513,601,559,618
8347 (HIST1H2BC)	513,601,559,618
8348 (HIST1H2BO)	513,601,559,618
8349 (HIST2H2BE)	513,601,559,618
85236 (HIST1H2BK)	513,601,559,618
8970 (HIST1H2BJ)	513,601,559,618
121504 (HIST4H4)	513,618,559,635
554313 (HIST2H4B)	513,618,559,635
8294 (HIST1H4I)	513,618,559,635
8359 (HIST1H4A)	513,618,559,635
8360 (HIST1H4D)	513,618,559,635
8361 (HIST1H4F)	513,618,559,635
8362 (HIST1H4K)	513,618,559,635
8363 (HIST1H4J)	513,618,559,635
8364 (HIST1H4C)	513,618,559,635
8365 (HIST1H4H)	513,618,559,635
8366 (HIST1H4B)	513,618,559,635
8367 (HIST1H4E)	513,618,559,635
8368 (HIST1H4L)	513,618,559,635
8369 (HIST1H4G)	513,618,559,635
8370 (HIST2H4A)	513,618,559,635
hsa05203: Viral carcinogenesis	40,45,246,70
hsa04115: p53 signaling pathway	1238,336,1347,370
hsa04110: Cell cycle	1238,744,1347,769
hsa04210: Apoptosis	1902,732,2011,757
hsa04115: p53 signaling pathway	1902,275,2011,309
hsa04110: Cell cycle	1577,748,1686,773
hsa04115: p53 signaling pathway	1578,962,1687,996
hsa05166: Human T-cell leukemia virus 1 infection	1442,128,1551,153
hsa05169: Epstein-Barr virus infection	779,136,943,161
hsa04662: B cell receptor signaling pathway	918,941,1027,975
hsa04630: JAK-STAT signaling pathway	918,852,1027,886
hsa04064: NF-kappa B signaling pathway	918,796,1027,830
hsa04115: p53 signaling pathway	918,284,1027,318
hsa04110: Cell cycle	918,664,1027,689
hsa04062: Chemokine signaling pathway	1902,463,2011,497
hsa04630: JAK-STAT signaling pathway	253,457,362,491
hsa04210: Apoptosis	253,532,362,557
hsa04115: p53 signaling pathway	254,789,363,823
hsa04110: Cell cycle	253,864,362,889
hsa04064: NF-kappa B signaling pathway	1577,412,1686,446
hsa04064: NF-kappa B signaling pathway	253,680,362,714
hsa04151: PI3K-Akt signaling pathway	253,615,362,649
hsa04010: MAPK signaling pathway	253,274,362,308
hsa04064: NF-kappa B signaling pathway	1902,538,2011,572
hsa03022: Basal transcription factors	918,413,1027,447
hsa04151: PI3K-Akt signaling pathway	1577,640,1686,674
hsa04142: Lysosome	1238,247,1347,272
hsa04810: Regulation of actin cytoskeleton	1577,550,1686,584
hsa03022: Basal transcription factors	1577,287,1686,321
hsa04110: Cell cycle	1902,660,2011,685
hsa04151: PI3K-Akt signaling pathway	1902,833,2011,867
hsa04151: PI3K-Akt signaling pathway	581,720,690,754
hsa04115: p53 signaling pathway	581,647,690,681
hsa04064: NF-kappa B signaling pathway	581,271,690,305
hsa03320: PPAR signaling pathway	581,345,690,379
hsa04110: Cell cycle	581,419,690,444
hsa04010: MAPK signaling pathway	581,804,690,838
hsa04210: Apoptosis	581,874,690,899
hsa05160: Hepatitis C	446,110,555,135
hsa05161: Hepatitis B	113,135,222,160
hsa05167: Kaposi sarcoma-associated herpesvirus infection	1764,125,2026,150
hsa05165: Human papillomavirus infection	1099,137,1293,162
