C00076 (Calcium cation)	473,321,4
C00076 (Calcium cation)	635,329,4
C00076 (Calcium cation)	558,453,4
C00076 (Calcium cation)	675,162,4
C01330 (Sodium cation)	689,267,4
6444 (SGCD)	189,205,235,222
10368 (CACNG3)	492,317,538,334
10369 (CACNG2)	492,317,538,334
27091 (CACNG5)	492,317,538,334
27092 (CACNG4)	492,317,538,334
55799 (CACNA2D3)	492,317,538,334
59283 (CACNG8)	492,317,538,334
59284 (CACNG7)	492,317,538,334
59285 (CACNG6)	492,317,538,334
775 (CACNA1C)	492,317,538,334
776 (CACNA1D)	492,317,538,334
778 (CACNA1F)	492,317,538,334
779 (CACNA1S)	492,317,538,334
781 (CACNA2D1)	492,317,538,334
782 (CACNB1)	492,317,538,334
783 (CACNB2)	492,317,538,334
784 (CACNB3)	492,317,538,334
785 (CACNB4)	492,317,538,334
786 (CACNG1)	492,317,538,334
9254 (CACNA2D2)	492,317,538,334
93589 (CACNA2D4)	492,317,538,334
6262 (RYR2)	567,318,613,335
487 (ATP2A1)	669,354,715,371
488 (ATP2A2)	669,354,715,371
489 (ATP2A3)	669,354,715,371
6543 (SLC8A2)	659,204,705,221
6546 (SLC8A1)	659,204,705,221
6547 (SLC8A3)	659,204,705,221
6445 (SGCG)	235,205,281,222
6443 (SGCB)	326,205,372,222
6442 (SGCA)	280,205,326,222
1605 (DAG1)	370,158,416,175
1605 (DAG1)	371,205,417,222
284217 (LAMA1)	371,119,417,136
3908 (LAMA2)	371,119,417,136
2010 (EMD)	218,561,264,578
4000 (LMNA)	273,577,319,594
1756 (DMD)	325,285,371,302
1824 (DSC2)	811,483,857,500
1824 (DSC2)	896,484,942,501
1829 (DSG2)	811,521,857,538
1829 (DSG2)	896,521,942,538
1824 (DSC2)	811,557,857,574
1829 (DSG2)	896,558,942,575
1829 (DSG2)	812,593,858,610
1824 (DSC2)	896,593,942,610
3728 (JUP)	942,511,988,528
5318 (PKP2)	942,533,988,550
3728 (JUP)	942,550,988,567
5318 (PKP2)	942,583,988,600
5318 (PKP2)	765,475,811,492
3728 (JUP)	765,492,811,509
5318 (PKP2)	765,509,811,526
3728 (JUP)	765,534,811,551
5318 (PKP2)	765,551,811,568
3728 (JUP)	765,568,811,585
3728 (JUP)	942,473,988,490
5318 (PKP2)	942,494,988,511
1832 (DSP)	988,503,1034,520
1832 (DSP)	988,541,1034,558
1832 (DSP)	988,591,1034,608
1832 (DSP)	719,501,765,518
1832 (DSP)	719,543,765,560
1832 (DSP)	719,577,765,594
22801 (ITGA11)	78,204,124,221
3655 (ITGA6)	78,204,124,221
3672 (ITGA1)	78,204,124,221
3673 (ITGA2)	78,204,124,221
3674 (ITGA2B)	78,204,124,221
3675 (ITGA3)	78,204,124,221
3676 (ITGA4)	78,204,124,221
3678 (ITGA5)	78,204,124,221
3679 (ITGA7)	78,204,124,221
3680 (ITGA9)	78,204,124,221
3685 (ITGAV)	78,204,124,221
8515 (ITGA10)	78,204,124,221
8516 (ITGA8)	78,204,124,221
3688 (ITGB1)	124,204,170,221
3690 (ITGB3)	124,204,170,221
3691 (ITGB4)	124,204,170,221
3693 (ITGB5)	124,204,170,221
3694 (ITGB6)	124,204,170,221
3695 (ITGB7)	124,204,170,221
3696 (ITGB8)	124,204,170,221
60 (ACTB)	136,314,182,331
71 (ACTG1)	136,314,182,331
1674 (DES)	356,503,402,520
1000 (CDH2)	811,413,857,430
1000 (CDH2)	895,413,941,430
3728 (JUP)	941,413,987,430
1495 (CTNNA1)	987,413,1033,430
1496 (CTNNA2)	987,413,1033,430
29119 (CTNNA3)	987,413,1033,430
88 (ACTN2)	1033,413,1079,430
89 (ACTN3)	1033,413,1079,430
3728 (JUP)	765,413,811,430
1495 (CTNNA1)	719,413,765,430
1496 (CTNNA2)	719,413,765,430
29119 (CTNNA3)	719,413,765,430
1674 (DES)	1060,482,1106,499
51176 (LEF1)	306,625,352,642
6932 (TCF7)	306,625,352,642
6934 (TCF7L2)	306,625,352,642
83439 (TCF7L1)	306,625,352,642
1499 (CTNNB1)	477,579,523,596
60 (ACTB)	1101,401,1147,418
71 (ACTG1)	1101,401,1147,418
2697 (GJA1)	810,704,856,721
2697 (GJA1)	895,704,941,721
2697 (GJA1)	810,744,856,761
2697 (GJA1)	895,744,941,761
hsa05412: Arrhythmogenic right ventricular cardiomyopathy (ARVC)	40,45,549,70
hsa04260: Cardiac muscle contraction	185,492,303,526
hsa04512: ECM-receptor interaction	231,129,349,163
hsa04540: Gap junction	958,681,1076,706
hsa04310: Wnt signaling pathway	186,676,304,710
