5431 (POLR2B)	367,380,413,397
5430 (POLR2A)	367,397,413,414
5432 (POLR2C)	413,380,459,397
5433 (POLR2D)	477,380,523,397
5434 (POLR2E)	634,380,680,397
5435 (POLR2F)	680,380,726,397
5436 (POLR2G)	523,380,569,397
5437 (POLR2H)	726,380,772,397
5438 (POLR2I)	569,380,615,397
5441 (POLR2L)	707,397,753,414
246721 (POLR2J2)	413,397,459,414
5439 (POLR2J)	413,397,459,414
548644 (POLR2J3)	413,397,459,414
5440 (POLR2K)	661,397,707,414
55703 (POLR3B)	367,475,413,492
11128 (POLR3A)	367,492,413,509
10623 (POLR3C)	477,475,523,492
661 (POLR3D)	523,475,569,492
9533 (POLR1C)	413,492,459,509
51728 (POLR3K)	569,475,615,492
51082 (POLR1D)	413,475,459,492
171568 (POLR3H)	477,492,523,509
10622 (POLR3G)	523,492,569,509
84265 (POLR3GL)	523,492,569,509
10621 (POLR3F)	569,492,615,509
84172 (POLR1B)	367,562,413,579
25885 (POLR1A)	367,579,413,596
30834 (ZNRD1)	477,562,523,579
221830 (TWISTNB)	542,579,588,596
64425 (POLR1E)	496,579,542,596
55718 (POLR3E)	615,492,661,509
9533 (POLR1C)	413,579,459,596
51082 (POLR1D)	413,562,459,579
hsa03020: RNA polymerase	40,45,186,72
