79444 (BIRC7)	615,486,661,503
840 (CASP7)	821,475,867,492
317 (APAF1)	662,399,708,416
666 (BOK)	282,490,328,507
54205 (CYCS)	567,164,613,181
842 (CASP9)	723,234,769,251
840 (CASP7)	821,224,867,241
836 (CASP3)	821,247,867,264
329 (BIRC2)	615,234,661,251
330 (BIRC3)	615,234,661,251
331 (XIAP)	615,234,661,251
332 (BIRC5)	615,234,661,251
317 (APAF1)	662,164,708,181
56616 (DIABLO)	512,211,558,228
27429 (HTRA2)	512,234,558,251
5414 (SEPTIN4)	512,257,558,274
581 (BAX)	357,225,403,242
578 (BAK1)	357,247,403,264
596 (BCL2)	282,234,328,251
598 (BCL2L1)	282,234,328,251
54205 (CYCS)	0,0,1,1
54205 (CYCS)	567,828,613,845
332 (BIRC5)	615,900,661,917
57448 (BIRC6)	615,900,661,917
317 (APAF1)	662,828,708,845
578 (BAK1)	357,902,403,919
598 (BCL2L1)	282,902,328,919
441925 (BECN2)	207,902,253,919
8678 (BECN1)	207,902,253,919
842 (CASP9)	723,899,769,916
840 (CASP7)	723,922,769,939
332 (BIRC5)	615,660,661,677
8772 (FADD)	662,121,708,138
841 (CASP8)	723,187,769,204
7132 (TNFRSF1A)	207,121,253,138
5599 (MAPK8)	436,355,482,372
5601 (MAPK9)	436,355,482,372
5602 (MAPK10)	436,355,482,372
8772 (FADD)	662,775,708,792
841 (CASP8)	723,821,769,838
4804 (NGFR)	207,775,253,792
10018 (BCL2L11)	207,234,253,251
27113 (BBC3)	207,234,253,251
5366 (PMAIP1)	207,234,253,251
637 (BID)	207,234,253,251
hsa04215: Apoptosis - multiple species	40,45,303,70
hsa04210: Apoptosis	158,154,291,179
map04214: Apoptosis - fly	162,382,295,407
