4436 (MSH2)	555,354,601,371
27030 (MLH3)	601,337,647,354
4292 (MLH1)	555,337,601,354
4292 (MLH1)	601,224,647,241
3978 (LIG1)	601,766,647,783
5111 (PCNA)	732,252,778,269
10714 (POLD3)	732,634,778,651
5424 (POLD1)	732,634,778,651
5425 (POLD2)	732,634,778,651
57804 (POLD4)	732,634,778,651
29935 (RPA4)	601,634,647,651
6117 (RPA1)	601,634,647,651
6118 (RPA2)	601,634,647,651
6119 (RPA3)	601,634,647,651
2956 (MSH6)	555,241,601,258
9156 (EXO1)	732,490,778,507
4436 (MSH2)	555,297,601,314
4437 (MSH3)	601,297,647,314
5395 (PMS2)	601,280,647,297
5395 (PMS2)	555,224,601,241
5981 (RFC1)	732,224,778,241
5982 (RFC2)	732,224,778,241
5983 (RFC3)	732,224,778,241
5984 (RFC4)	732,224,778,241
5985 (RFC5)	732,224,778,241
4437 (MSH3)	601,354,647,371
4436 (MSH2)	601,241,647,258
4292 (MLH1)	555,280,601,297
6742 (SSBP1)	123,634,169,651
hsa05210: Colorectal cancer	721,341,819,365
hsa03430: Mismatch repair	40,44,191,69
