G10505 (Hyaluronic acid)	763,792,4
G10505 (Hyaluronic acid)	764,159,4
10319 (LAMC3)	691,617,737,634
22798 (LAMB4)	691,617,737,634
284217 (LAMA1)	691,617,737,634
3908 (LAMA2)	691,617,737,634
3909 (LAMA3)	691,617,737,634
3910 (LAMA4)	691,617,737,634
3911 (LAMA5)	691,617,737,634
3912 (LAMB1)	691,617,737,634
3913 (LAMB2)	691,617,737,634
3914 (LAMB3)	691,617,737,634
3915 (LAMC1)	691,617,737,634
3918 (LAMC2)	691,617,737,634
10319 (LAMC3)	734,363,780,380
22798 (LAMB4)	734,363,780,380
284217 (LAMA1)	734,363,780,380
3908 (LAMA2)	734,363,780,380
3909 (LAMA3)	734,363,780,380
3910 (LAMA4)	734,363,780,380
3911 (LAMA5)	734,363,780,380
3912 (LAMB1)	734,363,780,380
3913 (LAMB2)	734,363,780,380
3914 (LAMB3)	734,363,780,380
3915 (LAMC1)	734,363,780,380
3918 (LAMC2)	734,363,780,380
10319 (LAMC3)	734,229,780,246
22798 (LAMB4)	734,229,780,246
284217 (LAMA1)	734,229,780,246
3908 (LAMA2)	734,229,780,246
3909 (LAMA3)	734,229,780,246
3910 (LAMA4)	734,229,780,246
3911 (LAMA5)	734,229,780,246
3912 (LAMB1)	734,229,780,246
3913 (LAMB2)	734,229,780,246
3914 (LAMB3)	734,229,780,246
3915 (LAMC1)	734,229,780,246
3918 (LAMC2)	734,229,780,246
10319 (LAMC3)	461,784,507,801
22798 (LAMB4)	461,784,507,801
284217 (LAMA1)	461,784,507,801
3908 (LAMA2)	461,784,507,801
3909 (LAMA3)	461,784,507,801
3910 (LAMA4)	461,784,507,801
3911 (LAMA5)	461,784,507,801
3912 (LAMB1)	461,784,507,801
3913 (LAMB2)	461,784,507,801
3914 (LAMB3)	461,784,507,801
3915 (LAMC1)	461,784,507,801
3918 (LAMC2)	461,784,507,801
10319 (LAMC3)	461,718,507,735
22798 (LAMB4)	461,718,507,735
284217 (LAMA1)	461,718,507,735
3908 (LAMA2)	461,718,507,735
3909 (LAMA3)	461,718,507,735
3910 (LAMA4)	461,718,507,735
3911 (LAMA5)	461,718,507,735
3912 (LAMB1)	461,718,507,735
3913 (LAMB2)	461,718,507,735
3914 (LAMB3)	461,718,507,735
3915 (LAMC1)	461,718,507,735
3918 (LAMC2)	461,718,507,735
10319 (LAMC3)	271,392,317,409
22798 (LAMB4)	271,392,317,409
284217 (LAMA1)	271,392,317,409
3908 (LAMA2)	271,392,317,409
3909 (LAMA3)	271,392,317,409
3910 (LAMA4)	271,392,317,409
3911 (LAMA5)	271,392,317,409
3912 (LAMB1)	271,392,317,409
3913 (LAMB2)	271,392,317,409
3914 (LAMB3)	271,392,317,409
3915 (LAMC1)	271,392,317,409
3918 (LAMC2)	271,392,317,409
10319 (LAMC3)	78,775,124,792
22798 (LAMB4)	78,775,124,792
284217 (LAMA1)	78,775,124,792
3908 (LAMA2)	78,775,124,792
3909 (LAMA3)	78,775,124,792
3910 (LAMA4)	78,775,124,792
3911 (LAMA5)	78,775,124,792
3912 (LAMB1)	78,775,124,792
3913 (LAMB2)	78,775,124,792
3914 (LAMB3)	78,775,124,792
3915 (LAMC1)	78,775,124,792
3918 (LAMC2)	78,775,124,792
10319 (LAMC3)	78,702,124,719
22798 (LAMB4)	78,702,124,719
284217 (LAMA1)	78,702,124,719
3908 (LAMA2)	78,702,124,719
3909 (LAMA3)	78,702,124,719
3910 (LAMA4)	78,702,124,719
3911 (LAMA5)	78,702,124,719
3912 (LAMB1)	78,702,124,719
3913 (LAMB2)	78,702,124,719
3914 (LAMB3)	78,702,124,719
3915 (LAMC1)	78,702,124,719
3918 (LAMC2)	78,702,124,719
10319 (LAMC3)	78,360,124,377
22798 (LAMB4)	78,360,124,377
284217 (LAMA1)	78,360,124,377
3908 (LAMA2)	78,360,124,377
3909 (LAMA3)	78,360,124,377
3910 (LAMA4)	78,360,124,377
3911 (LAMA5)	78,360,124,377
3912 (LAMB1)	78,360,124,377
3913 (LAMB2)	78,360,124,377
3914 (LAMB3)	78,360,124,377
3915 (LAMC1)	78,360,124,377
3918 (LAMC2)	78,360,124,377
10319 (LAMC3)	78,273,124,290
22798 (LAMB4)	78,273,124,290
284217 (LAMA1)	78,273,124,290
3908 (LAMA2)	78,273,124,290
3909 (LAMA3)	78,273,124,290
3910 (LAMA4)	78,273,124,290
3911 (LAMA5)	78,273,124,290
3912 (LAMB1)	78,273,124,290
3913 (LAMB2)	78,273,124,290
3914 (LAMB3)	78,273,124,290
3915 (LAMC1)	78,273,124,290
3918 (LAMC2)	78,273,124,290
1277 (COL1A1)	734,559,780,576
1278 (COL1A2)	734,559,780,576
1280 (COL2A1)	734,559,780,576
1282 (COL4A1)	734,559,780,576
1284 (COL4A2)	734,559,780,576
1285 (COL4A3)	734,559,780,576
1286 (COL4A4)	734,559,780,576
1287 (COL4A5)	734,559,780,576
1288 (COL4A6)	734,559,780,576
1291 (COL6A1)	734,559,780,576
1292 (COL6A2)	734,559,780,576
1293 (COL6A3)	734,559,780,576
1297 (COL9A1)	734,559,780,576
1298 (COL9A2)	734,559,780,576
1299 (COL9A3)	734,559,780,576
131873 (COL6A6)	734,559,780,576
256076 (COL6A5)	734,559,780,576
1277 (COL1A1)	734,260,780,277
1278 (COL1A2)	734,260,780,277
1280 (COL2A1)	734,260,780,277
1282 (COL4A1)	734,260,780,277
1284 (COL4A2)	734,260,780,277
1285 (COL4A3)	734,260,780,277
1286 (COL4A4)	734,260,780,277
1287 (COL4A5)	734,260,780,277
1288 (COL4A6)	734,260,780,277
1291 (COL6A1)	734,260,780,277
1292 (COL6A2)	734,260,780,277
1293 (COL6A3)	734,260,780,277
1297 (COL9A1)	734,260,780,277
1298 (COL9A2)	734,260,780,277
1299 (COL9A3)	734,260,780,277
131873 (COL6A6)	734,260,780,277
256076 (COL6A5)	734,260,780,277
1277 (COL1A1)	734,179,780,196
1278 (COL1A2)	734,179,780,196
1280 (COL2A1)	734,179,780,196
1282 (COL4A1)	734,179,780,196
1284 (COL4A2)	734,179,780,196
1285 (COL4A3)	734,179,780,196
1286 (COL4A4)	734,179,780,196
1287 (COL4A5)	734,179,780,196
1288 (COL4A6)	734,179,780,196
1291 (COL6A1)	734,179,780,196
1292 (COL6A2)	734,179,780,196
1293 (COL6A3)	734,179,780,196
1297 (COL9A1)	734,179,780,196
1298 (COL9A2)	734,179,780,196
1299 (COL9A3)	734,179,780,196
131873 (COL6A6)	734,179,780,196
256076 (COL6A5)	734,179,780,196
1277 (COL1A1)	461,670,507,687
1278 (COL1A2)	461,670,507,687
1280 (COL2A1)	461,670,507,687
1282 (COL4A1)	461,670,507,687
1284 (COL4A2)	461,670,507,687
1285 (COL4A3)	461,670,507,687
1286 (COL4A4)	461,670,507,687
1287 (COL4A5)	461,670,507,687
1288 (COL4A6)	461,670,507,687
1291 (COL6A1)	461,670,507,687
1292 (COL6A2)	461,670,507,687
1293 (COL6A3)	461,670,507,687
1297 (COL9A1)	461,670,507,687
1298 (COL9A2)	461,670,507,687
1299 (COL9A3)	461,670,507,687
131873 (COL6A6)	461,670,507,687
256076 (COL6A5)	461,670,507,687
1277 (COL1A1)	271,515,317,532
1278 (COL1A2)	271,515,317,532
1280 (COL2A1)	271,515,317,532
1282 (COL4A1)	271,515,317,532
1284 (COL4A2)	271,515,317,532
1285 (COL4A3)	271,515,317,532
1286 (COL4A4)	271,515,317,532
1287 (COL4A5)	271,515,317,532
1288 (COL4A6)	271,515,317,532
1291 (COL6A1)	271,515,317,532
1292 (COL6A2)	271,515,317,532
1293 (COL6A3)	271,515,317,532
1297 (COL9A1)	271,515,317,532
1298 (COL9A2)	271,515,317,532
1299 (COL9A3)	271,515,317,532
131873 (COL6A6)	271,515,317,532
256076 (COL6A5)	271,515,317,532
1277 (COL1A1)	271,449,317,466
1278 (COL1A2)	271,449,317,466
1280 (COL2A1)	271,449,317,466
1282 (COL4A1)	271,449,317,466
1284 (COL4A2)	271,449,317,466
1285 (COL4A3)	271,449,317,466
1286 (COL4A4)	271,449,317,466
1287 (COL4A5)	271,449,317,466
1288 (COL4A6)	271,449,317,466
1291 (COL6A1)	271,449,317,466
1292 (COL6A2)	271,449,317,466
1293 (COL6A3)	271,449,317,466
1297 (COL9A1)	271,449,317,466
1298 (COL9A2)	271,449,317,466
1299 (COL9A3)	271,449,317,466
131873 (COL6A6)	271,449,317,466
256076 (COL6A5)	271,449,317,466
1277 (COL1A1)	78,432,124,449
1278 (COL1A2)	78,432,124,449
1280 (COL2A1)	78,432,124,449
1282 (COL4A1)	78,432,124,449
1284 (COL4A2)	78,432,124,449
1285 (COL4A3)	78,432,124,449
1286 (COL4A4)	78,432,124,449
1287 (COL4A5)	78,432,124,449
1288 (COL4A6)	78,432,124,449
1291 (COL6A1)	78,432,124,449
1292 (COL6A2)	78,432,124,449
1293 (COL6A3)	78,432,124,449
1297 (COL9A1)	78,432,124,449
1298 (COL9A2)	78,432,124,449
1299 (COL9A3)	78,432,124,449
131873 (COL6A6)	78,432,124,449
256076 (COL6A5)	78,432,124,449
1277 (COL1A1)	78,249,124,266
1278 (COL1A2)	78,249,124,266
1280 (COL2A1)	78,249,124,266
1282 (COL4A1)	78,249,124,266
1284 (COL4A2)	78,249,124,266
1285 (COL4A3)	78,249,124,266
1286 (COL4A4)	78,249,124,266
1287 (COL4A5)	78,249,124,266
1288 (COL4A6)	78,249,124,266
1291 (COL6A1)	78,249,124,266
1292 (COL6A2)	78,249,124,266
1293 (COL6A3)	78,249,124,266
1297 (COL9A1)	78,249,124,266
1298 (COL9A2)	78,249,124,266
1299 (COL9A3)	78,249,124,266
131873 (COL6A6)	78,249,124,266
256076 (COL6A5)	78,249,124,266
1605 (DAG1)	818,642,864,659
3371 (TNC)	734,333,780,350
63923 (TNN)	734,333,780,350
7143 (TNR)	734,333,780,350
7148 (TNXB)	734,333,780,350
51206 (GP6)	817,559,863,576
2815 (GP9)	817,527,863,544
2812 (GP1BB)	817,510,863,527
2811 (GP1BA)	817,493,863,510
2814 (GP5)	817,476,863,493
7450 (VWF)	734,502,780,519
3381 (IBSP)	461,524,507,541
7450 (VWF)	461,410,507,427
3371 (TNC)	461,612,507,629
63923 (TNN)	461,612,507,629
7143 (TNR)	461,612,507,629
7148 (TNXB)	461,612,507,629
3371 (TNC)	461,248,507,265
63923 (TNN)	461,248,507,265
7143 (TNR)	461,248,507,265
7148 (TNXB)	461,248,507,265
3371 (TNC)	271,321,317,338
63923 (TNN)	271,321,317,338
7143 (TNR)	271,321,317,338
7148 (TNXB)	271,321,317,338
7448 (VTN)	461,742,507,759
7448 (VTN)	461,500,507,517
7448 (VTN)	461,362,507,379
7448 (VTN)	461,154,507,171
7448 (VTN)	271,629,317,646
6696 (SPP1)	461,548,507,565
6696 (SPP1)	461,224,507,241
6696 (SPP1)	271,605,317,622
6696 (SPP1)	271,345,317,362
2335 (FN1)	734,284,780,301
2335 (FN1)	734,204,780,221
2335 (FN1)	461,694,507,711
2335 (FN1)	461,587,507,604
2335 (FN1)	461,386,507,403
2335 (FN1)	461,177,507,194
2335 (FN1)	271,771,317,788
2335 (FN1)	271,581,317,598
2335 (FN1)	271,154,317,171
2335 (FN1)	78,624,124,641
2335 (FN1)	78,522,124,539
1311 (COMP)	78,407,124,424
7057 (THBS1)	78,407,124,424
7058 (THBS2)	78,407,124,424
7059 (THBS3)	78,407,124,424
7060 (THBS4)	78,407,124,424
1311 (COMP)	461,434,507,451
7057 (THBS1)	461,434,507,451
7058 (THBS2)	461,434,507,451
7059 (THBS3)	461,434,507,451
7060 (THBS4)	461,434,507,451
1311 (COMP)	461,295,507,312
7057 (THBS1)	461,295,507,312
7058 (THBS2)	461,295,507,312
7059 (THBS3)	461,295,507,312
7060 (THBS4)	461,295,507,312
1311 (COMP)	734,732,780,749
7057 (THBS1)	734,732,780,749
7058 (THBS2)	734,732,780,749
7059 (THBS3)	734,732,780,749
7060 (THBS4)	734,732,780,749
1311 (COMP)	734,443,780,460
7057 (THBS1)	734,443,780,460
7058 (THBS2)	734,443,780,460
7059 (THBS3)	734,443,780,460
7060 (THBS4)	734,443,780,460
1311 (COMP)	734,308,780,325
7057 (THBS1)	734,308,780,325
7058 (THBS2)	734,308,780,325
7059 (THBS3)	734,308,780,325
7060 (THBS4)	734,308,780,325
1277 (COL1A1)	271,369,317,386
1278 (COL1A2)	271,369,317,386
1280 (COL2A1)	271,369,317,386
1282 (COL4A1)	271,369,317,386
1284 (COL4A2)	271,369,317,386
1285 (COL4A3)	271,369,317,386
1286 (COL4A4)	271,369,317,386
1287 (COL4A5)	271,369,317,386
1288 (COL4A6)	271,369,317,386
1291 (COL6A1)	271,369,317,386
1292 (COL6A2)	271,369,317,386
1293 (COL6A3)	271,369,317,386
1297 (COL9A1)	271,369,317,386
1298 (COL9A2)	271,369,317,386
1299 (COL9A3)	271,369,317,386
131873 (COL6A6)	271,369,317,386
256076 (COL6A5)	271,369,317,386
3690 (ITGB3)	543,406,589,423
3688 (ITGB1)	353,626,399,643
3688 (ITGB1)	353,524,399,541
3688 (ITGB1)	353,457,399,474
3688 (ITGB1)	353,365,399,382
3688 (ITGB1)	353,204,399,221
3688 (ITGB1)	161,783,207,800
3688 (ITGB1)	161,711,207,728
3688 (ITGB1)	161,632,207,649
3688 (ITGB1)	161,544,207,561
3688 (ITGB1)	161,416,207,433
3688 (ITGB1)	161,282,207,299
3655 (ITGA6)	544,775,590,792
3685 (ITGAV)	544,698,590,715
3685 (ITGAV)	544,604,590,621
3685 (ITGAV)	544,515,590,532
3685 (ITGAV)	543,227,589,244
3676 (ITGA4)	353,762,399,779
3161 (HMMR)	817,784,863,801
961 (CD47)	817,732,863,749
1605 (DAG1)	773,642,819,659
948 (CD36)	817,443,863,460
22987 (SV2C)	817,363,863,380
9899 (SV2B)	817,363,863,380
9900 (SV2A)	817,363,863,380
6382 (SDC1)	817,296,863,313
6385 (SDC4)	817,296,863,313
3339 (HSPG2)	691,667,737,684
3691 (ITGB4)	544,792,590,809
3696 (ITGB8)	544,715,590,732
3694 (ITGB6)	544,621,590,638
3693 (ITGB5)	544,532,590,549
3674 (ITGA2B)	543,389,589,406
3690 (ITGB3)	543,244,589,261
3695 (ITGB7)	353,779,399,796
3685 (ITGAV)	353,609,399,626
22801 (ITGA11)	353,507,399,524
8515 (ITGA10)	353,440,399,457
3680 (ITGA9)	353,348,399,365
8516 (ITGA8)	353,187,399,204
3679 (ITGA7)	161,766,207,783
3655 (ITGA6)	161,694,207,711
3678 (ITGA5)	161,615,207,632
3676 (ITGA4)	161,527,207,544
3675 (ITGA3)	161,399,207,416
3688 (ITGB1)	161,176,207,193
3672 (ITGA1)	161,159,207,176
3371 (TNC)	271,202,317,219
63923 (TNN)	271,202,317,219
7143 (TNR)	271,202,317,219
7148 (TNXB)	271,202,317,219
7450 (VWF)	461,201,507,218
7448 (VTN)	271,178,317,195
255743 (NPNT)	271,226,317,243
2335 (FN1)	78,456,124,473
3381 (IBSP)	461,272,507,289
10319 (LAMC3)	78,181,124,198
22798 (LAMB4)	78,181,124,198
284217 (LAMA1)	78,181,124,198
3908 (LAMA2)	78,181,124,198
3909 (LAMA3)	78,181,124,198
3910 (LAMA4)	78,181,124,198
3911 (LAMA5)	78,181,124,198
3912 (LAMB1)	78,181,124,198
3913 (LAMB2)	78,181,124,198
3914 (LAMB3)	78,181,124,198
3915 (LAMC1)	78,181,124,198
3918 (LAMC2)	78,181,124,198
6696 (SPP1)	78,550,124,567
1101 (CHAD)	78,297,124,314
1277 (COL1A1)	78,155,124,172
1278 (COL1A2)	78,155,124,172
1280 (COL2A1)	78,155,124,172
1282 (COL4A1)	78,155,124,172
1284 (COL4A2)	78,155,124,172
1285 (COL4A3)	78,155,124,172
1286 (COL4A4)	78,155,124,172
1287 (COL4A5)	78,155,124,172
1288 (COL4A6)	78,155,124,172
1291 (COL6A1)	78,155,124,172
1292 (COL6A2)	78,155,124,172
1293 (COL6A3)	78,155,124,172
1297 (COL9A1)	78,155,124,172
1298 (COL9A2)	78,155,124,172
1299 (COL9A3)	78,155,124,172
131873 (COL6A6)	78,155,124,172
256076 (COL6A5)	78,155,124,172
5649 (RELN)	78,383,124,400
960 (CD44)	817,189,863,206
3673 (ITGA2)	161,265,207,282
375790 (AGRN)	691,642,737,659
158326 (FREM1)	271,260,317,277
341640 (FREM2)	271,260,317,277
80144 (FRAS1)	271,243,317,260
1834 (DSPP)	271,654,317,671
1834 (DSPP)	461,636,507,653
1758 (DMP1)	461,318,507,335
hsa04510: Focal adhesion	610,365,714,390
hsa04512: ECM-receptor interaction	40,45,286,70
