C00533 (Nitric oxide)	583,473,4
C00076 (Calcium cation)	398,230,4
C01245 (D-myo-Inositol 1,4,5-trisphosphate)	343,230,4
C00165 (Diacylglycerol)	342,178,4
C05981 (Phosphatidylinositol-3,4,5-trisphosphate)	341,439,4
C01312 (Prostaglandin I2)	905,251,4
998 (CDC42)	278,340,324,357
3791 (KDR)	120,301,166,318
5335 (PLCG1)	247,221,293,238
5336 (PLCG2)	247,221,293,238
56848 (SPHK2)	483,108,529,125
8877 (SPHK1)	483,108,529,125
5743 (PTGS2)	726,222,772,239
100137049 (PLA2G4B)	794,168,840,185
123745 (PLA2G4E)	794,168,840,185
255189 (PLA2G4F)	794,168,840,185
283748 (PLA2G4D)	794,168,840,185
5321 (PLA2G4A)	794,168,840,185
8605 (PLA2G4C)	794,168,840,185
8681 (JMJD7-PLA2G4B)	794,168,840,185
3315 (HSPB1)	605,357,651,374
7867 (MAPKAPK3)	496,357,542,374
9261 (MAPKAPK2)	496,357,542,374
5530 (PPP3CA)	497,222,543,239
5532 (PPP3CB)	497,222,543,239
5533 (PPP3CC)	497,222,543,239
5534 (PPP3R1)	497,222,543,239
5535 (PPP3R2)	497,222,543,239
10000 (AKT3)	350,489,396,506
207 (AKT1)	350,489,396,506
208 (AKT2)	350,489,396,506
5290 (PIK3CA)	247,410,293,427
5291 (PIK3CB)	247,410,293,427
5293 (PIK3CD)	247,410,293,427
5295 (PIK3R1)	247,410,293,427
5296 (PIK3R2)	247,410,293,427
8503 (PIK3R3)	247,410,293,427
4773 (NFATC2)	580,222,626,239
5578 (PRKCA)	433,147,479,164
5579 (PRKCB)	433,147,479,164
5582 (PRKCG)	433,147,479,164
5747 (PTK2)	495,290,541,307
1432 (MAPK14)	375,357,421,374
5600 (MAPK11)	375,357,421,374
5603 (MAPK13)	375,357,421,374
6300 (MAPK12)	375,357,421,374
5829 (PXN)	495,312,541,329
9047 (SH2D2A)	247,174,293,191
6714 (SRC)	176,377,222,394
25759 (SHC2)	247,255,293,272
7422 (VEGFA)	49,301,95,318
5594 (MAPK1)	756,126,802,143
5595 (MAPK3)	756,126,802,143
5604 (MAP2K1)	680,126,726,143
5605 (MAP2K2)	680,126,726,143
5894 (RAF1)	630,100,676,117
3265 (HRAS)	553,89,599,106
3845 (KRAS)	553,89,599,106
4893 (NRAS)	553,89,599,106
4846 (NOS3)	468,463,514,480
842 (CASP9)	468,502,514,519
572 (BAD)	468,541,514,558
5879 (RAC1)	531,411,577,428
5880 (RAC2)	531,411,577,428
5881 (RAC3)	531,411,577,428
hsa04020: Calcium signaling pathway	294,111,404,145
hsa04510: Focal adhesion	558,266,668,291
hsa04010: MAPK signaling pathway	558,139,668,173
hsa04370: VEGF signaling pathway	40,45,262,70
hsa00590: Arachidonic acid metabolism	853,170,963,204
hsa04151: PI3K-Akt signaling pathway	268,526,378,560
