387332 (TBPL2)	186,516,232,533
6908 (TBP)	186,516,232,533
9519 (TBPL1)	186,516,232,533
138474 (TAF1L)	232,506,278,523
6872 (TAF1)	232,506,278,523
6873 (TAF2)	232,523,278,540
83860 (TAF3)	187,576,233,593
6874 (TAF4)	233,576,279,593
6875 (TAF4B)	233,576,279,593
27097 (TAF5L)	233,559,279,576
6877 (TAF5)	233,559,279,576
10629 (TAF6L)	279,559,325,576
6878 (TAF6)	279,559,325,576
54457 (TAF7L)	278,506,324,523
6879 (TAF7)	278,506,324,523
129685 (TAF8)	187,559,233,576
51616 (TAF9B)	279,576,325,593
6880 (TAF9)	279,576,325,593
6881 (TAF10)	187,593,233,610
6882 (TAF11)	325,559,371,576
2959 (GTF2B)	110,503,156,520
11036 (GTF2A1L)	50,503,96,520
2957 (GTF2A1)	50,503,96,520
2958 (GTF2A2)	50,520,96,537
2969 (GTF2I)	422,578,468,595
9569 (GTF2IRD1)	422,578,468,595
2962 (GTF2F1)	449,504,495,521
2963 (GTF2F2)	449,521,495,538
2068 (ERCC2)	567,521,613,538
2960 (GTF2E1)	385,504,431,521
2961 (GTF2E2)	385,521,431,538
2965 (GTF2H1)	521,504,567,521
2966 (GTF2H2)	567,504,613,521
728340 (GTF2H2C)	567,504,613,521
730394 (GTF2H2C_2)	567,504,613,521
2967 (GTF2H3)	613,504,659,521
2968 (GTF2H4)	659,504,705,521
2071 (ERCC3)	521,521,567,538
6883 (TAF12)	233,593,279,610
6884 (TAF13)	325,576,371,593
8148 (TAF15)	325,593,371,610
404672 (GTF2H5)	613,521,659,538
1022 (CDK7)	521,538,567,555
4331 (MNAT1)	567,538,613,555
902 (CCNH)	613,538,659,555
hsa03022: Basal transcription factors	40,45,401,70
hsa03020: RNA polymerase	461,230,553,255
hsa03420: Nucleotide excision repair	543,577,643,611
