C00388 (Histamine)	149,483,4
C00575 (3',5'-Cyclic AMP)	338,540,4
C01245 (D-myo-Inositol 1,4,5-trisphosphate)	439,349,4
C00076 (Calcium cation)	391,392,4
C00165 (Diacylglycerol)	467,294,4
C00080 (H+)	671,552,4
C01996 (Acetylcholine)	149,287,4
C00001 (H2O)	575,713,4
C00011 (CO2)	577,755,4
C00238 (Potassium cation)	786,542,4
C00698 (Cl-)	672,594,4
C00238 (Potassium cation)	276,640,4
C00238 (Potassium cation)	170,676,4
C01330 (Sodium cation)	276,685,4
C01330 (Sodium cation)	170,717,4
C00080 (H+)	276,725,4
C00288 (HCO3-)	276,768,4
C00698 (Cl-)	170,760,4
C00238 (Potassium cation)	675,466,4
C01353 (Carbonic acid)	474,735,4
C00011 (CO2)	148,811,4
C00080 (H+)	387,711,4
C00238 (Potassium cation)	675,504,4
887 (CCKBR)	201,367,247,384
1131 (CHRM3)	201,279,247,296
107 (ADCY1)	201,529,247,546
108 (ADCY2)	201,529,247,546
109 (ADCY3)	201,529,247,546
111 (ADCY5)	201,529,247,546
112 (ADCY6)	201,529,247,546
113 (ADCY7)	201,529,247,546
114 (ADCY8)	201,529,247,546
115 (ADCY9)	201,529,247,546
196883 (ADCY4)	201,529,247,546
5566 (PRKACA)	378,533,424,550
5567 (PRKACB)	378,533,424,550
5568 (PRKACG)	378,533,424,550
2776 (GNAQ)	279,318,325,335
23236 (PLCB1)	359,318,405,335
5330 (PLCB2)	359,318,405,335
5331 (PLCB3)	359,318,405,335
5332 (PLCB4)	359,318,405,335
3708 (ITPR1)	476,383,522,400
3709 (ITPR2)	476,383,522,400
3710 (ITPR3)	476,383,522,400
3274 (HRH2)	201,475,247,492
5578 (PRKCA)	516,288,562,305
5579 (PRKCB)	516,288,562,305
5582 (PRKCG)	516,288,562,305
495 (ATP4A)	713,539,759,556
496 (ATP4B)	713,539,759,556
2520 (GAST)	120,367,166,384
2778 (GNAS)	274,506,320,523
1080 (CFTR)	713,585,759,602
3776 (KCNK2)	201,633,247,650
54207 (KCNK10)	201,633,247,650
23439 (ATP1B4)	201,672,247,689
476 (ATP1A1)	201,672,247,689
477 (ATP1A2)	201,672,247,689
478 (ATP1A3)	201,672,247,689
480 (ATP1A4)	201,672,247,689
481 (ATP1B1)	201,672,247,689
482 (ATP1B2)	201,672,247,689
483 (ATP1B3)	201,672,247,689
389015 (SLC9A4)	201,711,247,728
6548 (SLC9A1)	201,711,247,728
115111 (SLC26A7)	201,756,247,773
6522 (SLC4A2)	201,756,247,773
3784 (KCNQ1)	713,459,759,476
9992 (KCNE2)	713,459,759,476
7430 (EZR)	460,534,506,551
760 (CA2)	539,726,585,743
2770 (GNAI1)	275,564,321,581
2771 (GNAI2)	275,564,321,581
2773 (GNAI3)	275,564,321,581
6752 (SSTR2)	201,585,247,602
6750 (SST)	121,585,167,602
495 (ATP4A)	558,535,604,552
496 (ATP4B)	558,535,604,552
3758 (KCNJ1)	713,498,759,515
3759 (KCNJ2)	713,498,759,515
3766 (KCNJ10)	713,498,759,515
3772 (KCNJ15)	713,498,759,515
3773 (KCNJ16)	713,498,759,515
7430 (EZR)	607,346,653,363
60 (ACTB)	675,314,721,331
163688 (CALML6)	400,418,446,435
51806 (CALML5)	400,418,446,435
801 (CALM1)	400,418,446,435
805 (CALM2)	400,418,446,435
808 (CALM3)	400,418,446,435
810 (CALML3)	400,418,446,435
91860 (CALML4)	400,418,446,435
340156 (MYLK4)	456,453,502,470
4638 (MYLK)	456,453,502,470
85366 (MYLK2)	456,453,502,470
91807 (MYLK3)	456,453,502,470
815 (CAMK2A)	400,453,446,470
816 (CAMK2B)	400,453,446,470
817 (CAMK2D)	400,453,446,470
818 (CAMK2G)	400,453,446,470
hsa04971: Gastric acid secretion	40,45,261,70
hsa04020: Calcium signaling pathway	264,427,378,461
hsa04530: Tight junction	677,160,785,185
hsa04974: Protein digestion and absorption	807,622,921,656
