C05981 (Phosphatidylinositol-3,4,5-trisphosphate)	584,235,4
C05981 (Phosphatidylinositol-3,4,5-trisphosphate)	584,422,4
C05981 (Phosphatidylinositol-3,4,5-trisphosphate)	584,643,4
C00575 (3',5'-Cyclic AMP)	584,825,4
C00575 (3',5'-Cyclic AMP)	584,188,4
2308 (FOXO1)	986,224,1032,241
2309 (FOXO3)	986,224,1032,241
6198 (RPS6KB1)	759,273,805,290
6199 (RPS6KB2)	759,273,805,290
2475 (MTOR)	682,273,728,290
57521 (RPTOR)	682,273,728,290
84335 (AKT1S1)	682,273,728,290
10000 (AKT3)	693,224,739,241
207 (AKT1)	693,224,739,241
208 (AKT2)	693,224,739,241
5290 (PIK3CA)	490,224,536,241
5291 (PIK3CB)	490,224,536,241
5293 (PIK3CD)	490,224,536,241
5295 (PIK3R1)	490,224,536,241
5296 (PIK3R2)	490,224,536,241
8503 (PIK3R3)	490,224,536,241
3479 (IGF1)	226,237,272,254
3480 (IGF1R)	315,237,361,254
3667 (IRS1)	404,206,450,223
8471 (IRS4)	404,206,450,223
8660 (IRS2)	404,206,450,223
3265 (HRAS)	404,250,450,267
3845 (KRAS)	404,250,450,267
4893 (NRAS)	404,250,450,267
2309 (FOXO3)	986,413,1032,430
6198 (RPS6KB1)	759,467,805,484
6199 (RPS6KB2)	759,467,805,484
2475 (MTOR)	682,467,728,484
57521 (RPTOR)	682,467,728,484
10000 (AKT3)	693,413,739,430
207 (AKT1)	693,413,739,430
208 (AKT2)	693,413,739,430
5290 (PIK3CA)	490,413,536,430
5291 (PIK3CB)	490,413,536,430
5293 (PIK3CD)	490,413,536,430
5295 (PIK3R1)	490,413,536,430
5296 (PIK3R2)	490,413,536,430
8503 (PIK3R3)	490,413,536,430
3479 (IGF1)	226,413,272,430
3630 (INS)	226,413,272,430
3480 (IGF1R)	316,413,362,430
3667 (IRS1)	404,390,450,407
2309 (FOXO3)	986,634,1032,651
10000 (AKT3)	695,634,741,651
207 (AKT1)	695,634,741,651
208 (AKT2)	695,634,741,651
5290 (PIK3CA)	490,633,536,650
5291 (PIK3CB)	490,633,536,650
5293 (PIK3CD)	490,633,536,650
3643 (INSR)	316,633,362,650
3845 (KRAS)	404,815,450,832
5566 (PRKACA)	695,815,741,832
5567 (PRKACB)	695,815,741,832
5568 (PRKACG)	695,815,741,832
6198 (RPS6KB1)	759,693,803,710
6199 (RPS6KB2)	759,693,803,710
2475 (MTOR)	682,693,728,710
57521 (RPTOR)	682,693,728,710
2475 (MTOR)	692,898,738,915
1979 (EIF4EBP2)	986,491,1032,508
3170 (FOXA2)	986,693,1032,710
3667 (IRS1)	404,606,450,623
5566 (PRKACA)	693,180,739,197
5567 (PRKACB)	693,180,739,197
5568 (PRKACG)	693,180,739,197
107 (ADCY1)	490,180,536,197
108 (ADCY2)	490,180,536,197
109 (ADCY3)	490,180,536,197
111 (ADCY5)	490,180,536,197
112 (ADCY6)	490,180,536,197
113 (ADCY7)	490,180,536,197
114 (ADCY8)	490,180,536,197
115 (ADCY9)	490,180,536,197
196883 (ADCY4)	490,180,536,197
51422 (PRKAG2)	605,273,651,290
53632 (PRKAG3)	605,273,651,290
5562 (PRKAA1)	605,273,651,290
5563 (PRKAA2)	605,273,651,290
5564 (PRKAB1)	605,273,651,290
5565 (PRKAB2)	605,273,651,290
5571 (PRKAG1)	605,273,651,290
3630 (INS)	226,214,272,231
3643 (INSR)	316,214,362,231
6648 (SOD2)	1266,216,1312,233
6647 (SOD1)	1266,441,1312,458
6648 (SOD2)	1266,441,1312,458
6648 (SOD2)	1266,658,1312,675
1410 (CRYAB)	1266,467,1312,484
3303 (HSPA1A)	1266,467,1312,484
3304 (HSPA1B)	1266,467,1312,484
3305 (HSPA1L)	1266,467,1312,484
3306 (HSPA2)	1266,467,1312,484
3310 (HSPA6)	1266,467,1312,484
3312 (HSPA8)	1266,467,1312,484
81570 (CLPB)	1266,923,1312,940
51422 (PRKAG2)	605,467,651,484
53632 (PRKAG3)	605,467,651,484
5562 (PRKAA1)	605,467,651,484
5563 (PRKAA2)	605,467,651,484
5564 (PRKAB1)	605,467,651,484
5565 (PRKAB2)	605,467,651,484
5571 (PRKAG1)	605,467,651,484
847 (CAT)	1266,240,1312,257
9474 (ATG5)	1266,265,1312,282
847 (CAT)	1266,681,1312,698
847 (CAT)	1266,897,1312,914
6648 (SOD2)	1266,869,1312,886
23411 (SIRT1)	923,757,969,774
23411 (SIRT1)	923,301,969,318
23411 (SIRT1)	923,561,969,578
3065 (HDAC1)	904,527,950,544
3066 (HDAC2)	904,527,950,544
hsa04213: Longevity regulating pathway - multiple species	40,45,475,70
hsa04910: Insulin signaling pathway	198,317,306,351
hsa04150: mTOR signaling pathway	695,317,803,351
hsa04151: PI3K-Akt signaling pathway	425,317,545,351
hsa04068: FoxO signaling pathway	1040,194,1148,228
hsa04152: AMPK signaling pathway	561,317,681,351
hsa04211: Longevity regulating pathway	167,166,296,200
map04212: Longevity regulating pathway - worm	167,578,296,612
