C04549 (1-Phosphatidyl-1D-myo-inositol 3-phosphate)	634,783,4
C04549 (1-Phosphatidyl-1D-myo-inositol 3-phosphate)	428,783,4
C05981 (Phosphatidylinositol-3,4,5-trisphosphate)	1089,351,4
C04549 (1-Phosphatidyl-1D-myo-inositol 3-phosphate)	612,595,4
C05981 (Phosphatidylinositol-3,4,5-trisphosphate)	1088,195,4
C11556 (1-Phosphatidyl-1D-myo-inositol 3,5-bisphosphate)	851,783,4
C04637 (1-Phosphatidyl-D-myo-inositol 4,5-bisphosphate)	989,205,4
C04637 (1-Phosphatidyl-D-myo-inositol 4,5-bisphosphate)	1088,329,4
C04637 (1-Phosphatidyl-D-myo-inositol 4,5-bisphosphate)	449,194,4
C00035 (GDP)	134,508,4
C00044 (GTP)	134,627,4
10254 (STAM2)	438,744,484,761
8027 (STAM)	438,744,484,761
9146 (HGS)	438,761,484,778
10617 (STAMBP)	983,819,1029,836
9101 (USP8)	983,797,1029,814
1759 (DNM1)	247,172,293,189
1785 (DNM2)	247,172,293,189
26052 (DNM3)	247,172,293,189
10193 (RNF41)	356,262,402,279
11059 (WWP1)	356,262,402,279
23327 (NEDD4L)	356,262,402,279
23624 (CBLC)	356,262,402,279
4193 (MDM2)	356,262,402,279
4734 (NEDD4)	356,262,402,279
57154 (SMURF1)	356,262,402,279
64750 (SMURF2)	356,262,402,279
7189 (TRAF6)	356,262,402,279
83737 (ITCH)	356,262,402,279
867 (CBL)	356,262,402,279
868 (CBLB)	356,262,402,279
3949 (LDLR)	510,172,556,189
1211 (CLTA)	269,260,315,277
1212 (CLTB)	269,260,315,277
1213 (CLTC)	269,260,315,277
8218 (CLTCL1)	269,260,315,277
1173 (AP2M1)	269,277,315,294
1175 (AP2S1)	269,277,315,294
160 (AP2A1)	269,277,315,294
161 (AP2A2)	269,277,315,294
163 (AP2B1)	269,277,315,294
89853 (MVB12B)	524,744,570,761
93343 (MVB12A)	524,744,570,761
137492 (VPS37A)	570,761,616,778
155382 (VPS37D)	570,761,616,778
55048 (VPS37C)	570,761,616,778
79720 (VPS37B)	570,761,616,778
51160 (VPS28)	570,744,616,761
3303 (HSPA1A)	362,458,408,475
3304 (HSPA1B)	362,458,408,475
3305 (HSPA1L)	362,458,408,475
3306 (HSPA2)	362,458,408,475
3310 (HSPA6)	362,458,408,475
3312 (HSPA8)	362,458,408,475
9829 (DNAJC6)	362,475,408,492
51028 (VPS36)	642,744,688,761
7251 (TSG101)	524,761,570,778
84313 (VPS25)	688,751,734,768
11267 (SNF8)	642,761,688,778
79643 (CHMP6)	734,762,780,779
100526767 (RNF103-CHMP3)	826,762,872,779
51652 (CHMP3)	826,762,872,779
128866 (CHMP4B)	780,762,826,779
29082 (CHMP4A)	780,762,826,779
92421 (CHMP4C)	780,762,826,779
5119 (CHMP1A)	825,713,871,730
57132 (CHMP1B)	825,713,871,730
25978 (CHMP2B)	826,745,872,762
27243 (CHMP2A)	826,745,872,762
10015 (PDCD6IP)	607,721,653,738
27183 (VPS4A)	893,706,939,723
9525 (VPS4B)	893,706,939,723
51534 (VTA1)	893,722,939,739
51510 (CHMP5)	770,700,816,717
998 (CDC42)	864,343,910,360
5584 (PRKCI)	864,326,910,343
5590 (PRKCZ)	864,326,910,343
50855 (PARD6A)	819,343,865,360
84552 (PARD6G)	819,343,865,360
84612 (PARD6B)	819,343,865,360
56288 (PARD3)	819,326,865,343
382 (ARF6)	857,92,903,109
3265 (HRAS)	910,114,956,131
6714 (SRC)	910,92,956,109
8766 (RAB11A)	735,390,781,407
9230 (RAB11B)	735,390,781,407
7037 (TFRC)	120,172,166,189
22905 (EPN2)	212,237,258,254
29924 (EPN1)	212,237,258,254
55040 (EPN3)	212,237,258,254
2060 (EPS15)	212,254,258,271
58513 (EPS15L1)	212,254,258,271
9101 (USP8)	312,703,358,720
5868 (RAB5A)	628,558,674,575
5869 (RAB5B)	628,558,674,575
5878 (RAB5C)	628,558,674,575
382 (ARF6)	908,584,954,601
10617 (STAMBP)	312,725,358,742
26119 (LDLRAP1)	509,238,555,255
1601 (DAB2)	509,255,555,272
1234 (CCR5)	560,172,606,189
3577 (CXCR1)	560,172,606,189
3579 (CXCR2)	560,172,606,189
7852 (CXCR4)	560,172,606,189
1956 (EGFR)	192,172,238,189
2261 (FGFR3)	192,172,238,189
2263 (FGFR2)	192,172,238,189
2264 (FGFR4)	192,172,238,189
3480 (IGF1R)	192,172,238,189
5156 (PDGFRA)	192,172,238,189
30011 (SH3KBP1)	161,254,207,271
51100 (SH3GLB1)	161,271,207,288
56904 (SH3GLB2)	161,271,207,288
6455 (SH3GL1)	161,271,207,288
6456 (SH3GL2)	161,271,207,288
6457 (SH3GL3)	161,271,207,288
131890 (GRK7)	560,238,606,255
156 (GRK2)	560,238,606,255
157 (GRK3)	560,238,606,255
2868 (GRK4)	560,238,606,255
2869 (GRK5)	560,238,606,255
2870 (GRK6)	560,238,606,255
6011 (GRK1)	560,238,606,255
408 (ARRB1)	560,255,606,272
409 (ARRB2)	560,255,606,272
382 (ARF6)	421,92,467,109
22841 (RAB11FIP2)	781,390,827,407
26056 (RAB11FIP5)	781,390,827,407
80223 (RAB11FIP1)	781,390,827,407
5337 (PLD1)	864,370,910,387
5338 (PLD2)	864,370,910,387
5337 (PLD1)	422,135,468,152
5338 (PLD2)	422,135,468,152
138429 (PIP5KL1)	857,114,903,131
23396 (PIP5K1C)	857,114,903,131
8394 (PIP5K1A)	857,114,903,131
8395 (PIP5K1B)	857,114,903,131
138429 (PIP5KL1)	422,114,468,131
23396 (PIP5K1C)	422,114,468,131
8394 (PIP5K1A)	422,114,468,131
8395 (PIP5K1B)	422,114,468,131
8411 (EEA1)	560,580,606,597
9135 (RABEP1)	627,536,673,553
10564 (ARFGEF2)	147,545,193,562
10565 (ARFGEF1)	147,545,193,562
23096 (IQSEC2)	147,545,193,562
23362 (PSD3)	147,545,193,562
23550 (PSD4)	147,545,193,562
27128 (CYTH4)	147,545,193,562
440073 (IQSEC3)	147,545,193,562
5662 (PSD)	147,545,193,562
84249 (PSD2)	147,545,193,562
8729 (GBF1)	147,545,193,562
9265 (CYTH3)	147,545,193,562
9266 (CYTH2)	147,545,193,562
9267 (CYTH1)	147,545,193,562
9922 (IQSEC1)	147,545,193,562
107984026	43,545,89,562
116983 (ACAP3)	43,545,89,562
116984 (ARAP2)	43,545,89,562
116985 (ARAP1)	43,545,89,562
116986 (AGAP2)	43,545,89,562
116987 (AGAP1)	43,545,89,562
116988 (AGAP3)	43,545,89,562
119016 (AGAP4)	43,545,89,562
119385 (AGAP11)	43,545,89,562
23527 (ACAP2)	43,545,89,562
26286 (ARFGAP3)	43,545,89,562
28964 (GIT1)	43,545,89,562
414189 (AGAP6)	43,545,89,562
50807 (ASAP1)	43,545,89,562
55616 (ASAP3)	43,545,89,562
55738 (ARFGAP1)	43,545,89,562
60682 (SMAP1)	43,545,89,562
642517 (AGAP9)	43,545,89,562
64411 (ARAP3)	43,545,89,562
64744 (SMAP2)	43,545,89,562
729092 (AGAP5)	43,545,89,562
84364 (ARFGAP2)	43,545,89,562
8853 (ASAP2)	43,545,89,562
9744 (ACAP1)	43,545,89,562
9815 (GIT2)	43,545,89,562
30845 (EHD3)	742,580,788,597
10938 (EHD1)	973,503,1019,520
5867 (RAB4A)	685,536,731,553
30844 (EHD4)	628,580,674,597
30846 (EHD2)	270,306,316,323
64145 (RBSN)	744,536,790,553
10938 (EHD1)	725,489,771,506
80230 (RUFY1)	685,580,731,597
11311 (VPS45)	801,536,847,553
3105 (HLA-A)	908,173,954,190
3106 (HLA-B)	908,173,954,190
3107 (HLA-C)	908,173,954,190
3133 (HLA-E)	908,173,954,190
3134 (HLA-F)	908,173,954,190
3135 (HLA-G)	908,173,954,190
7879 (RAB7A)	437,719,483,736
5867 (RAB4A)	474,390,520,407
7879 (RAB7A)	700,915,746,932
7046 (TGFBR1)	70,172,116,189
7048 (TGFBR2)	70,172,116,189
9372 (ZFYVE9)	71,237,117,254
9765 (ZFYVE16)	71,237,117,254
4087 (SMAD2)	20,253,66,270
4088 (SMAD3)	20,253,66,270
5371 (PML)	71,254,117,271
857 (CAV1)	1265,237,1311,254
858 (CAV2)	1265,237,1311,254
859 (CAV3)	1265,237,1311,254
3559 (IL2RA)	855,172,901,189
3560 (IL2RB)	855,172,901,189
3561 (IL2RG)	855,172,901,189
387 (RHOA)	859,235,905,252
23624 (CBLC)	161,237,207,254
867 (CBL)	161,237,207,254
868 (CBLB)	161,237,207,254
5337 (PLD1)	858,135,904,152
5338 (PLD2)	858,135,904,152
5868 (RAB5A)	1163,598,1209,615
5869 (RAB5B)	1163,598,1209,615
5878 (RAB5C)	1163,598,1209,615
6714 (SRC)	1267,279,1313,296
2348 (FOLR1)	1096,173,1142,190
2350 (FOLR2)	1096,173,1142,190
2352 (FOLR3)	1096,173,1142,190
390243 (IZUMO1R)	1096,173,1142,190
91782 (CHMP7)	771,730,817,747
375 (ARF1)	81,500,127,517
377 (ARF3)	81,500,127,517
381 (ARF5)	81,500,127,517
382 (ARF6)	81,500,127,517
375 (ARF1)	81,618,127,635
377 (ARF3)	81,618,127,635
381 (ARF5)	81,618,127,635
382 (ARF6)	81,618,127,635
118813 (ZFYVE27)	735,450,781,467
3798 (KIF5A)	781,450,827,467
3799 (KIF5B)	781,450,827,467
3800 (KIF5C)	781,450,827,467
100287171 (WASHC1)	340,639,386,656
253725 (WASHC2C)	386,638,432,655
387680 (WASHC2A)	386,638,432,655
51019 (WASHC3)	364,655,410,672
23325 (WASHC4)	386,605,432,622
9897 (WASHC5)	386,622,432,639
829 (CAPZA1)	316,613,362,630
830 (CAPZA2)	316,613,362,630
93661 (CAPZA3)	316,613,362,630
23111 (SPART)	212,271,258,288
832 (CAPZB)	316,596,362,613
11021 (RAB35)	528,390,574,407
10890 (RAB10)	801,513,847,530
8723 (SNX4)	801,558,847,575
112936 (VPS26B)	545,683,591,700
9559 (VPS26A)	545,683,591,700
11031 (RAB31)	801,491,847,508
57403 (RAB22A)	801,491,847,508
51699 (VPS29)	499,683,545,700
55737 (VPS35)	591,683,637,700
4218 (RAB8A)	854,536,900,553
84440 (RAB11FIP4)	936,610,982,627
9727 (RAB11FIP3)	936,610,982,627
8766 (RAB11A)	959,584,1005,601
9230 (RAB11B)	959,584,1005,601
11021 (RAB35)	854,558,900,575
273 (AMPH)	161,318,207,335
274 (BIN1)	161,318,207,335
51324 (SPG21)	342,858,388,875
10092 (ARPC5)	281,639,327,656
10093 (ARPC4)	281,639,327,656
10094 (ARPC3)	281,639,327,656
10095 (ARPC1B)	281,639,327,656
10109 (ARPC2)	281,639,327,656
10552 (ARPC1A)	281,639,327,656
81873 (ARPC5L)	281,639,327,656
29934 (SNX12)	500,707,545,724
8724 (SNX3)	500,707,545,724
6642 (SNX1)	400,903,446,920
6643 (SNX2)	400,903,446,920
254122 (SNX32)	446,903,492,920
27131 (SNX5)	446,903,492,920
58533 (SNX6)	446,903,492,920
3482 (IGF2R)	379,880,425,897
8976 (WASL)	390,320,436,337
147179 (WIPF2)	390,349,436,366
644150 (WIPF3)	390,349,436,366
7456 (WIPF1)	390,349,436,366
10092 (ARPC5)	449,320,495,337
10093 (ARPC4)	449,320,495,337
10094 (ARPC3)	449,320,495,337
10095 (ARPC1B)	449,320,495,337
10109 (ARPC2)	449,320,495,337
10552 (ARPC1A)	449,320,495,337
81873 (ARPC5L)	449,320,495,337
9798 (IST1)	824,689,870,706
7314 (UBB)	242,398,288,415
hsa04144: Endocytosis	40,45,160,70
hsa04142: Lysosome	625,937,729,963
hsa04060: Cytokine-cytokine receptor interaction	553,98,705,136
hsa04070: Phosphatidylinositol signaling system	926,270,1039,308
hsa04350: TGF-beta signaling pathway	14,300,115,338
hsa04130: SNARE interactions in vesicular transport	228,831,338,869
