10054 (UBA2)	220,340,266,357
10055 (SAE1)	169,340,215,357
6921 (ELOC)	424,951,470,968
6923 (ELOB)	424,934,470,951
9978 (RBX1)	332,977,378,994
9978 (RBX1)	332,896,378,913
9978 (RBX1)	332,859,378,876
9978 (RBX1)	332,820,378,837
23291 (FBXW11)	470,781,516,798
26232 (FBXO2)	470,781,516,798
26272 (FBXO4)	470,781,516,798
55294 (FBXW7)	470,781,516,798
6502 (SKP2)	470,781,516,798
8945 (BTRC)	470,781,516,798
23221 (RHOBTB2)	449,859,495,876
55958 (KLHL9)	449,859,495,876
90293 (KLHL13)	449,859,495,876
9817 (KEAP1)	449,859,495,876
9886 (RHOBTB1)	449,859,495,876
1161 (ERCC8)	470,896,516,913
1643 (DDB2)	470,896,516,913
55070 (DET1)	470,896,516,913
64326 (COP1)	470,896,516,913
8651 (SOCS1)	470,934,516,951
9021 (SOCS3)	470,934,516,951
7428 (VHL)	470,820,516,837
26091 (HERC4)	267,661,313,678
8916 (HERC3)	216,661,262,678
55284 (UBE2W)	688,380,734,397
140739 (UBE2F)	739,340,785,357
9039 (UBA3)	270,340,316,357
246184 (CDC26)	915,849,961,866
10393 (ANAPC10)	869,849,915,866
8697 (CDC23)	869,832,915,849
8881 (CDC16)	869,815,915,832
51434 (ANAPC7)	915,815,961,832
51433 (ANAPC5)	915,798,961,815
29945 (ANAPC4)	869,798,915,815
996 (CDC27)	915,781,961,798
64682 (ANAPC1)	869,781,915,798
51343 (FZR1)	823,798,869,815
991 (CDC20)	823,781,869,798
29882 (ANAPC2)	731,781,777,798
51529 (ANAPC11)	685,781,731,798
26259 (FBXW8)	470,977,516,994
6923 (ELOB)	424,820,470,837
6921 (ELOC)	424,837,470,854
8452 (CUL3)	377,859,423,876
8453 (CUL2)	378,820,424,837
6500 (SKP1)	424,977,470,994
6500 (SKP1)	424,781,470,798
8454 (CUL1)	378,781,424,798
9978 (RBX1)	332,781,378,798
9820 (CUL7)	378,977,424,994
8065 (CUL5)	378,934,424,951
9616 (RNF7)	332,934,378,951
1642 (DDB1)	424,896,470,913
8450 (CUL4B)	378,896,424,913
8451 (CUL4A)	378,896,424,913
4591 (TRIM37)	862,661,908,678
22954 (TRIM32)	811,661,857,678
4281 (MID1)	761,661,807,678
55120 (FANCL)	712,661,758,678
672 (BRCA1)	662,661,708,678
23295 (MGRN1)	612,661,658,678
326 (AIRE)	912,640,958,657
378884 (NHLRC1)	862,640,908,657
84447 (SYVN1)	811,640,857,657
10401 (PIAS3)	761,640,807,657
51588 (PIAS4)	761,640,807,657
8554 (PIAS1)	761,640,807,657
9063 (PIAS2)	761,640,807,657
329 (BIRC2)	712,640,758,657
330 (BIRC3)	712,640,758,657
331 (XIAP)	712,640,758,657
79444 (BIRC7)	712,640,758,657
25898 (RCHY1)	662,640,708,657
64326 (COP1)	611,640,657,657
4214 (MAP3K1)	912,618,958,635
7189 (TRAF6)	862,618,908,635
5371 (PML)	811,618,857,635
6477 (SIAH1)	761,618,807,635
5071 (PRKN)	712,618,758,635
23624 (CBLC)	662,618,708,635
867 (CBL)	662,618,708,635
868 (CBLB)	662,618,708,635
4193 (MDM2)	611,618,657,635
22888 (UBOX5)	476,640,522,657
27339 (PRPF19)	426,640,472,657
7337 (UBE3A)	64,618,110,635
148581 (UBE2U)	636,380,682,397
51619 (UBE2D4)	636,340,682,357
7321 (UBE2D1)	636,340,682,357
7322 (UBE2D2)	636,340,682,357
7323 (UBE2D3)	636,340,682,357
389898 (UBE2NL)	791,360,837,377
7334 (UBE2N)	791,360,837,377
11059 (WWP1)	64,640,110,657
57154 (SMURF1)	215,618,261,635
64750 (SMURF2)	215,618,261,635
9690 (UBE3C)	165,618,211,635
51465 (UBE2J1)	532,360,578,377
89910 (UBE3B)	115,618,161,635
27338 (UBE2S)	584,380,630,397
11065 (UBE2C)	584,340,630,357
7319 (UBE2A)	480,340,526,357
83737 (ITCH)	265,618,311,635
3093 (UBE2K)	791,380,837,397
118424 (UBE2J2)	584,360,630,377
9246 (UBE2L6)	688,360,734,377
7332 (UBE2L3)	636,360,682,377
7327 (UBE2G2)	843,340,889,357
7326 (UBE2G1)	791,340,837,357
55236 (UBA6)	118,340,164,357
7317 (UBA1)	118,340,164,357
7318 (UBA7)	118,340,164,357
23759 (PPIL2)	376,640,422,657
8924 (HERC2)	165,661,211,678
54926 (UBE2R2)	532,380,578,397
997 (CDC34)	532,380,578,397
10273 (STUB1)	476,618,522,635
8925 (HERC1)	115,661,161,678
11060 (WWP2)	115,640,161,657
10277 (UBE4B)	426,618,472,635
51366 (UBR5)	64,661,110,678
9320 (TRIP12)	165,640,211,657
9354 (UBE4A)	376,618,422,635
10075 (HUWE1)	265,640,311,657
65264 (UBE2Z)	739,380,785,397
57448 (BIRC6)	843,380,889,397
23327 (NEDD4L)	215,640,261,657
4734 (NEDD4)	215,640,261,657
134111 (UBE2QL1)	480,380,526,397
55585 (UBE2Q1)	480,380,526,397
92912 (UBE2Q2)	480,380,526,397
63893 (UBE2O)	843,360,889,377
9040 (UBE2M)	739,360,785,377
7329 (UBE2I)	480,360,526,377
7328 (UBE2H)	895,340,941,357
7320 (UBE2B)	532,340,578,357
25847 (ANAPC13)	915,866,961,883
10477 (UBE2E3)	688,340,734,357
7324 (UBE2E1)	688,340,734,357
7325 (UBE2E2)	688,340,734,357
hsa03050: Proteasome	703,122,793,147
hsa04120: Ubiquitin mediated proteolysis	40,45,320,70
