C00082 (L-Tyrosine)	125,637,4
C00355 (3,4-Dihydroxy-L-phenylalanine)	197,637,4
C03758 (Dopamine)	266,637,4
C03758 (Dopamine)	405,593,4
C01161 (3,4-Dihydroxyphenylacetate)	384,531,4
C00027 (Hydrogen peroxide)	428,530,4
C00082 (L-Tyrosine)	125,272,4
C00355 (3,4-Dihydroxy-L-phenylalanine)	197,272,4
C03758 (Dopamine)	266,272,4
C03758 (Dopamine)	408,234,4
C01161 (3,4-Dihydroxyphenylacetate)	387,185,4
C00027 (Hydrogen peroxide)	427,186,4
C03758 (Dopamine)	567,571,4
C03758 (Dopamine)	526,328,4
C03758 (Dopamine)	569,260,4
C03758 (Dopamine)	526,638,4
C00575 (3',5'-Cyclic AMP)	865,628,4
C00082 (L-Tyrosine)	125,993,4
C00355 (3,4-Dihydroxy-L-phenylalanine)	197,993,4
C03758 (Dopamine)	266,993,4
C03758 (Dopamine)	405,949,4
C01161 (3,4-Dihydroxyphenylacetate)	385,886,4
C00027 (Hydrogen peroxide)	427,885,4
C03758 (Dopamine)	526,1065,4
C03758 (Dopamine)	567,995,4
C00575 (3',5'-Cyclic AMP)	884,1069,4
C00469 (Ethanol)	275,770,4
C00076 (Calcium cation)	594,533,4
C00469 (Ethanol)	594,487,4
C00469 (Ethanol)	842,979,4
C00076 (Calcium cation)	700,957,4
C00212 (Adenosine)	594,703,4
C00469 (Ethanol)	591,728,4
C00469 (Ethanol)	595,913,4
C00469 (Ethanol)	255,1133,4
C00025 (L-Glutamate)	597,558,4
C00025 (L-Glutamate)	599,983,4
6570 (SLC18A1)	320,302,366,319
6571 (SLC18A2)	320,302,366,319
6570 (SLC18A1)	313,666,359,683
6571 (SLC18A2)	313,666,359,683
1812 (DRD1)	622,321,668,338
6531 (SLC6A3)	504,251,550,268
116443 (GRIN3A)	622,524,668,541
116444 (GRIN3B)	622,524,668,541
2902 (GRIN1)	622,524,668,541
2903 (GRIN2A)	622,524,668,541
2904 (GRIN2B)	622,524,668,541
2905 (GRIN2C)	622,524,668,541
2906 (GRIN2D)	622,524,668,541
1812 (DRD1)	622,618,668,635
4128 (MAOA)	411,556,457,573
4129 (MAOB)	411,556,457,573
6531 (SLC6A3)	504,562,550,579
7054 (TH)	134,612,180,629
1644 (DDC)	203,612,249,629
7054 (TH)	134,250,180,267
1644 (DDC)	203,250,249,267
4128 (MAOA)	411,211,457,228
4129 (MAOB)	411,211,457,228
5499 (PPP1CA)	724,980,770,997
5500 (PPP1CB)	724,980,770,997
5501 (PPP1CC)	724,980,770,997
2778 (GNAS)	707,618,753,635
84152 (PPP1R1B)	821,1006,867,1023
111 (ADCY5)	789,620,835,637
5566 (PRKACA)	895,620,941,637
5567 (PRKACB)	895,620,941,637
5568 (PRKACG)	895,620,941,637
7054 (TH)	134,970,180,987
1644 (DDC)	203,970,249,987
6570 (SLC18A1)	320,1021,366,1038
6571 (SLC18A2)	320,1021,366,1038
4128 (MAOA)	411,917,457,934
4129 (MAOB)	411,917,457,934
6531 (SLC6A3)	504,986,550,1003
1812 (DRD1)	622,1058,668,1075
2778 (GNAS)	708,1058,754,1075
111 (ADCY5)	796,1058,842,1075
5566 (PRKACA)	922,1058,968,1075
5567 (PRKACB)	922,1058,968,1075
5568 (PRKACG)	922,1058,968,1075
10488 (CREB3)	1080,949,1126,966
1385 (CREB1)	1080,949,1126,966
1386 (ATF2)	1080,949,1126,966
1388 (ATF6B)	1080,949,1126,966
148327 (CREB3L4)	1080,949,1126,966
468 (ATF4)	1080,949,1126,966
64764 (CREB3L2)	1080,949,1126,966
84699 (CREB3L3)	1080,949,1126,966
90993 (CREB3L1)	1080,949,1126,966
9586 (CREB5)	1080,949,1126,966
814 (CAMK4)	924,949,970,966
10488 (CREB3)	1063,620,1109,637
1385 (CREB1)	1063,620,1109,637
1386 (ATF2)	1063,620,1109,637
1388 (ATF6B)	1063,620,1109,637
148327 (CREB3L4)	1063,620,1109,637
468 (ATF4)	1063,620,1109,637
64764 (CREB3L2)	1063,620,1109,637
84699 (CREB3L3)	1063,620,1109,637
90993 (CREB3L1)	1063,620,1109,637
9586 (CREB5)	1063,620,1109,637
10013 (HDAC6)	1118,487,1164,504
10014 (HDAC5)	1118,487,1164,504
3065 (HDAC1)	1118,487,1164,504
3066 (HDAC2)	1118,487,1164,504
51564 (HDAC7)	1118,487,1164,504
55869 (HDAC8)	1118,487,1164,504
79885 (HDAC11)	1118,487,1164,504
83933 (HDAC10)	1118,487,1164,504
8841 (HDAC3)	1118,487,1164,504
9734 (HDAC9)	1118,487,1164,504
9759 (HDAC4)	1118,487,1164,504
1392 (CRH)	1175,597,1221,614
4852 (NPY)	1175,620,1221,637
627 (BDNF)	1175,643,1221,660
116443 (GRIN3A)	622,948,668,965
116444 (GRIN3B)	622,948,668,965
2902 (GRIN1)	622,948,668,965
2903 (GRIN2A)	622,948,668,965
2904 (GRIN2B)	622,948,668,965
2905 (GRIN2C)	622,948,668,965
2906 (GRIN2D)	622,948,668,965
163688 (CALML6)	724,949,770,966
51806 (CALML5)	724,949,770,966
801 (CALM1)	724,949,770,966
805 (CALM2)	724,949,770,966
808 (CALM3)	724,949,770,966
810 (CALML3)	724,949,770,966
91860 (CALML4)	724,949,770,966
10645 (CAMKK2)	821,949,867,966
84254 (CAMKK1)	821,949,867,966
1813 (DRD2)	622,582,668,599
10681 (GNB5)	707,582,753,599
2770 (GNAI1)	707,582,753,599
2771 (GNAI2)	707,582,753,599
2773 (GNAI3)	707,582,753,599
2775 (GNAO1)	707,582,753,599
2782 (GNB1)	707,582,753,599
2783 (GNB2)	707,582,753,599
2784 (GNB3)	707,582,753,599
2785 (GNG3)	707,582,753,599
2786 (GNG4)	707,582,753,599
2787 (GNG5)	707,582,753,599
2788 (GNG7)	707,582,753,599
2790 (GNG10)	707,582,753,599
2791 (GNG11)	707,582,753,599
2792 (GNGT1)	707,582,753,599
2793 (GNGT2)	707,582,753,599
51764 (GNG13)	707,582,753,599
54331 (GNG2)	707,582,753,599
55970 (GNG12)	707,582,753,599
59345 (GNB4)	707,582,753,599
94235 (GNG8)	707,582,753,599
135 (ADORA2A)	622,652,668,669
136 (ADORA2B)	622,652,668,669
2778 (GNAS)	707,652,753,669
2030 (SLC29A1)	622,692,668,709
3177 (SLC29A2)	622,692,668,709
55315 (SLC29A3)	622,692,668,709
3265 (HRAS)	767,910,813,927
3845 (KRAS)	767,910,813,927
4893 (NRAS)	767,910,813,927
369 (ARAF)	804,871,850,888
5894 (RAF1)	804,871,850,888
673 (BRAF)	804,871,850,888
5604 (MAP2K1)	880,871,926,888
5594 (MAPK1)	956,871,1002,888
5595 (MAPK3)	956,871,1002,888
2354 (FOSB)	1186,949,1232,966
8520 (HAT1)	1118,569,1164,586
221613 (HIST1H2AA)	1109,520,1155,537
3012 (HIST1H2AE)	1109,520,1155,537
3013 (HIST1H2AD)	1109,520,1155,537
3014 (H2AFX)	1109,520,1155,537
3015 (H2AFZ)	1109,520,1155,537
317772 (HIST2H2AB)	1109,520,1155,537
474381 (H2AFB2)	1109,520,1155,537
474382 (H2AFB1)	1109,520,1155,537
55506 (H2AFY2)	1109,520,1155,537
55766 (H2AFJ)	1109,520,1155,537
723790 (HIST2H2AA4)	1109,520,1155,537
8329 (HIST1H2AI)	1109,520,1155,537
8330 (HIST1H2AK)	1109,520,1155,537
8331 (HIST1H2AJ)	1109,520,1155,537
8332 (HIST1H2AL)	1109,520,1155,537
8334 (HIST1H2AC)	1109,520,1155,537
8335 (HIST1H2AB)	1109,520,1155,537
8336 (HIST1H2AM)	1109,520,1155,537
8337 (HIST2H2AA3)	1109,520,1155,537
8338 (HIST2H2AC)	1109,520,1155,537
83740 (H2AFB3)	1109,520,1155,537
85235 (HIST1H2AH)	1109,520,1155,537
8969 (HIST1H2AG)	1109,520,1155,537
92815 (HIST3H2A)	1109,520,1155,537
94239 (H2AFV)	1109,520,1155,537
9555 (H2AFY)	1109,520,1155,537
128312 (HIST3H2BB)	1155,520,1201,537
158983 (H2BFWT)	1155,520,1201,537
255626 (HIST1H2BA)	1155,520,1201,537
286436 (H2BFM)	1155,520,1201,537
3017 (HIST1H2BD)	1155,520,1201,537
3018 (HIST1H2BB)	1155,520,1201,537
440689 (HIST2H2BF)	1155,520,1201,537
8339 (HIST1H2BG)	1155,520,1201,537
8340 (HIST1H2BL)	1155,520,1201,537
8341 (HIST1H2BN)	1155,520,1201,537
8342 (HIST1H2BM)	1155,520,1201,537
8343 (HIST1H2BF)	1155,520,1201,537
8344 (HIST1H2BE)	1155,520,1201,537
8345 (HIST1H2BH)	1155,520,1201,537
8346 (HIST1H2BI)	1155,520,1201,537
8347 (HIST1H2BC)	1155,520,1201,537
8348 (HIST1H2BO)	1155,520,1201,537
8349 (HIST2H2BE)	1155,520,1201,537
85236 (HIST1H2BK)	1155,520,1201,537
8970 (HIST1H2BJ)	1155,520,1201,537
121504 (HIST4H4)	1109,537,1155,554
554313 (HIST2H4B)	1109,537,1155,554
8294 (HIST1H4I)	1109,537,1155,554
8359 (HIST1H4A)	1109,537,1155,554
8360 (HIST1H4D)	1109,537,1155,554
8361 (HIST1H4F)	1109,537,1155,554
8362 (HIST1H4K)	1109,537,1155,554
8363 (HIST1H4J)	1109,537,1155,554
8364 (HIST1H4C)	1109,537,1155,554
8365 (HIST1H4H)	1109,537,1155,554
8366 (HIST1H4B)	1109,537,1155,554
8367 (HIST1H4E)	1109,537,1155,554
8368 (HIST1H4L)	1109,537,1155,554
8369 (HIST1H4G)	1109,537,1155,554
8370 (HIST2H4A)	1109,537,1155,554
126961 (HIST2H3C)	1155,537,1201,554
3020 (H3F3A)	1155,537,1201,554
3021 (H3F3B)	1155,537,1201,554
333932 (HIST2H3A)	1155,537,1201,554
440093 (H3F3C)	1155,537,1201,554
653604 (HIST2H3D)	1155,537,1201,554
8290 (HIST3H3)	1155,537,1201,554
8350 (HIST1H3A)	1155,537,1201,554
8351 (HIST1H3D)	1155,537,1201,554
8352 (HIST1H3C)	1155,537,1201,554
8353 (HIST1H3E)	1155,537,1201,554
8354 (HIST1H3I)	1155,537,1201,554
8355 (HIST1H3G)	1155,537,1201,554
8356 (HIST1H3J)	1155,537,1201,554
8357 (HIST1H3H)	1155,537,1201,554
8358 (HIST1H3B)	1155,537,1201,554
8968 (HIST1H3F)	1155,537,1201,554
4915 (NTRK2)	622,750,668,767
25759 (SHC2)	663,767,709,784
399694 (SHC4)	663,767,709,784
53358 (SHC3)	663,767,709,784
6464 (SHC1)	663,767,709,784
2885 (GRB2)	708,767,754,784
6654 (SOS1)	719,750,765,767
6655 (SOS2)	719,750,765,767
3265 (HRAS)	785,750,831,767
3845 (KRAS)	785,750,831,767
4893 (NRAS)	785,750,831,767
369 (ARAF)	850,750,896,767
5894 (RAF1)	850,750,896,767
673 (BRAF)	850,750,896,767
5604 (MAP2K1)	915,750,961,767
5594 (MAPK1)	981,750,1027,767
5595 (MAPK3)	981,750,1027,767
5173 (PDYN)	1109,750,1155,767
5569 (PKIA)	922,1016,968,1033
hsa05034: Alcoholism	40,45,168,70
hsa04728: Dopaminergic synapse	528,60,634,94
hsa04010: MAPK signaling pathway	845,802,956,836
