C00165 (Diacylglycerol)	656,518,4
C00076 (Calcium cation)	743,441,4
C01245 (D-myo-Inositol 1,4,5-trisphosphate)	655,442,4
3458 (IFNG)	1378,249,1424,266
3567 (IL5)	1362,934,1408,951
4792 (NFKBIA)	921,510,967,527
4793 (NFKBIB)	921,510,967,527
4794 (NFKBIE)	921,510,967,527
4790 (NFKB1)	921,479,967,496
5970 (RELA)	921,479,967,496
1147 (CHUK)	814,510,860,527
3551 (IKBKB)	814,510,860,527
8517 (IKBKG)	814,510,860,527
5588 (PRKCQ)	719,510,765,527
4772 (NFATC1)	921,433,967,450
4773 (NFATC2)	921,433,967,450
4775 (NFATC3)	921,433,967,450
5530 (PPP3CA)	814,433,860,450
5532 (PPP3CB)	814,433,860,450
5533 (PPP3CC)	814,433,860,450
5534 (PPP3R1)	814,433,860,450
5535 (PPP3R2)	814,433,860,450
7535 (ZAP70)	512,521,558,538
916 (CD3E)	381,567,427,584
915 (CD3D)	381,550,427,567
919 (CD247)	427,529,473,546
919 (CD247)	427,512,473,529
917 (CD3G)	381,491,427,508
916 (CD3E)	381,474,427,491
5594 (MAPK1)	733,552,779,569
5595 (MAPK3)	733,552,779,569
1432 (MAPK14)	733,599,779,616
5600 (MAPK11)	733,599,779,616
5603 (MAPK13)	733,599,779,616
6300 (MAPK12)	733,599,779,616
5599 (MAPK8)	733,627,779,644
5601 (MAPK9)	733,627,779,644
5602 (MAPK10)	733,627,779,644
3725 (JUN)	921,613,967,630
27040 (LAT)	381,610,427,627
2353 (FOS)	921,552,967,569
5335 (PLCG1)	538,550,584,567
920 (CD4)	381,440,427,457
3932 (LCK)	464,440,510,457
3458 (IFNG)	274,275,320,292
3459 (IFNGR1)	381,275,427,292
3460 (IFNGR2)	381,275,427,292
6772 (STAT1)	823,275,869,292
3592 (IL12A)	274,332,320,349
3593 (IL12B)	274,332,320,349
3594 (IL12RB1)	381,332,427,349
3595 (IL12RB2)	381,332,427,349
6775 (STAT4)	823,332,869,349
3565 (IL4)	274,751,320,768
3566 (IL4R)	381,751,427,768
6778 (STAT6)	830,751,876,768
2625 (GATA3)	1394,762,1440,779
30009 (TBX21)	1378,201,1424,218
3594 (IL12RB1)	1378,307,1424,324
3595 (IL12RB2)	1378,307,1424,324
3596 (IL13)	1419,934,1465,951
3558 (IL2)	274,687,320,704
3559 (IL2RA)	381,687,427,704
3560 (IL2RB)	381,687,427,704
3561 (IL2RG)	381,687,427,704
3559 (IL2RA)	1371,802,1417,819
3566 (IL4R)	1422,802,1468,819
3565 (IL4)	1362,839,1408,856
3558 (IL2)	1362,894,1407,911
2625 (GATA3)	935,838,981,855
6776 (STAT5A)	830,687,876,704
6777 (STAT5B)	830,687,876,704
4094 (MAF)	1362,967,1408,984
4094 (MAF)	935,893,981,910
182 (JAG1)	166,928,212,945
3714 (JAG2)	166,928,212,945
4851 (NOTCH1)	381,928,427,945
4853 (NOTCH2)	381,928,427,945
55534 (MAML3)	1047,917,1093,934
84441 (MAML2)	1047,917,1093,934
9794 (MAML1)	1047,917,1093,934
11317 (RBPJL)	1047,934,1093,951
3516 (RBPJ)	1047,934,1093,951
10683 (DLL3)	166,175,212,192
28514 (DLL1)	166,175,212,192
54567 (DLL4)	166,175,212,192
4854 (NOTCH3)	381,175,427,192
55534 (MAML3)	1100,136,1146,153
84441 (MAML2)	1100,136,1146,153
9794 (MAML1)	1100,136,1146,153
11317 (RBPJL)	1100,153,1146,170
3516 (RBPJ)	1100,153,1146,170
30009 (TBX21)	938,222,984,239
3108 (HLA-DMA)	166,519,212,536
3109 (HLA-DMB)	166,519,212,536
3111 (HLA-DOA)	166,519,212,536
3112 (HLA-DOB)	166,519,212,536
3113 (HLA-DPA1)	166,519,212,536
3115 (HLA-DPB1)	166,519,212,536
3117 (HLA-DQA1)	166,519,212,536
3118 (HLA-DQA2)	166,519,212,536
3119 (HLA-DQB1)	166,519,212,536
3122 (HLA-DRA)	166,519,212,536
3123 (HLA-DRB1)	166,519,212,536
3125 (HLA-DRB3)	166,519,212,536
3126 (HLA-DRB4)	166,519,212,536
3127 (HLA-DRB5)	166,519,212,536
3717 (JAK2)	427,319,473,336
7297 (TYK2)	427,344,473,361
3716 (JAK1)	427,287,473,304
3717 (JAK2)	427,287,473,304
3716 (JAK1)	427,672,473,689
3718 (JAK3)	427,672,473,689
3716 (JAK1)	427,763,473,780
3718 (JAK3)	427,763,473,780
864 (RUNX3)	1231,542,1277,559
4790 (NFKB1)	1100,184,1146,201
5970 (RELA)	1100,201,1146,218
hsa04514: Cell adhesion molecules (CAMs)	244,573,346,607
hsa04658: Th1 and Th2 cell differentiation	40,45,332,70
hsa04010: MAPK signaling pathway	793,576,895,610
hsa04020: Calcium signaling pathway	709,400,811,434
hsa04064: NF-kappa B signaling pathway	793,468,895,502
hsa04660: T cell receptor signaling pathway	244,484,346,518
hsa04330: Notch signaling pathway	449,144,551,178
hsa04630: JAK-STAT signaling pathway	465,240,567,274
