C00076 (Calcium cation)	479,567,4
C00533 (Nitric oxide)	456,237,4
C02737 (Phosphatidylserine)	169,292,4
C00195 (N-Acylsphingosine)	487,611,4
C00219 (Arachidonate)	422,330,4
C00584 (Prostaglandin E2)	513,330,4
3676 (ITGA4)	227,487,273,504
3688 (ITGB1)	227,487,273,504
2209 (FCGR1A)	227,457,273,474
2212 (FCGR2A)	227,457,273,474
2214 (FCGR3A)	227,457,273,474
2215 (FCGR3B)	227,457,273,474
9103 (FCGR2C)	227,457,273,474
718 (C3)	159,397,205,414
5579 (PRKCB)	504,571,550,588
653361 (NCF1)	609,571,655,588
718 (C3)	159,419,205,436
1378 (CR1)	227,397,273,414
1379 (CR1L)	227,397,273,414
3684 (ITGAM)	227,419,273,436
3689 (ITGB2)	227,419,273,436
3458 (IFNG)	168,808,214,825
3716 (JAK1)	303,809,349,826
3717 (JAK2)	303,809,349,826
6772 (STAT1)	574,809,620,826
3108 (HLA-DMA)	917,813,963,830
3109 (HLA-DMB)	917,813,963,830
3111 (HLA-DOA)	917,813,963,830
3112 (HLA-DOB)	917,813,963,830
3113 (HLA-DPA1)	917,813,963,830
3115 (HLA-DPB1)	917,813,963,830
3117 (HLA-DQA1)	917,813,963,830
3118 (HLA-DQA2)	917,813,963,830
3119 (HLA-DQB1)	917,813,963,830
3122 (HLA-DRA)	917,813,963,830
3123 (HLA-DRB1)	917,813,963,830
3125 (HLA-DRB3)	917,813,963,830
3126 (HLA-DRB4)	917,813,963,830
3127 (HLA-DRB5)	917,813,963,830
7097 (TLR2)	227,147,273,164
7099 (TLR4)	227,147,273,164
4615 (MYD88)	328,147,374,164
4792 (NFKBIA)	677,147,723,164
4793 (NFKBIB)	677,147,723,164
4790 (NFKB1)	677,183,723,200
5970 (RELA)	677,183,723,200
3552 (IL1A)	917,132,963,149
3565 (IL4)	917,222,963,239
3592 (IL12A)	917,171,963,188
3593 (IL12B)	917,171,963,188
4843 (NOS2)	350,228,396,245
3586 (IL10)	917,275,963,292
7040 (TGFB1)	917,294,963,311
7042 (TGFB2)	917,294,963,311
7043 (TGFB3)	917,294,963,311
7124 (TNF)	917,191,963,208
3553 (IL1B)	917,151,963,168
5777 (PTPN6)	353,709,399,726
1915 (EEF1A1)	353,673,399,690
1917 (EEF1A2)	353,673,399,690
3592 (IL12A)	917,762,963,779
3593 (IL12B)	917,762,963,779
5594 (MAPK1)	574,668,620,685
5595 (MAPK3)	574,668,620,685
2002 (ELK1)	778,657,824,674
2353 (FOS)	917,659,963,676
1536 (CYBB)	609,519,655,536
65108 (MARCKSL1)	917,865,963,882
1432 (MAPK14)	575,740,621,757
5600 (MAPK11)	575,740,621,757
5603 (MAPK13)	575,740,621,757
6300 (MAPK12)	575,740,621,757
3654 (IRAK1)	415,147,461,164
51135 (IRAK4)	415,147,461,164
7189 (TRAF6)	502,147,548,164
10454 (TAB1)	589,156,635,173
23118 (TAB2)	589,156,635,173
6885 (MAP3K7)	589,139,635,156
3459 (IFNGR1)	227,800,273,817
3460 (IFNGR2)	227,817,273,834
4843 (NOS2)	917,711,963,728
3725 (JUN)	778,698,824,715
1535 (CYBA)	655,519,701,536
4688 (NCF2)	655,571,701,588
4689 (NCF4)	633,588,679,605
5743 (PTGS2)	443,334,489,351
102723407 (IGH)	159,457,205,474
hsa04610: Complement and coagulation cascades	150,358,229,392
hsa04020: Calcium signaling pathway	309,522,402,556
hsa04666: Fc gamma R-mediated phagocytosis	323,397,413,431
hsa04630: JAK-STAT signaling pathway	376,823,482,857
hsa04010: MAPK signaling pathway	552,696,647,730
hsa04120: Ubiquitin mediated proteolysis	649,88,752,122
hsa04620: Toll-like receptor signaling pathway	426,170,529,204
hsa00590: Arachidonic acid metabolism	304,312,394,346
hsa04145: Phagosome	626,439,704,464
hsa05140: Leishmaniasis	40,45,174,70
