C00547 (L-Noradrenaline)	243,161,4
C00575 (3',5'-Cyclic AMP)	390,208,4
C00040 (Acyl-CoA)	1212,560,4
C00942 (3',5'-Cyclic GMP)	390,481,4
C00002 (ATP)	1399,303,4
C01885 (1-Acylglycerol)	549,408,4
C00165 (Diacylglycerol)	549,328,4
C00162 (Fatty acid)	1104,314,4
C02301 (O-Acylcarnitine)	1336,464,4
C00040 (Acyl-CoA)	1201,420,4
C02301 (O-Acylcarnitine)	1336,506,4
C00162 (Fatty acid)	1104,560,4
C00008 (ADP)	1340,317,4
C00318 (L-Carnitine)	1201,506,4
C00010 (CoA)	1334,560,4
C00010 (CoA)	1336,419,4
C00318 (L-Carnitine)	1201,464,4
C00422 (Triacylglycerol)	549,268,4
C00116 (Glycerol)	549,468,4
C11695 (Anandamide)	250,251,4
C13856 (2-Arachidonoylglycerol)	250,265,4
C00951 (Estradiol-17beta)	115,323,4
C00745 (Nicotine)	115,309,4
C02465 (Triiodothyronine)	115,295,4
C00080 (H+)	1144,237,4
C00080 (H+)	1243,230,4
C00080 (H+)	1366,237,4
C00024 (Acetyl-CoA)	1201,386,4
C00004 (NADH)	1201,326,4
C01352 (FADH2)	1201,340,4
10488 (CREB3)	774,166,820,183
1385 (CREB1)	774,166,820,183
148327 (CREB3L4)	774,166,820,183
64764 (CREB3L2)	774,166,820,183
84699 (CREB3L3)	774,166,820,183
90993 (CREB3L1)	774,166,820,183
9586 (CREB5)	774,166,820,183
5566 (PRKACA)	446,200,492,217
5567 (PRKACB)	446,200,492,217
5568 (PRKACG)	446,200,492,217
1432 (MAPK14)	633,328,679,345
5600 (MAPK11)	633,328,679,345
5603 (MAPK13)	633,328,679,345
6300 (MAPK12)	633,328,679,345
2778 (GNAS)	367,152,413,169
155 (ADRB3)	288,152,334,169
1386 (ATF2)	774,328,820,345
26291 (FGF21)	774,386,820,403
7350 (UCP1)	966,256,1012,273
10891 (PPARGC1A)	774,256,820,273
107 (ADCY1)	288,195,334,212
108 (ADCY2)	288,195,334,212
109 (ADCY3)	288,195,334,212
111 (ADCY5)	288,195,334,212
112 (ADCY6)	288,195,334,212
113 (ADCY7)	288,195,334,212
114 (ADCY8)	288,195,334,212
115 (ADCY9)	288,195,334,212
196883 (ADCY4)	288,195,334,212
55811 (ADCY10)	288,195,334,212
7350 (UCP1)	1122,256,1168,273
5468 (PPARG)	835,209,881,226
51548 (SIRT6)	829,304,875,321
4881 (NPR1)	288,474,334,491
5592 (PRKG1)	446,474,492,491
5593 (PRKG2)	446,474,492,491
51780 (KDM3B)	774,200,820,217
55818 (KDM3A)	774,200,820,217
51412 (ACTL6B)	835,192,881,209
57492 (ARID1B)	835,192,881,209
60 (ACTB)	835,192,881,209
6595 (SMARCA2)	835,192,881,209
6597 (SMARCA4)	835,192,881,209
6598 (SMARCB1)	835,192,881,209
6599 (SMARCC1)	835,192,881,209
6601 (SMARCC2)	835,192,881,209
6602 (SMARCD1)	835,192,881,209
6603 (SMARCD2)	835,192,881,209
6604 (SMARCD3)	835,192,881,209
6605 (SMARCE1)	835,192,881,209
71 (ACTG1)	835,192,881,209
8110 (DPF3)	835,192,881,209
8193 (DPF1)	835,192,881,209
8289 (ARID1A)	835,192,881,209
86 (ACTL6A)	835,192,881,209
3991 (LIPE)	500,343,546,360
5346 (PLIN1)	392,343,438,360
126129 (CPT1C)	1246,524,1292,541
1374 (CPT1A)	1246,524,1292,541
1375 (CPT1B)	1246,524,1292,541
9658 (ZNF516)	966,167,1012,184
23028 (KDM1A)	966,183,1012,200
26291 (FGF21)	197,548,243,565
27330 (RPS6KA6)	533,543,579,560
6195 (RPS6KA1)	533,543,579,560
6196 (RPS6KA2)	533,543,579,560
6197 (RPS6KA3)	533,543,579,560
7248 (TSC1)	620,543,666,560
7249 (TSC2)	620,543,666,560
6009 (RHEB)	702,543,748,560
2475 (MTOR)	792,546,838,563
64223 (MLST8)	792,563,838,580
57521 (RPTOR)	792,529,838,546
84335 (AKT1S1)	859,536,905,553
6198 (RPS6KB1)	967,547,1013,564
6199 (RPS6KB2)	967,547,1013,564
6194 (RPS6)	967,480,1013,497
2260 (FGFR1)	287,548,333,565
152831 (KLB)	287,531,333,548
10818 (FRS2)	289,588,335,605
2885 (GRB2)	367,588,413,605
6654 (SOS1)	445,588,491,605
6655 (SOS2)	445,588,491,605
3265 (HRAS)	445,543,491,560
3845 (KRAS)	445,543,491,560
4893 (NRAS)	445,543,491,560
63976 (PRDM16)	966,150,1012,167
1376 (CPT2)	1246,436,1292,453
2180 (ACSL1)	1132,521,1178,538
2181 (ACSL3)	1132,521,1178,538
2182 (ACSL4)	1132,521,1178,538
23305 (ACSL6)	1132,521,1178,538
51703 (ACSL5)	1132,521,1178,538
1268 (CNR1)	288,250,334,267
57104 (PNPLA2)	499,282,545,299
11343 (MGLL)	499,420,545,437
5606 (MAP2K3)	633,284,679,301
4217 (MAP3K5)	633,240,679,257
51422 (PRKAG2)	111,209,157,226
53632 (PRKAG3)	111,209,157,226
5562 (PRKAA1)	111,209,157,226
5563 (PRKAA2)	111,209,157,226
5564 (PRKAB1)	111,209,157,226
5565 (PRKAB2)	111,209,157,226
5571 (PRKAG1)	111,209,157,226
2641 (GCG)	125,292,171,309
353500 (BMP8A)	125,313,171,330
656 (BMP8B)	125,313,171,330
123096 (SLC25A29)	1246,476,1292,493
788 (SLC25A20)	1246,476,1292,493
100532726 (NDUFC2-KCTD14)	1222,256,1268,273
10063 (COX17)	1222,256,1268,273
10975 (UQCR11)	1222,256,1268,273
116228 (COX20)	1222,256,1268,273
125965 (COX6B2)	1222,256,1268,273
126328 (NDUFA11)	1222,256,1268,273
1327 (COX4I1)	1222,256,1268,273
1329 (COX5B)	1222,256,1268,273
1337 (COX6A1)	1222,256,1268,273
1339 (COX6A2)	1222,256,1268,273
1340 (COX6B1)	1222,256,1268,273
1345 (COX6C)	1222,256,1268,273
1346 (COX7A1)	1222,256,1268,273
1347 (COX7A2)	1222,256,1268,273
1349 (COX7B)	1222,256,1268,273
1350 (COX7C)	1222,256,1268,273
1351 (COX8A)	1222,256,1268,273
1352 (COX10)	1222,256,1268,273
1353 (COX11)	1222,256,1268,273
1355 (COX15)	1222,256,1268,273
137682 (NDUFAF6)	1222,256,1268,273
1537 (CYC1)	1222,256,1268,273
170712 (COX7B2)	1222,256,1268,273
25915 (NDUFAF3)	1222,256,1268,273
27089 (UQCRQ)	1222,256,1268,273
285521 (COX18)	1222,256,1268,273
28958 (COA3)	1222,256,1268,273
29078 (NDUFAF4)	1222,256,1268,273
29796 (UQCR10)	1222,256,1268,273
341947 (COX8C)	1222,256,1268,273
374291 (NDUFS7)	1222,256,1268,273
388753 (COA6)	1222,256,1268,273
440567 (UQCRHL)	1222,256,1268,273
4512 (COX1)	1222,256,1268,273
4513 (COX2)	1222,256,1268,273
4514 (COX3)	1222,256,1268,273
4519 (CYTB)	1222,256,1268,273
4535 (ND1)	1222,256,1268,273
4536 (ND2)	1222,256,1268,273
4537 (ND3)	1222,256,1268,273
4538 (ND4)	1222,256,1268,273
4539 (ND4L)	1222,256,1268,273
4540 (ND5)	1222,256,1268,273
4541 (ND6)	1222,256,1268,273
4694 (NDUFA1)	1222,256,1268,273
4695 (NDUFA2)	1222,256,1268,273
4696 (NDUFA3)	1222,256,1268,273
4697 (NDUFA4)	1222,256,1268,273
4698 (NDUFA5)	1222,256,1268,273
4700 (NDUFA6)	1222,256,1268,273
4701 (NDUFA7)	1222,256,1268,273
4702 (NDUFA8)	1222,256,1268,273
4704 (NDUFA9)	1222,256,1268,273
4705 (NDUFA10)	1222,256,1268,273
4706 (NDUFAB1)	1222,256,1268,273
4707 (NDUFB1)	1222,256,1268,273
4708 (NDUFB2)	1222,256,1268,273
4709 (NDUFB3)	1222,256,1268,273
4710 (NDUFB4)	1222,256,1268,273
4711 (NDUFB5)	1222,256,1268,273
4712 (NDUFB6)	1222,256,1268,273
4713 (NDUFB7)	1222,256,1268,273
4714 (NDUFB8)	1222,256,1268,273
4715 (NDUFB9)	1222,256,1268,273
4716 (NDUFB10)	1222,256,1268,273
4717 (NDUFC1)	1222,256,1268,273
4718 (NDUFC2)	1222,256,1268,273
4719 (NDUFS1)	1222,256,1268,273
4720 (NDUFS2)	1222,256,1268,273
4722 (NDUFS3)	1222,256,1268,273
4723 (NDUFV1)	1222,256,1268,273
4724 (NDUFS4)	1222,256,1268,273
4725 (NDUFS5)	1222,256,1268,273
4726 (NDUFS6)	1222,256,1268,273
4728 (NDUFS8)	1222,256,1268,273
4729 (NDUFV2)	1222,256,1268,273
4731 (NDUFV3)	1222,256,1268,273
493753 (COA5)	1222,256,1268,273
51079 (NDUFA13)	1222,256,1268,273
51103 (NDUFAF1)	1222,256,1268,273
51241 (COX16)	1222,256,1268,273
51287 (COA4)	1222,256,1268,273
54539 (NDUFB11)	1222,256,1268,273
55471 (NDUFAF7)	1222,256,1268,273
55744 (COA1)	1222,256,1268,273
55967 (NDUFA12)	1222,256,1268,273
56901 (NDUFA4L2)	1222,256,1268,273
6389 (SDHA)	1222,256,1268,273
6390 (SDHB)	1222,256,1268,273
6391 (SDHC)	1222,256,1268,273
6392 (SDHD)	1222,256,1268,273
65260 (COA7)	1222,256,1268,273
7381 (UQCRB)	1222,256,1268,273
7384 (UQCRC1)	1222,256,1268,273
7385 (UQCRC2)	1222,256,1268,273
7386 (UQCRFS1)	1222,256,1268,273
7388 (UQCRH)	1222,256,1268,273
79133 (NDUFAF5)	1222,256,1268,273
84701 (COX4I2)	1222,256,1268,273
84987 (COX14)	1222,256,1268,273
90639 (COX19)	1222,256,1268,273
9167 (COX7A2L)	1222,256,1268,273
91942 (NDUFAF2)	1222,256,1268,273
9377 (COX5A)	1222,256,1268,273
10476 (ATP5PD)	1344,256,1390,273
10632 (ATP5MG)	1344,256,1390,273
4508 (ATP6)	1344,256,1390,273
4509 (ATP8)	1344,256,1390,273
498 (ATP5F1A)	1344,256,1390,273
506 (ATP5F1B)	1344,256,1390,273
509 (ATP5F1C)	1344,256,1390,273
513 (ATP5F1D)	1344,256,1390,273
514 (ATP5F1E)	1344,256,1390,273
515 (ATP5PB)	1344,256,1390,273
516 (ATP5MC1)	1344,256,1390,273
517 (ATP5MC2)	1344,256,1390,273
518 (ATP5MC3)	1344,256,1390,273
521 (ATP5ME)	1344,256,1390,273
522 (ATP5PF)	1344,256,1390,273
539 (ATP5PO)	1344,256,1390,273
9551 (ATP5MF)	1344,256,1390,273
4878 (NPPA)	197,462,243,479
4879 (NPPB)	197,485,243,502
hsa04714: Thermogenesis	40,45,172,70
hsa04010: MAPK signaling pathway	582,147,682,181
hsa04024: cAMP signaling pathway	449,147,549,181
hsa04022: cGMP-PKG signaling pathway	348,435,445,469
hsa04923: Regulation of lipolysis in adipocytes	383,269,459,308
hsa04150: mTOR signaling pathway	555,578,693,603
hsa00190: Oxidative phosphorylation	1178,175,1319,200
hsa00020: Citrate cycle (TCA cycle)	1289,349,1358,374
