C01342 (NH4+)	720,870,4
C00080 (H+)	689,837,4
C00014 (Ammonia)	650,870,4
G00263 (IV2Fuc,III4Fuc-Lc4-Cer)	374,879,4
C00698 (Cl-)	650,837,4
C00086 (Urea)	135,619,4
G00242 (Sialyl Lewis x antigen)	374,903,4
C00014 (Ammonia)	270,619,4
1432 (MAPK14)	669,482,715,499
5600 (MAPK11)	669,482,715,499
5603 (MAPK13)	669,482,715,499
6300 (MAPK12)	669,482,715,499
3725 (JUN)	738,523,784,540
5599 (MAPK8)	669,523,715,540
5601 (MAPK9)	669,523,715,540
5602 (MAPK10)	669,523,715,540
6416 (MAP2K4)	600,523,646,540
1147 (CHUK)	635,565,681,582
8517 (IKBKG)	635,599,681,616
3551 (IKBKB)	635,582,681,599
4792 (NFKBIA)	738,573,784,590
10312 (TCIRG1)	666,787,712,804
127124 (ATP6V1G3)	666,787,712,804
155066 (ATP6V0E2)	666,787,712,804
23545 (ATP6V0A2)	666,787,712,804
245972 (ATP6V0D2)	666,787,712,804
245973 (ATP6V1C2)	666,787,712,804
50617 (ATP6V0A4)	666,787,712,804
51382 (ATP6V1D)	666,787,712,804
51606 (ATP6V1H)	666,787,712,804
523 (ATP6V1A)	666,787,712,804
525 (ATP6V1B1)	666,787,712,804
526 (ATP6V1B2)	666,787,712,804
527 (ATP6V0C)	666,787,712,804
528 (ATP6V1C1)	666,787,712,804
529 (ATP6V1E1)	666,787,712,804
533 (ATP6V0B)	666,787,712,804
534 (ATP6V1G2)	666,787,712,804
535 (ATP6V0A1)	666,787,712,804
537 (ATP6AP1)	666,787,712,804
8992 (ATP6V0E1)	666,787,712,804
90423 (ATP6V1E2)	666,787,712,804
9114 (ATP6V0D1)	666,787,712,804
9296 (ATP6V1F)	666,787,712,804
9550 (ATP6V1G1)	666,787,712,804
836 (CASP3)	760,736,806,753
5058 (PAK1)	462,547,508,564
4790 (NFKB1)	738,621,784,638
5970 (RELA)	738,621,784,638
6352 (CCL5)	867,621,913,638
2919 (CXCL1)	867,534,913,551
2920 (CXCL2)	867,534,913,551
2921 (CXCL3)	867,534,913,551
3576 (CXCL8)	867,510,913,527
998 (CDC42)	573,435,619,452
5879 (RAC1)	573,413,619,430
9020 (MAP3K14)	532,574,578,591
4233 (MET)	381,148,427,165
150084 (IGSF5)	600,104,646,121
50848 (F11R)	600,104,646,121
58494 (JAM2)	600,104,646,121
83700 (JAM3)	600,104,646,121
5335 (PLCG1)	432,148,478,165
5336 (PLCG2)	432,148,478,165
6868 (ADAM17)	381,238,427,255
1839 (HBEGF)	290,267,336,284
102 (ADAM10)	381,296,427,313
3576 (CXCL8)	290,339,336,356
7082 (TJP1)	571,121,617,138
3577 (CXCR1)	381,339,427,356
3579 (CXCR2)	381,339,427,356
1445 (CSK)	600,371,646,388
1956 (EGFR)	381,267,427,284
4067 (LYN)	520,371,566,388
6714 (SRC)	520,371,566,388
28964 (GIT1)	462,680,508,697
5803 (PTPRZ1)	381,680,427,697
5781 (PTPN11)	600,326,646,343
10392 (NOD1)	532,621,578,638
hsa00190: Oxidative phosphorylation	717,784,870,809
hsa04530: Tight junction	623,126,719,151
hsa04210: Apoptosis	959,324,1048,349
map03070: Bacterial secretion system	221,421,405,446
hsa04010: MAPK signaling pathway	683,250,867,284
hsa05120: Epithelial cell signaling in Helicobacter pylori infection	40,45,559,70
