C00076 (Calcium cation)	502,435,4
C00027 (Hydrogen peroxide)	1411,868,4
C00219 (Arachidonate)	863,1034,4
C00584 (Prostaglandin E2)	863,1081,4
C00575 (3',5'-Cyclic AMP)	193,320,4
C01245 (D-myo-Inositol 1,4,5-trisphosphate)	138,320,4
C00076 (Calcium cation)	138,352,4
C02737 (Phosphatidylserine)	495,529,4
C01074 (N-Acetylgalactosamine)	451,435,4
C01498 (Gelatine)	380,326,4
C00533 (Nitric oxide)	1347,771,4
C00062 (L-Arginine)	1222,772,4
C00165 (Diacylglycerol)	88,321,4
C18287 (Monocyte locomotion inhibitory factor)	893,811,4
3553 (IL1B)	359,176,405,193
4583 (MUC2)	374,225,420,242
2335 (FN1)	374,279,420,296
10319 (LAMC3)	374,298,420,315
22798 (LAMB4)	374,298,420,315
284217 (LAMA1)	374,298,420,315
3908 (LAMA2)	374,298,420,315
3909 (LAMA3)	374,298,420,315
3910 (LAMA4)	374,298,420,315
3911 (LAMA5)	374,298,420,315
3912 (LAMB1)	374,298,420,315
3913 (LAMB2)	374,298,420,315
3914 (LAMB3)	374,298,420,315
3915 (LAMC1)	374,298,420,315
3918 (LAMC2)	374,298,420,315
4790 (NFKB1)	496,176,542,193
5970 (RELA)	496,176,542,193
3576 (CXCL8)	1115,494,1161,511
3569 (IL6)	1115,420,1161,437
836 (CASP3)	466,457,512,474
2919 (CXCL1)	1115,439,1161,456
2920 (CXCL2)	1115,439,1161,456
2921 (CXCL3)	1115,439,1161,456
1437 (CSF2)	1115,458,1161,475
3554 (IL1R1)	424,176,470,193
7850 (IL1R2)	424,176,470,193
7124 (TNF)	1115,513,1161,530
4843 (NOS2)	1278,774,1324,791
7097 (TLR2)	879,504,925,521
7099 (TLR4)	879,504,925,521
102723407 (IGH)	633,388,679,405
3592 (IL12A)	1042,580,1088,597
3593 (IL12B)	1042,580,1088,597
338382 (RAB7B)	503,603,549,620
5868 (RAB5A)	503,603,549,620
5869 (RAB5B)	503,603,549,620
5878 (RAB5C)	503,603,549,620
7879 (RAB7A)	503,603,549,620
3315 (HSPB1)	496,126,542,143
7097 (TLR2)	890,613,936,630
909 (CD1A)	972,613,1018,630
910 (CD1B)	972,613,1018,630
911 (CD1C)	972,613,1018,630
912 (CD1D)	972,613,1018,630
913 (CD1E)	972,613,1018,630
929 (CD14)	879,521,925,538
5290 (PIK3CA)	1295,860,1341,877
5291 (PIK3CB)	1295,860,1341,877
5293 (PIK3CD)	1295,860,1341,877
5295 (PIK3R1)	1295,860,1341,877
5296 (PIK3R2)	1295,860,1341,877
8503 (PIK3R3)	1295,860,1341,877
4790 (NFKB1)	953,504,999,521
5970 (RELA)	953,504,999,521
3458 (IFNG)	1243,654,1289,671
3684 (ITGAM)	1230,860,1276,877
3689 (ITGB2)	1230,860,1276,877
383 (ARG1)	717,737,763,754
384 (ARG2)	717,737,763,754
5052 (PRDX1)	756,917,802,934
102723407 (IGH)	873,1246,919,1263
731 (C8A)	873,1162,919,1179
732 (C8B)	873,1162,919,1179
733 (C8G)	873,1162,919,1179
735 (C9)	873,1181,919,1198
2774 (GNAL)	170,234,216,251
2778 (GNAS)	170,234,216,251
2767 (GNA11)	115,234,161,251
2769 (GNA15)	115,234,161,251
2776 (GNAQ)	115,234,161,251
9630 (GNA14)	115,234,161,251
5578 (PRKCA)	63,379,109,396
5579 (PRKCB)	63,379,109,396
5582 (PRKCG)	63,379,109,396
107 (ADCY1)	170,275,216,292
23236 (PLCB1)	115,275,161,292
5330 (PLCB2)	115,275,161,292
5331 (PLCB3)	115,275,161,292
5332 (PLCB4)	115,275,161,292
5566 (PRKACA)	170,348,216,365
5567 (PRKACB)	170,348,216,365
5568 (PRKACG)	170,348,216,365
3586 (IL10)	1386,1009,1432,1026
7040 (TGFB1)	1386,1071,1432,1088
7042 (TGFB2)	1386,1071,1432,1088
7043 (TGFB3)	1386,1071,1432,1088
1277 (COL1A1)	374,260,420,277
1278 (COL1A2)	374,260,420,277
1282 (COL4A1)	374,260,420,277
1284 (COL4A2)	374,260,420,277
1285 (COL4A3)	374,260,420,277
1286 (COL4A4)	374,260,420,277
1287 (COL4A5)	374,260,420,277
1288 (COL4A6)	374,260,420,277
7414 (VCL)	611,798,657,815
81 (ACTN4)	660,798,706,815
87 (ACTN1)	660,798,706,815
2335 (FN1)	611,614,657,631
1277 (COL1A1)	660,614,706,631
1278 (COL1A2)	660,614,706,631
1281 (COL3A1)	660,614,706,631
1282 (COL4A1)	660,614,706,631
1284 (COL4A2)	660,614,706,631
1285 (COL4A3)	660,614,706,631
1286 (COL4A4)	660,614,706,631
1287 (COL4A5)	660,614,706,631
1288 (COL4A6)	660,614,706,631
5747 (PTK2)	605,695,651,712
1511 (CTSG)	1386,945,1432,962
5269 (SERPINB6)	798,945,844,962
5272 (SERPINB9)	798,945,844,962
5273 (SERPINB10)	798,945,844,962
5275 (SERPINB13)	798,945,844,962
6317 (SERPINB3)	798,945,844,962
6318 (SERPINB4)	798,945,844,962
hsa04620: Toll-like receptor signaling pathway	804,553,915,587
hsa04672: Intestinal immune network for IgA production	715,364,856,389
hsa04210: Apoptosis	687,438,754,463
hsa04144: Endocytosis	473,653,545,678
hsa04612: Antigen processing and presentation	1029,627,1107,661
hsa04610: Complement and coagulation cascades	1003,1194,1121,1219
hsa00590: Arachidonic acid metabolism	700,1007,799,1041
hsa04810: Regulation of actin cytoskeleton	601,832,714,866
hsa04510: Focal adhesion	536,735,628,760
hsa00330: Arginine and proline metabolism	1065,761,1183,795
hsa04210: Apoptosis	1525,823,1592,848
hsa05146: Amoebiasis	40,45,146,70
