C00575 (3',5'-Cyclic AMP)	516,281,4
C00027 (Hydrogen peroxide)	429,828,4
C02140 (Corticosterone)	464,653,4
5621 (PRNP)	887,370,933,387
5621 (PRNP)	263,207,309,224
5621 (PRNP)	263,444,309,461
5621 (PRNP)	263,461,309,478
5621 (PRNP)	263,536,309,553
5621 (PRNP)	492,457,538,474
5621 (PRNP)	492,519,538,536
5621 (PRNP)	664,473,710,490
5621 (PRNP)	665,506,711,523
5621 (PRNP)	858,111,904,128
5621 (PRNP)	1017,111,1063,128
5621 (PRNP)	857,166,903,183
5621 (PRNP)	1018,166,1064,183
5621 (PRNP)	598,99,644,116
5621 (PRNP)	363,96,409,113
5621 (PRNP)	161,465,207,482
5621 (PRNP)	364,146,410,163
5621 (PRNP)	598,144,644,161
5621 (PRNP)	263,255,309,272
5621 (PRNP)	263,322,309,339
5621 (PRNP)	263,519,309,536
5621 (PRNP)	263,402,309,419
5621 (PRNP)	942,556,988,573
5621 (PRNP)	1001,546,1047,563
5621 (PRNP)	1010,584,1056,601
5621 (PRNP)	971,619,1017,636
5621 (PRNP)	928,589,974,606
5621 (PRNP)	263,355,309,372
5621 (PRNP)	446,457,492,474
5621 (PRNP)	446,519,492,536
5621 (PRNP)	263,667,309,684
5621 (PRNP)	263,690,309,707
5621 (PRNP)	263,713,309,730
5621 (PRNP)	1052,225,1098,242
5621 (PRNP)	890,224,936,241
5621 (PRNP)	138,540,184,557
5621 (PRNP)	263,160,309,177
5621 (PRNP)	263,183,309,200
4684 (NCAM1)	438,207,484,224
4685 (NCAM2)	438,207,484,224
3915 (LAMC1)	489,207,535,224
10963 (STIP1)	438,273,484,290
5566 (PRKACA)	550,273,596,290
5567 (PRKACB)	550,273,596,290
5568 (PRKACG)	550,273,596,290
6647 (SOD1)	438,239,484,256
581 (BAX)	438,308,484,325
712 (C1QA)	87,646,133,663
713 (C1QB)	87,646,133,663
714 (C1QC)	87,646,133,663
2534 (FYN)	438,341,484,358
5604 (MAP2K1)	605,687,651,704
5605 (MAP2K2)	605,687,651,704
5594 (MAPK1)	707,687,753,704
5595 (MAPK3)	707,687,753,704
2002 (ELK1)	827,687,873,704
1958 (EGR1)	707,750,753,767
6352 (CCL5)	707,787,753,804
3552 (IL1A)	167,837,213,854
3553 (IL1B)	167,837,213,854
3569 (IL6)	167,859,213,876
4851 (NOTCH1)	296,758,342,775
100506742 (CASP12)	1103,298,1149,315
3303 (HSPA1A)	508,652,554,669
727 (C5)	298,620,344,637
729 (C6)	298,620,344,637
730 (C7)	298,620,344,637
731 (C8A)	298,620,344,637
732 (C8B)	298,620,344,637
733 (C8G)	298,620,344,637
735 (C9)	298,620,344,637
3309 (HSPA5)	1011,199,1057,216
hsa05020: Prion diseases	40,45,181,70
hsa04144: Endocytosis	365,593,481,618
hsa03050: Proteasome	1001,334,1117,359
hsa04142: Lysosome	587,591,703,616
hsa04610: Complement and coagulation cascades	42,710,158,744
hsa04210: Apoptosis	717,305,833,330
hsa04140: Autophagy - animal	1025,655,1141,689
hsa04330: Notch signaling pathway	440,720,556,754
