C02166 (Leukotriene C4)	756,957,4
C05951 (Leukotriene D4)	756,957,4
C05952 (Leukotriene E4)	756,957,4
C04598 (2-Acetyl-1-alkyl-sn-glycero-3-phosphocholine)	756,243,4
C02465 (Triiodothyronine)	1167,874,4
C01829 (Thyroxine)	1167,874,4
C00735 (Cortisol)	1167,772,4
C05113 (Porphyrin)	1167,721,4
C16512 (Palmitoylethanolamide)	1167,678,4
C11695 (Anandamide)	1167,647,4
C12272 (N-Oleoyl dopamine)	1167,616,4
C12271 (N-Arachidonyl dopamine)	1167,586,4
C00245 (Taurine)	1167,545,4
C00099 (beta-Alanine)	1167,517,4
C00037 (Glycine)	1167,487,4
C16511 (L-Homocysteic acid)	1167,448,4
C00506 (L-Cysteate)	1167,418,4
C00049 (L-Aspartate)	1167,391,4
C00025 (L-Glutamate)	1167,361,4
C00002 (ATP)	1167,326,4
C00075 (UTP)	1167,326,4
C00008 (ADP)	1167,326,4
C00015 (UDP)	1167,326,4
C00334 (4-Aminobutanoate)	1167,195,4
C12270 (N-Acetylaspartylglutamate)	1167,152,4
C00334 (4-Aminobutanoate)	963,932,4
C00025 (L-Glutamate)	963,881,4
C00049 (L-Aspartate)	963,881,4
C00506 (L-Cysteate)	963,881,4
C02165 (Leukotriene B4)	756,709,4
C06124 (Sphingosine 1-phosphate)	756,630,4
C01120 (Sphinganine 1-phosphate)	756,630,4
C00681 (1-Acyl-sn-glycerol 3-phosphate)	756,579,4
C01598 (Melatonin)	756,492,4
C11695 (Anandamide)	756,167,4
C13856 (2-Arachidonoylglycerol)	756,167,4
C00002 (ATP)	547,974,4
C00075 (UTP)	547,974,4
C00008 (ADP)	547,974,4
C00015 (UDP)	547,974,4
C00212 (Adenosine)	547,931,4
C02198 (Thromboxane A2)	547,849,4
C01312 (Prostaglandin I2)	547,789,4
C00639 (Prostaglandin F2alpha)	547,742,4
C00584 (Prostaglandin E2)	547,698,4
C00696 (Prostaglandin D2)	547,653,4
C06314 (Lipoxin A4)	139,823,4
C00483 (Tyramine)	139,443,4
C00398 (Tryptamine)	139,443,4
C04227 (Octopamine)	139,443,4
C00388 (Histamine)	139,341,4
C03758 (Dopamine)	139,290,4
C00788 (L-Adrenaline)	139,239,4
C00547 (L-Noradrenaline)	139,239,4
C01996 (Acetylcholine)	139,188,4
C01996 (Acetylcholine)	1167,229,4
C00780 (Serotonin)	136,391,4
C15890 (Endomorphin-1)	340,656,4
C15891 (Endomorphin-2)	340,656,4
C15995 (Bombesin)	139,618,4
C01516 (Morphine)	340,637,4
C06865 (Calcitonin)	961,159,4
1511 (CTSG)	505,264,551,281
2147 (F2)	505,264,551,281
3001 (GZMA)	505,264,551,281
5340 (PLG)	505,264,551,281
5644 (PRSS1)	505,264,551,281
5645 (PRSS2)	505,264,551,281
5646 (PRSS3)	505,264,551,281
4142 (MAS1)	797,783,843,800
2847 (MCHR1)	589,402,635,419
84539 (MCHR2)	589,402,635,419
1081 (CGA)	505,554,551,571
7252 (TSHB)	505,554,551,571
1081 (CGA)	505,502,551,519
3972 (LHB)	505,502,551,519
1081 (CGA)	505,452,551,469
2488 (FSHB)	505,452,551,469
6870 (TACR3)	382,966,428,983
6865 (TACR2)	382,924,428,941
84634 (KISS1R)	382,212,428,229
5617 (PRL)	1125,967,1171,984
5618 (PRLR)	1209,967,1255,984
3953 (LEPR)	1209,916,1255,933
7067 (THRA)	1209,865,1255,882
7068 (THRB)	1209,865,1255,882
3952 (LEP)	1125,916,1171,933
1442 (CSH1)	1125,814,1171,831
1443 (CSH2)	1125,814,1171,831
2688 (GH1)	1125,814,1171,831
2689 (GH2)	1125,814,1171,831
2690 (GHR)	1209,814,1255,831
2908 (NR3C1)	1209,763,1255,780
706 (TSPO)	1209,712,1255,729
7442 (TRPV1)	1210,622,1256,639
2741 (GLRA1)	1210,508,1256,525
2742 (GLRA2)	1210,508,1256,525
2743 (GLRB)	1210,508,1256,525
8001 (GLRA3)	1210,508,1256,525
116443 (GRIN3A)	1209,395,1255,412
116444 (GRIN3B)	1209,395,1255,412
2890 (GRIA1)	1209,395,1255,412
2891 (GRIA2)	1209,395,1255,412
2892 (GRIA3)	1209,395,1255,412
2893 (GRIA4)	1209,395,1255,412
2894 (GRID1)	1209,395,1255,412
2895 (GRID2)	1209,395,1255,412
2897 (GRIK1)	1209,395,1255,412
2898 (GRIK2)	1209,395,1255,412
2899 (GRIK3)	1209,395,1255,412
2900 (GRIK4)	1209,395,1255,412
2901 (GRIK5)	1209,395,1255,412
2902 (GRIN1)	1209,395,1255,412
2903 (GRIN2A)	1209,395,1255,412
2904 (GRIN2B)	1209,395,1255,412
2905 (GRIN2C)	1209,395,1255,412
2906 (GRIN2D)	1209,395,1255,412
22953 (P2RX2)	1209,317,1255,334
5023 (P2RX1)	1209,317,1255,334
5024 (P2RX3)	1209,317,1255,334
5025 (P2RX4)	1209,317,1255,334
5026 (P2RX5)	1209,317,1255,334
5027 (P2RX7)	1209,317,1255,334
9127 (P2RX6)	1209,317,1255,334
200959 (GABRR3)	1209,187,1255,204
2554 (GABRA1)	1209,187,1255,204
2555 (GABRA2)	1209,187,1255,204
2556 (GABRA3)	1209,187,1255,204
2557 (GABRA4)	1209,187,1255,204
2558 (GABRA5)	1209,187,1255,204
2559 (GABRA6)	1209,187,1255,204
2560 (GABRB1)	1209,187,1255,204
2561 (GABRB2)	1209,187,1255,204
2562 (GABRB3)	1209,187,1255,204
2563 (GABRD)	1209,187,1255,204
2564 (GABRE)	1209,187,1255,204
2565 (GABRG1)	1209,187,1255,204
2566 (GABRG2)	1209,187,1255,204
2567 (GABRG3)	1209,187,1255,204
2568 (GABRP)	1209,187,1255,204
2569 (GABRR1)	1209,187,1255,204
2570 (GABRR2)	1209,187,1255,204
55879 (GABRQ)	1209,187,1255,204
116443 (GRIN3A)	1209,142,1255,159
116444 (GRIN3B)	1209,142,1255,159
2902 (GRIN1)	1209,142,1255,159
2903 (GRIN2A)	1209,142,1255,159
2904 (GRIN2B)	1209,142,1255,159
2905 (GRIN2C)	1209,142,1255,159
2906 (GRIN2D)	1209,142,1255,159
2834 (PRLHR)	589,322,635,339
2831 (NPBWR1)	382,539,428,556
2832 (NPBWR2)	382,539,428,556
2862 (MLNR)	382,322,428,339
165829 (GPR156)	1004,923,1050,940
2550 (GABBR1)	1004,923,1050,940
9568 (GABBR2)	1004,923,1050,940
2911 (GRM1)	1004,872,1050,889
2912 (GRM2)	1004,872,1050,889
2913 (GRM3)	1004,872,1050,889
2914 (GRM4)	1004,872,1050,889
2915 (GRM5)	1004,872,1050,889
2916 (GRM6)	1004,872,1050,889
2917 (GRM7)	1004,872,1050,889
2918 (GRM8)	1004,872,1050,889
7433 (VIPR1)	1004,703,1050,720
7434 (VIPR2)	1004,703,1050,720
6344 (SCTR)	1004,644,1050,661
117 (ADCYAP1R1)	1004,585,1050,602
5745 (PTH1R)	1004,527,1050,544
5746 (PTH2R)	1004,527,1050,544
2692 (GHRHR)	1004,469,1050,486
2740 (GLP1R)	1004,410,1050,427
9340 (GLP2R)	1004,410,1050,427
2642 (GCGR)	1004,352,1050,369
2696 (GIPR)	1004,294,1050,311
1394 (CRHR1)	1004,235,1050,252
1395 (CRHR2)	1004,235,1050,252
10203 (CALCRL)	1004,163,1050,180
799 (CALCR)	1004,163,1050,180
10800 (CYSLTR1)	797,949,843,966
57105 (CYSLTR2)	797,949,843,966
122042 (RXFP2)	797,866,843,883
339403 (RXFP4)	797,866,843,883
51289 (RXFP3)	797,866,843,883
59350 (RXFP1)	797,866,843,883
1241 (LTB4R)	797,700,843,717
56413 (LTB4R2)	797,700,843,717
1901 (S1PR1)	797,621,843,638
1903 (S1PR3)	797,621,843,638
53637 (S1PR5)	797,621,843,638
8698 (S1PR4)	797,621,843,638
9294 (S1PR2)	797,621,843,638
1902 (LPAR1)	797,570,843,587
23566 (LPAR3)	797,570,843,587
2846 (LPAR4)	797,570,843,587
9170 (LPAR2)	797,570,843,587
4543 (MTNR1A)	797,483,843,500
4544 (MTNR1B)	797,483,843,500
9248 (GPR50)	797,483,843,500
7201 (TRHR)	797,400,843,417
2798 (GNRHR)	797,317,843,334
5724 (PTAFR)	798,234,844,251
1268 (CNR1)	797,158,843,175
1269 (CNR2)	797,158,843,175
10161 (LPAR6)	589,965,635,982
27334 (P2RY10)	589,965,635,982
2846 (LPAR4)	589,965,635,982
2859 (GPR35)	589,965,635,982
286530 (P2RY8)	589,965,635,982
5028 (P2RY1)	589,965,635,982
5029 (P2RY2)	589,965,635,982
5030 (P2RY4)	589,965,635,982
5031 (P2RY6)	589,965,635,982
5032 (P2RY11)	589,965,635,982
53829 (P2RY13)	589,965,635,982
9934 (P2RY14)	589,965,635,982
134 (ADORA1)	589,922,635,939
135 (ADORA2A)	589,922,635,939
136 (ADORA2B)	589,922,635,939
140 (ADORA3)	589,922,635,939
6915 (TBXA2R)	589,840,635,857
5739 (PTGIR)	589,780,635,797
5737 (PTGFR)	589,733,635,750
5731 (PTGER1)	589,689,635,706
5732 (PTGER2)	589,689,635,706
5733 (PTGER3)	589,689,635,706
5734 (PTGER4)	589,689,635,706
5729 (PTGDR)	589,644,635,661
7253 (TSHR)	589,554,635,571
3973 (LHCGR)	589,502,635,519
2492 (FSHR)	589,452,635,469
10316 (NMUR1)	382,376,428,393
56923 (NMUR2)	382,376,428,393
2837 (UTS2R)	589,158,635,175
10886 (NPFFR2)	382,430,428,447
64106 (NPFFR1)	382,430,428,447
3061 (HCRTR1)	382,713,428,730
3062 (HCRTR2)	382,713,428,730
2149 (F2R)	589,264,635,281
2150 (F2RL1)	589,264,635,281
2151 (F2RL2)	589,264,635,281
56288 (PARD3)	589,264,635,281
9002 (F2RL3)	589,264,635,281
2587 (GALR1)	180,967,226,984
8484 (GALR3)	180,967,226,984
8811 (GALR2)	180,967,226,984
5021 (OXTR)	382,768,428,785
552 (AVPR1A)	589,211,635,228
553 (AVPR1B)	589,211,635,228
554 (AVPR2)	589,211,635,228
6869 (TACR1)	382,879,428,896
6751 (SSTR1)	382,826,428,843
6752 (SSTR2)	382,826,428,843
6753 (SSTR3)	382,826,428,843
6754 (SSTR4)	382,826,428,843
6755 (SSTR5)	382,826,428,843
4985 (OPRD1)	382,648,428,665
4986 (OPRK1)	382,648,428,665
4987 (OPRL1)	382,648,428,665
4988 (OPRM1)	382,648,428,665
23620 (NTSR2)	382,593,428,610
4923 (NTSR1)	382,593,428,610
100996758 (NPY4R2)	382,484,428,501
10888 (GPR83)	382,484,428,501
4886 (NPY1R)	382,484,428,501
4887 (NPY2R)	382,484,428,501
4889 (NPY5R)	382,484,428,501
5540 (NPY4R)	382,484,428,501
4157 (MC1R)	382,267,428,284
4158 (MC2R)	382,267,428,284
4159 (MC3R)	382,267,428,284
4160 (MC4R)	382,267,428,284
4161 (MC5R)	382,267,428,284
2693 (GHSR)	382,158,428,175
1909 (EDNRA)	180,916,226,933
1910 (EDNRB)	180,916,226,933
886 (CCKAR)	180,865,226,882
887 (CCKBR)	180,865,226,882
187 (APLNR)	180,577,226,594
2357 (FPR1)	180,814,226,831
2358 (FPR2)	180,814,226,831
2359 (FPR3)	180,814,226,831
728 (C5AR1)	180,763,226,780
719 (C3AR1)	180,734,226,751
623 (BDKRB1)	180,683,226,700
624 (BDKRB2)	180,683,226,700
2925 (GRPR)	180,624,226,641
4829 (NMBR)	180,624,226,641
680 (BRS3)	180,624,226,641
185 (AGTR1)	180,526,226,543
186 (AGTR2)	180,526,226,543
134860 (TAAR9)	180,434,226,451
134864 (TAAR1)	180,434,226,451
319100 (TAAR6)	180,434,226,451
83551 (TAAR8)	180,434,226,451
9038 (TAAR5)	180,434,226,451
9287 (TAAR2)	180,434,226,451
3350 (HTR1A)	180,383,226,400
3351 (HTR1B)	180,383,226,400
3352 (HTR1D)	180,383,226,400
3354 (HTR1E)	180,383,226,400
3355 (HTR1F)	180,383,226,400
3356 (HTR2A)	180,383,226,400
3357 (HTR2B)	180,383,226,400
3358 (HTR2C)	180,383,226,400
3360 (HTR4)	180,383,226,400
3361 (HTR5A)	180,383,226,400
3362 (HTR6)	180,383,226,400
3363 (HTR7)	180,383,226,400
11255 (HRH3)	180,332,226,349
3269 (HRH1)	180,332,226,349
3274 (HRH2)	180,332,226,349
59340 (HRH4)	180,332,226,349
1812 (DRD1)	180,281,226,298
1813 (DRD2)	180,281,226,298
1814 (DRD3)	180,281,226,298
1815 (DRD4)	180,281,226,298
1816 (DRD5)	180,281,226,298
146 (ADRA1D)	180,230,226,247
147 (ADRA1B)	180,230,226,247
148 (ADRA1A)	180,230,226,247
150 (ADRA2A)	180,230,226,247
151 (ADRA2B)	180,230,226,247
152 (ADRA2C)	180,230,226,247
153 (ADRB1)	180,230,226,247
154 (ADRB2)	180,230,226,247
155 (ADRB3)	180,230,226,247
1128 (CHRM1)	180,179,226,196
1129 (CHRM2)	180,179,226,196
1131 (CHRM3)	180,179,226,196
1132 (CHRM4)	180,179,226,196
1133 (CHRM5)	180,179,226,196
1134 (CHRNA1)	1209,242,1255,259
1135 (CHRNA2)	1209,242,1255,259
1136 (CHRNA3)	1209,242,1255,259
1137 (CHRNA4)	1209,242,1255,259
1138 (CHRNA5)	1209,242,1255,259
1139 (CHRNA7)	1209,242,1255,259
1140 (CHRNB1)	1209,242,1255,259
1141 (CHRNB2)	1209,242,1255,259
1142 (CHRNB3)	1209,242,1255,259
1143 (CHRNB4)	1209,242,1255,259
1144 (CHRND)	1209,242,1255,259
1145 (CHRNE)	1209,242,1255,259
1146 (CHRNG)	1209,242,1255,259
55584 (CHRNA9)	1209,242,1255,259
57053 (CHRNA10)	1209,242,1255,259
8973 (CHRNA6)	1209,242,1255,259
183 (AGT)	96,527,142,544
8862 (APLN)	96,578,142,595
2922 (GRP)	96,633,142,650
4828 (NMB)	96,633,142,650
3827 (KNG1)	96,684,142,701
718 (C3)	96,734,142,751
727 (C5)	96,764,142,781
885 (CCK)	96,865,142,882
1906 (EDN1)	96,918,142,933
1907 (EDN2)	96,918,142,933
1908 (EDN3)	96,918,142,933
51083 (GAL)	96,967,142,984
51738 (GHRL)	298,158,344,175
3814 (KISS1)	299,212,345,229
5443 (POMC)	299,267,345,284
4295 (MLN)	299,323,345,340
10874 (NMU)	299,377,345,394
8620 (NPFF)	299,431,345,448
4852 (NPY)	299,485,345,502
5539 (PPY)	299,485,345,502
5697 (PYY)	299,485,345,502
256933 (NPB)	299,540,345,557
283869 (NPW)	299,540,345,557
4922 (NTS)	299,594,345,611
3060 (HCRT)	299,714,345,731
5020 (OXT)	298,769,344,786
1325 (CORT)	298,827,344,844
6750 (SST)	298,827,344,844
255061 (TAC4)	299,880,345,897
6863 (TAC1)	299,880,345,897
6863 (TAC1)	299,924,345,941
6866 (TAC3)	299,966,345,983
10911 (UTS2)	505,158,551,175
551 (AVP)	505,211,551,228
51052 (PRLH)	505,322,551,339
5367 (PMCH)	505,402,551,419
2796 (GNRH1)	714,318,760,335
2797 (GNRH2)	714,318,760,335
183 (AGT)	712,784,758,801
10022 (INSL5)	713,867,759,884
117579 (RLN3)	713,867,759,884
3640 (INSL3)	713,867,759,884
6013 (RLN1)	713,867,759,884
6019 (RLN2)	713,867,759,884
7200 (TRH)	714,400,760,417
133 (ADM)	921,175,967,192
3375 (IAPP)	921,175,967,192
796 (CALCA)	921,175,967,192
797 (CALCB)	921,175,967,192
114131 (UCN3)	921,236,967,253
1392 (CRH)	921,236,967,253
7349 (UCN)	921,236,967,253
90226 (UCN2)	921,236,967,253
2695 (GIP)	921,294,967,311
2641 (GCG)	921,352,967,369
2641 (GCG)	921,410,967,427
2691 (GHRH)	921,469,967,486
113091 (PTH2)	921,528,967,545
5741 (PTH)	921,528,967,545
116 (ADCYAP1)	921,585,967,602
6343 (SCT)	921,644,967,661
7432 (VIP)	921,703,967,720
5173 (PDYN)	299,667,345,684
5179 (PENK)	299,667,345,684
5443 (POMC)	299,667,345,684
432355 (SLURP2)	1125,271,1171,288
57152 (SLURP1)	1125,271,1171,288
hsa04080: Neuroactive ligand-receptor interaction	40,45,404,70
