10801 (SEPTIN9)	209,632,255,649
124404 (SEPTIN12)	209,632,255,649
1731 (SEPTIN1)	209,632,255,649
23157 (SEPTIN6)	209,632,255,649
23176 (SEPTIN8)	209,632,255,649
4735 (SEPTIN2)	209,632,255,649
55752 (SEPTIN11)	209,632,255,649
55964 (SEPTIN3)	209,632,255,649
1499 (CTNNB1)	128,253,174,270
1495 (CTNNA1)	128,270,173,289
1496 (CTNNA2)	128,270,173,289
29119 (CTNNA3)	128,270,173,289
5879 (RAC1)	210,421,256,438
999 (CDH1)	153,200,199,217
79658 (ARHGAP10)	128,287,174,304
998 (CDC42)	157,421,203,438
6714 (SRC)	430,273,476,290
2017 (CTTN)	429,241,475,258
3059 (HCLS1)	429,241,475,258
3678 (ITGA5)	490,200,536,217
3688 (ITGB1)	490,200,536,217
10092 (ARPC5)	210,518,256,535
10093 (ARPC4)	210,518,256,535
10094 (ARPC3)	210,518,256,535
10095 (ARPC1B)	210,518,256,535
10109 (ARPC2)	210,518,256,535
10552 (ARPC1A)	210,518,256,535
81873 (ARPC5L)	210,518,256,535
60 (ACTB)	210,566,256,583
71 (ACTG1)	210,566,256,583
1793 (DOCK1)	211,355,257,372
5829 (PXN)	432,390,478,407
5747 (PTK2)	429,305,475,322
1398 (CRK)	210,304,256,321
1399 (CRKL)	210,304,256,321
23607 (CD2AP)	278,267,324,284
5290 (PIK3CA)	159,326,205,343
5291 (PIK3CB)	159,326,205,343
5293 (PIK3CD)	159,326,205,343
5295 (PIK3R1)	159,326,205,343
5296 (PIK3R2)	159,326,205,343
8503 (PIK3R3)	159,326,205,343
867 (CBL)	278,214,324,231
4233 (MET)	210,200,256,217
1759 (DNM1)	347,241,393,258
1785 (DNM2)	347,241,393,258
26052 (DNM3)	347,241,393,258
9564 (BCAR1)	429,322,475,339
1211 (CLTA)	329,268,375,285
1212 (CLTB)	329,268,375,285
1213 (CLTC)	329,268,375,285
8218 (CLTCL1)	329,268,375,285
10163 (WASF2)	209,469,255,486
8936 (WASF1)	209,469,255,486
8976 (WASL)	158,469,204,486
2549 (GAB1)	210,252,256,269
25759 (SHC2)	278,241,324,258
399694 (SHC4)	278,241,324,258
53358 (SHC3)	278,241,324,258
6464 (SHC1)	278,241,324,258
2335 (FN1)	490,171,536,188
857 (CAV1)	380,268,426,285
858 (CAV2)	380,268,426,285
859 (CAV3)	380,268,426,285
3611 (ILK)	494,306,540,323
391 (RHOG)	832,335,878,352
26084 (ARHGEF26)	832,297,878,314
1793 (DOCK1)	832,411,878,428
1398 (CRK)	905,411,951,428
1399 (CRKL)	905,411,951,428
5879 (RAC1)	760,421,806,438
998 (CDC42)	710,421,756,438
10092 (ARPC5)	760,518,806,535
10093 (ARPC4)	760,518,806,535
10094 (ARPC3)	760,518,806,535
10095 (ARPC1B)	760,518,806,535
10109 (ARPC2)	760,518,806,535
10552 (ARPC1A)	760,518,806,535
81873 (ARPC5L)	760,518,806,535
60 (ACTB)	760,566,806,583
71 (ACTG1)	760,566,806,583
10163 (WASF2)	760,469,806,486
8936 (WASF1)	760,469,806,486
8976 (WASL)	710,469,756,486
10459 (MAD2L2)	1082,208,1128,225
7414 (VCL)	1047,559,1093,576
387 (RHOA)	1020,508,1066,525
63916 (ELMO2)	832,372,878,389
79767 (ELMO3)	832,372,878,389
9844 (ELMO1)	832,372,878,389
hsa05100: Bacterial invasion of epithelial cells	40,45,390,70
hsa04512: ECM-receptor interaction	464,62,556,96
hsa04810: Regulation of actin cytoskeleton	473,497,573,531
map03070: Bacterial secretion system	784,153,876,187
hsa04144: Endocytosis	340,200,432,225
hsa04510: Focal adhesion	293,353,385,378
hsa04110: Cell cycle	1056,149,1148,174
