C04549 (1-Phosphatidyl-1D-myo-inositol 3-phosphate)	916,962,4
C01194 (1-Phosphatidyl-D-myo-inositol)	822,933,4
C00338 (Lipopolysaccharide)	259,653,4
C00076 (Calcium cation)	614,1091,4
C06124 (Sphingosine 1-phosphate)	578,1091,4
C01561 (Calcidiol)	740,895,4
C01673 (Calcitriol)	846,867,4
C21790 (Trehalose dimycolate)	259,368,4
C19190 (Trehalose-6,6'-dibehenate)	259,368,4
C00076 (Calcium cation)	643,221,4
C01561 (Calcidiol)	700,895,4
G13114 (Lipoarabinomannan)	259,499,4
G13108 (Triacylated phosphatidyl-myo-inositol dimannoside)	259,514,4
G13109 (Tetraacylated phosphatidyl-myo-inositol dimannoside)	259,514,4
G13106 (Triacylated phosphatidyl-myo-inositol hexamannoside)	259,514,4
G13112 (Tetraacylated phosphatidyl-myo-inositol hexamannoside)	259,514,4
G13101 (Lipomannan)	259,528,4
G13115 (Mannose-capped lipoarabinomannan)	259,712,4
G13115 (Mannose-capped lipoarabinomannan)	259,814,4
G13106 (Triacylated phosphatidyl-myo-inositol hexamannoside)	259,789,4
G13112 (Tetraacylated phosphatidyl-myo-inositol hexamannoside)	259,789,4
G13108 (Triacylated phosphatidyl-myo-inositol dimannoside)	259,954,4
G13109 (Tetraacylated phosphatidyl-myo-inositol dimannoside)	259,954,4
G13106 (Triacylated phosphatidyl-myo-inositol hexamannoside)	259,954,4
G13112 (Tetraacylated phosphatidyl-myo-inositol hexamannoside)	259,954,4
G13105 (Triacylated phosphatidyl-myo-inositol pentamannoside)	259,1050,4
G13113 (Tetraacylated phosphatidyl-myo-inositol pentamannoside)	259,1050,4
G13106 (Triacylated phosphatidyl-myo-inositol hexamannoside)	259,1050,4
G13115 (Mannose-capped lipoarabinomannan)	259,1088,4
G13101 (Lipomannan)	259,801,4
22925 (PLA2R1)	471,1044,517,1061
4360 (MRC1)	471,1044,517,1061
9902 (MRC2)	471,1044,517,1061
10332 (CLEC4M)	471,792,517,809
30835 (CD209)	471,792,517,809
5894 (RAF1)	698,721,744,738
3586 (IL10)	1260,783,1306,800
5868 (RAB5A)	841,971,887,988
5869 (RAB5B)	841,971,887,988
5878 (RAB5C)	841,971,887,988
5289 (PIK3C3)	841,954,887,971
10312 (TCIRG1)	1112,954,1158,971
23545 (ATP6V0A2)	1112,954,1158,971
245972 (ATP6V0D2)	1112,954,1158,971
50617 (ATP6V0A4)	1112,954,1158,971
51606 (ATP6V1H)	1112,954,1158,971
527 (ATP6V0C)	1112,954,1158,971
533 (ATP6V0B)	1112,954,1158,971
535 (ATP6V0A1)	1112,954,1158,971
537 (ATP6AP1)	1112,954,1158,971
9114 (ATP6V0D1)	1112,954,1158,971
8411 (EEA1)	950,954,996,971
3916 (LAMP1)	1112,974,1158,991
3920 (LAMP2)	1112,974,1158,991
7879 (RAB7A)	1024,954,1070,971
1509 (CTSD)	1112,934,1158,951
163688 (CALML6)	649,1083,695,1100
51806 (CALML5)	649,1083,695,1100
801 (CALM1)	649,1083,695,1100
805 (CALM2)	649,1083,695,1100
808 (CALM3)	649,1083,695,1100
810 (CALML3)	649,1083,695,1100
91860 (CALML4)	649,1083,695,1100
815 (CAMK2A)	759,978,805,995
816 (CAMK2B)	759,978,805,995
817 (CAMK2D)	759,978,805,995
818 (CAMK2G)	759,978,805,995
5868 (RAB5A)	950,971,996,988
5869 (RAB5B)	950,971,996,988
5878 (RAB5C)	950,971,996,988
56848 (SPHK2)	499,1083,545,1100
8877 (SPHK1)	499,1083,545,1100
2209 (FCGR1A)	471,1171,517,1188
2212 (FCGR2A)	471,1171,517,1188
2213 (FCGR2B)	471,1171,517,1188
2214 (FCGR3A)	471,1171,517,1188
2215 (FCGR3B)	471,1171,517,1188
9103 (FCGR2C)	471,1171,517,1188
11151 (CORO1A)	893,1039,939,1056
5530 (PPP3CA)	759,1123,805,1140
5532 (PPP3CB)	759,1123,805,1140
5533 (PPP3CC)	759,1123,805,1140
5534 (PPP3R1)	759,1123,805,1140
5535 (PPP3R2)	759,1123,805,1140
3689 (ITGB2)	471,954,517,971
3684 (ITGAM)	471,937,517,954
1387 (CREBBP)	909,236,955,253
2033 (EP300)	909,236,955,253
6772 (STAT1)	772,259,818,276
3716 (JAK1)	594,259,640,276
3717 (JAK2)	594,259,640,276
3460 (IFNGR2)	408,267,454,284
3458 (IFNG)	337,250,383,267
5993 (RFX5)	1057,240,1103,257
5994 (RFXAP)	1057,240,1103,257
8625 (RFXANK)	1057,240,1103,257
1385 (CREB1)	1057,278,1103,295
4800 (NFYA)	1057,259,1103,276
4801 (NFYB)	1057,259,1103,276
4802 (NFYC)	1057,259,1103,276
7097 (TLR2)	408,564,454,581
1051 (CEBPB)	923,387,969,404
1054 (CEBPG)	923,387,969,404
4261 (CIITA)	987,259,1033,276
5594 (MAPK1)	835,596,881,613
5595 (MAPK3)	835,596,881,613
4790 (NFKB1)	835,510,881,527
5970 (RELA)	835,510,881,527
7189 (TRAF6)	700,596,746,613
929 (CD14)	408,657,454,674
4615 (MYD88)	484,597,530,614
51135 (IRAK4)	562,596,608,613
7099 (TLR4)	408,621,454,638
10333 (TLR6)	408,581,454,598
7096 (TLR1)	408,581,454,598
836 (CASP3)	1087,101,1133,118
7124 (TNF)	337,102,383,119
7132 (TNFRSF1A)	408,101,454,118
8717 (TRADD)	607,84,653,101
8772 (FADD)	607,101,653,118
10000 (AKT3)	694,162,740,179
207 (AKT1)	694,162,740,179
208 (AKT2)	694,162,740,179
843 (CASP10)	866,82,912,99
841 (CASP8)	693,101,739,118
637 (BID)	788,129,834,146
54205 (CYCS)	987,145,1033,162
317 (APAF1)	987,179,1033,196
572 (BAD)	788,162,834,179
842 (CASP9)	987,162,1033,179
596 (BCL2)	884,162,930,179
581 (BAX)	884,129,930,146
972 (CD74)	1159,270,1205,287
3108 (HLA-DMA)	1159,248,1205,265
3109 (HLA-DMB)	1159,248,1205,265
3111 (HLA-DOA)	1159,248,1205,265
3112 (HLA-DOB)	1159,248,1205,265
3113 (HLA-DPA1)	1159,248,1205,265
3115 (HLA-DPB1)	1159,248,1205,265
3117 (HLA-DQA1)	1159,248,1205,265
3118 (HLA-DQA2)	1159,248,1205,265
3119 (HLA-DQB1)	1159,248,1205,265
3122 (HLA-DRA)	1159,248,1205,265
3123 (HLA-DRB1)	1159,248,1205,265
3125 (HLA-DRB3)	1159,248,1205,265
3126 (HLA-DRB4)	1159,248,1205,265
3127 (HLA-DRB5)	1159,248,1205,265
102723407 (IGH)	337,1172,383,1189
1520 (CTSS)	743,307,789,324
3586 (IL10)	337,307,383,324
3587 (IL10RA)	408,299,454,316
7124 (TNF)	1259,472,1305,489
3592 (IL12A)	1259,518,1305,535
3593 (IL12B)	1259,518,1305,535
3552 (IL1A)	1259,587,1305,604
3553 (IL1B)	1259,587,1305,604
114609 (TIRAP)	484,580,530,597
54106 (TLR9)	622,674,668,691
3439 (IFNA1)	1260,663,1306,680
3440 (IFNA2)	1260,663,1306,680
3441 (IFNA4)	1260,663,1306,680
3442 (IFNA5)	1260,663,1306,680
3443 (IFNA6)	1260,663,1306,680
3444 (IFNA7)	1260,663,1306,680
3445 (IFNA8)	1260,663,1306,680
3446 (IFNA10)	1260,663,1306,680
3447 (IFNA13)	1260,663,1306,680
3448 (IFNA14)	1260,663,1306,680
3449 (IFNA16)	1260,663,1306,680
3451 (IFNA17)	1260,663,1306,680
3452 (IFNA21)	1260,663,1306,680
3569 (IL6)	1259,495,1305,512
23365 (ARHGEF12)	514,743,560,760
387 (RHOA)	535,726,581,743
4046 (LSP1)	557,765,603,782
8844 (KSR1)	603,773,649,790
1263 (PLK3)	603,756,649,773
3687 (ITGAX)	471,900,517,917
3689 (ITGB2)	471,917,517,934
1378 (CR1)	471,880,517,897
1379 (CR1L)	471,880,517,897
3929 (LBP)	337,528,383,545
7421 (VDR)	918,859,964,876
1594 (CYP27B1)	770,847,816,864
820 (CAMP)	1259,858,1305,875
3606 (IL18)	1259,541,1305,558
51561 (IL23A)	1259,564,1305,581
64127 (NOD2)	645,484,691,501
8767 (RIPK2)	718,484,764,501
64581 (CLEC7A)	408,415,454,432
6850 (SYK)	508,395,554,412
6714 (SRC)	449,432,495,449
64170 (CARD9)	666,395,712,412
10892 (MALT1)	666,378,712,395
8915 (BCL10)	666,412,712,429
26253 (CLEC4E)	408,359,454,376
2207 (FCER1G)	431,376,477,393
3459 (IFNGR1)	408,250,454,267
3329 (HSPD1)	218,661,264,678
3313 (HSPA9)	217,621,263,638
5599 (MAPK8)	835,618,881,635
5601 (MAPK9)	835,618,881,635
5602 (MAPK10)	835,618,881,635
1432 (MAPK14)	835,573,881,590
5600 (MAPK11)	835,573,881,590
5603 (MAPK13)	835,573,881,590
6300 (MAPK12)	835,573,881,590
815 (CAMK2A)	690,223,736,240
816 (CAMK2B)	690,223,736,240
817 (CAMK2D)	690,223,736,240
818 (CAMK2G)	690,223,736,240
7040 (TGFB1)	1260,806,1306,823
7042 (TGFB2)	1260,806,1306,823
7043 (TGFB3)	1260,806,1306,823
3654 (IRAK1)	631,596,677,613
3656 (IRAK2)	631,596,677,613
3588 (IL10RB)	408,316,454,333
718 (C3)	337,880,383,897
718 (C3)	337,909,383,926
4843 (NOS2)	1259,405,1305,422
929 (CD14)	408,528,454,545
4615 (MYD88)	705,674,751,691
3456 (IFNB1)	1260,686,1306,703
hsa05152: Tuberculosis	40,45,171,70
hsa04620: Toll-like receptor signaling pathway	579,554,695,588
hsa04210: Apoptosis	1264,126,1359,160
hsa04630: JAK-STAT signaling pathway	770,216,887,250
hsa04612: Antigen processing and presentation	1259,282,1375,316
hsa04621: NOD-like receptor signaling pathway	576,440,692,474
hsa04010: MAPK signaling pathway	802,639,918,673
map00517	50,515,197,549
