406922 (MIR133A1)	290,500,336,517
406923 (MIR133A2)	290,500,336,517
442890 (MIR133B)	290,500,336,517
993 (CDC25A)	368,204,414,221
994 (CDC25B)	368,204,414,221
995 (CDC25C)	368,204,414,221
599 (BCL2L2)	368,516,414,533
7422 (VEGFA)	369,652,415,669
1021 (CDK6)	368,258,414,275
406881 (MIRLET7A1)	290,191,336,208
406882 (MIRLET7A2)	290,191,336,208
406883 (MIRLET7A3)	290,191,336,208
406884 (MIRLET7B)	290,191,336,208
406886 (MIRLET7D)	290,191,336,208
406887 (MIRLET7E)	290,191,336,208
406888 (MIRLET7F1)	290,191,336,208
406889 (MIRLET7F2)	290,191,336,208
406890 (MIRLET7G)	290,191,336,208
406891 (MIRLET7I)	290,191,336,208
3845 (KRAS)	368,153,414,170
1021 (CDK6)	368,178,414,195
406913 (MIR126)	290,322,336,339
1398 (CRK)	368,321,414,338
1399 (CRKL)	368,321,414,338
406948 (MIR15A)	290,290,336,307
406949 (MIR15B)	290,290,336,307
406950 (MIR16-1)	290,290,336,307
406951 (MIR16-2)	290,290,336,307
406901 (MIR107)	290,259,336,276
406952 (MIR17)	101,230,147,247
406953 (MIR18A)	101,230,147,247
406979 (MIR19A)	101,230,147,247
406980 (MIR19B1)	101,230,147,247
406981 (MIR19B2)	101,230,147,247
406982 (MIR20A)	101,230,147,247
407048 (MIR92A1)	101,230,147,247
407049 (MIR92A2)	101,230,147,247
407021 (MIR29A)	290,448,336,465
407024 (MIR29B1)	290,448,336,465
407025 (MIR29B2)	290,448,336,465
407026 (MIR29C)	290,448,336,465
1788 (DNMT3A)	368,448,414,465
1789 (DNMT3B)	368,448,414,465
406904 (MIR1-1)	290,383,336,400
406905 (MIR1-2)	290,383,336,400
406913 (MIR126)	290,652,334,669
406910 (MIR125A)	290,811,336,828
406911 (MIR125B1)	290,811,336,828
406912 (MIR125B2)	290,811,336,828
8091 (HMGA2)	368,229,414,246
406991 (MIR21)	101,515,147,532
407006 (MIR221)	101,545,147,562
407007 (MIR222)	101,571,147,588
5728 (PTEN)	179,546,225,563
406937 (MIR145)	290,544,336,561
406904 (MIR1-1)	290,581,336,598
406905 (MIR1-2)	290,581,336,598
4170 (MCL1)	368,490,414,507
407006 (MIR221)	101,257,147,274
407007 (MIR222)	101,284,147,301
1027 (CDKN1B)	179,271,225,288
406985 (MIR200C)	290,731,336,748
6935 (ZEB1)	368,731,414,748
406892 (MIR100)	678,742,724,759
6624 (FSCN1)	756,770,802,787
100616173 (MIR203B)	678,818,724,835
406986 (MIR203A)	678,818,724,835
407055 (MIR99A)	678,715,724,732
8626 (TP63)	756,818,802,835
406935 (MIR143)	678,794,724,811
406937 (MIR145)	678,794,724,811
406881 (MIRLET7A1)	678,126,724,143
406882 (MIRLET7A2)	678,126,724,143
406883 (MIRLET7A3)	678,126,724,143
406884 (MIRLET7B)	678,126,724,143
406886 (MIRLET7D)	678,126,724,143
406887 (MIRLET7E)	678,126,724,143
406888 (MIRLET7F1)	678,126,724,143
406889 (MIRLET7F2)	678,126,724,143
406890 (MIRLET7G)	678,126,724,143
406891 (MIRLET7I)	678,126,724,143
100616173 (MIR203B)	678,162,724,179
406986 (MIR203A)	678,162,724,179
407010 (MIR23A)	678,293,724,310
407018 (MIR27A)	678,319,724,336
407019 (MIR27B)	678,345,724,362
407035 (MIR31)	678,369,724,386
407055 (MIR99A)	678,394,724,411
6768 (ST14)	756,331,802,348
1545 (CYP1B1)	756,357,802,374
406991 (MIR21)	489,318,535,335
406935 (MIR143)	489,148,535,165
406937 (MIR145)	489,148,535,165
406967 (MIR192)	489,171,535,188
406969 (MIR194-1)	489,194,535,211
406970 (MIR194-2)	489,194,535,211
27250 (PDCD4)	567,318,613,335
1387 (CREBBP)	567,194,613,211
2033 (EP300)	567,194,613,211
406997 (MIR215)	489,217,535,234
407020 (MIR28)	489,349,533,364
407029 (MIR30A)	489,377,535,394
407030 (MIR30B)	489,377,535,394
407031 (MIR30C1)	489,377,535,394
407032 (MIR30C2)	489,377,535,394
407033 (MIR30D)	489,377,535,394
407034 (MIR30E)	489,377,535,394
406885 (MIRLET7C)	678,657,724,674
8091 (HMGA2)	756,657,802,674
406904 (MIR1-1)	678,687,724,704
406905 (MIR1-2)	678,687,724,704
406991 (MIR21)	489,745,535,762
5728 (PTEN)	567,675,613,692
7168 (TPM1)	567,702,613,719
406947 (MIR155)	489,837,535,854
406922 (MIR133A1)	678,770,724,787
406923 (MIR133A2)	678,770,724,787
406903 (MIR10B)	883,158,929,175
406991 (MIR21)	883,185,929,202
407009 (MIR224)	883,263,929,280
693187 (MIR602)	883,287,929,304
574452 (MIR494)	883,336,929,353
693200 (MIR615)	883,361,929,378
406937 (MIR145)	1072,159,1118,176
406978 (MIR199B)	1072,189,1118,206
406982 (MIR20A)	1072,218,1118,235
442898 (MIR324)	1072,247,1118,264
407006 (MIR221)	883,224,929,241
693187 (MIR602)	883,113,929,130
574031 (MIR363)	883,312,929,329
693210 (MIR625)	883,385,929,402
11186 (RASSF1)	961,113,1007,130
693187 (MIR602)	883,529,929,546
406935 (MIR143)	883,554,929,571
406902 (MIR10A)	883,577,929,594
100500809 (MIR23C)	883,602,929,619
407010 (MIR23A)	883,602,929,619
407011 (MIR23B)	883,602,929,619
406906 (MIR122)	883,673,929,690
406911 (MIR125B1)	883,696,929,713
406912 (MIR125B2)	883,696,929,713
407048 (MIR92A1)	883,626,929,643
407049 (MIR92A2)	883,626,929,643
406942 (MIR150)	883,719,929,736
407008 (MIR223)	883,742,929,759
407055 (MIR99A)	883,651,929,668
442909 (MIR342)	883,766,929,783
3925 (STMN1)	961,742,1007,759
406991 (MIR21)	883,436,929,453
5728 (PTEN)	961,436,1007,453
407014 (MIR25)	883,460,929,477
407040 (MIR34A)	883,483,929,500
4233 (MET)	961,483,1007,500
407053 (MIR96)	883,506,929,523
54541 (DDIT4)	961,211,1007,228
3236 (HOXD10)	961,158,1007,175
5728 (PTEN)	961,185,1007,202
10298 (PAK4)	961,257,1007,274
4318 (MMP9)	961,281,1007,298
619552 (MIR483)	1072,276,1118,293
595 (CCND1)	368,290,414,307
894 (CCND2)	368,290,414,307
898 (CCNE1)	368,290,414,307
9134 (CCNE2)	368,290,414,307
5292 (PIM1)	368,399,414,416
10014 (HDAC5)	368,348,414,365
9759 (HDAC4)	368,348,414,365
27086 (FOXP1)	368,373,414,390
4233 (MET)	368,424,414,441
1956 (EGFR)	368,544,414,561
4233 (MET)	368,596,414,613
5292 (PIM1)	368,570,414,587
406933 (MIR141)	290,758,336,775
7042 (TGFB2)	368,758,414,775
406959 (MIR183)	290,785,336,802
7430 (EZR)	368,785,414,802
406904 (MIR1-1)	290,838,336,855
406905 (MIR1-2)	290,838,336,855
4233 (MET)	368,838,414,855
407006 (MIR221)	101,766,147,783
407007 (MIR222)	101,792,147,809
7078 (TIMP3)	179,778,225,795
406988 (MIR205)	678,200,724,217
406991 (MIR21)	489,125,535,142
27250 (PDCD4)	567,125,613,142
406935 (MIR143)	489,408,535,425
406937 (MIR145)	489,408,535,425
406967 (MIR192)	489,439,535,456
406969 (MIR194-1)	489,471,535,488
406970 (MIR194-2)	489,471,535,488
1387 (CREBBP)	567,471,613,488
2033 (EP300)	567,471,613,488
406997 (MIR215)	489,502,535,519
406892 (MIR100)	678,428,724,445
2475 (MTOR)	756,419,802,436
406911 (MIR125B1)	678,489,724,506
406912 (MIR125B2)	678,489,724,506
2064 (ERBB2)	756,489,802,506
406881 (MIRLET7A1)	678,267,724,284
406882 (MIRLET7A2)	678,267,724,284
406883 (MIRLET7A3)	678,267,724,284
406884 (MIRLET7B)	678,267,724,284
406886 (MIRLET7D)	678,267,724,284
406887 (MIRLET7E)	678,267,724,284
406888 (MIRLET7F1)	678,267,724,284
406889 (MIRLET7F2)	678,267,724,284
406890 (MIRLET7G)	678,267,724,284
406891 (MIRLET7I)	678,267,724,284
100616173 (MIR203B)	678,548,724,565
406986 (MIR203A)	678,548,724,565
406988 (MIR205)	678,585,724,602
494324 (MIR375)	678,844,724,861
27250 (PDCD4)	567,729,613,746
10253 (SPRY2)	567,756,613,773
596 (BCL2)	567,783,613,800
5268 (SERPINB5)	567,810,613,827
8091 (HMGA2)	756,267,802,284
6935 (ZEB1)	756,585,802,602
9839 (ZEB2)	756,585,802,602
25 (ABL1)	756,536,802,553
8626 (TP63)	756,560,802,577
2065 (ERBB3)	756,510,802,527
1591 (CYP24A1)	756,468,802,485
57521 (RPTOR)	756,441,802,458
11186 (RASSF1)	961,305,1007,322
11186 (RASSF1)	961,529,1007,546
6541 (SLC7A1)	961,645,1007,662
900 (CCNG1)	961,668,1007,685
3162 (HMOX1)	961,714,1007,731
494324 (MIR375)	883,789,929,806
494335 (MIR423)	883,812,929,829
406885 (MIRLET7C)	883,836,929,853
6774 (STAT3)	961,765,1007,782
4609 (MYC)	961,785,1007,802
836 (CASP3)	961,807,1007,824
3265 (HRAS)	961,828,1007,845
3845 (KRAS)	961,828,1007,845
4893 (NRAS)	961,828,1007,845
8091 (HMGA2)	961,849,1007,866
407010 (MIR23A)	1072,467,1118,484
407015 (MIR26A1)	1072,498,1118,515
407016 (MIR26A2)	1072,498,1118,515
407017 (MIR26B)	1072,498,1118,515
407018 (MIR27A)	1072,530,1118,547
406937 (MIR145)	1072,565,1118,582
406943 (MIR152)	1072,600,1118,617
406978 (MIR199B)	1072,630,1118,647
406906 (MIR122)	1072,662,1118,679
1786 (DNMT1)	1152,600,1198,617
6541 (SLC7A1)	1152,632,1198,649
900 (CCNG1)	1152,655,1198,672
3162 (HMOX1)	1152,701,1198,718
6935 (ZEB1)	0,0,1,1
406952 (MIR17)	1270,119,1316,136
406953 (MIR18A)	1270,119,1316,136
406979 (MIR19A)	1270,119,1316,136
406980 (MIR19B1)	1270,119,1316,136
406981 (MIR19B2)	1270,119,1316,136
406982 (MIR20A)	1270,119,1316,136
407048 (MIR92A1)	1270,119,1316,136
407049 (MIR92A2)	1270,119,1316,136
407048 (MIR92A1)	1270,144,1316,161
407049 (MIR92A2)	1270,144,1316,161
406925 (MIR135A1)	1270,168,1316,185
406926 (MIR135A2)	1270,168,1316,185
442891 (MIR135B)	1270,168,1316,185
406937 (MIR145)	1459,125,1505,142
406991 (MIR21)	1270,192,1316,209
406913 (MIR126)	1459,192,1505,209
406881 (MIRLET7A1)	1459,257,1505,274
406882 (MIRLET7A2)	1459,257,1505,274
406883 (MIRLET7A3)	1459,257,1505,274
406884 (MIRLET7B)	1459,257,1505,274
406886 (MIRLET7D)	1459,257,1505,274
406887 (MIRLET7E)	1459,257,1505,274
406888 (MIRLET7F1)	1459,257,1505,274
406889 (MIRLET7F2)	1459,257,1505,274
406890 (MIRLET7G)	1459,257,1505,274
406891 (MIRLET7I)	1459,257,1505,274
406935 (MIR143)	1459,308,1505,325
406953 (MIR18A)	1459,283,1505,300
406913 (MIR126)	1459,364,1505,381
407040 (MIR34A)	1459,389,1505,406
406991 (MIR21)	1270,432,1316,449
406983 (MIR200A)	1459,431,1505,448
406984 (MIR200B)	1459,431,1505,448
406985 (MIR200C)	1459,431,1505,448
10297 (APC2)	1348,168,1394,185
324 (APC)	1348,168,1394,185
1956 (EGFR)	1537,116,1583,131
3667 (IRS1)	1537,141,1583,158
5295 (PIK3R1)	1537,192,1583,209
5296 (PIK3R2)	1537,192,1583,209
8503 (PIK3R3)	1537,192,1583,209
3845 (KRAS)	1537,257,1583,274
1788 (DNMT3A)	1537,283,1583,300
5598 (MAPK7)	1538,308,1584,325
5290 (PIK3CA)	1537,364,1583,381
5291 (PIK3CB)	1537,364,1583,381
5293 (PIK3CD)	1537,364,1583,381
4233 (MET)	1537,389,1583,406
10253 (SPRY2)	1348,432,1394,449
6935 (ZEB1)	1537,431,1583,448
27250 (PDCD4)	1348,192,1394,209
406907 (MIR124-1)	1459,556,1505,573
406908 (MIR124-2)	1459,556,1505,573
406909 (MIR124-3)	1459,556,1505,573
406928 (MIR137)	1459,582,1505,599
407040 (MIR34A)	1459,609,1505,626
406915 (MIR128-1)	1459,636,1505,653
406916 (MIR128-2)	1459,636,1505,653
406948 (MIR15A)	1459,663,1505,680
406949 (MIR15B)	1459,663,1505,680
1021 (CDK6)	1537,583,1583,600
1871 (E2F3)	1537,636,1583,653
898 (CCNE1)	1537,663,1583,680
9134 (CCNE2)	1537,663,1583,680
406991 (MIR21)	1270,579,1316,596
3190 (HNRNPK)	1348,565,1394,582
8626 (TP63)	1348,591,1394,608
407006 (MIR221)	1270,641,1316,658
1027 (CDKN1B)	1348,642,1394,659
407015 (MIR26A1)	1270,717,1316,734
407016 (MIR26A2)	1270,717,1316,734
406991 (MIR21)	1270,741,1316,758
5728 (PTEN)	1348,717,1394,734
27250 (PDCD4)	1348,741,1394,758
407043 (MIR7-1)	1459,719,1505,736
407044 (MIR7-2)	1459,719,1505,736
407045 (MIR7-3)	1459,719,1505,736
442900 (MIR326)	1459,755,1505,772
407040 (MIR34A)	1459,781,1505,798
406915 (MIR128-1)	1459,806,1505,823
406916 (MIR128-2)	1459,806,1505,823
1956 (EGFR)	1537,709,1583,726
8660 (IRS2)	1537,736,1583,753
4851 (NOTCH1)	1537,769,1583,786
4853 (NOTCH2)	1537,769,1583,786
4854 (NOTCH3)	1537,769,1583,786
4855 (NOTCH4)	1537,769,1583,786
100532731 (COMMD3-BMI1)	1537,806,1583,823
648 (BMI1)	1537,806,1583,823
406938 (MIR146A)	1459,857,1505,874
4325 (MMP16)	1537,857,1583,874
406991 (MIR21)	1270,852,1316,869
7078 (TIMP3)	1348,867,1394,884
8434 (RECK)	1348,839,1394,856
6935 (ZEB1)	0,0,1,1
9839 (ZEB2)	0,0,1,1
6935 (ZEB1)	0,0,1,1
9839 (ZEB2)	0,0,1,1
6935 (ZEB1)	0,0,1,1
9839 (ZEB2)	0,0,1,1
6935 (ZEB1)	0,0,1,1
9839 (ZEB2)	0,0,1,1
406982 (MIR20A)	1269,1171,1315,1188
406900 (MIR106B)	1269,1244,1315,1261
407006 (MIR221)	1269,1284,1315,1301
407040 (MIR34A)	1458,1176,1504,1193
407036 (MIR32)	1269,1337,1315,1354
442902 (MIR330)	1458,1322,1504,1339
442918 (MIR373)	1458,1501,1504,1518
406938 (MIR146A)	1458,1549,1504,1566
406991 (MIR21)	1269,1609,1315,1626
406988 (MIR205)	1458,1601,1504,1618
1869 (E2F1)	1347,1148,1393,1165
1021 (CDK6)	1536,1165,1582,1182
23411 (SIRT1)	1536,1192,1582,1209
1869 (E2F1)	1536,1322,1582,1339
960 (CD44)	1536,1515,1582,1532
6093 (ROCK1)	1536,1549,1582,1566
2065 (ERBB3)	1536,1601,1582,1618
10018 (BCL2L11)	1347,1337,1393,1354
406935 (MIR143)	1458,1757,1504,1774
5598 (MAPK7)	1536,1757,1582,1774
406911 (MIR125B1)	1269,1757,1315,1774
406912 (MIR125B2)	1269,1757,1315,1774
578 (BAK1)	1347,1757,1393,1774
407007 (MIR222)	1269,1309,1315,1326
1027 (CDKN1B)	1347,1298,1393,1315
1870 (E2F2)	1347,1171,1393,1188
1871 (E2F3)	1347,1195,1393,1212
406913 (MIR126)	1458,1653,1504,1670
406952 (MIR17)	1458,1678,1504,1695
85414 (SLC45A3)	1536,1653,1582,1670
7431 (VIM)	1536,1678,1582,1695
9839 (ZEB2)	1536,1577,1582,1594
5581 (PRKCE)	1536,1626,1582,1643
4082 (MARCKS)	1347,1594,1393,1611
659 (BMPR2)	1347,1620,1393,1637
554213 (MIR449A)	1458,1088,1504,1105
406893 (MIR101-1)	1458,1113,1504,1130
406894 (MIR101-2)	1458,1113,1504,1130
407010 (MIR23A)	1458,1138,1504,1155
406948 (MIR15A)	1458,1251,1504,1268
442903 (MIR331)	1458,1379,1504,1396
3065 (HDAC1)	1536,1088,1582,1105
3066 (HDAC2)	1536,1088,1582,1105
2146 (EZH2)	1536,1113,1582,1130
27165 (GLS2)	1536,1138,1582,1155
2744 (GLS)	1536,1138,1582,1155
595 (CCND1)	1536,1251,1582,1268
596 (BCL2)	1536,1228,1582,1245
7473 (WNT3)	1536,1276,1582,1293
89780 (WNT3A)	1536,1276,1582,1293
113130 (CDCA5)	1536,1355,1582,1372
9493 (KIF23)	1536,1379,1582,1396
2064 (ERBB2)	1536,1405,1582,1422
1026 (CDKN1A)	1347,1235,1393,1252
1869 (E2F1)	1347,1257,1393,1274
406983 (MIR200A)	286,1094,332,1111
406984 (MIR200B)	286,1094,332,1111
406985 (MIR200C)	286,1094,332,1111
100532731 (COMMD3-BMI1)	364,1050,410,1067
648 (BMI1)	364,1050,410,1067
6935 (ZEB1)	364,1077,410,1094
9839 (ZEB2)	364,1103,410,1120
23414 (ZFPM2)	364,1130,410,1147
406881 (MIRLET7A1)	286,1173,332,1190
406882 (MIRLET7A2)	286,1173,332,1190
406883 (MIRLET7A3)	286,1173,332,1190
406884 (MIRLET7B)	286,1173,332,1190
406886 (MIRLET7D)	286,1173,332,1190
406887 (MIRLET7E)	286,1173,332,1190
406888 (MIRLET7F1)	286,1173,332,1190
406889 (MIRLET7F2)	286,1173,332,1190
406890 (MIRLET7G)	286,1173,332,1190
406891 (MIRLET7I)	286,1173,332,1190
3265 (HRAS)	364,1162,410,1179
3845 (KRAS)	364,1162,410,1179
4893 (NRAS)	364,1162,410,1179
8091 (HMGA2)	364,1187,410,1204
407029 (MIR30A)	286,1252,332,1269
407033 (MIR30D)	286,1252,332,1269
407034 (MIR30E)	286,1252,332,1269
3690 (ITGB3)	364,1240,410,1257
7329 (UBE2I)	364,1265,410,1282
406983 (MIR200A)	286,1282,332,1299
406984 (MIR200B)	286,1282,332,1299
406985 (MIR200C)	286,1282,332,1299
406881 (MIRLET7A1)	286,1307,332,1324
406882 (MIRLET7A2)	286,1307,332,1324
406883 (MIRLET7A3)	286,1307,332,1324
406884 (MIRLET7B)	286,1307,332,1324
406886 (MIRLET7D)	286,1307,332,1324
406887 (MIRLET7E)	286,1307,332,1324
406888 (MIRLET7F1)	286,1307,332,1324
406889 (MIRLET7F2)	286,1307,332,1324
406890 (MIRLET7G)	286,1307,332,1324
406891 (MIRLET7I)	286,1307,332,1324
406954 (MIR181A2)	97,1239,143,1256
406955 (MIR181B1)	97,1239,143,1256
406956 (MIR181B2)	97,1239,143,1256
406957 (MIR181C)	97,1239,143,1256
406995 (MIR181A1)	97,1239,143,1256
574457 (MIR181D)	97,1239,143,1256
472 (ATM)	175,1239,221,1256
406947 (MIR155)	97,1270,143,1287
8651 (SOCS1)	175,1271,221,1288
442904 (MIR335)	286,1353,332,1370
6659 (SOX4)	364,1342,410,1359
3371 (TNC)	364,1370,410,1387
63923 (TNN)	364,1370,410,1387
7143 (TNR)	364,1370,410,1387
7148 (TNXB)	364,1370,410,1387
406913 (MIR126)	286,1389,332,1406
406989 (MIR206)	286,1416,332,1433
406983 (MIR200A)	286,1442,332,1459
406984 (MIR200B)	286,1442,332,1459
406985 (MIR200C)	286,1442,332,1459
406881 (MIRLET7A1)	286,1468,332,1485
406882 (MIRLET7A2)	286,1468,332,1485
406883 (MIRLET7A3)	286,1468,332,1485
406884 (MIRLET7B)	286,1468,332,1485
406886 (MIRLET7D)	286,1468,332,1485
406887 (MIRLET7E)	286,1468,332,1485
406888 (MIRLET7F1)	286,1468,332,1485
406889 (MIRLET7F2)	286,1468,332,1485
406890 (MIRLET7G)	286,1468,332,1485
406891 (MIRLET7I)	286,1468,332,1485
406903 (MIR10B)	97,1354,143,1371
3236 (HOXD10)	175,1354,221,1371
442918 (MIR373)	97,1384,143,1401
574461 (MIR520E)	97,1410,143,1427
574467 (MIR520A)	97,1410,143,1427
574473 (MIR520B)	97,1410,143,1427
574484 (MIR520G)	97,1410,143,1427
574493 (MIR520H)	97,1410,143,1427
960 (CD44)	175,1396,221,1413
100302238 (MIR103B1)	97,1442,143,1459
100302282 (MIR103B2)	97,1442,143,1459
406895 (MIR103A1)	97,1442,143,1459
406896 (MIR103A2)	97,1442,143,1459
406901 (MIR107)	97,1467,143,1484
23405 (DICER1)	175,1454,221,1471
406991 (MIR21)	97,1520,143,1537
7168 (TPM1)	175,1495,221,1512
27250 (PDCD4)	175,1519,221,1536
5268 (SERPINB5)	175,1544,221,1561
407035 (MIR31)	97,1619,143,1636
7976 (FZD3)	175,1580,221,1597
3678 (ITGA5)	175,1605,221,1622
5962 (RDX)	175,1629,221,1646
387 (RHOA)	175,1654,221,1671
574455 (MIR193B)	97,1689,143,1706
5328 (PLAU)	175,1689,221,1706
407006 (MIR221)	97,1737,143,1754
407007 (MIR222)	97,1764,143,1781
1027 (CDKN1B)	175,1751,221,1768
406911 (MIR125B1)	97,1792,143,1809
406912 (MIR125B2)	97,1792,143,1809
578 (BAK1)	175,1793,221,1810
574411 (MIR451A)	286,1734,332,1751
5243 (ABCB1)	364,1734,410,1751
442910 (MIR345)	286,1767,332,1784
407043 (MIR7-1)	286,1794,332,1811
407044 (MIR7-2)	286,1794,332,1811
407045 (MIR7-3)	286,1794,332,1811
4363 (ABCC1)	364,1781,410,1798
406983 (MIR200A)	489,1742,535,1759
406984 (MIR200B)	489,1742,535,1759
406985 (MIR200C)	489,1742,535,1759
6935 (ZEB1)	567,1732,613,1749
9839 (ZEB2)	567,1753,613,1770
406983 (MIR200A)	678,1660,724,1677
406984 (MIR200B)	678,1660,724,1677
406985 (MIR200C)	678,1660,724,1677
6935 (ZEB1)	756,1651,802,1668
9839 (ZEB2)	756,1672,802,1689
8091 (HMGA2)	756,1063,802,1080
10642 (IGF2BP1)	756,1087,802,1104
131405 (TRIM71)	756,1110,802,1127
6935 (ZEB1)	756,1135,802,1152
9839 (ZEB2)	756,1158,802,1175
406881 (MIRLET7A1)	678,1087,724,1104
406882 (MIRLET7A2)	678,1087,724,1104
406883 (MIRLET7A3)	678,1087,724,1104
406884 (MIRLET7B)	678,1087,724,1104
406886 (MIRLET7D)	678,1087,724,1104
406887 (MIRLET7E)	678,1087,724,1104
406888 (MIRLET7F1)	678,1087,724,1104
406889 (MIRLET7F2)	678,1087,724,1104
406890 (MIRLET7G)	678,1087,724,1104
406891 (MIRLET7I)	678,1087,724,1104
406983 (MIR200A)	678,1144,724,1161
406984 (MIR200B)	678,1144,724,1161
406985 (MIR200C)	678,1144,724,1161
406935 (MIR143)	678,1255,724,1272
407040 (MIR34A)	678,1281,724,1298
407041 (MIR34B)	678,1315,724,1332
407042 (MIR34C)	678,1350,724,1367
406910 (MIR125A)	678,1385,724,1402
406911 (MIR125B1)	678,1385,724,1402
406912 (MIR125B2)	678,1385,724,1402
3845 (KRAS)	756,1255,802,1272
4233 (MET)	756,1291,802,1308
4851 (NOTCH1)	756,1315,802,1332
4853 (NOTCH2)	756,1315,802,1332
4854 (NOTCH3)	756,1315,802,1332
4855 (NOTCH4)	756,1315,802,1332
1021 (CDK6)	756,1339,802,1356
2064 (ERBB2)	756,1385,802,1402
406991 (MIR21)	489,1257,535,1274
406996 (MIR214)	489,1289,535,1306
406881 (MIRLET7A1)	489,1320,535,1337
406882 (MIRLET7A2)	489,1320,535,1337
406883 (MIRLET7A3)	489,1320,535,1337
406884 (MIRLET7B)	489,1320,535,1337
406886 (MIRLET7D)	489,1320,535,1337
406887 (MIRLET7E)	489,1320,535,1337
406888 (MIRLET7F1)	489,1320,535,1337
406889 (MIRLET7F2)	489,1320,535,1337
406890 (MIRLET7G)	489,1320,535,1337
406891 (MIRLET7I)	489,1320,535,1337
406983 (MIR200A)	489,1352,535,1369
406984 (MIR200B)	489,1352,535,1369
406985 (MIR200C)	489,1352,535,1369
5728 (PTEN)	567,1273,613,1290
8091 (HMGA2)	567,1320,613,1337
6935 (ZEB1)	567,1352,613,1369
406938 (MIR146A)	489,1383,535,1400
672 (BRCA1)	567,1383,613,1400
406900 (MIR106B)	489,1415,535,1432
406982 (MIR20A)	489,1445,535,1462
1026 (CDKN1A)	567,1431,613,1448
407046 (MIR9-1)	678,1525,724,1542
407047 (MIR9-2)	678,1525,724,1542
407051 (MIR9-3)	678,1525,724,1542
4790 (NFKB1)	756,1525,802,1542
406976 (MIR199A1)	678,1570,724,1587
406977 (MIR199A2)	678,1570,724,1587
3551 (IKBKB)	756,1555,802,1572
406992 (MIR210)	489,1525,535,1542
1871 (E2F3)	567,1525,613,1542
1942 (EFNA1)	567,1551,613,1568
1943 (EFNA2)	567,1551,613,1568
1944 (EFNA3)	567,1551,613,1568
1945 (EFNA4)	567,1551,613,1568
1946 (EFNA5)	567,1551,613,1568
406979 (MIR19A)	489,1587,535,1604
7057 (THBS1)	567,1586,613,1603
5743 (PTGS2)	756,1586,802,1603
407055 (MIR99A)	1072,1091,1118,1108
406892 (MIR100)	1072,1114,1118,1131
406893 (MIR101-1)	1072,1180,1118,1197
406894 (MIR101-2)	1072,1180,1118,1197
406910 (MIR125A)	1072,1215,1118,1232
406911 (MIR125B1)	1072,1215,1118,1232
406912 (MIR125B2)	1072,1215,1118,1232
406937 (MIR145)	1072,1242,1118,1259
406971 (MIR195)	1072,1295,1118,1312
407043 (MIR7-1)	1072,1327,1118,1344
407044 (MIR7-2)	1072,1327,1118,1344
407045 (MIR7-3)	1072,1327,1118,1344
407029 (MIR30A)	1072,1357,1118,1374
407030 (MIR30B)	1072,1357,1118,1374
407031 (MIR30C1)	1072,1357,1118,1374
407032 (MIR30C2)	1072,1357,1118,1374
407033 (MIR30D)	1072,1357,1118,1374
407034 (MIR30E)	1072,1357,1118,1374
406917 (MIR129-1)	1072,1386,1118,1403
406918 (MIR129-2)	1072,1386,1118,1403
406935 (MIR143)	1072,1426,1118,1443
407021 (MIR29A)	1072,1144,1118,1161
407024 (MIR29B1)	1072,1144,1118,1161
407025 (MIR29B2)	1072,1144,1118,1161
407026 (MIR29C)	1072,1144,1118,1161
406902 (MIR10A)	883,1175,929,1192
406903 (MIR10B)	883,1175,929,1192
407010 (MIR23A)	883,1315,929,1332
100302238 (MIR103B1)	883,1401,929,1418
100302282 (MIR103B2)	883,1401,929,1418
406895 (MIR103A1)	883,1401,929,1418
406896 (MIR103A2)	883,1401,929,1418
11186 (RASSF1)	961,1122,1007,1139
5594 (MAPK1)	961,1148,1007,1165
5595 (MAPK3)	961,1148,1007,1165
5578 (PRKCA)	961,1174,1007,1191
5579 (PRKCB)	961,1174,1007,1191
5582 (PRKCG)	961,1174,1007,1191
2885 (GRB2)	961,1201,1007,1218
2261 (FGFR3)	961,1227,1007,1244
5594 (MAPK1)	961,1300,1007,1317
5595 (MAPK3)	961,1300,1007,1317
2261 (FGFR3)	961,1328,1007,1345
9252 (RPS6KA5)	961,1377,1007,1394
5578 (PRKCA)	961,1402,1007,1419
5579 (PRKCB)	961,1402,1007,1419
5582 (PRKCG)	961,1402,1007,1419
2261 (FGFR3)	961,1427,1007,1444
407029 (MIR30A)	1072,1627,1118,1644
407030 (MIR30B)	1072,1627,1118,1644
407031 (MIR30C1)	1072,1627,1118,1644
407032 (MIR30C2)	1072,1627,1118,1644
407033 (MIR30D)	1072,1627,1118,1644
407034 (MIR30E)	1072,1627,1118,1644
472 (ATM)	1152,1614,1198,1631
7157 (TP53)	1152,1641,1198,1658
406910 (MIR125A)	1072,1679,1118,1696
406911 (MIR125B1)	1072,1679,1118,1696
406912 (MIR125B2)	1072,1679,1118,1696
1029 (CDKN2A)	1152,1667,1198,1684
7157 (TP53)	1152,1694,1198,1711
406935 (MIR143)	1072,1739,1118,1756
472 (ATM)	1152,1727,1198,1744
7157 (TP53)	1152,1753,1198,1770
406917 (MIR129-1)	1072,1799,1118,1816
406918 (MIR129-2)	1072,1799,1118,1816
4194 (MDM4)	1152,1786,1198,1803
472 (ATM)	1152,1814,1198,1831
406991 (MIR21)	883,1636,929,1653
472 (ATM)	961,1636,1007,1653
407008 (MIR223)	883,1669,929,1686
7157 (TP53)	961,1669,1007,1686
406902 (MIR10A)	883,1739,929,1756
406903 (MIR10B)	883,1739,929,1756
472 (ATM)	961,1726,1007,1743
4193 (MDM2)	961,1750,1007,1767
4194 (MDM4)	961,1750,1007,1767
407006 (MIR221)	883,1796,929,1813
472 (ATM)	961,1784,1007,1801
4193 (MDM2)	961,1809,1007,1826
2261 (FGFR3)	1152,1180,1198,1197
5156 (PDGFRA)	1152,1103,1198,1120
5335 (PLCG1)	1152,1144,1198,1161
5336 (PLCG2)	1152,1144,1198,1161
5894 (RAF1)	1152,1205,1198,1222
3845 (KRAS)	1152,1230,1198,1247
5578 (PRKCA)	1152,1254,1198,1271
5579 (PRKCB)	1152,1254,1198,1271
5582 (PRKCG)	1152,1254,1198,1271
5604 (MAP2K1)	1152,1278,1198,1295
5605 (MAP2K2)	1152,1278,1198,1295
5594 (MAPK1)	1152,1300,1198,1317
5595 (MAPK3)	1152,1300,1198,1317
6654 (SOS1)	1152,1324,1198,1341
6655 (SOS2)	1152,1324,1198,1341
2885 (GRB2)	1152,1350,1198,1367
6464 (SHC1)	1152,1376,1198,1393
5335 (PLCG1)	1152,1401,1198,1418
5336 (PLCG2)	1152,1401,1198,1418
5154 (PDGFA)	1152,1424,1198,1441
399694 (SHC4)	1152,1451,1198,1468
5155 (PDGFB)	1152,1476,1198,1493
5159 (PDGFRB)	1152,1499,1198,1516
3845 (KRAS)	1152,1523,1198,1540
5894 (RAF1)	1152,1548,1198,1565
5728 (PTEN)	179,230,225,247
1956 (EGFR)	368,811,414,828
90427 (BMF)	961,233,1007,250
574476 (MIR520C)	1458,1524,1504,1541
hsa05206: MicroRNAs in cancer	40,45,231,70
hsa05210: Colorectal cancer	0,0,1,1
hsa05214: Glioma	0,0,1,1
hsa05210: Colorectal cancer	1288,280,1389,305
hsa05214: Glioma	1288,775,1389,800
hsa05219: Bladder cancer	0,0,1,1
hsa05215: Prostate cancer	1289,1515,1390,1540
hsa05219: Bladder cancer	891,1515,992,1540
hsa05222: Small cell lung cancer	110,344,211,378
hsa05223: Non-small cell lung cancer	110,397,211,431
