C05981 (Phosphatidylinositol-3,4,5-trisphosphate)	483,296,4
C01245 (D-myo-Inositol 1,4,5-trisphosphate)	574,483,4
C00165 (Diacylglycerol)	617,358,4
C00076 (Calcium cation)	719,521,4
C04637 (1-Phosphatidyl-D-myo-inositol 4,5-bisphosphate)	687,600,4
C00416 (Phosphatidate)	519,452,4
C06124 (Sphingosine 1-phosphate)	676,540,4
C00219 (Arachidonate)	1034,398,4
2214 (FCGR3A)	226,389,272,406
2215 (FCGR3B)	226,389,272,406
2213 (FCGR2B)	226,173,272,190
2212 (FCGR2A)	226,364,272,381
2209 (FCGR1A)	226,339,272,356
3055 (HCK)	279,287,325,304
4067 (LYN)	279,287,325,304
6850 (SYK)	296,364,342,381
5788 (PTPRC)	226,215,272,232
102723407 (IGH)	159,364,205,381
5290 (PIK3CA)	396,287,442,304
5291 (PIK3CB)	396,287,442,304
5293 (PIK3CD)	396,287,442,304
5295 (PIK3R1)	396,287,442,304
5296 (PIK3R2)	396,287,442,304
8503 (PIK3R3)	396,287,442,304
3635 (INPP5D)	389,173,435,190
3636 (INPPL1)	389,173,435,190
27040 (LAT)	373,234,419,251
5335 (PLCG1)	516,331,562,348
5336 (PLCG2)	516,331,562,348
5580 (PRKCD)	659,349,705,366
5581 (PRKCE)	659,349,705,366
5894 (RAF1)	739,368,785,385
5604 (MAP2K1)	809,368,855,385
5594 (MAPK1)	879,368,925,385
5595 (MAPK3)	879,368,925,385
100137049 (PLA2G4B)	949,368,995,385
123745 (PLA2G4E)	949,368,995,385
255189 (PLA2G4F)	949,368,995,385
283748 (PLA2G4D)	949,368,995,385
5321 (PLA2G4A)	949,368,995,385
8605 (PLA2G4C)	949,368,995,385
8681 (JMJD7-PLA2G4B)	949,368,995,385
10000 (AKT3)	588,269,634,286
207 (AKT1)	588,269,634,286
208 (AKT2)	588,269,634,286
6198 (RPS6KB1)	674,269,720,286
6199 (RPS6KB2)	674,269,720,286
10451 (VAV3)	478,757,524,774
7409 (VAV1)	478,757,524,774
7410 (VAV2)	478,757,524,774
5879 (RAC1)	627,757,673,774
5880 (RAC2)	627,757,673,774
10163 (WASF2)	712,707,758,724
10810 (WASF3)	712,707,758,724
8936 (WASF1)	712,707,758,724
10092 (ARPC5)	797,672,843,689
10093 (ARPC4)	797,672,843,689
10094 (ARPC3)	797,672,843,689
10095 (ARPC1B)	797,672,843,689
10109 (ARPC2)	797,672,843,689
10552 (ARPC1A)	797,672,843,689
81873 (ARPC5L)	797,672,843,689
998 (CDC42)	627,669,673,686
7454 (WAS)	712,647,758,664
1794 (DOCK2)	525,820,571,837
1398 (CRK)	469,820,515,837
1399 (CRKL)	469,820,515,837
5337 (PLD1)	443,470,489,487
5338 (PLD2)	443,470,489,487
5058 (PAK1)	712,757,758,774
7408 (VASP)	712,664,758,681
3984 (LIMK1)	797,757,843,774
3985 (LIMK2)	797,757,843,774
1072 (CFL1)	882,757,928,774
1073 (CFL2)	882,757,928,774
50807 (ASAP1)	627,839,673,856
55616 (ASAP3)	627,839,673,856
8853 (ASAP2)	627,839,673,856
8398 (PLA2G6)	949,419,995,436
4082 (MARCKS)	788,321,834,338
65108 (MARCKSL1)	788,321,834,338
4651 (MYO10)	538,227,584,244
2934 (GSN)	811,566,857,583
85477 (SCIN)	811,566,857,583
23396 (PIP5K1C)	584,591,630,608
8394 (PIP5K1A)	584,591,630,608
8395 (PIP5K1B)	584,591,630,608
8611 (PLPP1)	559,395,605,412
8612 (PLPP2)	559,395,605,412
8613 (PLPP3)	559,395,605,412
9846 (GAB2)	337,264,383,281
382 (ARF6)	483,620,529,637
382 (ARF6)	712,807,758,824
1785 (DNM2)	538,166,584,183
653361 (NCF1)	949,509,995,526
273 (AMPH)	538,188,584,205
274 (BIN1)	538,188,584,205
56848 (SPHK2)	594,531,640,548
8877 (SPHK1)	594,531,640,548
5578 (PRKCA)	807,479,853,496
5579 (PRKCB)	807,479,853,496
5582 (PRKCG)	807,479,853,496
hsa04810: Regulation of actin cytoskeleton	1096,246,1214,280
hsa04810: Regulation of actin cytoskeleton	1096,676,1214,710
hsa04020: Calcium signaling pathway	613,448,731,482
hsa04144: Endocytosis	1107,361,1203,386
hsa04142: Lysosome	1107,791,1203,816
hsa04666: Fc gamma R-mediated phagocytosis	40,45,283,70
