C00076 (Calcium cation)	602,175,4
C00076 (Calcium cation)	605,1159,4
C00076 (Calcium cation)	603,995,4
C00076 (Calcium cation)	604,1246,4
50855 (PARD6A)	755,1214,801,1231
84552 (PARD6G)	755,1214,801,1231
84612 (PARD6B)	755,1214,801,1231
56288 (PARD3)	755,1180,801,1197
2770 (GNAI1)	210,566,256,583
2771 (GNAI2)	210,566,256,583
2773 (GNAI3)	210,566,256,583
2770 (GNAI1)	580,566,626,583
2771 (GNAI2)	580,566,626,583
2773 (GNAI3)	580,566,626,583
7852 (CXCR4)	486,566,532,583
5594 (MAPK1)	667,953,713,970
5595 (MAPK3)	667,953,713,970
5879 (RAC1)	580,830,626,847
5880 (RAC2)	580,830,626,847
5881 (RAC3)	580,830,626,847
5879 (RAC1)	667,489,713,506
5880 (RAC2)	667,489,713,506
5881 (RAC3)	667,489,713,506
5879 (RAC1)	754,227,800,244
5880 (RAC2)	754,227,800,244
5881 (RAC3)	754,227,800,244
1630 (DCC)	486,246,532,263
4773 (NFATC2)	754,167,800,184
4775 (NFATC3)	754,167,800,184
4776 (NFATC4)	754,167,800,184
5530 (PPP3CA)	667,167,713,184
5532 (PPP3CB)	667,167,713,184
5533 (PPP3CC)	667,167,713,184
5534 (PPP3R1)	667,167,713,184
5535 (PPP3R2)	667,167,713,184
22854 (NTNG1)	388,120,434,137
59277 (NTN4)	388,334,434,351
6586 (SLIT3)	388,678,434,695
9353 (SLIT2)	388,643,434,660
6585 (SLIT1)	388,622,434,639
5747 (PTK2)	132,482,178,499
998 (CDC42)	667,632,713,649
6093 (ROCK1)	755,532,801,549
9475 (ROCK2)	755,532,801,549
10298 (PAK4)	667,830,713,847
106821730 (BUB1B-PAK6)	667,830,713,847
5058 (PAK1)	667,830,713,847
5062 (PAK2)	667,830,713,847
5063 (PAK3)	667,830,713,847
56924 (PAK6)	667,830,713,847
57144 (PAK5)	667,830,713,847
387 (RHOA)	667,875,713,892
387 (RHOA)	667,532,713,549
3688 (ITGB1)	486,953,532,970
5921 (RASA1)	210,430,256,447
1630 (DCC)	486,229,532,246
998 (CDC42)	667,509,713,526
4690 (NCK1)	580,269,626,286
64221 (ROBO3)	486,680,532,697
6093 (ROCK1)	754,196,800,213
9475 (ROCK2)	754,196,800,213
6091 (ROBO1)	486,643,532,660
25791 (NGEF)	580,499,626,516
5921 (RASA1)	580,463,626,480
25 (ABL1)	580,435,626,452
137970 (UNC5D)	487,327,533,344
219699 (UNC5B)	487,327,533,344
8633 (UNC5C)	487,327,533,344
90249 (UNC5A)	487,327,533,344
7852 (CXCR4)	293,566,339,583
1969 (EPHA2)	486,450,532,467
2041 (EPHA1)	486,450,532,467
2042 (EPHA3)	486,450,532,467
2043 (EPHA4)	486,450,532,467
2044 (EPHA5)	486,450,532,467
2045 (EPHA7)	486,450,532,467
2046 (EPHA8)	486,450,532,467
285220 (EPHA6)	486,450,532,467
57689 (LRRC4C)	486,120,532,137
6092 (ROBO2)	486,622,532,639
4917 (NTN3)	388,310,434,327
5747 (PTK2)	580,953,626,970
1947 (EFNB1)	293,482,339,499
1948 (EFNB2)	293,482,339,499
1949 (EFNB3)	293,482,339,499
2047 (EPHB1)	486,475,532,492
2048 (EPHB2)	486,475,532,492
2049 (EPHB3)	486,475,532,492
2050 (EPHB4)	486,475,532,492
2051 (EPHB6)	486,475,532,492
8482 (SEMA7A)	388,939,434,956
1942 (EFNA1)	293,440,339,457
1943 (EFNA2)	293,440,339,457
1944 (EFNA3)	293,440,339,457
1945 (EFNA4)	293,440,339,457
1946 (EFNA5)	293,440,339,457
2534 (FYN)	210,451,256,468
387 (RHOA)	667,196,713,213
9423 (NTN1)	388,275,434,292
5998 (RGS3)	210,515,256,532
23365 (ARHGEF12)	580,895,626,912
4233 (MET)	486,879,532,896
10154 (PLXNC1)	486,926,532,943
5594 (MAPK1)	755,463,801,480
5595 (MAPK3)	755,463,801,480
23654 (PLXNB2)	486,862,532,879
5364 (PLXNB1)	486,862,532,879
5365 (PLXNB3)	486,862,532,879
5361 (PLXNA1)	486,753,532,770
5362 (PLXNA2)	486,753,532,770
55558 (PLXNA3)	486,753,532,770
91584 (PLXNA4)	486,753,532,770
10371 (SEMA3A)	388,770,434,787
10512 (SEMA3C)	388,770,434,787
223117 (SEMA3D)	388,770,434,787
56920 (SEMA3G)	388,770,434,787
6405 (SEMA3F)	388,770,434,787
7869 (SEMA3B)	388,770,434,787
9723 (SEMA3E)	388,770,434,787
10500 (SEMA6C)	388,911,434,928
10501 (SEMA6B)	388,911,434,928
57556 (SEMA6A)	388,911,434,928
80031 (SEMA6D)	388,911,434,928
10505 (SEMA4F)	388,862,434,879
10507 (SEMA4D)	388,862,434,879
10509 (SEMA4B)	388,862,434,879
54910 (SEMA4C)	388,862,434,879
57715 (SEMA4G)	388,862,434,879
64218 (SEMA4A)	388,862,434,879
54437 (SEMA5B)	388,890,434,907
9037 (SEMA5A)	388,890,434,907
23380 (SRGAP2)	580,632,626,649
57522 (SRGAP1)	580,632,626,649
9901 (SRGAP3)	580,632,626,649
8829 (NRP1)	486,770,532,787
3897 (L1CAM)	486,808,532,825
10298 (PAK4)	755,499,801,516
106821730 (BUB1B-PAK6)	755,499,801,516
5058 (PAK1)	755,499,801,516
5062 (PAK2)	755,499,801,516
5063 (PAK3)	755,499,801,516
56924 (PAK6)	755,499,801,516
57144 (PAK5)	755,499,801,516
6387 (CXCL12)	388,566,434,583
8440 (NCK2)	210,482,256,499
64101 (LRRC4)	486,139,532,156
84628 (NTNG2)	388,139,434,156
6714 (SRC)	580,344,626,361
3265 (HRAS)	667,463,713,480
3845 (KRAS)	667,463,713,480
4893 (NRAS)	667,463,713,480
5727 (PTCH1)	486,982,532,999
6608 (SMO)	486,1016,532,1033
5578 (PRKCA)	580,1016,626,1033
6469 (SHH)	388,1016,434,1033
2534 (FYN)	580,1082,626,1099
6714 (SRC)	580,1082,626,1099
3611 (ILK)	667,1016,713,1033
655 (BMP7)	388,1283,434,1300
658 (BMPR1B)	486,1300,532,1317
659 (BMPR2)	486,1283,532,1300
151449 (GDF7)	388,1300,434,1317
3984 (LIMK1)	580,1292,626,1309
7976 (FZD3)	486,1197,532,1214
815 (CAMK2A)	667,1151,713,1168
816 (CAMK2B)	667,1151,713,1168
817 (CAMK2D)	667,1151,713,1168
818 (CAMK2G)	667,1151,713,1168
54361 (WNT4)	388,1197,434,1214
6259 (RYK)	486,1131,532,1148
7220 (TRPC1)	486,1152,532,1169
7222 (TRPC3)	486,1152,532,1169
7223 (TRPC4)	486,1152,532,1169
7224 (TRPC5)	486,1152,532,1169
7225 (TRPC6)	486,1152,532,1169
7474 (WNT5A)	388,1122,434,1139
81029 (WNT5B)	388,1122,434,1139
5290 (PIK3CA)	580,1197,626,1214
5291 (PIK3CB)	580,1197,626,1214
5293 (PIK3CD)	580,1197,626,1214
5295 (PIK3R1)	580,1197,626,1214
5296 (PIK3R2)	580,1197,626,1214
8503 (PIK3R3)	580,1197,626,1214
2932 (GSK3B)	844,1197,890,1214
5163 (PDK1)	667,1197,713,1214
5879 (RAC1)	580,710,626,727
5880 (RAC2)	580,710,626,727
5881 (RAC3)	580,710,626,727
2534 (FYN)	580,793,626,810
10298 (PAK4)	667,710,713,727
106821730 (BUB1B-PAK6)	667,710,713,727
5058 (PAK1)	667,710,713,727
5062 (PAK2)	667,710,713,727
5063 (PAK3)	667,710,713,727
56924 (PAK6)	667,710,713,727
57144 (PAK5)	667,710,713,727
1808 (DPYSL2)	755,779,801,796
29984 (RHOD)	580,734,626,751
56896 (DPYSL5)	755,762,801,779
27289 (RND1)	667,734,713,751
3984 (LIMK1)	755,710,801,727
3985 (LIMK2)	755,710,801,727
1020 (CDK5)	667,794,713,811
2242 (FES)	580,770,626,787
1072 (CFL1)	842,710,888,727
1073 (CFL2)	842,710,888,727
2932 (GSK3B)	755,822,801,839
387 (RHOA)	755,734,801,751
27289 (RND1)	580,873,626,890
6237 (RRAS)	580,852,626,869
5894 (RAF1)	755,875,801,892
5590 (PRKCZ)	755,1197,801,1214
1072 (CFL1)	668,1292,714,1309
1073 (CFL2)	668,1292,714,1309
5530 (PPP3CA)	667,1238,713,1255
5532 (PPP3CB)	667,1238,713,1255
5533 (PPP3CC)	667,1238,713,1255
5534 (PPP3R1)	667,1238,713,1255
5535 (PPP3R2)	667,1238,713,1255
7220 (TRPC1)	486,1238,532,1255
7222 (TRPC3)	486,1238,532,1255
7223 (TRPC4)	486,1238,532,1255
7224 (TRPC5)	486,1238,532,1255
7225 (TRPC6)	486,1238,532,1255
54434 (SSH1)	755,1238,801,1255
54961 (SSH3)	755,1238,801,1255
85464 (SSH2)	755,1238,801,1255
1072 (CFL1)	844,1238,890,1255
1073 (CFL2)	844,1238,890,1255
55740 (ENAH)	667,435,713,452
25 (ABL1)	580,608,626,625
55740 (ENAH)	667,608,713,625
7976 (FZD3)	486,1112,532,1129
7220 (TRPC1)	486,167,532,184
7222 (TRPC3)	486,167,532,184
7223 (TRPC4)	486,167,532,184
7224 (TRPC5)	486,167,532,184
7225 (TRPC6)	486,167,532,184
5335 (PLCG1)	580,210,626,227
5336 (PLCG2)	580,210,626,227
8440 (NCK2)	580,674,626,691
10298 (PAK4)	580,657,626,674
106821730 (BUB1B-PAK6)	580,657,626,674
5058 (PAK1)	580,657,626,674
5062 (PAK2)	580,657,626,674
5063 (PAK3)	580,657,626,674
56924 (PAK6)	580,657,626,674
57144 (PAK5)	580,657,626,674
5879 (RAC1)	667,666,713,683
5880 (RAC2)	667,666,713,683
5881 (RAC3)	667,666,713,683
91653 (BOC)	486,1048,532,1065
6608 (SMO)	486,1082,532,1099
10298 (PAK4)	667,269,713,286
106821730 (BUB1B-PAK6)	667,269,713,286
5058 (PAK1)	667,269,713,286
5062 (PAK2)	667,269,713,286
5063 (PAK3)	667,269,713,286
56924 (PAK6)	667,269,713,286
57144 (PAK5)	667,269,713,286
5747 (PTK2)	580,238,626,255
6714 (SRC)	667,247,713,264
2534 (FYN)	667,227,713,244
998 (CDC42)	754,247,800,264
1630 (DCC)	487,310,533,327
5747 (PTK2)	580,293,626,310
5781 (PTPN11)	580,368,626,385
22885 (ABLIM3)	841,238,887,255
3983 (ABLIM1)	841,238,887,255
84448 (ABLIM2)	841,238,887,255
4756 (NEO1)	486,393,532,410
56963 (RGMA)	388,393,434,410
387 (RHOA)	667,393,713,410
6093 (ROCK1)	754,393,800,410
9475 (ROCK2)	754,393,800,410
5747 (PTK2)	580,393,626,410
23365 (ARHGEF12)	580,414,626,431
103910 (MYL12B)	841,393,887,410
10398 (MYL9)	841,393,887,410
10627 (MYL12A)	841,393,887,410
4636 (MYL5)	841,393,887,410
hsa04810: Regulation of actin cytoskeleton	852,187,960,221
hsa04810: Regulation of actin cytoskeleton	843,632,951,666
hsa04060: Cytokine-cytokine receptor interaction	358,511,466,547
hsa04010: MAPK signaling pathway	808,451,908,485
hsa04360: Axon guidance	50,55,196,80
hsa04010: MAPK signaling pathway	697,906,801,940
hsa04810: Regulation of actin cytoskeleton	723,558,831,592
hsa04810: Regulation of actin cytoskeleton	806,945,910,979
hsa04310: Wnt signaling pathway	275,1144,379,1180
hsa04810: Regulation of actin cytoskeleton	810,1283,914,1317
