5018 (OXA1L)	82,187,128,204
6727 (SRP14)	274,265,320,282
6731 (SRP72)	323,248,369,265
6730 (SRP68)	323,265,369,282
6729 (SRP54)	372,265,418,282
6728 (SRP19)	372,248,418,265
6734 (SRPRA)	274,296,320,313
6726 (SRP9)	274,248,320,265
6729 (SRP54)	82,248,128,265
7095 (SEC62)	274,172,320,189
11231 (SEC63)	320,172,366,189
28972 (SPCS1)	272,504,318,521
9789 (SPCS2)	317,504,363,521
29927 (SEC61A1)	274,145,320,162
55176 (SEC61A2)	274,145,320,162
60559 (SPCS3)	363,504,409,521
23478 (SEC11A)	409,504,455,521
90701 (SEC11C)	409,504,455,521
196294 (IMMP1L)	272,526,318,543
83943 (IMMP2L)	318,526,364,543
58477 (SRPRB)	274,313,320,330
10952 (SEC61B)	320,145,366,162
23480 (SEC61G)	366,145,412,162
3309 (HSPA5)	274,199,320,216
hsa03060: Protein export	40,45,176,70
