C04549 (1-Phosphatidyl-1D-myo-inositol 3-phosphate)	520,282,4
C04549 (1-Phosphatidyl-1D-myo-inositol 3-phosphate)	1041,627,4
9554 (SEC22B)	644,187,690,204
53407 (STX18)	644,166,690,183
9341 (VAMP3)	297,183,343,200
2204 (FCAR)	847,122,893,139
2209 (FCGR1A)	897,122,943,139
2212 (FCGR2A)	897,122,943,139
2213 (FCGR2B)	897,122,943,139
2214 (FCGR3A)	897,122,943,139
2215 (FCGR3B)	897,122,943,139
9103 (FCGR2C)	897,122,943,139
715 (C1R)	847,167,893,184
3684 (ITGAM)	897,167,943,184
3689 (ITGB2)	897,167,943,184
3685 (ITGAV)	897,243,943,260
3690 (ITGB3)	897,243,943,260
3688 (ITGB1)	947,264,993,281
22925 (PLA2R1)	847,383,893,400
4360 (MRC1)	847,383,893,400
9902 (MRC2)	847,383,893,400
4481 (MSR1)	847,423,893,440
3685 (ITGAV)	947,243,993,260
3693 (ITGB5)	947,243,993,260
3684 (ITGAM)	847,243,893,260
3689 (ITGB2)	847,243,893,260
3673 (ITGA2)	847,264,893,281
3688 (ITGB1)	847,264,893,281
3678 (ITGA5)	897,264,943,281
3688 (ITGB1)	897,264,943,281
60 (ACTB)	439,97,485,114
71 (ACTG1)	439,97,485,114
5289 (PIK3C3)	419,274,465,291
8411 (EEA1)	330,291,376,308
5868 (RAB5A)	330,274,376,291
5869 (RAB5B)	330,274,376,291
5878 (RAB5C)	330,274,376,291
338382 (RAB7B)	330,452,376,469
7879 (RAB7A)	330,452,376,469
1536 (CYBB)	833,620,879,637
83547 (RILP)	330,469,376,486
1535 (CYBA)	788,620,834,637
4689 (NCF4)	1032,632,1078,649
653361 (NCF1)	940,637,986,654
4688 (NCF2)	986,637,1032,654
5879 (RAC1)	862,648,908,665
1536 (CYBB)	986,620,1032,637
1535 (CYBA)	940,620,986,637
653361 (NCF1)	761,680,807,697
4688 (NCF2)	807,680,853,697
4689 (NCF4)	853,680,899,697
5879 (RAC1)	965,654,1011,671
1778 (DYNC1H1)	330,486,376,503
1780 (DYNC1I1)	330,486,376,503
1781 (DYNC1I2)	330,486,376,503
1783 (DYNC1LI2)	330,486,376,503
51143 (DYNC1LI1)	330,486,376,503
79659 (DYNC2H1)	330,486,376,503
10376 (TUBA1B)	353,516,399,533
112714 (TUBA3E)	353,516,399,533
113457 (TUBA3D)	353,516,399,533
51807 (TUBA8)	353,516,399,533
7277 (TUBA4A)	353,516,399,533
7278 (TUBA3C)	353,516,399,533
7846 (TUBA1A)	353,516,399,533
79861 (TUBAL3)	353,516,399,533
84790 (TUBA1C)	353,516,399,533
10381 (TUBB3)	353,533,399,550
10382 (TUBB4A)	353,533,399,550
10383 (TUBB4B)	353,533,399,550
203068 (TUBB)	353,533,399,550
347688 (TUBB8)	353,533,399,550
347733 (TUBB2B)	353,533,399,550
7280 (TUBB2A)	353,533,399,550
81027 (TUBB1)	353,533,399,550
84617 (TUBB6)	353,533,399,550
9146 (HGS)	330,397,376,414
4074 (M6PR)	330,655,376,672
10312 (TCIRG1)	415,349,461,366
127124 (ATP6V1G3)	415,349,461,366
155066 (ATP6V0E2)	415,349,461,366
23545 (ATP6V0A2)	415,349,461,366
245972 (ATP6V0D2)	415,349,461,366
245973 (ATP6V1C2)	415,349,461,366
50617 (ATP6V0A4)	415,349,461,366
51382 (ATP6V1D)	415,349,461,366
51606 (ATP6V1H)	415,349,461,366
523 (ATP6V1A)	415,349,461,366
525 (ATP6V1B1)	415,349,461,366
526 (ATP6V1B2)	415,349,461,366
527 (ATP6V0C)	415,349,461,366
528 (ATP6V1C1)	415,349,461,366
529 (ATP6V1E1)	415,349,461,366
533 (ATP6V0B)	415,349,461,366
534 (ATP6V1G2)	415,349,461,366
535 (ATP6V0A1)	415,349,461,366
537 (ATP6AP1)	415,349,461,366
8992 (ATP6V0E1)	415,349,461,366
90423 (ATP6V1E2)	415,349,461,366
9114 (ATP6V0D1)	415,349,461,366
9296 (ATP6V1F)	415,349,461,366
9550 (ATP6V1G1)	415,349,461,366
3916 (LAMP1)	330,605,376,622
3920 (LAMP2)	330,605,376,622
10312 (TCIRG1)	416,693,462,710
127124 (ATP6V1G3)	416,693,462,710
155066 (ATP6V0E2)	416,693,462,710
23545 (ATP6V0A2)	416,693,462,710
245972 (ATP6V0D2)	416,693,462,710
245973 (ATP6V1C2)	416,693,462,710
50617 (ATP6V0A4)	416,693,462,710
51382 (ATP6V1D)	416,693,462,710
51606 (ATP6V1H)	416,693,462,710
523 (ATP6V1A)	416,693,462,710
525 (ATP6V1B1)	416,693,462,710
526 (ATP6V1B2)	416,693,462,710
527 (ATP6V0C)	416,693,462,710
528 (ATP6V1C1)	416,693,462,710
529 (ATP6V1E1)	416,693,462,710
533 (ATP6V0B)	416,693,462,710
534 (ATP6V1G2)	416,693,462,710
535 (ATP6V0A1)	416,693,462,710
537 (ATP6AP1)	416,693,462,710
8992 (ATP6V0E1)	416,693,462,710
90423 (ATP6V1E2)	416,693,462,710
9114 (ATP6V0D1)	416,693,462,710
9296 (ATP6V1F)	416,693,462,710
9550 (ATP6V1G1)	416,693,462,710
4353 (MPO)	495,646,541,663
200576 (PIKFYVE)	330,630,376,647
23673 (STX12)	200,307,246,324
8417 (STX7)	200,482,246,499
948 (CD36)	897,447,943,464
8685 (MARCO)	897,423,943,440
4973 (OLR1)	947,423,993,440
929 (CD14)	947,312,993,329
7097 (TLR2)	847,312,893,329
10333 (TLR6)	847,329,893,346
7099 (TLR4)	897,312,943,329
4842 (NOS1)	388,605,434,622
949 (SCARB1)	847,447,893,464
102723407 (IGH)	1012,122,1058,139
718 (C3)	1012,167,1058,184
1311 (COMP)	1012,243,1058,260
7057 (THBS1)	1012,243,1058,260
7058 (THBS2)	1012,243,1058,260
7059 (THBS3)	1012,243,1058,260
7060 (THBS4)	1012,243,1058,260
4153 (MBL2)	1012,189,1058,206
6441 (SFTPD)	1012,189,1058,206
653509 (SFTPA1)	1012,189,1058,206
729238 (SFTPA2)	1012,189,1058,206
78989 (COLEC11)	1012,189,1058,206
81035 (COLEC12)	1012,189,1058,206
10952 (SEC61B)	607,679,653,696
23480 (SEC61G)	607,679,653,696
29927 (SEC61A1)	607,679,653,696
55176 (SEC61A2)	607,679,653,696
811 (CALR)	605,289,651,306
821 (CANX)	605,311,651,328
3108 (HLA-DMA)	696,464,742,481
3109 (HLA-DMB)	696,464,742,481
3111 (HLA-DOA)	696,464,742,481
3112 (HLA-DOB)	696,464,742,481
3113 (HLA-DPA1)	696,464,742,481
3115 (HLA-DPB1)	696,464,742,481
3117 (HLA-DQA1)	696,464,742,481
3118 (HLA-DQA2)	696,464,742,481
3119 (HLA-DQB1)	696,464,742,481
3122 (HLA-DRA)	696,464,742,481
3123 (HLA-DRB1)	696,464,742,481
3125 (HLA-DRB3)	696,464,742,481
3126 (HLA-DRB4)	696,464,742,481
3127 (HLA-DRB5)	696,464,742,481
3108 (HLA-DMA)	778,162,824,179
3109 (HLA-DMB)	778,162,824,179
3111 (HLA-DOA)	778,162,824,179
3112 (HLA-DOB)	778,162,824,179
3113 (HLA-DPA1)	778,162,824,179
3115 (HLA-DPB1)	778,162,824,179
3117 (HLA-DQA1)	778,162,824,179
3118 (HLA-DQA2)	778,162,824,179
3119 (HLA-DQB1)	778,162,824,179
3122 (HLA-DRA)	778,162,824,179
3123 (HLA-DRB1)	778,162,824,179
3125 (HLA-DRB3)	778,162,824,179
3126 (HLA-DRB4)	778,162,824,179
3127 (HLA-DRB5)	778,162,824,179
10332 (CLEC4M)	898,383,944,400
30835 (CD209)	898,383,944,400
64581 (CLEC7A)	950,382,996,399
6890 (TAP1)	621,655,667,672
6891 (TAP2)	621,655,667,672
1514 (CTSL)	499,693,545,710
1520 (CTSS)	499,693,545,710
3105 (HLA-A)	727,162,773,179
3106 (HLA-B)	727,162,773,179
3107 (HLA-C)	727,162,773,179
3133 (HLA-E)	727,162,773,179
3134 (HLA-F)	727,162,773,179
3135 (HLA-G)	727,162,773,179
6890 (TAP1)	682,291,728,308
6891 (TAP2)	682,291,728,308
3105 (HLA-A)	665,321,711,338
3106 (HLA-B)	665,321,711,338
3107 (HLA-C)	665,321,711,338
3133 (HLA-E)	665,321,711,338
3134 (HLA-F)	665,321,711,338
3135 (HLA-G)	665,321,711,338
3105 (HLA-A)	602,599,648,616
3106 (HLA-B)	602,599,648,616
3107 (HLA-C)	602,599,648,616
3133 (HLA-E)	602,599,648,616
3134 (HLA-F)	602,599,648,616
3135 (HLA-G)	602,599,648,616
7037 (TFRC)	330,321,376,338
11151 (CORO1A)	398,151,444,168
10312 (TCIRG1)	415,503,461,520
127124 (ATP6V1G3)	415,503,461,520
155066 (ATP6V0E2)	415,503,461,520
23545 (ATP6V0A2)	415,503,461,520
245972 (ATP6V0D2)	415,503,461,520
245973 (ATP6V1C2)	415,503,461,520
50617 (ATP6V0A4)	415,503,461,520
51382 (ATP6V1D)	415,503,461,520
51606 (ATP6V1H)	415,503,461,520
523 (ATP6V1A)	415,503,461,520
525 (ATP6V1B1)	415,503,461,520
526 (ATP6V1B2)	415,503,461,520
527 (ATP6V0C)	415,503,461,520
528 (ATP6V1C1)	415,503,461,520
529 (ATP6V1E1)	415,503,461,520
533 (ATP6V0B)	415,503,461,520
534 (ATP6V1G2)	415,503,461,520
535 (ATP6V0A1)	415,503,461,520
537 (ATP6AP1)	415,503,461,520
8992 (ATP6V0E1)	415,503,461,520
90423 (ATP6V1E2)	415,503,461,520
9114 (ATP6V0D1)	415,503,461,520
9296 (ATP6V1F)	415,503,461,520
9550 (ATP6V1G1)	415,503,461,520
hsa04145: Phagosome	40,45,140,70
hsa04666: Fc gamma R-mediated phagocytosis	280,68,396,102
hsa04144: Endocytosis	90,106,182,131
hsa04142: Lysosome	80,679,172,704
hsa04610: Complement and coagulation cascades	858,190,963,224
hsa04620: Toll-like receptor signaling pathway	943,340,1048,374
hsa04612: Antigen processing and presentation	667,411,767,445
