414062 (CCL3L3)	142,168,188,185
6348 (CCL3)	142,168,188,185
6349 (CCL3L1)	142,168,188,185
6352 (CCL5)	142,168,188,185
6354 (CCL7)	142,168,188,185
6355 (CCL8)	142,168,188,185
6357 (CCL13)	142,168,188,185
6358 (CCL14)	142,168,188,185
6359 (CCL15)	142,168,188,185
6360 (CCL16)	142,168,188,185
6368 (CCL23)	142,168,188,185
1230 (CCR1)	235,168,281,185
414062 (CCL3L3)	142,198,188,215
6348 (CCL3)	142,198,188,215
6349 (CCL3L1)	142,198,188,215
414062 (CCL3L3)	142,222,188,239
6348 (CCL3)	142,222,188,239
6349 (CCL3L1)	142,222,188,239
6354 (CCL7)	142,285,188,302
6354 (CCL7)	142,309,188,326
1230 (CCR1)	235,356,281,373
10850 (CCL27)	142,447,188,464
6347 (CCL2)	142,447,188,464
6354 (CCL7)	142,447,188,464
6355 (CCL8)	142,447,188,464
6357 (CCL13)	142,447,188,464
729230 (CCR2)	235,447,281,464
6347 (CCL2)	142,480,188,497
6347 (CCL2)	142,531,188,548
729230 (CCR2)	235,615,281,632
10344 (CCL26)	142,710,188,727
10850 (CCL27)	142,710,188,727
56477 (CCL28)	142,710,188,727
6352 (CCL5)	142,710,188,727
6354 (CCL7)	142,710,188,727
6356 (CCL11)	142,710,188,727
6357 (CCL13)	142,710,188,727
6359 (CCL15)	142,710,188,727
6368 (CCL23)	142,710,188,727
6369 (CCL24)	142,710,188,727
1232 (CCR3)	235,710,281,727
6352 (CCL5)	142,745,188,762
6352 (CCL5)	142,809,188,826
6356 (CCL11)	142,857,188,874
6356 (CCL11)	142,886,188,903
6357 (CCL13)	142,959,188,976
6357 (CCL13)	142,984,188,1001
10344 (CCL26)	443,199,489,216
10344 (CCL26)	443,225,489,242
56477 (CCL28)	443,278,489,295
56477 (CCL28)	443,325,489,342
1232 (CCR3)	536,361,582,378
6352 (CCL5)	443,437,489,454
6361 (CCL17)	443,437,489,454
6367 (CCL22)	443,437,489,454
1233 (CCR4)	536,437,582,454
6361 (CCL17)	443,476,489,493
6367 (CCL22)	443,536,489,553
6367 (CCL22)	443,564,489,581
1233 (CCR4)	536,651,582,668
388372 (CCL4L1)	443,736,489,753
414062 (CCL3L3)	443,736,489,753
6348 (CCL3)	443,736,489,753
6349 (CCL3L1)	443,736,489,753
6351 (CCL4)	443,736,489,753
6352 (CCL5)	443,736,489,753
6355 (CCL8)	443,736,489,753
9560 (CCL4L2)	443,736,489,753
1234 (CCR5)	536,736,582,753
1234 (CCR5)	536,792,582,809
1234 (CCR5)	536,861,582,878
388372 (CCL4L1)	443,924,489,941
6351 (CCL4)	443,924,489,941
9560 (CCL4L2)	443,924,489,941
6364 (CCL20)	744,168,790,185
1235 (CCR6)	837,168,883,185
1235 (CCR6)	837,207,883,224
6346 (CCL1)	745,288,791,305
1237 (CCR8)	838,288,884,305
6346 (CCL1)	745,326,791,343
1237 (CCR8)	838,415,884,432
6370 (CCL25)	745,527,791,544
10803 (CCR9)	838,527,884,544
51554 (ACKR4)	838,527,884,544
6370 (CCL25)	745,561,791,578
10850 (CCL27)	745,607,791,624
56477 (CCL28)	745,607,791,624
2826 (CCR10)	838,607,884,624
2826 (CCR10)	839,639,885,656
6362 (CCL18)	744,695,790,712
6362 (CCL18)	744,723,790,740
6363 (CCL19)	744,775,790,792
6366 (CCL21)	744,775,790,792
1236 (CCR7)	837,775,883,792
51554 (ACKR4)	837,775,883,792
6363 (CCL19)	744,846,790,863
6366 (CCL21)	744,923,790,940
6376 (CX3CL1)	1341,844,1387,861
1524 (CX3CR1)	1434,844,1480,861
6376 (CX3CL1)	1342,883,1388,900
1524 (CX3CR1)	1434,922,1480,939
2919 (CXCL1)	1043,168,1089,185
2920 (CXCL2)	1043,168,1089,185
2921 (CXCL3)	1043,168,1089,185
3576 (CXCL8)	1043,168,1089,185
6372 (CXCL6)	1043,168,1089,185
6374 (CXCL5)	1043,168,1089,185
3577 (CXCR1)	1136,168,1182,185
2919 (CXCL1)	1043,231,1089,248
2920 (CXCL2)	1043,231,1089,248
2921 (CXCL3)	1043,231,1089,248
6372 (CXCL6)	1043,205,1089,222
6374 (CXCL5)	1043,205,1089,222
6372 (CXCL6)	1043,258,1089,275
6374 (CXCL5)	1043,258,1089,275
3576 (CXCL8)	1043,282,1089,299
3577 (CXCR1)	1137,319,1183,336
2919 (CXCL1)	1043,418,1089,435
2920 (CXCL2)	1043,418,1089,435
2921 (CXCL3)	1043,418,1089,435
3576 (CXCL8)	1043,418,1089,435
5473 (PPBP)	1043,418,1089,435
6372 (CXCL6)	1043,418,1089,435
6374 (CXCL5)	1043,418,1089,435
3579 (CXCR2)	1136,418,1182,435
5473 (PPBP)	1043,506,1089,523
2919 (CXCL1)	1043,459,1089,476
2920 (CXCL2)	1043,459,1089,476
2921 (CXCL3)	1043,459,1089,476
3579 (CXCR2)	1136,548,1182,565
10563 (CXCL13)	1043,646,1089,663
3627 (CXCL10)	1043,646,1089,663
4283 (CXCL9)	1043,646,1089,663
5196 (PF4)	1043,646,1089,663
5197 (PF4V1)	1043,646,1089,663
6373 (CXCL11)	1043,646,1089,663
2833 (CXCR3)	1136,646,1182,663
10563 (CXCL13)	1043,673,1089,690
643 (CXCR5)	1136,673,1182,690
5196 (PF4)	1043,717,1089,734
5197 (PF4V1)	1043,717,1089,734
4283 (CXCL9)	1042,762,1088,779
3627 (CXCL10)	1042,787,1088,804
3627 (CXCL10)	1041,815,1087,832
6373 (CXCL11)	1043,868,1089,885
10563 (CXCL13)	1043,947,1089,964
6387 (CXCL12)	1341,168,1387,185
57007 (ACKR3)	1434,168,1480,185
7852 (CXCR4)	1434,168,1480,185
6387 (CXCL12)	1341,205,1387,222
7852 (CXCR4)	1434,316,1480,333
9547 (CXCL14)	1341,398,1387,415
9547 (CXCL14)	1341,443,1387,460
6375 (XCL1)	1341,595,1387,612
6846 (XCL2)	1341,595,1387,612
2829 (XCR1)	1434,595,1480,612
6375 (XCL1)	1341,637,1387,654
2829 (XCR1)	1434,681,1480,698
3588 (IL10RB)	1733,176,1779,193
3587 (IL10RA)	1733,159,1779,176
3586 (IL10)	1646,168,1692,185
3588 (IL10RB)	1733,238,1779,255
3587 (IL10RA)	1733,221,1779,238
3572 (IL6ST)	1733,311,1779,328
3570 (IL6R)	1733,294,1779,311
3569 (IL6)	1647,303,1693,320
3572 (IL6ST)	1733,364,1779,381
3570 (IL6R)	1733,347,1779,364
3561 (IL2RG)	1733,505,1779,522
3560 (IL2RB)	1733,488,1779,505
3561 (IL2RG)	1733,461,1779,478
3560 (IL2RB)	1733,444,1779,461
3559 (IL2RA)	1733,427,1779,444
3558 (IL2)	1647,469,1693,486
3561 (IL2RG)	1733,566,1779,583
3560 (IL2RB)	1733,549,1779,566
8807 (IL18RAP)	1733,663,1779,680
8809 (IL18R1)	1733,646,1779,663
27178 (IL37)	1648,654,1694,671
3606 (IL18)	1648,654,1694,671
3606 (IL18)	1647,704,1693,721
53833 (IL20RB)	1733,787,1779,804
53832 (IL20RA)	1733,770,1779,787
11009 (IL24)	1648,778,1694,795
29949 (IL19)	1648,778,1694,795
50604 (IL20)	1648,778,1694,795
53833 (IL20RB)	1733,841,1779,858
53832 (IL20RA)	1733,824,1779,841
53833 (IL20RB)	1733,917,1779,934
58985 (IL22RA1)	1733,900,1779,917
11009 (IL24)	1648,908,1694,925
50604 (IL20)	1648,908,1694,925
53833 (IL20RB)	1733,972,1779,989
58985 (IL22RA1)	1733,955,1779,972
146433 (IL34)	1940,852,1986,869
1435 (CSF1)	1940,877,1986,894
1436 (CSF1R)	2032,865,2078,882
1435 (CSF1)	1940,935,1986,952
8764 (TNFRSF14)	2032,236,2078,253
4055 (LTBR)	2032,210,2078,227
8740 (TNFSF14)	1945,231,1991,248
4049 (LTA)	1945,199,1991,216
7132 (TNFRSF1A)	2032,157,2078,174
7133 (TNFRSF1B)	2032,183,2078,200
7124 (TNF)	1945,168,1991,185
7124 (TNF)	1944,296,1990,313
4049 (LTA)	1944,320,1990,337
7132 (TNFRSF1A)	2032,387,2078,404
7133 (TNFRSF1B)	2032,452,2078,469
8764 (TNFRSF14)	2032,506,2078,523
8793 (TNFRSF10D)	2032,593,2078,610
8794 (TNFRSF10C)	2032,593,2078,610
8795 (TNFRSF10B)	2032,569,2078,586
8797 (TNFRSF10A)	2032,569,2078,586
8743 (TNFSF10)	1945,584,1991,601
8795 (TNFRSF10B)	2032,649,2078,666
8797 (TNFRSF10A)	2032,649,2078,666
2919 (CXCL1)	1043,483,1089,500
2920 (CXCL2)	1043,483,1089,500
2921 (CXCL3)	1043,483,1089,500
6387 (CXCL12)	1342,250,1388,267
10344 (CCL26)	443,168,489,185
10850 (CCL27)	443,168,489,185
56477 (CCL28)	443,168,489,185
6352 (CCL5)	443,168,489,185
6354 (CCL7)	443,168,489,185
6356 (CCL11)	443,168,489,185
6357 (CCL13)	443,168,489,185
6359 (CCL15)	443,168,489,185
6368 (CCL23)	443,168,489,185
6369 (CCL24)	443,168,489,185
1232 (CCR3)	536,168,582,185
hsa04061: Viral protein interaction with cytokine and cytokine receptor	40,45,607,70
