C00076 (Calcium cation)	625,368,4
C00076 (Calcium cation)	919,376,4
C00076 (Calcium cation)	760,475,4
C00076 (Calcium cation)	949,157,4
C01330 (Sodium cation)	960,264,4
C00575 (3',5'-Cyclic AMP)	738,268,4
C00076 (Calcium cation)	305,511,4
6444 (SGCD)	275,200,321,217
10368 (CACNG3)	645,361,691,378
10369 (CACNG2)	645,361,691,378
27091 (CACNG5)	645,361,691,378
27092 (CACNG4)	645,361,691,378
55799 (CACNA2D3)	645,361,691,378
59283 (CACNG8)	645,361,691,378
59284 (CACNG7)	645,361,691,378
59285 (CACNG6)	645,361,691,378
775 (CACNA1C)	645,361,691,378
776 (CACNA1D)	645,361,691,378
778 (CACNA1F)	645,361,691,378
779 (CACNA1S)	645,361,691,378
781 (CACNA2D1)	645,361,691,378
782 (CACNB1)	645,361,691,378
783 (CACNB2)	645,361,691,378
784 (CACNB3)	645,361,691,378
785 (CACNB4)	645,361,691,378
786 (CACNG1)	645,361,691,378
9254 (CACNA2D2)	645,361,691,378
93589 (CACNA2D4)	645,361,691,378
6262 (RYR2)	767,364,813,381
487 (ATP2A1)	896,338,942,355
488 (ATP2A2)	896,338,942,355
489 (ATP2A3)	896,338,942,355
6543 (SLC8A2)	931,200,977,217
6546 (SLC8A1)	931,200,977,217
6547 (SLC8A3)	931,200,977,217
22801 (ITGA11)	122,200,168,217
3655 (ITGA6)	122,200,168,217
3672 (ITGA1)	122,200,168,217
3673 (ITGA2)	122,200,168,217
3674 (ITGA2B)	122,200,168,217
3675 (ITGA3)	122,200,168,217
3676 (ITGA4)	122,200,168,217
3678 (ITGA5)	122,200,168,217
3679 (ITGA7)	122,200,168,217
3680 (ITGA9)	122,200,168,217
3685 (ITGAV)	122,200,168,217
8515 (ITGA10)	122,200,168,217
8516 (ITGA8)	122,200,168,217
3688 (ITGB1)	168,200,214,217
3690 (ITGB3)	168,200,214,217
3691 (ITGB4)	168,200,214,217
3693 (ITGB5)	168,200,214,217
3694 (ITGB6)	168,200,214,217
3695 (ITGB7)	168,200,214,217
3696 (ITGB8)	168,200,214,217
6445 (SGCG)	321,200,367,217
6443 (SGCB)	412,200,458,217
6442 (SGCA)	366,200,412,217
1605 (DAG1)	456,153,502,170
1605 (DAG1)	457,200,503,217
284217 (LAMA1)	457,114,503,131
3908 (LAMA2)	457,114,503,131
2010 (EMD)	591,504,637,521
4000 (LMNA)	553,526,599,543
7137 (TNNI3)	370,491,416,508
7134 (TNNC1)	314,475,360,492
7139 (TNNT2)	150,570,196,587
7168 (TPM1)	437,550,483,567
7169 (TPM2)	437,550,483,567
7170 (TPM3)	437,550,483,567
7171 (TPM4)	437,550,483,567
1756 (DMD)	402,280,448,297
70 (ACTC1)	418,522,464,539
4634 (MYL3)	373,564,419,581
7273 (TTN)	156,471,202,488
4607 (MYBPC3)	185,672,231,689
1674 (DES)	107,293,153,310
153 (ADRB1)	828,200,874,217
102723407 (IGH)	828,127,874,144
2778 (GNAS)	828,236,874,253
107 (ADCY1)	776,259,822,276
108 (ADCY2)	776,259,822,276
109 (ADCY3)	776,259,822,276
111 (ADCY5)	776,259,822,276
112 (ADCY6)	776,259,822,276
113 (ADCY7)	776,259,822,276
114 (ADCY8)	776,259,822,276
115 (ADCY9)	776,259,822,276
196883 (ADCY4)	776,259,822,276
5566 (PRKACA)	717,300,763,317
5567 (PRKACB)	717,300,763,317
5568 (PRKACG)	717,300,763,317
5350 (PLN)	830,339,876,356
4633 (MYL2)	373,586,419,603
60 (ACTB)	364,321,410,338
71 (ACTG1)	364,321,410,338
60 (ACTB)	186,297,232,314
71 (ACTG1)	186,297,232,314
1674 (DES)	432,470,478,487
4624 (MYH6)	340,621,386,638
4625 (MYH7)	340,621,386,638
7124 (TNF)	971,583,1017,600
3479 (IGF1)	1031,583,1077,600
7040 (TGFB1)	971,607,1017,624
7042 (TGFB2)	971,607,1017,624
7043 (TGFB3)	971,607,1017,624
183 (AGT)	1031,607,1077,624
hsa05414: Dilated cardiomyopathy (DCM)	40,45,316,70
hsa04260: Cardiac muscle contraction	441,354,559,388
hsa04512: ECM-receptor interaction	317,124,435,158
hsa05416: Viral myocarditis	597,117,715,142
hsa04350: TGF-beta signaling pathway	887,524,1005,558
hsa04614: Renin-angiotensin system	1015,524,1133,558
