G00034	340,497,4
G00033	340,433,4
G00032	471,370,4
G00031	340,370,4
G00030	340,306,4
G00029	471,242,4
G00028	340,242,4
G00027	601,116,4
G00026	471,116,4
G00025	471,179,4
G00023 (Tn antigen)	206,242,4
G00035 (Sialyl-Tn antigen)	204,116,4
C02189 ([Protein]-L-serine)	75,242,4
G10611 (UDP-N-acetyl-D-galactosamine)	96,207,4
G00024 (T antigen)	340,179,4
9245 (GCNT3)	379,231,425,248
2650 (GCNT1)	244,350,290,367
9334 (B4GALT5)	379,362,425,379
55808 (ST6GALNAC1)	512,106,558,123
55808 (ST6GALNAC1)	181,144,227,161
6482 (ST3GAL1)	379,107,425,124
6483 (ST3GAL2)	379,107,425,124
192134 (B3GNT6)	244,231,290,248
100528030 (POC1B-GALNT4)	126,234,172,251
11226 (GALNT6)	126,234,172,251
11227 (GALNT5)	126,234,172,251
114805 (GALNT13)	126,234,172,251
117248 (GALNT15)	126,234,172,251
168391 (GALNTL5)	126,234,172,251
2589 (GALNT1)	126,234,172,251
2590 (GALNT2)	126,234,172,251
2591 (GALNT3)	126,234,172,251
26290 (GALNT8)	126,234,172,251
374378 (GALNT18)	126,234,172,251
442117 (GALNTL6)	126,234,172,251
50614 (GALNT9)	126,234,172,251
51809 (GALNT7)	126,234,172,251
55568 (GALNT10)	126,234,172,251
57452 (GALNT16)	126,234,172,251
63917 (GALNT11)	126,234,172,251
64409 (GALNT17)	126,234,172,251
79623 (GALNT14)	126,234,172,251
79695 (GALNT12)	126,234,172,251
8693 (GALNT4)	126,234,172,251
29071 (C1GALT1C1)	244,171,290,188
56913 (C1GALT1)	244,171,290,188
2650 (GCNT1)	379,171,425,188
51301 (GCNT4)	379,171,425,188
9245 (GCNT3)	379,171,425,188
9334 (B4GALT5)	414,858,434,858,434,862,414,862
55808 (ST6GALNAC1)	133,676,153,676,153,680,133,680
6482 (ST3GAL1)	133,790,153,790,153,794,133,794
6483 (ST3GAL2)	133,790,153,790,153,794,133,794
192134 (B3GNT6)	432,744,442,734,446,734,436,744
100528030 (POC1B-GALNT4)	497,985,517,985,517,989,497,989
11226 (GALNT6)	497,985,517,985,517,989,497,989
11227 (GALNT5)	497,985,517,985,517,989,497,989
114805 (GALNT13)	497,985,517,985,517,989,497,989
117248 (GALNT15)	497,985,517,985,517,989,497,989
168391 (GALNTL5)	497,985,517,985,517,989,497,989
2589 (GALNT1)	497,985,517,985,517,989,497,989
2590 (GALNT2)	497,985,517,985,517,989,497,989
2591 (GALNT3)	497,985,517,985,517,989,497,989
26290 (GALNT8)	497,985,517,985,517,989,497,989
374378 (GALNT18)	497,985,517,985,517,989,497,989
442117 (GALNTL6)	497,985,517,985,517,989,497,989
50614 (GALNT9)	497,985,517,985,517,989,497,989
51809 (GALNT7)	497,985,517,985,517,989,497,989
55568 (GALNT10)	497,985,517,985,517,989,497,989
57452 (GALNT16)	497,985,517,985,517,989,497,989
63917 (GALNT11)	497,985,517,985,517,989,497,989
64409 (GALNT17)	497,985,517,985,517,989,497,989
79623 (GALNT14)	497,985,517,985,517,989,497,989
79695 (GALNT12)	497,985,517,985,517,989,497,989
8693 (GALNT4)	497,985,517,985,517,989,497,989
100528030 (POC1B-GALNT4)	518,928,538,928,538,932,518,932
11226 (GALNT6)	518,928,538,928,538,932,518,932
11227 (GALNT5)	518,928,538,928,538,932,518,932
114805 (GALNT13)	518,928,538,928,538,932,518,932
117248 (GALNT15)	518,928,538,928,538,932,518,932
168391 (GALNTL5)	518,928,538,928,538,932,518,932
2589 (GALNT1)	518,928,538,928,538,932,518,932
2590 (GALNT2)	518,928,538,928,538,932,518,932
2591 (GALNT3)	518,928,538,928,538,932,518,932
26290 (GALNT8)	518,928,538,928,538,932,518,932
374378 (GALNT18)	518,928,538,928,538,932,518,932
442117 (GALNTL6)	518,928,538,928,538,932,518,932
50614 (GALNT9)	518,928,538,928,538,932,518,932
51809 (GALNT7)	518,928,538,928,538,932,518,932
55568 (GALNT10)	518,928,538,928,538,932,518,932
57452 (GALNT16)	518,928,538,928,538,932,518,932
63917 (GALNT11)	518,928,538,928,538,932,518,932
64409 (GALNT17)	518,928,538,928,538,932,518,932
79623 (GALNT14)	518,928,538,928,538,932,518,932
79695 (GALNT12)	518,928,538,928,538,932,518,932
8693 (GALNT4)	518,928,538,928,538,932,518,932
2650 (GCNT1)	496,858,516,858,516,862,496,862
100528030 (POC1B-GALNT4)	579,858,599,858,599,862,579,862
11226 (GALNT6)	579,858,599,858,599,862,579,862
11227 (GALNT5)	579,858,599,858,599,862,579,862
114805 (GALNT13)	579,858,599,858,599,862,579,862
117248 (GALNT15)	579,858,599,858,599,862,579,862
168391 (GALNTL5)	579,858,599,858,599,862,579,862
2589 (GALNT1)	579,858,599,858,599,862,579,862
2590 (GALNT2)	579,858,599,858,599,862,579,862
2591 (GALNT3)	579,858,599,858,599,862,579,862
26290 (GALNT8)	579,858,599,858,599,862,579,862
374378 (GALNT18)	579,858,599,858,599,862,579,862
442117 (GALNTL6)	579,858,599,858,599,862,579,862
50614 (GALNT9)	579,858,599,858,599,862,579,862
51809 (GALNT7)	579,858,599,858,599,862,579,862
55568 (GALNT10)	579,858,599,858,599,862,579,862
57452 (GALNT16)	579,858,599,858,599,862,579,862
63917 (GALNT11)	579,858,599,858,599,862,579,862
64409 (GALNT17)	579,858,599,858,599,862,579,862
79623 (GALNT14)	579,858,599,858,599,862,579,862
79695 (GALNT12)	579,858,599,858,599,862,579,862
8693 (GALNT4)	579,858,599,858,599,862,579,862
100528030 (POC1B-GALNT4)	519,799,539,799,539,803,519,803
11226 (GALNT6)	519,799,539,799,539,803,519,803
11227 (GALNT5)	519,799,539,799,539,803,519,803
114805 (GALNT13)	519,799,539,799,539,803,519,803
117248 (GALNT15)	519,799,539,799,539,803,519,803
168391 (GALNTL5)	519,799,539,799,539,803,519,803
2589 (GALNT1)	519,799,539,799,539,803,519,803
2590 (GALNT2)	519,799,539,799,539,803,519,803
2591 (GALNT3)	519,799,539,799,539,803,519,803
26290 (GALNT8)	519,799,539,799,539,803,519,803
374378 (GALNT18)	519,799,539,799,539,803,519,803
442117 (GALNTL6)	519,799,539,799,539,803,519,803
50614 (GALNT9)	519,799,539,799,539,803,519,803
51809 (GALNT7)	519,799,539,799,539,803,519,803
55568 (GALNT10)	519,799,539,799,539,803,519,803
57452 (GALNT16)	519,799,539,799,539,803,519,803
63917 (GALNT11)	519,799,539,799,539,803,519,803
64409 (GALNT17)	519,799,539,799,539,803,519,803
79623 (GALNT14)	519,799,539,799,539,803,519,803
79695 (GALNT12)	519,799,539,799,539,803,519,803
8693 (GALNT4)	519,799,539,799,539,803,519,803
9245 (GCNT3)	433,711,443,721,447,721,437,711
100528030 (POC1B-GALNT4)	506,724,526,724,526,728,506,728
11226 (GALNT6)	506,724,526,724,526,728,506,728
11227 (GALNT5)	506,724,526,724,526,728,506,728
114805 (GALNT13)	506,724,526,724,526,728,506,728
117248 (GALNT15)	506,724,526,724,526,728,506,728
168391 (GALNTL5)	506,724,526,724,526,728,506,728
2589 (GALNT1)	506,724,526,724,526,728,506,728
2590 (GALNT2)	506,724,526,724,526,728,506,728
2591 (GALNT3)	506,724,526,724,526,728,506,728
26290 (GALNT8)	506,724,526,724,526,728,506,728
374378 (GALNT18)	506,724,526,724,526,728,506,728
442117 (GALNTL6)	506,724,526,724,526,728,506,728
50614 (GALNT9)	506,724,526,724,526,728,506,728
51809 (GALNT7)	506,724,526,724,526,728,506,728
55568 (GALNT10)	506,724,526,724,526,728,506,728
57452 (GALNT16)	506,724,526,724,526,728,506,728
63917 (GALNT11)	506,724,526,724,526,728,506,728
64409 (GALNT17)	506,724,526,724,526,728,506,728
79623 (GALNT14)	506,724,526,724,526,728,506,728
79695 (GALNT12)	506,724,526,724,526,728,506,728
8693 (GALNT4)	506,724,526,724,526,728,506,728
29071 (C1GALT1C1)	432,641,442,631,446,631,436,641
56913 (C1GALT1)	432,641,442,631,446,631,436,641
2650 (GCNT1)	433,608,443,618,447,618,437,608
51301 (GCNT4)	433,608,443,618,447,618,437,608
9245 (GCNT3)	433,608,443,618,447,618,437,608
100528030 (POC1B-GALNT4)	507,621,527,621,527,625,507,625
11226 (GALNT6)	507,621,527,621,527,625,507,625
11227 (GALNT5)	507,621,527,621,527,625,507,625
114805 (GALNT13)	507,621,527,621,527,625,507,625
117248 (GALNT15)	507,621,527,621,527,625,507,625
168391 (GALNTL5)	507,621,527,621,527,625,507,625
2589 (GALNT1)	507,621,527,621,527,625,507,625
2590 (GALNT2)	507,621,527,621,527,625,507,625
2591 (GALNT3)	507,621,527,621,527,625,507,625
26290 (GALNT8)	507,621,527,621,527,625,507,625
374378 (GALNT18)	507,621,527,621,527,625,507,625
442117 (GALNTL6)	507,621,527,621,527,625,507,625
50614 (GALNT9)	507,621,527,621,527,625,507,625
51809 (GALNT7)	507,621,527,621,527,625,507,625
55568 (GALNT10)	507,621,527,621,527,625,507,625
57452 (GALNT16)	507,621,527,621,527,625,507,625
63917 (GALNT11)	507,621,527,621,527,625,507,625
64409 (GALNT17)	507,621,527,621,527,625,507,625
79623 (GALNT14)	507,621,527,621,527,625,507,625
79695 (GALNT12)	507,621,527,621,527,625,507,625
8693 (GALNT4)	507,621,527,621,527,625,507,625
29071 (C1GALT1C1)	191,791,201,781,205,781,195,791
56913 (C1GALT1)	191,791,201,781,205,781,195,791
55808 (ST6GALNAC1)	192,758,202,768,206,768,196,758
100528030 (POC1B-GALNT4)	266,771,286,771,286,775,266,775
11226 (GALNT6)	266,771,286,771,286,775,266,775
11227 (GALNT5)	266,771,286,771,286,775,266,775
114805 (GALNT13)	266,771,286,771,286,775,266,775
117248 (GALNT15)	266,771,286,771,286,775,266,775
168391 (GALNTL5)	266,771,286,771,286,775,266,775
2589 (GALNT1)	266,771,286,771,286,775,266,775
2590 (GALNT2)	266,771,286,771,286,775,266,775
2591 (GALNT3)	266,771,286,771,286,775,266,775
26290 (GALNT8)	266,771,286,771,286,775,266,775
374378 (GALNT18)	266,771,286,771,286,775,266,775
442117 (GALNTL6)	266,771,286,771,286,775,266,775
50614 (GALNT9)	266,771,286,771,286,775,266,775
51809 (GALNT7)	266,771,286,771,286,775,266,775
55568 (GALNT10)	266,771,286,771,286,775,266,775
57452 (GALNT16)	266,771,286,771,286,775,266,775
63917 (GALNT11)	266,771,286,771,286,775,266,775
64409 (GALNT17)	266,771,286,771,286,775,266,775
79623 (GALNT14)	266,771,286,771,286,775,266,775
79695 (GALNT12)	266,771,286,771,286,775,266,775
8693 (GALNT4)	266,771,286,771,286,775,266,775
100528030 (POC1B-GALNT4)	217,676,237,676,237,680,217,680
11226 (GALNT6)	217,676,237,676,237,680,217,680
11227 (GALNT5)	217,676,237,676,237,680,217,680
114805 (GALNT13)	217,676,237,676,237,680,217,680
117248 (GALNT15)	217,676,237,676,237,680,217,680
168391 (GALNTL5)	217,676,237,676,237,680,217,680
2589 (GALNT1)	217,676,237,676,237,680,217,680
2590 (GALNT2)	217,676,237,676,237,680,217,680
2591 (GALNT3)	217,676,237,676,237,680,217,680
26290 (GALNT8)	217,676,237,676,237,680,217,680
374378 (GALNT18)	217,676,237,676,237,680,217,680
442117 (GALNTL6)	217,676,237,676,237,680,217,680
50614 (GALNT9)	217,676,237,676,237,680,217,680
51809 (GALNT7)	217,676,237,676,237,680,217,680
55568 (GALNT10)	217,676,237,676,237,680,217,680
57452 (GALNT16)	217,676,237,676,237,680,217,680
63917 (GALNT11)	217,676,237,676,237,680,217,680
64409 (GALNT17)	217,676,237,676,237,680,217,680
79623 (GALNT14)	217,676,237,676,237,680,217,680
79695 (GALNT12)	217,676,237,676,237,680,217,680
8693 (GALNT4)	217,676,237,676,237,680,217,680
100528030 (POC1B-GALNT4)	131,602,151,602,151,606,131,606
11226 (GALNT6)	131,602,151,602,151,606,131,606
11227 (GALNT5)	131,602,151,602,151,606,131,606
114805 (GALNT13)	131,602,151,602,151,606,131,606
117248 (GALNT15)	131,602,151,602,151,606,131,606
168391 (GALNTL5)	131,602,151,602,151,606,131,606
2589 (GALNT1)	131,602,151,602,151,606,131,606
2590 (GALNT2)	131,602,151,602,151,606,131,606
2591 (GALNT3)	131,602,151,602,151,606,131,606
26290 (GALNT8)	131,602,151,602,151,606,131,606
374378 (GALNT18)	131,602,151,602,151,606,131,606
442117 (GALNTL6)	131,602,151,602,151,606,131,606
50614 (GALNT9)	131,602,151,602,151,606,131,606
51809 (GALNT7)	131,602,151,602,151,606,131,606
55568 (GALNT10)	131,602,151,602,151,606,131,606
57452 (GALNT16)	131,602,151,602,151,606,131,606
63917 (GALNT11)	131,602,151,602,151,606,131,606
64409 (GALNT17)	131,602,151,602,151,606,131,606
79623 (GALNT14)	131,602,151,602,151,606,131,606
79695 (GALNT12)	131,602,151,602,151,606,131,606
8693 (GALNT4)	131,602,151,602,151,606,131,606
hsa00533: Glycosaminoglycan biosynthesis - keratan sulfate	558,163,650,197
hsa00512: Mucin type O-glycan biosynthesis	40,45,339,70
