C05917 (Iodopsin)	359,373,4
C00473 (Retinol)	198,272,4
C00376 (Retinal)	359,272,4
C02094 (beta-Carotene)	359,208,4
C00777 (Retinoate)	551,208,4
C02075 (Retinyl ester)	198,373,4
C02588 (Retinyl palmitate)	198,373,4
C00899 (11-cis-Retinol)	198,474,4
C02110 (11-cis-Retinal)	359,474,4
C16682 (9-cis-Retinol)	198,128,4
C16681 (9-cis-Retinal)	360,128,4
C15493 (9-cis-Retinoic acid)	551,128,4
C15492 (all-trans-13,14-Dihydroretinol)	100,208,4
C00778 (Rhodopsin)	410,474,4
C05914 (Bathorhodopsin)	410,423,4
C05915 (Lumirhodopsin)	410,373,4
C05916 (Metarhodopsin)	410,323,4
C03455 (11-cis-Retinyl palmitate)	198,575,4
C05916 (Metarhodopsin)	410,272,4
C11061 (all-trans-Retinoyl-beta-glucuronide)	699,373,4
C16677 (all-trans-4-Hydroxyretinoic acid)	699,208,4
C16678 (all-trans-4-Oxoretinoic acid)	848,208,4
C16683 (4-Oxoretinol)	301,208,4
C16680 (all-trans-5,6-Epoxyretinoic acid)	699,323,4
C16679 (all-trans-18-Hydroxyretinoic acid)	699,272,4
C21797 (all-trans-3,4-Didehydroretinol)	100,176,4
124 (ADH1A)	229,250,275,267
125 (ADH1B)	229,250,275,267
126 (ADH1C)	229,250,275,267
127 (ADH4)	229,250,275,267
128 (ADH5)	229,250,275,267
130 (ADH6)	229,250,275,267
131 (ADH7)	229,250,275,267
53630 (BCO1)	336,224,382,241
216 (ALDH1A1)	444,209,490,226
8854 (ALDH1A2)	444,209,490,226
316 (AOX1)	444,188,490,205
9227 (LRAT)	200,330,246,347
157506 (RDH10)	246,469,292,486
51109 (RDH11)	246,469,292,486
5959 (RDH5)	246,469,292,486
54884 (RETSAT)	127,200,173,217
6121 (RPE65)	175,410,221,427
145226 (RDH12)	253,130,299,147
51109 (RDH11)	253,130,299,147
5959 (RDH5)	253,130,299,147
158835 (AWAT2)	150,532,196,549
8694 (DGAT1)	150,532,196,549
9227 (LRAT)	200,532,246,549
158835 (AWAT2)	150,330,196,347
8694 (DGAT1)	150,330,196,347
1592 (CYP26A1)	571,189,617,206
340665 (CYP26C1)	571,189,617,206
56603 (CYP26B1)	571,189,617,206
100861540 (CYP3A7-CYP3A51P)	619,210,665,227
1551 (CYP3A7)	619,210,665,227
1576 (CYP3A4)	619,210,665,227
1577 (CYP3A5)	619,210,665,227
1543 (CYP1A1)	619,189,665,206
1544 (CYP1A2)	619,189,665,206
1592 (CYP26A1)	733,189,779,206
340665 (CYP26C1)	733,189,779,206
56603 (CYP26B1)	733,189,779,206
1592 (CYP26A1)	222,200,268,217
145226 (RDH12)	229,271,275,288
157506 (RDH10)	229,271,275,288
50700 (RDH8)	229,271,275,288
51109 (RDH11)	229,271,275,288
8608 (RDH16)	229,271,275,288
10170 (DHRS9)	277,271,323,288
10901 (DHRS4)	277,271,323,288
317749 (DHRS4L2)	277,271,323,288
728635 (DHRS4L1)	277,271,323,288
9249 (DHRS3)	277,271,323,288
1592 (CYP26A1)	594,234,640,251
340665 (CYP26C1)	594,234,640,251
56603 (CYP26B1)	594,234,640,251
1548 (CYP2A6)	594,304,640,321
1555 (CYP2B6)	594,304,640,321
29785 (CYP2S1)	594,304,640,321
100861540 (CYP3A7-CYP3A51P)	594,325,640,342
1551 (CYP3A7)	594,325,640,342
1577 (CYP3A5)	594,325,640,342
100861540 (CYP3A7-CYP3A51P)	570,274,616,291
1551 (CYP3A7)	570,274,616,291
1576 (CYP3A4)	570,274,616,291
1577 (CYP3A5)	570,274,616,291
1543 (CYP1A1)	570,253,616,270
1579 (CYP4A11)	618,274,664,291
284541 (CYP4A22)	618,274,664,291
1548 (CYP2A6)	618,253,664,270
1555 (CYP2B6)	618,253,664,270
1558 (CYP2C8)	618,253,664,270
1559 (CYP2C9)	618,253,664,270
1562 (CYP2C18)	618,253,664,270
1543 (CYP1A1)	781,189,827,206
1544 (CYP1A2)	781,189,827,206
100861540 (CYP3A7-CYP3A51P)	781,210,827,227
1551 (CYP3A7)	781,210,827,227
1576 (CYP3A4)	781,210,827,227
1577 (CYP3A5)	781,210,827,227
1548 (CYP2A6)	571,210,617,227
1555 (CYP2B6)	571,210,617,227
1558 (CYP2C8)	571,210,617,227
1559 (CYP2C9)	571,210,617,227
1562 (CYP2C18)	571,210,617,227
29785 (CYP2S1)	571,210,617,227
1548 (CYP2A6)	733,210,779,227
1555 (CYP2B6)	733,210,779,227
1558 (CYP2C8)	733,210,779,227
1559 (CYP2C9)	733,210,779,227
1562 (CYP2C18)	733,210,779,227
29785 (CYP2S1)	733,210,779,227
10901 (DHRS4)	253,109,299,126
317749 (DHRS4L2)	253,109,299,126
728635 (DHRS4L1)	253,109,299,126
316 (AOX1)	444,109,490,126
216 (ALDH1A1)	444,130,490,147
8854 (ALDH1A2)	444,130,490,147
10720 (UGT2B11)	594,364,640,381
10941 (UGT2A1)	594,364,640,381
54490 (UGT2B28)	594,364,640,381
54575 (UGT1A10)	594,364,640,381
54576 (UGT1A8)	594,364,640,381
54577 (UGT1A7)	594,364,640,381
54578 (UGT1A6)	594,364,640,381
54579 (UGT1A5)	594,364,640,381
54600 (UGT1A9)	594,364,640,381
54657 (UGT1A4)	594,364,640,381
54658 (UGT1A1)	594,364,640,381
54659 (UGT1A3)	594,364,640,381
574537 (UGT2A2)	594,364,640,381
7363 (UGT2B4)	594,364,640,381
7364 (UGT2B7)	594,364,640,381
7365 (UGT2B10)	594,364,640,381
7366 (UGT2B15)	594,364,640,381
7367 (UGT2B17)	594,364,640,381
79799 (UGT2A3)	594,364,640,381
8228 (PNPLA4)	117,305,163,322
195814 (SDR16C5)	277,250,323,267
8630 (HSD17B6)	277,250,323,267
339761 (CYP27C1)	127,168,173,185
hsa00830: Retinol metabolism	40,45,311,70
map00906: Carotenoid biosynthesis	322,145,397,179
