C00951 (Estradiol-17beta)	127,164,4
C00951 (Estradiol-17beta)	856,123,4
C00951 (Estradiol-17beta)	857,215,4
C00575 (3',5'-Cyclic AMP)	362,338,4
C00951 (Estradiol-17beta)	133,784,4
C01245 (D-myo-Inositol 1,4,5-trisphosphate)	440,665,4
C00165 (Diacylglycerol)	440,629,4
C00575 (3',5'-Cyclic AMP)	363,589,4
C00533 (Nitric oxide)	566,784,4
C00238 (Potassium cation)	248,508,4
C00076 (Calcium cation)	505,704,4
C00951 (Estradiol-17beta)	376,201,4
C00334 (4-Aminobutanoate)	133,466,4
C00951 (Estradiol-17beta)	133,670,4
2099 (ESR1)	573,153,619,170
2100 (ESR2)	573,153,619,170
2099 (ESR1)	834,153,880,170
2100 (ESR2)	834,153,880,170
2852 (GPER1)	453,195,499,212
6714 (SRC)	259,229,305,246
4313 (MMP2)	131,229,177,246
4318 (MMP9)	131,229,177,246
1839 (HBEGF)	181,275,227,292
1956 (EGFR)	181,372,227,389
1839 (HBEGF)	88,372,134,389
2099 (ESR1)	834,245,880,262
2100 (ESR2)	834,245,880,262
2353 (FOS)	834,299,880,316
3725 (JUN)	834,299,880,316
6667 (SP1)	834,299,880,316
5566 (PRKACA)	448,332,494,349
5567 (PRKACB)	448,332,494,349
5568 (PRKACG)	448,332,494,349
3265 (HRAS)	483,372,529,389
3845 (KRAS)	483,372,529,389
4893 (NRAS)	483,372,529,389
5894 (RAF1)	558,372,604,389
5604 (MAP2K1)	633,372,679,389
5605 (MAP2K2)	633,372,679,389
5594 (MAPK1)	709,372,755,388
5595 (MAPK3)	709,372,755,388
10488 (CREB3)	834,330,880,347
1385 (CREB1)	834,330,880,347
1386 (ATF2)	834,330,880,347
1388 (ATF6B)	834,330,880,347
148327 (CREB3L4)	834,330,880,347
468 (ATF4)	834,330,880,347
64764 (CREB3L2)	834,330,880,347
84699 (CREB3L3)	834,330,880,347
90993 (CREB3L1)	834,330,880,347
9586 (CREB5)	834,330,880,347
2099 (ESR1)	181,775,227,792
2100 (ESR2)	181,775,227,792
2776 (GNAQ)	258,661,304,678
23236 (PLCB1)	334,661,380,678
5330 (PLCB2)	334,661,380,678
5331 (PLCB3)	334,661,380,678
5332 (PLCB4)	334,661,380,678
5580 (PRKCD)	333,607,379,624
107 (ADCY1)	181,580,227,597
108 (ADCY2)	181,580,227,597
109 (ADCY3)	181,580,227,597
111 (ADCY5)	181,580,227,597
112 (ADCY6)	181,580,227,597
113 (ADCY7)	181,580,227,597
114 (ADCY8)	181,580,227,597
115 (ADCY9)	181,580,227,597
196883 (ADCY4)	181,580,227,597
5566 (PRKACA)	489,580,535,597
5567 (PRKACB)	489,580,535,597
5568 (PRKACG)	489,580,535,597
3760 (KCNJ3)	181,501,227,518
3762 (KCNJ5)	181,501,227,518
3763 (KCNJ6)	181,501,227,518
3765 (KCNJ9)	181,501,227,518
2550 (GABBR1)	181,457,227,474
9568 (GABBR2)	181,457,227,474
10488 (CREB3)	840,580,886,597
1385 (CREB1)	840,580,886,597
1386 (ATF2)	840,580,886,597
1388 (ATF6B)	840,580,886,597
148327 (CREB3L4)	840,580,886,597
468 (ATF4)	840,580,886,597
64764 (CREB3L2)	840,580,886,597
84699 (CREB3L3)	840,580,886,597
90993 (CREB3L1)	840,580,886,597
9586 (CREB5)	840,580,886,597
6714 (SRC)	257,775,303,792
5290 (PIK3CA)	334,775,380,792
5291 (PIK3CB)	334,775,380,792
5293 (PIK3CD)	334,775,380,792
5295 (PIK3R1)	334,775,380,792
5296 (PIK3R2)	334,775,380,792
8503 (PIK3R3)	334,775,380,792
10000 (AKT3)	410,775,456,792
207 (AKT1)	410,775,456,792
208 (AKT2)	410,775,456,792
4846 (NOS3)	484,775,530,792
10488 (CREB3)	840,776,886,793
1385 (CREB1)	840,776,886,793
1386 (ATF2)	840,776,886,793
1388 (ATF6B)	840,776,886,793
148327 (CREB3L4)	840,776,886,793
468 (ATF4)	840,776,886,793
64764 (CREB3L2)	840,776,886,793
84699 (CREB3L3)	840,776,886,793
90993 (CREB3L1)	840,776,886,793
9586 (CREB5)	840,776,886,793
25759 (SHC2)	257,372,303,389
399694 (SHC4)	257,372,303,389
53358 (SHC3)	257,372,303,389
6464 (SHC1)	257,372,303,389
2885 (GRB2)	333,372,379,389
6654 (SOS1)	408,372,454,389
6655 (SOS2)	408,372,454,389
3320 (HSP90AA1)	644,170,690,187
3326 (HSP90AB1)	644,170,690,187
7184 (HSP90B1)	644,170,690,187
2288 (FKBP4)	644,187,690,204
2289 (FKBP5)	644,187,690,204
3303 (HSPA1A)	644,204,690,221
3304 (HSPA1B)	644,204,690,221
3305 (HSPA1L)	644,204,690,221
3306 (HSPA2)	644,204,690,221
3310 (HSPA6)	644,204,690,221
3312 (HSPA8)	644,204,690,221
2778 (GNAS)	337,228,383,245
2770 (GNAI1)	267,543,313,560
2771 (GNAI2)	267,543,313,560
2773 (GNAI3)	267,543,313,560
2775 (GNAO1)	267,543,313,560
107 (ADCY1)	181,328,227,345
108 (ADCY2)	181,328,227,345
109 (ADCY3)	181,328,227,345
111 (ADCY5)	181,328,227,345
112 (ADCY6)	181,328,227,345
113 (ADCY7)	181,328,227,345
114 (ADCY8)	181,328,227,345
115 (ADCY9)	181,328,227,345
196883 (ADCY4)	181,328,227,345
3265 (HRAS)	408,866,454,883
3845 (KRAS)	408,866,454,883
4893 (NRAS)	408,866,454,883
5894 (RAF1)	501,866,547,883
5604 (MAP2K1)	594,866,640,883
5605 (MAP2K2)	594,866,640,883
5594 (MAPK1)	687,866,733,882
5595 (MAPK3)	687,866,733,882
10488 (CREB3)	840,866,886,883
1385 (CREB1)	840,866,886,883
1386 (ATF2)	840,866,886,883
1388 (ATF6B)	840,866,886,883
148327 (CREB3L4)	840,866,886,883
468 (ATF4)	840,866,886,883
64764 (CREB3L2)	840,866,886,883
84699 (CREB3L3)	840,866,886,883
90993 (CREB3L1)	840,866,886,883
9586 (CREB5)	840,866,886,883
3708 (ITPR1)	524,661,570,678
3709 (ITPR2)	524,661,570,678
3710 (ITPR3)	524,661,570,678
163688 (CALML6)	484,731,530,748
51806 (CALML5)	484,731,530,748
801 (CALM1)	484,731,530,748
805 (CALM2)	484,731,530,748
808 (CALM3)	484,731,530,748
810 (CALML3)	484,731,530,748
91860 (CALML4)	484,731,530,748
5290 (PIK3CA)	301,418,347,435
5291 (PIK3CB)	301,418,347,435
5293 (PIK3CD)	301,418,347,435
5295 (PIK3R1)	301,418,347,435
5296 (PIK3R2)	301,418,347,435
8503 (PIK3R3)	301,418,347,435
10000 (AKT3)	409,418,455,435
207 (AKT1)	409,418,455,435
208 (AKT2)	409,418,455,435
4988 (OPRM1)	181,543,227,560
2770 (GNAI1)	265,457,311,474
2771 (GNAI2)	265,457,311,474
2773 (GNAI3)	265,457,311,474
2775 (GNAO1)	265,457,311,474
2911 (GRM1)	181,714,227,731
10499 (NCOA2)	834,170,880,187
8202 (NCOA3)	834,170,880,187
8648 (NCOA1)	834,170,880,187
10499 (NCOA2)	834,262,880,279
8202 (NCOA3)	834,262,880,279
8648 (NCOA1)	834,262,880,279
596 (BCL2)	996,149,1042,166
9166 (EBAG9)	1048,149,1094,166
100653049	996,174,1042,191
125115 (KRT40)	996,174,1042,191
147183 (KRT25)	996,174,1042,191
162605 (KRT28)	996,174,1042,191
192666 (KRT24)	996,174,1042,191
25984 (KRT23)	996,174,1042,191
342574 (KRT27)	996,174,1042,191
353288 (KRT26)	996,174,1042,191
3857 (KRT9)	996,174,1042,191
3858 (KRT10)	996,174,1042,191
3859 (KRT12)	996,174,1042,191
3860 (KRT13)	996,174,1042,191
3861 (KRT14)	996,174,1042,191
3866 (KRT15)	996,174,1042,191
3868 (KRT16)	996,174,1042,191
3872 (KRT17)	996,174,1042,191
3875 (KRT18)	996,174,1042,191
3880 (KRT19)	996,174,1042,191
3881 (KRT31)	996,174,1042,191
3882 (KRT32)	996,174,1042,191
3883 (KRT33A)	996,174,1042,191
3884 (KRT33B)	996,174,1042,191
3885 (KRT34)	996,174,1042,191
3886 (KRT35)	996,174,1042,191
390792 (KRT39)	996,174,1042,191
54474 (KRT20)	996,174,1042,191
8687 (KRT38)	996,174,1042,191
8688 (KRT37)	996,174,1042,191
8689 (KRT36)	996,174,1042,191
1509 (CTSD)	1048,174,1094,191
7031 (TFF1)	996,213,1042,230
5241 (PGR)	1048,213,1094,230
7039 (TGFA)	996,254,1042,271
5914 (RARA)	1048,254,1094,271
5443 (POMC)	88,543,134,560
hsa04915: Estrogen signaling pathway	40,45,319,70
hsa04010: MAPK signaling pathway	656,408,772,442
hsa04151: PI3K-Akt signaling pathway	337,730,453,764
hsa04020: Calcium signaling pathway	546,704,662,738
hsa04913: Ovarian steroidogenesis	41,102,144,136
hsa04270: Vascular smooth muscle contraction	633,820,749,854
hsa04727: GABAergic synapse	332,454,448,479
