C05443 (Vitamin D3)	615,698,4
C00584 (Prostaglandin E2)	816,571,4
C00080 (H+)	1005,766,4
8600 (TNFSF11)	826,628,872,645
8792 (TNFRSF11A)	945,628,991,645
8600 (TNFSF11)	828,475,874,492
3605 (IL17A)	578,617,624,634
3552 (IL1A)	572,513,618,530
3553 (IL1B)	572,513,618,530
7124 (TNF)	596,494,642,511
3569 (IL6)	572,532,618,549
51561 (IL23A)	218,638,264,655
3569 (IL6)	218,618,264,635
7040 (TGFB1)	218,556,264,573
7042 (TGFB2)	218,556,264,573
7043 (TGFB3)	218,556,264,573
4050 (LTB)	721,361,767,378
3589 (IL11)	620,513,666,530
1435 (CSF1)	733,556,779,573
3458 (IFNG)	358,193,404,210
1437 (CSF2)	1145,401,1191,418
3569 (IL6)	1145,421,1191,438
3553 (IL1B)	1145,441,1191,458
4312 (MMP1)	1145,660,1191,677
4314 (MMP3)	1145,660,1191,677
1514 (CTSL)	1145,680,1191,697
3600 (IL15)	401,348,447,365
102723407 (IGH)	721,283,767,300
3108 (HLA-DMA)	183,313,229,330
3109 (HLA-DMB)	183,313,229,330
3111 (HLA-DOA)	183,313,229,330
3112 (HLA-DOB)	183,313,229,330
3113 (HLA-DPA1)	183,313,229,330
3115 (HLA-DPB1)	183,313,229,330
3117 (HLA-DQA1)	183,313,229,330
3118 (HLA-DQA2)	183,313,229,330
3119 (HLA-DQB1)	183,313,229,330
3122 (HLA-DRA)	183,313,229,330
3123 (HLA-DRB1)	183,313,229,330
3125 (HLA-DRB3)	183,313,229,330
3126 (HLA-DRB4)	183,313,229,330
3127 (HLA-DRB5)	183,313,229,330
10312 (TCIRG1)	982,723,1028,740
127124 (ATP6V1G3)	982,723,1028,740
155066 (ATP6V0E2)	982,723,1028,740
23545 (ATP6V0A2)	982,723,1028,740
245972 (ATP6V0D2)	982,723,1028,740
245973 (ATP6V1C2)	982,723,1028,740
50617 (ATP6V0A4)	982,723,1028,740
51382 (ATP6V1D)	982,723,1028,740
51606 (ATP6V1H)	982,723,1028,740
523 (ATP6V1A)	982,723,1028,740
525 (ATP6V1B1)	982,723,1028,740
526 (ATP6V1B2)	982,723,1028,740
527 (ATP6V0C)	982,723,1028,740
528 (ATP6V1C1)	982,723,1028,740
529 (ATP6V1E1)	982,723,1028,740
533 (ATP6V0B)	982,723,1028,740
534 (ATP6V1G2)	982,723,1028,740
535 (ATP6V0A1)	982,723,1028,740
537 (ATP6AP1)	982,723,1028,740
8992 (ATP6V0E1)	982,723,1028,740
90423 (ATP6V1E2)	982,723,1028,740
9114 (ATP6V0D1)	982,723,1028,740
9296 (ATP6V1F)	982,723,1028,740
9550 (ATP6V1G1)	982,723,1028,740
1513 (CTSK)	1038,753,1084,770
54 (ACP5)	1038,773,1084,790
8741 (TNFSF13)	502,334,548,351
10673 (TNFSF13B)	502,354,548,371
3683 (ITGAL)	340,345,386,362
3689 (ITGB2)	340,345,386,362
3383 (ICAM1)	340,375,386,392
941 (CD80)	183,275,229,292
942 (CD86)	183,275,229,292
940 (CD28)	303,275,349,292
2321 (FLT1)	1013,225,1059,242
3606 (IL18)	620,532,666,549
7422 (VEGFA)	951,225,997,242
6387 (CXCL12)	937,296,983,313
3576 (CXCL8)	845,196,891,213
414062 (CCL3L3)	797,177,843,194
6348 (CCL3)	797,177,843,194
6349 (CCL3L1)	797,177,843,194
2919 (CXCL1)	845,158,891,175
2920 (CXCL2)	845,158,891,175
2921 (CXCL3)	845,158,891,175
6372 (CXCL6)	845,177,891,194
6374 (CXCL5)	845,177,891,194
8600 (TNFSF11)	402,215,448,232
6364 (CCL20)	797,196,843,213
7097 (TLR2)	708,450,754,467
7099 (TLR4)	708,450,754,467
2353 (FOS)	785,450,831,467
3725 (JUN)	785,450,831,467
6352 (CCL5)	1145,461,1191,478
7010 (TEK)	1013,206,1059,223
284 (ANGPT1)	951,206,997,223
6347 (CCL2)	797,158,843,175
1493 (CTLA4)	303,294,349,311
5741 (PTH)	581,665,627,682
hsa05323: Rheumatoid arthritis	40,45,241,70
hsa04380: Osteoclast differentiation	865,650,945,684
hsa04660: T cell receptor signaling pathway	214,335,305,369
hsa04670: Leukocyte transendothelial migration	1159,158,1268,183
hsa04370: VEGF signaling pathway	1009,248,1141,273
hsa04620: Toll-like receptor signaling pathway	626,405,718,439
hsa04659: Th17 cell differentiation	316,540,407,574
