C00575 (3',5'-Cyclic AMP)	255,319,4
6608 (SMO)	67,352,113,369
23432 (GPR161)	271,258,317,275
102800317 (TPTEP2-CSNK1E)	248,397,294,414
122011 (CSNK1A1L)	248,397,294,414
1452 (CSNK1A1)	248,397,294,414
1453 (CSNK1D)	248,397,294,414
1454 (CSNK1E)	248,397,294,414
1455 (CSNK1G2)	248,397,294,414
1456 (CSNK1G3)	248,397,294,414
53944 (CSNK1G1)	248,397,294,414
2932 (GSK3B)	248,416,294,433
5566 (PRKACA)	248,378,294,395
5567 (PRKACB)	248,378,294,395
5568 (PRKACG)	248,378,294,395
2735 (GLI1)	170,380,216,397
2736 (GLI2)	170,380,216,397
2737 (GLI3)	170,380,216,397
374654 (KIF7)	170,347,216,364
2735 (GLI1)	170,550,216,567
2736 (GLI2)	170,550,216,567
2737 (GLI3)	170,550,216,567
8454 (CUL1)	248,463,294,480
23291 (FBXW11)	248,480,294,497
8945 (BTRC)	248,480,294,497
2735 (GLI1)	72,718,118,735
2736 (GLI2)	72,718,118,735
2737 (GLI3)	72,718,118,735
5727 (PTCH1)	121,718,167,735
8643 (PTCH2)	121,718,167,735
64399 (HHIP)	170,718,216,735
5727 (PTCH1)	117,258,163,275
8643 (PTCH2)	117,258,163,275
6608 (SMO)	67,412,113,429
6608 (SMO)	666,302,712,319
2735 (GLI1)	764,547,810,564
2736 (GLI2)	764,547,810,564
2737 (GLI3)	764,547,810,564
2735 (GLI1)	746,189,792,206
2736 (GLI2)	746,189,792,206
2737 (GLI3)	746,189,792,206
374654 (KIF7)	746,155,792,172
51684 (SUFU)	746,172,792,189
5727 (PTCH1)	475,352,521,369
8643 (PTCH2)	475,352,521,369
2619 (GAS1)	532,352,578,369
4036 (LRP2)	532,352,578,369
50937 (CDON)	532,352,578,369
91653 (BOC)	532,352,578,369
57154 (SMURF1)	551,532,597,549
64750 (SMURF2)	551,532,597,549
5727 (PTCH1)	475,532,521,549
8643 (PTCH2)	475,532,521,549
3549 (IHH)	475,286,521,303
50846 (DHH)	475,286,521,303
6469 (SHH)	475,286,521,303
132884 (EVC2)	666,266,712,283
2121 (EVC)	666,266,712,283
156 (GRK2)	700,423,746,440
157 (GRK3)	700,423,746,440
102800317 (TPTEP2-CSNK1E)	700,404,746,421
122011 (CSNK1A1L)	700,404,746,421
1452 (CSNK1A1)	700,404,746,421
1453 (CSNK1D)	700,404,746,421
1454 (CSNK1E)	700,404,746,421
1455 (CSNK1G2)	700,404,746,421
1456 (CSNK1G3)	700,404,746,421
53944 (CSNK1G1)	700,404,746,421
2735 (GLI1)	668,718,714,735
2736 (GLI2)	668,718,714,735
2737 (GLI3)	668,718,714,735
5727 (PTCH1)	717,718,763,735
8643 (PTCH2)	717,718,763,735
64399 (HHIP)	766,718,812,735
6608 (SMO)	636,477,682,494
23432 (GPR161)	819,278,865,295
408 (ARRB1)	710,237,756,254
409 (ARRB2)	710,237,756,254
11127 (KIF3A)	710,220,756,237
339745 (SPOPL)	699,634,745,651
8405 (SPOP)	699,634,745,651
8452 (CUL3)	699,617,745,634
51684 (SUFU)	833,462,879,479
8452 (CUL3)	910,453,956,470
339745 (SPOPL)	910,470,956,487
8405 (SPOP)	910,470,956,487
23432 (GPR161)	833,393,879,410
6608 (SMO)	635,352,681,369
5566 (PRKACA)	729,379,775,396
5567 (PRKACB)	729,379,775,396
5568 (PRKACG)	729,379,775,396
51684 (SUFU)	170,363,216,380
595 (CCND1)	219,718,265,735
894 (CCND2)	219,718,265,735
596 (BCL2)	268,718,314,735
595 (CCND1)	815,718,861,735
894 (CCND2)	815,718,861,735
596 (BCL2)	864,718,910,735
1954 (MEGF8)	545,394,591,411
23295 (MGRN1)	545,414,591,431
730094 (MOSMO)	584,352,630,369
64399 (HHIP)	425,352,471,369
hsa04340: Hedgehog signaling pathway	40,45,307,70
hsa04120: Ubiquitin mediated proteolysis	222,504,336,540
