6928 (HNF1B)	336,390,382,407
3280 (HES1)	461,344,507,361
168620 (BHLHA15)	79,391,125,408
3175 (ONECUT1)	377,344,423,361
2645 (GCK)	557,844,603,861
3651 (PDX1)	419,706,465,723
3171 (FOXA3)	360,798,406,815
4760 (NEUROD1)	573,454,619,471
3280 (HES1)	79,372,125,389
389692 (MAFA)	434,660,480,677
3174 (HNF4G)	312,798,358,815
4821 (NKX2-2)	557,752,603,769
3630 (INS)	501,844,547,861
6927 (HNF1A)	336,752,382,769
3375 (IAPP)	606,844,652,861
5078 (PAX4)	525,454,571,471
5080 (PAX6)	133,469,179,486
6514 (SLC2A2)	442,844,488,861
4760 (NEUROD1)	606,752,652,769
4825 (NKX6-1)	253,752,299,769
5313 (PKLR)	394,844,440,861
2494 (NR5A2)	419,239,465,256
50674 (NEUROG3)	419,390,465,407
5080 (PAX6)	483,660,529,677
3172 (HNF4A)	419,752,465,769
3651 (PDX1)	419,193,465,210
4821 (NKX2-2)	419,454,465,471
3087 (HHEX)	436,101,482,118
3110 (MNX1)	485,101,531,118
5080 (PAX6)	477,454,523,471
4825 (NKX6-1)	419,546,465,563
3170 (FOXA2)	377,660,423,677
3651 (PDX1)	189,469,235,486
3175 (ONECUT1)	377,147,423,164
222546 (RFX6)	621,454,667,471
hsa04950: Maturity onset diabetes of the young	40,45,387,70
hsa04930: Type II diabetes mellitus	388,900,494,934
hsa04910: Insulin signaling pathway	501,900,605,934
