C00575 (3',5'-Cyclic AMP)	1170,564,4
C00575 (3',5'-Cyclic AMP)	403,575,4
C00334 (4-Aminobutanoate)	480,254,4
C00334 (4-Aminobutanoate)	481,642,4
C00334 (4-Aminobutanoate)	482,1025,4
D00842 (Morphine sulfate (USP))	326,428,4
D02271 (Morphine hydrochloride hydrate (JP17))	326,428,4
D08233 (Morphine (BAN))	326,428,4
D08234 (Morphine tartrate)	326,428,4
C00238 (Potassium cation)	366,355,4
C00076 (Calcium cation)	424,436,4
C00238 (Potassium cation)	376,718,4
C00076 (Calcium cation)	425,795,4
C00238 (Potassium cation)	359,1077,4
C00076 (Calcium cation)	415,1157,4
C00575 (3',5'-Cyclic AMP)	1169,902,4
C00334 (4-Aminobutanoate)	1264,1034,4
C00020 (AMP)	1346,941,4
C00212 (Adenosine)	1346,986,4
D00842 (Morphine sulfate (USP))	321,783,4
D02271 (Morphine hydrochloride hydrate (JP17))	321,783,4
D08233 (Morphine (BAN))	321,783,4
D08234 (Morphine tartrate)	321,783,4
C00575 (3',5'-Cyclic AMP)	422,952,4
C00334 (4-Aminobutanoate)	1270,657,4
C00698 (Cl-)	641,214,4
C00698 (Cl-)	642,969,4
C00698 (Cl-)	1428,604,4
C00334 (4-Aminobutanoate)	261,259,4
C00334 (4-Aminobutanoate)	262,638,4
C00334 (4-Aminobutanoate)	266,1023,4
C00334 (4-Aminobutanoate)	1051,657,4
C00334 (4-Aminobutanoate)	1050,1035,4
C03758 (Dopamine)	1321,866,4
C00238 (Potassium cation)	633,272,4
C00238 (Potassium cation)	634,1032,4
C00238 (Potassium cation)	1419,662,4
C00238 (Potassium cation)	1156,714,4
C00076 (Calcium cation)	1210,792,4
C00238 (Potassium cation)	1148,1073,4
C00076 (Calcium cation)	1200,1149,4
4988 (OPRM1)	341,105,387,122
107 (ADCY1)	435,562,481,579
108 (ADCY2)	435,562,481,579
109 (ADCY3)	435,562,481,579
111 (ADCY5)	435,562,481,579
112 (ADCY6)	435,562,481,579
113 (ADCY7)	435,562,481,579
114 (ADCY8)	435,562,481,579
115 (ADCY9)	435,562,481,579
196883 (ADCY4)	435,562,481,579
4988 (OPRM1)	342,465,388,482
107 (ADCY1)	435,196,481,213
108 (ADCY2)	435,196,481,213
109 (ADCY3)	435,196,481,213
111 (ADCY5)	435,196,481,213
112 (ADCY6)	435,196,481,213
113 (ADCY7)	435,196,481,213
114 (ADCY8)	435,196,481,213
115 (ADCY9)	435,196,481,213
196883 (ADCY4)	435,196,481,213
4988 (OPRM1)	335,821,381,838
5566 (PRKACA)	1147,605,1193,622
5567 (PRKACB)	1147,605,1193,622
5568 (PRKACG)	1147,605,1193,622
107 (ADCY1)	1214,556,1260,573
108 (ADCY2)	1214,556,1260,573
109 (ADCY3)	1214,556,1260,573
111 (ADCY5)	1214,556,1260,573
112 (ADCY6)	1214,556,1260,573
113 (ADCY7)	1214,556,1260,573
114 (ADCY8)	1214,556,1260,573
115 (ADCY9)	1214,556,1260,573
196883 (ADCY4)	1214,556,1260,573
10681 (GNB5)	327,516,373,533
2770 (GNAI1)	327,516,373,533
2771 (GNAI2)	327,516,373,533
2773 (GNAI3)	327,516,373,533
2775 (GNAO1)	327,516,373,533
2782 (GNB1)	327,516,373,533
2783 (GNB2)	327,516,373,533
2784 (GNB3)	327,516,373,533
2785 (GNG3)	327,516,373,533
2786 (GNG4)	327,516,373,533
2787 (GNG5)	327,516,373,533
2788 (GNG7)	327,516,373,533
2790 (GNG10)	327,516,373,533
2791 (GNG11)	327,516,373,533
2792 (GNGT1)	327,516,373,533
2793 (GNGT2)	327,516,373,533
51764 (GNG13)	327,516,373,533
54331 (GNG2)	327,516,373,533
55970 (GNG12)	327,516,373,533
59345 (GNB4)	327,516,373,533
94235 (GNG8)	327,516,373,533
4988 (OPRM1)	1122,821,1168,838
107 (ADCY1)	1214,892,1260,909
108 (ADCY2)	1214,892,1260,909
109 (ADCY3)	1214,892,1260,909
111 (ADCY5)	1214,892,1260,909
112 (ADCY6)	1214,892,1260,909
113 (ADCY7)	1214,892,1260,909
114 (ADCY8)	1214,892,1260,909
115 (ADCY9)	1214,892,1260,909
196883 (ADCY4)	1214,892,1260,909
10846 (PDE10A)	1287,950,1333,967
27115 (PDE7B)	1287,950,1333,967
50940 (PDE11A)	1287,950,1333,967
5136 (PDE1A)	1287,950,1333,967
5137 (PDE1C)	1287,950,1333,967
5138 (PDE2A)	1287,950,1333,967
5139 (PDE3A)	1287,950,1333,967
5140 (PDE3B)	1287,950,1333,967
5141 (PDE4A)	1287,950,1333,967
5142 (PDE4B)	1287,950,1333,967
5143 (PDE4C)	1287,950,1333,967
5144 (PDE4D)	1287,950,1333,967
5150 (PDE7A)	1287,950,1333,967
5151 (PDE8A)	1287,950,1333,967
5153 (PDE1B)	1287,950,1333,967
8622 (PDE8B)	1287,950,1333,967
134 (ADORA1)	1243,976,1289,993
200959 (GABRR3)	567,205,613,222
2554 (GABRA1)	567,205,613,222
2555 (GABRA2)	567,205,613,222
2556 (GABRA3)	567,205,613,222
2557 (GABRA4)	567,205,613,222
2558 (GABRA5)	567,205,613,222
2559 (GABRA6)	567,205,613,222
2560 (GABRB1)	567,205,613,222
2561 (GABRB2)	567,205,613,222
2562 (GABRB3)	567,205,613,222
2563 (GABRD)	567,205,613,222
2564 (GABRE)	567,205,613,222
2565 (GABRG1)	567,205,613,222
2566 (GABRG2)	567,205,613,222
2567 (GABRG3)	567,205,613,222
2568 (GABRP)	567,205,613,222
2569 (GABRR1)	567,205,613,222
2570 (GABRR2)	567,205,613,222
55879 (GABRQ)	567,205,613,222
200959 (GABRR3)	566,591,612,608
2554 (GABRA1)	566,591,612,608
2555 (GABRA2)	566,591,612,608
2556 (GABRA3)	566,591,612,608
2557 (GABRA4)	566,591,612,608
2558 (GABRA5)	566,591,612,608
2559 (GABRA6)	566,591,612,608
2560 (GABRB1)	566,591,612,608
2561 (GABRB2)	566,591,612,608
2562 (GABRB3)	566,591,612,608
2563 (GABRD)	566,591,612,608
2564 (GABRE)	566,591,612,608
2565 (GABRG1)	566,591,612,608
2566 (GABRG2)	566,591,612,608
2567 (GABRG3)	566,591,612,608
2568 (GABRP)	566,591,612,608
2569 (GABRR1)	566,591,612,608
2570 (GABRR2)	566,591,612,608
55879 (GABRQ)	566,591,612,608
200959 (GABRR3)	566,960,612,977
2554 (GABRA1)	566,960,612,977
2555 (GABRA2)	566,960,612,977
2556 (GABRA3)	566,960,612,977
2557 (GABRA4)	566,960,612,977
2558 (GABRA5)	566,960,612,977
2559 (GABRA6)	566,960,612,977
2560 (GABRB1)	566,960,612,977
2561 (GABRB2)	566,960,612,977
2562 (GABRB3)	566,960,612,977
2563 (GABRD)	566,960,612,977
2564 (GABRE)	566,960,612,977
2565 (GABRG1)	566,960,612,977
2566 (GABRG2)	566,960,612,977
2567 (GABRG3)	566,960,612,977
2568 (GABRP)	566,960,612,977
2569 (GABRR1)	566,960,612,977
2570 (GABRR2)	566,960,612,977
55879 (GABRQ)	566,960,612,977
200959 (GABRR3)	1354,1013,1400,1030
2554 (GABRA1)	1354,1013,1400,1030
2555 (GABRA2)	1354,1013,1400,1030
2556 (GABRA3)	1354,1013,1400,1030
2557 (GABRA4)	1354,1013,1400,1030
2558 (GABRA5)	1354,1013,1400,1030
2559 (GABRA6)	1354,1013,1400,1030
2560 (GABRB1)	1354,1013,1400,1030
2561 (GABRB2)	1354,1013,1400,1030
2562 (GABRB3)	1354,1013,1400,1030
2563 (GABRD)	1354,1013,1400,1030
2564 (GABRE)	1354,1013,1400,1030
2565 (GABRG1)	1354,1013,1400,1030
2566 (GABRG2)	1354,1013,1400,1030
2567 (GABRG3)	1354,1013,1400,1030
2568 (GABRP)	1354,1013,1400,1030
2569 (GABRR1)	1354,1013,1400,1030
2570 (GABRR2)	1354,1013,1400,1030
55879 (GABRQ)	1354,1013,1400,1030
3760 (KCNJ3)	343,389,389,406
3762 (KCNJ5)	343,389,389,406
3763 (KCNJ6)	343,389,389,406
3765 (KCNJ9)	343,389,389,406
773 (CACNA1A)	402,389,448,406
774 (CACNA1B)	402,389,448,406
3760 (KCNJ3)	350,748,396,765
3762 (KCNJ5)	350,748,396,765
3763 (KCNJ6)	350,748,396,765
3765 (KCNJ9)	350,748,396,765
773 (CACNA1A)	403,748,449,765
774 (CACNA1B)	403,748,449,765
3760 (KCNJ3)	333,1105,379,1122
3762 (KCNJ5)	333,1105,379,1122
3763 (KCNJ6)	333,1105,379,1122
3765 (KCNJ9)	333,1105,379,1122
773 (CACNA1A)	391,1105,437,1122
774 (CACNA1B)	391,1105,437,1122
4988 (OPRM1)	1126,463,1172,480
3760 (KCNJ3)	1135,747,1181,764
3762 (KCNJ5)	1135,747,1181,764
3763 (KCNJ6)	1135,747,1181,764
3765 (KCNJ9)	1135,747,1181,764
773 (CACNA1A)	1187,747,1233,764
774 (CACNA1B)	1187,747,1233,764
3760 (KCNJ3)	1123,1103,1169,1120
3762 (KCNJ5)	1123,1103,1169,1120
3763 (KCNJ6)	1123,1103,1169,1120
3765 (KCNJ9)	1123,1103,1169,1120
773 (CACNA1A)	1178,1103,1224,1120
774 (CACNA1B)	1178,1103,1224,1120
2778 (GNAS)	395,515,441,532
10681 (GNB5)	343,872,389,889
2770 (GNAI1)	343,872,389,889
2771 (GNAI2)	343,872,389,889
2773 (GNAI3)	343,872,389,889
2775 (GNAO1)	343,872,389,889
2782 (GNB1)	343,872,389,889
2783 (GNB2)	343,872,389,889
2784 (GNB3)	343,872,389,889
2785 (GNG3)	343,872,389,889
2786 (GNG4)	343,872,389,889
2787 (GNG5)	343,872,389,889
2788 (GNG7)	343,872,389,889
2790 (GNG10)	343,872,389,889
2791 (GNG11)	343,872,389,889
2792 (GNGT1)	343,872,389,889
2793 (GNGT2)	343,872,389,889
51764 (GNG13)	343,872,389,889
54331 (GNG2)	343,872,389,889
55970 (GNG12)	343,872,389,889
59345 (GNB4)	343,872,389,889
94235 (GNG8)	343,872,389,889
2778 (GNAS)	403,871,449,888
5566 (PRKACA)	365,974,411,991
5567 (PRKACB)	365,974,411,991
5568 (PRKACG)	365,974,411,991
107 (ADCY1)	430,917,476,934
108 (ADCY2)	430,917,476,934
109 (ADCY3)	430,917,476,934
111 (ADCY5)	430,917,476,934
112 (ADCY6)	430,917,476,934
113 (ADCY7)	430,917,476,934
114 (ADCY8)	430,917,476,934
115 (ADCY9)	430,917,476,934
196883 (ADCY4)	430,917,476,934
5578 (PRKCA)	362,933,408,950
5579 (PRKCB)	362,933,408,950
5582 (PRKCG)	362,933,408,950
200959 (GABRR3)	1354,595,1400,612
2554 (GABRA1)	1354,595,1400,612
2555 (GABRA2)	1354,595,1400,612
2556 (GABRA3)	1354,595,1400,612
2557 (GABRA4)	1354,595,1400,612
2558 (GABRA5)	1354,595,1400,612
2559 (GABRA6)	1354,595,1400,612
2560 (GABRB1)	1354,595,1400,612
2561 (GABRB2)	1354,595,1400,612
2562 (GABRB3)	1354,595,1400,612
2563 (GABRD)	1354,595,1400,612
2564 (GABRE)	1354,595,1400,612
2565 (GABRG1)	1354,595,1400,612
2566 (GABRG2)	1354,595,1400,612
2567 (GABRG3)	1354,595,1400,612
2568 (GABRP)	1354,595,1400,612
2569 (GABRR1)	1354,595,1400,612
2570 (GABRR2)	1354,595,1400,612
55879 (GABRQ)	1354,595,1400,612
140679 (SLC32A1)	278,252,324,269
140679 (SLC32A1)	280,630,326,647
140679 (SLC32A1)	282,1013,328,1030
140679 (SLC32A1)	1065,650,1111,667
140679 (SLC32A1)	1068,1028,1114,1045
1812 (DRD1)	458,155,504,172
1812 (DRD1)	458,516,504,533
1812 (DRD1)	458,874,504,891
1812 (DRD1)	1243,504,1289,521
1812 (DRD1)	1243,857,1289,874
2778 (GNAS)	1164,857,1210,874
2550 (GABBR1)	567,306,613,323
9568 (GABBR2)	567,306,613,323
10681 (GNB5)	640,286,686,303
2770 (GNAI1)	640,286,686,303
2771 (GNAI2)	640,286,686,303
2773 (GNAI3)	640,286,686,303
2775 (GNAO1)	640,286,686,303
2782 (GNB1)	640,286,686,303
2783 (GNB2)	640,286,686,303
2784 (GNB3)	640,286,686,303
2785 (GNG3)	640,286,686,303
2786 (GNG4)	640,286,686,303
2787 (GNG5)	640,286,686,303
2788 (GNG7)	640,286,686,303
2790 (GNG10)	640,286,686,303
2791 (GNG11)	640,286,686,303
2792 (GNGT1)	640,286,686,303
2793 (GNGT2)	640,286,686,303
51764 (GNG13)	640,286,686,303
54331 (GNG2)	640,286,686,303
55970 (GNG12)	640,286,686,303
59345 (GNB4)	640,286,686,303
94235 (GNG8)	640,286,686,303
3763 (KCNJ6)	566,264,612,281
2550 (GABBR1)	566,682,612,699
9568 (GABBR2)	566,682,612,699
10681 (GNB5)	635,661,681,678
2770 (GNAI1)	635,661,681,678
2771 (GNAI2)	635,661,681,678
2773 (GNAI3)	635,661,681,678
2775 (GNAO1)	635,661,681,678
2782 (GNB1)	635,661,681,678
2783 (GNB2)	635,661,681,678
2784 (GNB3)	635,661,681,678
2785 (GNG3)	635,661,681,678
2786 (GNG4)	635,661,681,678
2787 (GNG5)	635,661,681,678
2788 (GNG7)	635,661,681,678
2790 (GNG10)	635,661,681,678
2791 (GNG11)	635,661,681,678
2792 (GNGT1)	635,661,681,678
2793 (GNGT2)	635,661,681,678
51764 (GNG13)	635,661,681,678
54331 (GNG2)	635,661,681,678
55970 (GNG12)	635,661,681,678
59345 (GNB4)	635,661,681,678
94235 (GNG8)	635,661,681,678
3763 (KCNJ6)	566,639,612,656
3763 (KCNJ6)	1354,654,1400,671
10681 (GNB5)	1429,677,1475,694
2770 (GNAI1)	1429,677,1475,694
2771 (GNAI2)	1429,677,1475,694
2773 (GNAI3)	1429,677,1475,694
2775 (GNAO1)	1429,677,1475,694
2782 (GNB1)	1429,677,1475,694
2783 (GNB2)	1429,677,1475,694
2784 (GNB3)	1429,677,1475,694
2785 (GNG3)	1429,677,1475,694
2786 (GNG4)	1429,677,1475,694
2787 (GNG5)	1429,677,1475,694
2788 (GNG7)	1429,677,1475,694
2790 (GNG10)	1429,677,1475,694
2791 (GNG11)	1429,677,1475,694
2792 (GNGT1)	1429,677,1475,694
2793 (GNGT2)	1429,677,1475,694
51764 (GNG13)	1429,677,1475,694
54331 (GNG2)	1429,677,1475,694
55970 (GNG12)	1429,677,1475,694
59345 (GNB4)	1429,677,1475,694
94235 (GNG8)	1429,677,1475,694
2550 (GABBR1)	1354,697,1400,714
9568 (GABBR2)	1354,697,1400,714
3763 (KCNJ6)	1354,1051,1400,1068
10681 (GNB5)	1417,1066,1463,1083
2770 (GNAI1)	1417,1066,1463,1083
2771 (GNAI2)	1417,1066,1463,1083
2773 (GNAI3)	1417,1066,1463,1083
2775 (GNAO1)	1417,1066,1463,1083
2782 (GNB1)	1417,1066,1463,1083
2783 (GNB2)	1417,1066,1463,1083
2784 (GNB3)	1417,1066,1463,1083
2785 (GNG3)	1417,1066,1463,1083
2786 (GNG4)	1417,1066,1463,1083
2787 (GNG5)	1417,1066,1463,1083
2788 (GNG7)	1417,1066,1463,1083
2790 (GNG10)	1417,1066,1463,1083
2791 (GNG11)	1417,1066,1463,1083
2792 (GNGT1)	1417,1066,1463,1083
2793 (GNGT2)	1417,1066,1463,1083
51764 (GNG13)	1417,1066,1463,1083
54331 (GNG2)	1417,1066,1463,1083
55970 (GNG12)	1417,1066,1463,1083
59345 (GNB4)	1417,1066,1463,1083
94235 (GNG8)	1417,1066,1463,1083
2550 (GABBR1)	1354,1086,1400,1103
9568 (GABBR2)	1354,1086,1400,1103
3763 (KCNJ6)	566,1024,612,1041
10681 (GNB5)	641,1050,687,1067
2770 (GNAI1)	641,1050,687,1067
2771 (GNAI2)	641,1050,687,1067
2773 (GNAI3)	641,1050,687,1067
2775 (GNAO1)	641,1050,687,1067
2782 (GNB1)	641,1050,687,1067
2783 (GNB2)	641,1050,687,1067
2784 (GNB3)	641,1050,687,1067
2785 (GNG3)	641,1050,687,1067
2786 (GNG4)	641,1050,687,1067
2787 (GNG5)	641,1050,687,1067
2788 (GNG7)	641,1050,687,1067
2790 (GNG10)	641,1050,687,1067
2791 (GNG11)	641,1050,687,1067
2792 (GNGT1)	641,1050,687,1067
2793 (GNGT2)	641,1050,687,1067
51764 (GNG13)	641,1050,687,1067
54331 (GNG2)	641,1050,687,1067
55970 (GNG12)	641,1050,687,1067
59345 (GNB4)	641,1050,687,1067
94235 (GNG8)	641,1050,687,1067
2550 (GABBR1)	566,1067,612,1084
9568 (GABBR2)	566,1067,612,1084
156 (GRK2)	268,888,314,905
157 (GRK3)	268,888,314,905
2868 (GRK4)	268,888,314,905
2869 (GRK5)	268,888,314,905
2870 (GRK6)	268,888,314,905
408 (ARRB1)	242,915,288,932
409 (ARRB2)	242,915,288,932
134 (ADORA1)	458,1065,504,1082
134 (ADORA1)	1243,600,1289,617
134 (ADORA1)	458,688,504,705
134 (ADORA1)	458,318,504,335
hsa05032: Morphine addiction	40,45,234,70
hsa04727: GABAergic synapse	132,236,238,270
hsa04728: Dopaminergic synapse	738,574,844,608
hsa04727: GABAergic synapse	916,596,1022,630
hsa04728: Dopaminergic synapse	1518,981,1624,1015
