C00076 (Calcium cation)	596,395,4
C00238 (Potassium cation)	625,587,4
C00027 (Hydrogen peroxide)	658,584,4
C00076 (Calcium cation)	741,612,4
C00575 (3',5'-Cyclic AMP)	751,1198,4
C05981 (Phosphatidylinositol-3,4,5-trisphosphate)	565,749,4
8829 (NRP1)	267,147,313,164
6513 (SLC2A1)	267,116,313,133
7094 (TLN1)	313,329,359,346
83660 (TLN2)	313,329,359,346
3383 (ICAM1)	141,346,187,363
3683 (ITGAL)	267,346,313,363
3689 (ITGB2)	267,346,313,363
3683 (ITGAL)	139,266,185,283
3689 (ITGB2)	139,266,185,283
3383 (ICAM1)	267,266,313,283
4772 (NFATC1)	823,386,869,403
4773 (NFATC2)	823,386,869,403
4775 (NFATC3)	823,386,869,403
4776 (NFATC4)	823,386,869,403
5530 (PPP3CA)	708,386,754,403
5532 (PPP3CB)	708,386,754,403
5533 (PPP3CC)	708,386,754,403
5534 (PPP3R1)	708,386,754,403
5535 (PPP3R2)	708,386,754,403
821 (CANX)	495,399,541,416
811 (CALR)	495,375,541,392
3560 (IL2RB)	537,436,581,452
3561 (IL2RG)	537,436,581,452
3716 (JAK1)	615,436,661,453
3718 (JAK3)	615,436,661,453
6776 (STAT5A)	823,436,869,453
6777 (STAT5B)	823,436,869,453
3105 (HLA-A)	537,460,583,477
3106 (HLA-B)	537,460,583,477
3107 (HLA-C)	537,460,583,477
3133 (HLA-E)	537,460,583,477
3134 (HLA-F)	537,460,583,477
3135 (HLA-G)	537,460,583,477
4609 (MYC)	913,130,959,147
8295 (TRRAP)	913,147,959,164
10524 (KAT5)	913,164,959,181
894 (CCND2)	1058,130,1104,147
2224 (FDPS)	620,521,666,538
3265 (HRAS)	696,521,742,538
3845 (KRAS)	696,521,742,538
4893 (NRAS)	696,521,742,538
291 (SLC25A4)	672,603,718,620
292 (SLC25A5)	672,603,718,620
293 (SLC25A6)	672,603,718,620
706 (TSPO)	672,603,718,620
7416 (VDAC1)	672,603,718,620
7417 (VDAC2)	672,603,718,620
7419 (VDAC3)	672,603,718,620
83447 (SLC25A31)	672,603,718,620
7514 (XPO1)	946,316,992,333
5901 (RAN)	946,299,992,316
8498 (RANBP3)	946,282,992,299
107 (ADCY1)	659,1190,705,1207
108 (ADCY2)	659,1190,705,1207
109 (ADCY3)	659,1190,705,1207
111 (ADCY5)	659,1190,705,1207
112 (ADCY6)	659,1190,705,1207
113 (ADCY7)	659,1190,705,1207
114 (ADCY8)	659,1190,705,1207
115 (ADCY9)	659,1190,705,1207
196883 (ADCY4)	659,1190,705,1207
5566 (PRKACA)	797,1190,843,1207
5567 (PRKACB)	797,1190,843,1207
5568 (PRKACG)	797,1190,843,1207
10488 (CREB3)	1053,1190,1099,1207
1385 (CREB1)	1053,1190,1099,1207
1386 (ATF2)	1053,1190,1099,1207
1388 (ATF6B)	1053,1190,1099,1207
148327 (CREB3L4)	1053,1190,1099,1207
468 (ATF4)	1053,1190,1099,1207
64764 (CREB3L2)	1053,1190,1099,1207
84699 (CREB3L3)	1053,1190,1099,1207
90993 (CREB3L1)	1053,1190,1099,1207
9586 (CREB5)	1053,1190,1099,1207
7040 (TGFB1)	198,1081,244,1098
7042 (TGFB2)	198,1081,244,1098
7043 (TGFB3)	198,1081,244,1098
7046 (TGFBR1)	267,1081,313,1098
7048 (TGFBR2)	267,1081,313,1098
4087 (SMAD2)	797,1073,843,1090
4088 (SMAD3)	797,1073,843,1090
4089 (SMAD4)	797,1090,843,1107
1026 (CDKN1A)	1070,642,1116,659
10393 (ANAPC10)	473,658,519,675
246184 (CDC26)	473,658,519,675
29882 (ANAPC2)	473,658,519,675
29945 (ANAPC4)	473,658,519,675
51433 (ANAPC5)	473,658,519,675
51434 (ANAPC7)	473,658,519,675
51529 (ANAPC11)	473,658,519,675
64682 (ANAPC1)	473,658,519,675
8697 (CDC23)	473,658,519,675
8881 (CDC16)	473,658,519,675
996 (CDC27)	473,658,519,675
991 (CDC20)	473,675,519,692
9133 (CCNB2)	570,692,616,709
10744 (PTTG2)	570,658,616,675
9232 (PTTG1)	570,658,616,675
701 (BUB1B)	387,675,433,692
4085 (MAD2L1)	387,658,433,675
9184 (BUB3)	387,692,433,709
8379 (MAD1L1)	326,636,372,653
5902 (RANBP1)	432,578,478,595
55697 (VAC14)	432,558,478,575
4609 (MYC)	1053,1343,1099,1360
7015 (TERT)	1228,1343,1274,1360
4790 (NFKB1)	797,916,843,933
5970 (RELA)	797,916,843,933
4792 (NFKBIA)	797,877,843,894
3558 (IL2)	1012,880,1058,897
3559 (IL2RA)	1064,880,1110,897
3600 (IL15)	1012,906,1058,923
3601 (IL15RA)	1064,906,1110,923
3569 (IL6)	1012,931,1058,948
1437 (CSF2)	1012,951,1058,968
4049 (LTA)	1012,971,1058,988
4791 (NFKB2)	797,968,843,985
5971 (RELB)	797,968,843,985
1147 (CHUK)	678,968,724,985
9020 (MAP3K14)	533,968,579,985
4055 (LTBR)	267,948,313,965
958 (CD40)	267,968,313,985
115650 (TNFRSF13C)	267,988,313,1005
3551 (IKBKB)	678,877,724,894
8517 (IKBKG)	678,894,724,911
7132 (TNFRSF1A)	267,829,313,846
3554 (IL1R1)	267,868,313,885
7850 (IL1R2)	267,868,313,885
915 (CD3D)	267,908,313,925
916 (CD3E)	267,908,313,925
917 (CD3G)	267,908,313,925
4214 (MAP3K1)	434,829,480,846
4215 (MAP3K3)	382,885,428,902
6416 (MAP2K4)	570,829,616,846
5599 (MAPK8)	649,829,695,846
5601 (MAPK9)	649,829,695,846
5602 (MAPK10)	649,829,695,846
3725 (JUN)	797,829,843,846
2874 (GPS2)	461,937,507,954
598 (BCL2L1)	1012,994,1058,1011
331 (XIAP)	1064,994,1110,1011
5290 (PIK3CA)	417,741,463,758
5291 (PIK3CB)	417,741,463,758
5293 (PIK3CD)	417,741,463,758
5295 (PIK3R1)	417,741,463,758
5296 (PIK3R2)	417,741,463,758
8503 (PIK3R3)	417,741,463,758
10000 (AKT3)	627,741,673,758
207 (AKT1)	627,741,673,758
208 (AKT2)	627,741,673,758
1029 (CDKN2A)	1070,603,1116,620
1030 (CDKN2B)	1070,580,1116,597
1019 (CDK4)	1161,583,1207,600
595 (CCND1)	1161,600,1207,617
894 (CCND2)	1161,600,1207,617
896 (CCND3)	1161,600,1207,617
5925 (RB1)	1241,619,1287,636
1869 (E2F1)	1241,653,1287,670
1870 (E2F2)	1241,653,1287,670
1871 (E2F3)	1241,653,1287,670
6722 (SRF)	1053,1136,1099,1153
2002 (ELK1)	1053,1153,1099,1170
2005 (ELK4)	1053,1153,1099,1170
2113 (ETS1)	1053,1153,1099,1170
2114 (ETS2)	1053,1153,1099,1170
6688 (SPI1)	1053,1153,1099,1170
2353 (FOS)	1228,1127,1274,1144
1958 (EGR1)	1279,1127,1325,1144
1959 (EGR2)	1279,1149,1325,1166
8061 (FOSL1)	1228,1149,1274,1166
387332 (TBPL2)	1117,1125,1163,1142
6908 (TBP)	1117,1125,1163,1142
9519 (TBPL1)	1117,1125,1163,1142
4801 (NFYB)	1053,1087,1099,1104
3108 (HLA-DMA)	1228,1087,1274,1104
3109 (HLA-DMB)	1228,1087,1274,1104
3111 (HLA-DOA)	1228,1087,1274,1104
3112 (HLA-DOB)	1228,1087,1274,1104
3113 (HLA-DPA1)	1228,1087,1274,1104
3115 (HLA-DPB1)	1228,1087,1274,1104
3117 (HLA-DQA1)	1228,1087,1274,1104
3118 (HLA-DQA2)	1228,1087,1274,1104
3119 (HLA-DQB1)	1228,1087,1274,1104
3122 (HLA-DRA)	1228,1087,1274,1104
3123 (HLA-DRB1)	1228,1087,1274,1104
3125 (HLA-DRB3)	1228,1087,1274,1104
3126 (HLA-DRB4)	1228,1087,1274,1104
3127 (HLA-DRB5)	1228,1087,1274,1104
2648 (KAT2A)	1053,1256,1099,1273
8850 (KAT2B)	1053,1256,1099,1273
1387 (CREBBP)	1053,1236,1099,1253
2033 (EP300)	1053,1236,1099,1253
6929 (TCF3)	1053,1296,1099,1313
1031 (CDKN2C)	1279,1306,1325,1323
3932 (LCK)	1279,1284,1325,1301
5423 (POLB)	1228,1284,1274,1301
581 (BAX)	1228,1306,1274,1323
200186 (CRTC2)	1117,1176,1163,1193
23373 (CRTC1)	1117,1176,1163,1193
64784 (CRTC3)	1117,1176,1163,1193
4487 (MSX1)	907,1235,953,1252
4488 (MSX2)	907,1235,953,1252
7538 (ZFP36)	397,1019,443,1036
1111 (CHEK1)	996,710,1042,727
11200 (CHEK2)	996,710,1042,727
472 (ATM)	923,710,969,727
545 (ATR)	923,710,969,727
7124 (TNF)	198,829,244,846
3265 (HRAS)	352,266,398,283
3845 (KRAS)	352,266,398,283
4893 (NRAS)	352,266,398,283
5604 (MAP2K1)	437,266,483,283
5605 (MAP2K2)	437,266,483,283
5594 (MAPK1)	523,266,569,283
5595 (MAPK3)	523,266,569,283
920 (CD4)	140,301,186,318
3558 (IL2)	991,412,1037,429
567 (B2M)	501,489,547,506
3105 (HLA-A)	267,467,313,484
3106 (HLA-B)	267,467,313,484
3107 (HLA-C)	267,467,313,484
3133 (HLA-E)	267,467,313,484
3134 (HLA-F)	267,467,313,484
3135 (HLA-G)	267,467,313,484
9700 (ESPL1)	664,658,710,675
890 (CCNA2)	1161,634,1207,651
8900 (CCNA1)	1161,634,1207,651
898 (CCNE1)	1161,634,1207,651
9134 (CCNE2)	1161,634,1207,651
1017 (CDK2)	1161,651,1207,668
7157 (TP53)	1070,710,1116,727
4316 (MMP7)	1012,829,1058,846
8517 (IKBKG)	604,929,650,946
595 (CCND1)	1228,1190,1274,1207
5728 (PTEN)	496,764,542,781
1739 (DLG1)	508,805,554,822
1147 (CHUK)	678,860,724,877
hsa05166: Human T-cell leukemia virus 1 infection	40,45,400,70
hsa04210: Apoptosis	785,603,860,628
hsa03013: RNA transport	837,276,929,301
hsa04110: Cell cycle	455,702,537,727
hsa04010: MAPK signaling pathway	449,218,556,252
hsa04350: TGF-beta signaling pathway	519,1048,623,1082
hsa04115: p53 signaling pathway	956,743,1085,768
hsa04660: T cell receptor signaling pathway	149,891,252,925
hsa04612: Antigen processing and presentation	312,487,434,521
hsa04110: Cell cycle	1188,683,1270,708
hsa04668: TNF signaling pathway	329,794,431,828
hsa04064: NF-kappa B signaling pathway	677,918,788,952
hsa04151: PI3K-Akt signaling pathway	567,775,678,809
