C00076 (Calcium cation)	471,205,4
C00533 (Nitric oxide)	764,205,4
C00942 (3',5'-Cyclic GMP)	884,436,4
C00165 (Diacylglycerol)	647,764,4
C01598 (Melatonin)	187,749,4
C01330 (Sodium cation)	379,151,4
C00575 (3',5'-Cyclic AMP)	647,340,4
C00076 (Calcium cation)	471,510,4
C01330 (Sodium cation)	379,456,4
C00575 (3',5'-Cyclic AMP)	647,632,4
C00533 (Nitric oxide)	764,510,4
C00238 (Potassium cation)	378,844,4
C00025 (L-Glutamate)	187,351,4
2902 (GRIN1)	309,197,355,214
2903 (GRIN2A)	309,197,355,214
2904 (GRIN2B)	309,197,355,214
2905 (GRIN2C)	309,197,355,214
2906 (GRIN2D)	309,197,355,214
163688 (CALML6)	521,138,567,155
51806 (CALML5)	521,138,567,155
801 (CALM1)	521,138,567,155
805 (CALM2)	521,138,567,155
808 (CALM3)	521,138,567,155
810 (CALML3)	521,138,567,155
91860 (CALML4)	521,138,567,155
815 (CAMK2A)	594,138,640,155
816 (CAMK2B)	594,138,640,155
817 (CAMK2D)	594,138,640,155
818 (CAMK2G)	594,138,640,155
4842 (NOS1)	685,197,731,214
2977 (GUCY1A2)	807,428,853,445
2982 (GUCY1A1)	807,428,853,445
2983 (GUCY1B1)	807,428,853,445
5592 (PRKG1)	915,428,961,445
5593 (PRKG2)	915,428,961,445
4544 (MTNR1B)	309,731,355,748
23236 (PLCB1)	539,756,585,773
5330 (PLCB2)	539,756,585,773
5331 (PLCB3)	539,756,585,773
5332 (PLCB4)	539,756,585,773
5578 (PRKCA)	709,756,755,773
5579 (PRKCB)	709,756,755,773
5582 (PRKCG)	709,756,755,773
10681 (GNB5)	409,756,455,773
2776 (GNAQ)	409,756,455,773
2782 (GNB1)	409,756,455,773
2783 (GNB2)	409,756,455,773
2784 (GNB3)	409,756,455,773
2785 (GNG3)	409,756,455,773
2786 (GNG4)	409,756,455,773
2787 (GNG5)	409,756,455,773
2788 (GNG7)	409,756,455,773
2790 (GNG10)	409,756,455,773
2791 (GNG11)	409,756,455,773
2792 (GNGT1)	409,756,455,773
2793 (GNGT2)	409,756,455,773
51764 (GNG13)	409,756,455,773
54331 (GNG2)	409,756,455,773
55970 (GNG12)	409,756,455,773
59345 (GNB4)	409,756,455,773
94235 (GNG8)	409,756,455,773
8911 (CACNA1I)	309,251,355,268
8912 (CACNA1H)	309,251,355,268
8913 (CACNA1G)	309,251,355,268
3708 (ITPR1)	424,261,470,278
3710 (ITPR3)	424,261,470,278
6261 (RYR1)	473,261,519,278
6262 (RYR2)	473,261,519,278
6263 (RYR3)	473,261,519,278
2890 (GRIA1)	309,143,355,160
2891 (GRIA2)	309,143,355,160
2892 (GRIA3)	309,143,355,160
2893 (GRIA4)	309,143,355,160
5594 (MAPK1)	879,197,925,214
5595 (MAPK3)	879,197,925,214
117 (ADCYAP1R1)	309,332,355,349
107 (ADCY1)	539,332,585,349
108 (ADCY2)	539,332,585,349
109 (ADCY3)	539,332,585,349
111 (ADCY5)	539,332,585,349
112 (ADCY6)	539,332,585,349
113 (ADCY7)	539,332,585,349
114 (ADCY8)	539,332,585,349
115 (ADCY9)	539,332,585,349
196883 (ADCY4)	539,332,585,349
55811 (ADCY10)	539,332,585,349
5566 (PRKACA)	709,332,755,349
5567 (PRKACB)	709,332,755,349
5568 (PRKACG)	709,332,755,349
10681 (GNB5)	409,332,455,349
2778 (GNAS)	409,332,455,349
2782 (GNB1)	409,332,455,349
2783 (GNB2)	409,332,455,349
2784 (GNB3)	409,332,455,349
2785 (GNG3)	409,332,455,349
2786 (GNG4)	409,332,455,349
2787 (GNG5)	409,332,455,349
2788 (GNG7)	409,332,455,349
2790 (GNG10)	409,332,455,349
2791 (GNG11)	409,332,455,349
2792 (GNGT1)	409,332,455,349
2793 (GNGT2)	409,332,455,349
51764 (GNG13)	409,332,455,349
54331 (GNG2)	409,332,455,349
55970 (GNG12)	409,332,455,349
59345 (GNB4)	409,332,455,349
94235 (GNG8)	409,332,455,349
51655 (RASD1)	761,267,807,284
2902 (GRIN1)	309,502,355,519
2903 (GRIN2A)	309,502,355,519
2904 (GRIN2B)	309,502,355,519
2905 (GRIN2C)	309,502,355,519
2906 (GRIN2D)	309,502,355,519
163688 (CALML6)	521,443,567,460
51806 (CALML5)	521,443,567,460
801 (CALM1)	521,443,567,460
805 (CALM2)	521,443,567,460
808 (CALM3)	521,443,567,460
810 (CALML3)	521,443,567,460
91860 (CALML4)	521,443,567,460
815 (CAMK2A)	594,443,640,460
816 (CAMK2B)	594,443,640,460
817 (CAMK2D)	594,443,640,460
818 (CAMK2G)	594,443,640,460
4842 (NOS1)	685,502,731,519
2890 (GRIA1)	309,448,355,465
2891 (GRIA2)	309,448,355,465
2892 (GRIA3)	309,448,355,465
2893 (GRIA4)	309,448,355,465
117 (ADCYAP1R1)	309,624,355,641
107 (ADCY1)	539,624,585,641
108 (ADCY2)	539,624,585,641
109 (ADCY3)	539,624,585,641
111 (ADCY5)	539,624,585,641
112 (ADCY6)	539,624,585,641
113 (ADCY7)	539,624,585,641
114 (ADCY8)	539,624,585,641
115 (ADCY9)	539,624,585,641
196883 (ADCY4)	539,624,585,641
55811 (ADCY10)	539,624,585,641
5566 (PRKACA)	709,624,755,641
5567 (PRKACB)	709,624,755,641
5568 (PRKACG)	709,624,755,641
51655 (RASD1)	696,568,742,585
775 (CACNA1C)	309,556,355,573
776 (CACNA1D)	309,556,355,573
5594 (MAPK1)	879,502,925,519
5595 (MAPK3)	879,502,925,519
2778 (GNAS)	409,624,455,641
10681 (GNB5)	409,584,455,601
2782 (GNB1)	409,584,455,601
2783 (GNB2)	409,584,455,601
2784 (GNB3)	409,584,455,601
2785 (GNG3)	409,584,455,601
2786 (GNG4)	409,584,455,601
2787 (GNG5)	409,584,455,601
2788 (GNG7)	409,584,455,601
2790 (GNG10)	409,584,455,601
2791 (GNG11)	409,584,455,601
2792 (GNGT1)	409,584,455,601
2793 (GNGT2)	409,584,455,601
51764 (GNG13)	409,584,455,601
54331 (GNG2)	409,584,455,601
55970 (GNG12)	409,584,455,601
59345 (GNB4)	409,584,455,601
94235 (GNG8)	409,584,455,601
9722 (NOS1AP)	710,232,756,249
10681 (GNB5)	817,232,863,249
2770 (GNAI1)	817,232,863,249
2771 (GNAI2)	817,232,863,249
2773 (GNAI3)	817,232,863,249
2775 (GNAO1)	817,232,863,249
2782 (GNB1)	817,232,863,249
2783 (GNB2)	817,232,863,249
2784 (GNB3)	817,232,863,249
2785 (GNG3)	817,232,863,249
2786 (GNG4)	817,232,863,249
2787 (GNG5)	817,232,863,249
2788 (GNG7)	817,232,863,249
2790 (GNG10)	817,232,863,249
2791 (GNG11)	817,232,863,249
2792 (GNGT1)	817,232,863,249
2793 (GNGT2)	817,232,863,249
51764 (GNG13)	817,232,863,249
54331 (GNG2)	817,232,863,249
55970 (GNG12)	817,232,863,249
59345 (GNB4)	817,232,863,249
94235 (GNG8)	817,232,863,249
9252 (RPS6KA5)	997,502,1043,519
9252 (RPS6KA5)	997,197,1043,214
1385 (CREB1)	1088,502,1134,519
1385 (CREB1)	1090,197,1136,214
4543 (MTNR1A)	309,751,355,768
10681 (GNB5)	409,721,455,738
2770 (GNAI1)	409,721,455,738
2771 (GNAI2)	409,721,455,738
2773 (GNAI3)	409,721,455,738
2782 (GNB1)	409,721,455,738
2783 (GNB2)	409,721,455,738
2784 (GNB3)	409,721,455,738
2785 (GNG3)	409,721,455,738
2786 (GNG4)	409,721,455,738
2787 (GNG5)	409,721,455,738
2788 (GNG7)	409,721,455,738
2790 (GNG10)	409,721,455,738
2791 (GNG11)	409,721,455,738
2792 (GNGT1)	409,721,455,738
2793 (GNGT2)	409,721,455,738
51764 (GNG13)	409,721,455,738
54331 (GNG2)	409,721,455,738
55970 (GNG12)	409,721,455,738
59345 (GNB4)	409,721,455,738
94235 (GNG8)	409,721,455,738
3760 (KCNJ3)	309,835,355,852
3762 (KCNJ5)	309,835,355,852
3763 (KCNJ6)	309,835,355,852
3765 (KCNJ9)	309,835,355,852
10681 (GNB5)	409,796,455,813
2770 (GNAI1)	409,796,455,813
2771 (GNAI2)	409,796,455,813
2773 (GNAI3)	409,796,455,813
2782 (GNB1)	409,796,455,813
2783 (GNB2)	409,796,455,813
2784 (GNB3)	409,796,455,813
2785 (GNG3)	409,796,455,813
2786 (GNG4)	409,796,455,813
2787 (GNG5)	409,796,455,813
2788 (GNG7)	409,796,455,813
2790 (GNG10)	409,796,455,813
2791 (GNG11)	409,796,455,813
2792 (GNGT1)	409,796,455,813
2793 (GNGT2)	409,796,455,813
51764 (GNG13)	409,796,455,813
54331 (GNG2)	409,796,455,813
55970 (GNG12)	409,796,455,813
59345 (GNB4)	409,796,455,813
94235 (GNG8)	409,796,455,813
5187 (PER1)	1223,341,1269,358
8863 (PER3)	1223,341,1269,358
8864 (PER2)	1223,341,1269,358
2353 (FOS)	1223,366,1269,383
116 (ADCYAP1)	166,483,212,500
hsa04713: Circadian entrainment	40,45,249,70
hsa04010: MAPK signaling pathway	834,460,947,494
hsa04010: MAPK signaling pathway	836,150,949,184
hsa04710: Circadian rhythm	1216,298,1329,332
