C05981 (Phosphatidylinositol-3,4,5-trisphosphate)	520,297,4
C00533 (Nitric oxide)	706,357,4
C00575 (3',5'-Cyclic AMP)	319,129,4
C00575 (3',5'-Cyclic AMP)	315,645,4
C00575 (3',5'-Cyclic AMP)	319,802,4
C00575 (3',5'-Cyclic AMP)	319,1038,4
C01245 (D-myo-Inositol 1,4,5-trisphosphate)	551,1101,4
C00165 (Diacylglycerol)	551,1131,4
C00076 (Calcium cation)	620,1101,4
10000 (AKT3)	578,289,624,306
207 (AKT1)	578,289,624,306
208 (AKT2)	578,289,624,306
59350 (RXFP1)	206,288,252,305
4792 (NFKBIA)	720,145,766,162
4790 (NFKB1)	720,185,766,202
5970 (RELA)	720,185,766,202
4846 (NOS3)	682,289,728,306
5594 (MAPK1)	720,230,766,247
5595 (MAPK3)	720,230,766,247
5290 (PIK3CA)	412,289,458,306
5291 (PIK3CB)	412,289,458,306
5293 (PIK3CD)	412,289,458,306
5295 (PIK3R1)	412,289,458,306
5296 (PIK3R2)	412,289,458,306
8503 (PIK3R3)	412,289,458,306
10681 (GNB5)	298,286,344,303
2782 (GNB1)	298,286,344,303
2783 (GNB2)	298,286,344,303
2784 (GNB3)	298,286,344,303
2785 (GNG3)	298,286,344,303
2786 (GNG4)	298,286,344,303
2787 (GNG5)	298,286,344,303
2788 (GNG7)	298,286,344,303
2790 (GNG10)	298,286,344,303
2791 (GNG11)	298,286,344,303
2792 (GNGT1)	298,286,344,303
2793 (GNGT2)	298,286,344,303
51764 (GNG13)	298,286,344,303
54331 (GNG2)	298,286,344,303
55970 (GNG12)	298,286,344,303
59345 (GNB4)	298,286,344,303
94235 (GNG8)	298,286,344,303
10488 (CREB3)	720,101,766,118
1385 (CREB1)	720,101,766,118
1386 (ATF2)	720,101,766,118
1388 (ATF6B)	720,101,766,118
148327 (CREB3L4)	720,101,766,118
468 (ATF4)	720,101,766,118
64764 (CREB3L2)	720,101,766,118
84699 (CREB3L3)	720,101,766,118
90993 (CREB3L1)	720,101,766,118
9586 (CREB5)	720,101,766,118
5590 (PRKCZ)	409,225,455,242
111 (ADCY5)	206,120,252,137
5566 (PRKACA)	382,120,428,137
5567 (PRKACB)	382,120,428,137
5568 (PRKACG)	382,120,428,137
6013 (RLN1)	114,288,160,305
6019 (RLN2)	114,288,160,305
1906 (EDN1)	114,347,160,364
1910 (EDNRB)	206,347,252,364
2778 (GNAS)	298,263,344,280
2775 (GNAO1)	252,336,298,353
2770 (GNAI1)	252,359,298,376
2771 (GNAI2)	252,359,298,376
2773 (GNAI3)	252,359,298,376
10681 (GNB5)	298,348,344,365
2782 (GNB1)	298,348,344,365
2783 (GNB2)	298,348,344,365
2784 (GNB3)	298,348,344,365
2785 (GNG3)	298,348,344,365
2786 (GNG4)	298,348,344,365
2787 (GNG5)	298,348,344,365
2788 (GNG7)	298,348,344,365
2790 (GNG10)	298,348,344,365
2791 (GNG11)	298,348,344,365
2792 (GNGT1)	298,348,344,365
2793 (GNGT2)	298,348,344,365
51764 (GNG13)	298,348,344,365
54331 (GNG2)	298,348,344,365
55970 (GNG12)	298,348,344,365
59345 (GNB4)	298,348,344,365
94235 (GNG8)	298,348,344,365
2770 (GNAI1)	252,298,298,315
2771 (GNAI2)	252,298,298,315
2773 (GNAI3)	252,298,298,315
2775 (GNAO1)	252,274,298,291
2277 (VEGFD)	1031,101,1077,118
7422 (VEGFA)	1031,101,1077,118
7423 (VEGFB)	1031,101,1077,118
7424 (VEGFC)	1031,101,1077,118
4843 (NOS2)	751,349,797,366
4843 (NOS2)	1070,184,1116,201
4313 (MMP2)	381,413,427,430
4318 (MMP9)	381,433,427,450
4842 (NOS1)	986,271,1032,288
4313 (MMP2)	1027,230,1073,247
4318 (MMP9)	1027,230,1073,247
7040 (TGFB1)	114,531,160,548
4087 (SMAD2)	313,531,359,548
59 (ACTA2)	591,523,637,540
1277 (COL1A1)	591,545,637,562
1278 (COL1A2)	591,545,637,562
1281 (COL3A1)	591,545,637,562
1282 (COL4A1)	591,545,637,562
1284 (COL4A2)	591,545,637,562
1285 (COL4A3)	591,545,637,562
1286 (COL4A4)	591,545,637,562
1287 (COL4A5)	591,545,637,562
1288 (COL4A6)	591,545,637,562
4312 (MMP1)	686,463,732,480
4313 (MMP2)	686,484,732,501
4318 (MMP9)	737,463,783,480
4322 (MMP13)	737,484,783,501
122042 (RXFP2)	206,713,252,730
10681 (GNB5)	298,712,344,729
2782 (GNB1)	298,712,344,729
2783 (GNB2)	298,712,344,729
2784 (GNB3)	298,712,344,729
2785 (GNG3)	298,712,344,729
2786 (GNG4)	298,712,344,729
2787 (GNG5)	298,712,344,729
2788 (GNG7)	298,712,344,729
2790 (GNG10)	298,712,344,729
2791 (GNG11)	298,712,344,729
2792 (GNGT1)	298,712,344,729
2793 (GNGT2)	298,712,344,729
51764 (GNG13)	298,712,344,729
54331 (GNG2)	298,712,344,729
55970 (GNG12)	298,712,344,729
59345 (GNB4)	298,712,344,729
94235 (GNG8)	298,712,344,729
3640 (INSL3)	114,724,160,741
2778 (GNAS)	298,689,344,706
2775 (GNAO1)	252,700,298,717
107 (ADCY1)	206,636,252,653
108 (ADCY2)	206,636,252,653
109 (ADCY3)	206,636,252,653
111 (ADCY5)	206,636,252,653
112 (ADCY6)	206,636,252,653
113 (ADCY7)	206,636,252,653
114 (ADCY8)	206,636,252,653
115 (ADCY9)	206,636,252,653
196883 (ADCY4)	206,636,252,653
5566 (PRKACA)	385,636,431,653
5567 (PRKACB)	385,636,431,653
5568 (PRKACG)	385,636,431,653
6013 (RLN1)	114,702,160,719
6019 (RLN2)	114,702,160,719
51289 (RXFP3)	206,869,252,886
10681 (GNB5)	298,868,344,885
2782 (GNB1)	298,868,344,885
2783 (GNB2)	298,868,344,885
2784 (GNB3)	298,868,344,885
2785 (GNG3)	298,868,344,885
2786 (GNG4)	298,868,344,885
2787 (GNG5)	298,868,344,885
2788 (GNG7)	298,868,344,885
2790 (GNG10)	298,868,344,885
2791 (GNG11)	298,868,344,885
2792 (GNGT1)	298,868,344,885
2793 (GNGT2)	298,868,344,885
51764 (GNG13)	298,868,344,885
54331 (GNG2)	298,868,344,885
55970 (GNG12)	298,868,344,885
59345 (GNB4)	298,868,344,885
94235 (GNG8)	298,868,344,885
2770 (GNAI1)	298,845,344,862
2771 (GNAI2)	298,845,344,862
2773 (GNAI3)	298,845,344,862
2775 (GNAO1)	252,856,298,873
107 (ADCY1)	206,791,252,808
108 (ADCY2)	206,791,252,808
109 (ADCY3)	206,791,252,808
111 (ADCY5)	206,791,252,808
112 (ADCY6)	206,791,252,808
113 (ADCY7)	206,791,252,808
114 (ADCY8)	206,791,252,808
115 (ADCY9)	206,791,252,808
196883 (ADCY4)	206,791,252,808
117579 (RLN3)	114,869,160,886
5290 (PIK3CA)	336,899,382,916
5291 (PIK3CB)	336,899,382,916
5293 (PIK3CD)	336,899,382,916
5295 (PIK3R1)	336,899,382,916
5296 (PIK3R2)	336,899,382,916
8503 (PIK3R3)	336,899,382,916
6714 (SRC)	406,899,452,916
4792 (NFKBIA)	602,770,648,787
3265 (HRAS)	536,860,582,877
3845 (KRAS)	536,860,582,877
4893 (NRAS)	536,860,582,877
5894 (RAF1)	606,860,652,877
5604 (MAP2K1)	676,860,722,877
5605 (MAP2K2)	676,860,722,877
5594 (MAPK1)	753,860,799,877
5595 (MAPK3)	753,860,799,877
23236 (PLCB1)	385,810,431,827
5330 (PLCB2)	385,810,431,827
5331 (PLCB3)	385,810,431,827
5332 (PLCB4)	385,810,431,827
5578 (PRKCA)	458,810,504,827
25759 (SHC2)	476,899,522,916
399694 (SHC4)	476,899,522,916
53358 (SHC3)	476,899,522,916
6464 (SHC1)	476,899,522,916
6654 (SOS1)	546,899,592,916
6655 (SOS2)	546,899,592,916
2353 (FOS)	825,831,871,848
3725 (JUN)	825,831,871,848
4790 (NFKB1)	697,770,743,787
5970 (RELA)	697,770,743,787
339403 (RXFP4)	206,1104,252,1121
2769 (GNA15)	298,1104,344,1121
2770 (GNAI1)	298,1081,344,1098
2771 (GNAI2)	298,1081,344,1098
2773 (GNAI3)	298,1081,344,1098
2775 (GNAO1)	252,1092,298,1109
107 (ADCY1)	206,1027,252,1044
108 (ADCY2)	206,1027,252,1044
109 (ADCY3)	206,1027,252,1044
111 (ADCY5)	206,1027,252,1044
112 (ADCY6)	206,1027,252,1044
113 (ADCY7)	206,1027,252,1044
114 (ADCY8)	206,1027,252,1044
115 (ADCY9)	206,1027,252,1044
196883 (ADCY4)	206,1027,252,1044
10022 (INSL5)	114,1104,160,1121
23236 (PLCB1)	428,1104,474,1121
5330 (PLCB2)	428,1104,474,1121
5331 (PLCB3)	428,1104,474,1121
5332 (PLCB4)	428,1104,474,1121
4842 (NOS1)	751,308,797,325
7046 (TGFBR1)	206,523,252,540
7048 (TGFBR2)	206,539,252,556
5894 (RAF1)	578,230,624,247
5604 (MAP2K1)	648,230,694,247
5605 (MAP2K2)	648,230,694,247
5609 (MAP2K7)	676,810,722,827
6416 (MAP2K4)	676,810,722,827
1432 (MAPK14)	753,800,799,817
5600 (MAPK11)	753,800,799,817
5603 (MAPK13)	753,800,799,817
6300 (MAPK12)	753,800,799,817
5599 (MAPK8)	753,830,799,847
5601 (MAPK9)	753,830,799,847
5602 (MAPK10)	753,830,799,847
1956 (EGFR)	206,945,252,962
2885 (GRB2)	408,945,454,962
408 (ARRB1)	268,921,314,938
409 (ARRB2)	268,921,314,938
hsa04926: Relaxin signaling pathway	40,45,297,70
hsa04064: NF-kappa B signaling pathway	599,160,709,194
hsa04370: VEGF signaling pathway	1002,123,1112,157
hsa04151: PI3K-Akt signaling pathway	472,322,595,356
hsa04024: cAMP signaling pathway	287,82,397,116
hsa04270: Vascular smooth muscle contraction	74,488,199,522
hsa04010: MAPK signaling pathway	660,885,770,919
hsa04020: Calcium signaling pathway	641,1094,751,1128
hsa04350: TGF-beta signaling pathway	74,553,197,587
