C00951 (Estradiol-17beta)	238,821,4
C00410 (Progesterone)	238,821,4
C07653 (Flutamide)	238,821,4
C01227 (Dehydroepiandrosterone)	238,821,4
C00280 (Androstenedione)	238,821,4
C00735 (Cortisol)	238,821,4
C00762 (Cortisone)	238,821,4
C03917 (Dihydrotestosterone)	239,735,4
C00535 (Testosterone)	239,695,4
C16038 (2-Amino-1-methyl-6-phenylimidazo[4,5-b]pyridine)	239,242,4
C05981 (Phosphatidylinositol-3,4,5-trisphosphate)	434,588,4
6716 (SRD5A2)	186,704,232,721
367 (AR)	580,815,626,832
367 (AR)	580,798,626,815
4790 (NFKB1)	677,716,723,733
5970 (RELA)	677,716,723,733
4792 (NFKBIA)	677,684,723,701
1027 (CDKN1B)	606,563,652,580
5728 (PTEN)	372,408,418,425
4824 (NKX3-1)	456,349,502,366
354 (KLK3)	1016,789,1062,806
596 (BCL2)	1016,717,1062,734
595 (CCND1)	1016,654,1062,671
51176 (LEF1)	879,653,925,670
6932 (TCF7)	879,653,925,670
6934 (TCF7L2)	879,653,925,670
83439 (TCF7L1)	879,653,925,670
1387 (CREBBP)	831,620,877,637
2033 (EP300)	831,620,877,637
367 (AR)	443,806,489,823
4193 (MDM2)	606,594,652,611
1026 (CDKN1A)	606,533,652,550
2308 (FOXO1)	606,502,652,519
1017 (CDK2)	884,305,930,322
1499 (CTNNB1)	722,653,768,670
1869 (E2F1)	967,352,1013,369
1870 (E2F2)	967,352,1013,369
1871 (E2F3)	967,352,1013,369
3265 (HRAS)	358,705,404,722
3845 (KRAS)	358,705,404,722
4893 (NRAS)	358,705,404,722
7157 (TP53)	913,592,959,609
1956 (EGFR)	284,580,330,597
2064 (ERBB2)	284,580,330,597
2260 (FGFR1)	284,580,330,597
2263 (FGFR2)	284,580,330,597
3480 (IGF1R)	284,580,330,597
3645 (INSRR)	284,580,330,597
5156 (PDGFRA)	284,580,330,597
5159 (PDGFRB)	284,580,330,597
1147 (CHUK)	606,683,652,700
3551 (IKBKB)	606,683,652,700
8517 (IKBKG)	606,683,652,700
572 (BAD)	606,471,652,488
842 (CASP9)	606,442,652,459
10488 (CREB3)	721,617,767,634
1385 (CREB1)	721,617,767,634
148327 (CREB3L4)	721,617,767,634
468 (ATF4)	721,617,767,634
64764 (CREB3L2)	721,617,767,634
84699 (CREB3L3)	721,617,767,634
90993 (CREB3L1)	721,617,767,634
9586 (CREB5)	721,617,767,634
898 (CCNE1)	884,322,930,339
9134 (CCNE2)	884,322,930,339
1950 (EGF)	207,580,253,597
3479 (IGF1)	207,580,253,597
3630 (INS)	207,580,253,597
5154 (PDGFA)	207,580,253,597
5155 (PDGFB)	207,580,253,597
56034 (PDGFC)	207,580,253,597
7039 (TGFA)	207,580,253,597
80310 (PDGFD)	207,580,253,597
5925 (RB1)	967,315,1013,332
5170 (PDPK1)	447,548,493,565
6654 (SOS1)	358,666,404,683
6655 (SOS2)	358,666,404,683
2885 (GRB2)	358,628,404,645
2932 (GSK3B)	607,634,653,651
3320 (HSP90AA1)	443,823,489,840
3326 (HSP90AB1)	443,823,489,840
7184 (HSP90B1)	443,823,489,840
2475 (MTOR)	606,747,652,764
1027 (CDKN1B)	820,278,866,295
10000 (AKT3)	507,580,553,597
207 (AKT1)	507,580,553,597
208 (AKT2)	507,580,553,597
5290 (PIK3CA)	358,580,404,597
5291 (PIK3CB)	358,580,404,597
5293 (PIK3CD)	358,580,404,597
5295 (PIK3R1)	358,580,404,597
5296 (PIK3R2)	358,580,404,597
8503 (PIK3R3)	358,580,404,597
2950 (GSTP1)	665,189,711,206
5594 (MAPK1)	511,746,557,763
5595 (MAPK3)	511,746,557,763
5604 (MAP2K1)	510,705,556,722
5605 (MAP2K2)	510,705,556,722
369 (ARAF)	436,705,482,722
5894 (RAF1)	436,705,482,722
673 (BRAF)	436,705,482,722
7113 (TMPRSS2)	898,406,944,423
2078 (ERG)	953,406,999,423
7113 (TMPRSS2)	898,515,944,532
2119 (ETV5)	953,515,999,532
5328 (PLAU)	1095,394,1141,411
4314 (MMP3)	1095,416,1141,433
4318 (MMP9)	1095,416,1141,433
6935 (ZEB1)	1146,416,1192,433
7850 (IL1R2)	1095,438,1141,455
6692 (SPINT1)	1095,469,1141,486
5328 (PLAU)	1095,507,1141,524
4318 (MMP9)	1095,529,1141,546
5327 (PLAT)	1146,394,1192,411
hsa04115: p53 signaling pathway	837,549,941,583
hsa04060: Cytokine-cytokine receptor interaction	179,608,283,642
hsa00140: Steroid hormone biosynthesis	31,695,157,729
hsa04210: Apoptosis	643,400,747,434
hsa04010: MAPK signaling pathway	425,641,529,675
hsa05215: Prostate cancer	40,45,192,70
hsa04110: Cell cycle	1029,292,1133,326
hsa04151: PI3K-Akt signaling pathway	517,400,621,434
hsa05202: Transcriptional misregulation in cancer	871,450,1012,484
