C05981 (Phosphatidylinositol-3,4,5-trisphosphate)	393,856,4
C20935 (2-5A)	648,289,4
23586 (DDX58)	413,366,459,383
57506 (MAVS)	492,366,538,383
7187 (TRAF3)	567,366,613,383
29110 (TBK1)	650,358,696,375
9641 (IKBKE)	650,375,696,392
3661 (IRF3)	812,366,858,383
3665 (IRF7)	812,366,858,383
4790 (NFKB1)	814,438,860,455
5970 (RELA)	814,438,860,455
7098 (TLR3)	363,470,409,487
148022 (TICAM1)	490,470,536,487
4792 (NFKBIA)	814,470,860,487
1147 (CHUK)	650,470,696,487
3551 (IKBKB)	650,470,696,487
8517 (IKBKG)	650,470,696,487
7189 (TRAF6)	567,470,613,487
8737 (RIPK1)	567,487,613,504
3439 (IFNA1)	1023,358,1069,375
3440 (IFNA2)	1023,358,1069,375
3441 (IFNA4)	1023,358,1069,375
3442 (IFNA5)	1023,358,1069,375
3443 (IFNA6)	1023,358,1069,375
3444 (IFNA7)	1023,358,1069,375
3445 (IFNA8)	1023,358,1069,375
3446 (IFNA10)	1023,358,1069,375
3447 (IFNA13)	1023,358,1069,375
3448 (IFNA14)	1023,358,1069,375
3449 (IFNA16)	1023,358,1069,375
3451 (IFNA17)	1023,358,1069,375
3452 (IFNA21)	1023,358,1069,375
3456 (IFNB1)	1023,358,1069,375
3439 (IFNA1)	83,705,129,722
3440 (IFNA2)	83,705,129,722
3441 (IFNA4)	83,705,129,722
3442 (IFNA5)	83,705,129,722
3443 (IFNA6)	83,705,129,722
3444 (IFNA7)	83,705,129,722
3445 (IFNA8)	83,705,129,722
3446 (IFNA10)	83,705,129,722
3447 (IFNA13)	83,705,129,722
3448 (IFNA14)	83,705,129,722
3449 (IFNA16)	83,705,129,722
3451 (IFNA17)	83,705,129,722
3452 (IFNA21)	83,705,129,722
3456 (IFNB1)	83,705,129,722
3454 (IFNAR1)	154,696,200,713
3455 (IFNAR2)	154,713,200,730
3716 (JAK1)	239,705,285,722
7297 (TYK2)	239,705,285,722
6772 (STAT1)	411,705,457,722
6773 (STAT2)	411,705,457,722
10379 (IRF9)	814,701,860,718
949 (SCARB1)	154,160,200,177
975 (CD81)	154,185,200,202
100132463 (CLDN24)	154,202,200,219
10686 (CLDN16)	154,202,200,219
1364 (CLDN4)	154,202,200,219
1365 (CLDN3)	154,202,200,219
1366 (CLDN7)	154,202,200,219
137075 (CLDN23)	154,202,200,219
149461 (CLDN19)	154,202,200,219
23562 (CLDN14)	154,202,200,219
24146 (CLDN15)	154,202,200,219
26285 (CLDN17)	154,202,200,219
49861 (CLDN20)	154,202,200,219
5010 (CLDN11)	154,202,200,219
51208 (CLDN18)	154,202,200,219
53842 (CLDN22)	154,202,200,219
644672 (CLDN25)	154,202,200,219
7122 (CLDN5)	154,202,200,219
9071 (CLDN10)	154,202,200,219
9073 (CLDN8)	154,202,200,219
9074 (CLDN6)	154,202,200,219
9075 (CLDN2)	154,202,200,219
9076 (CLDN1)	154,202,200,219
9080 (CLDN9)	154,202,200,219
100506658 (OCLN)	154,226,200,243
9021 (SOCS3)	359,663,405,680
5515 (PPP2CA)	372,762,418,779
5516 (PPP2CB)	372,762,418,779
5518 (PPP2R1A)	372,762,418,779
5519 (PPP2R1B)	372,762,418,779
5520 (PPP2R2A)	372,762,418,779
5521 (PPP2R2B)	372,762,418,779
5522 (PPP2R2C)	372,762,418,779
55844 (PPP2R2D)	372,762,418,779
8554 (PIAS1)	433,762,479,779
4938 (OAS1)	567,279,613,296
4939 (OAS2)	567,279,613,296
4940 (OAS3)	567,279,613,296
6041 (RNASEL)	690,279,736,296
27102 (EIF2AK1)	250,549,296,566
440275 (EIF2AK4)	250,549,296,566
5610 (EIF2AK2)	250,549,296,566
9451 (EIF2AK3)	250,549,296,566
1965 (EIF2S1)	538,594,584,611
5594 (MAPK1)	706,809,752,826
5595 (MAPK3)	706,809,752,826
3434 (IFIT1)	537,567,583,584
439996 (IFIT1B)	537,567,583,584
3646 (EIF3E)	611,567,657,584
1956 (EGFR)	154,809,200,826
2885 (GRB2)	221,809,267,826
6654 (SOS1)	288,809,334,826
6655 (SOS2)	288,809,334,826
3265 (HRAS)	407,809,453,826
3845 (KRAS)	407,809,453,826
4893 (NRAS)	407,809,453,826
369 (ARAF)	522,809,568,826
5894 (RAF1)	522,809,568,826
673 (BRAF)	522,809,568,826
5290 (PIK3CA)	288,848,334,865
5291 (PIK3CB)	288,848,334,865
5293 (PIK3CD)	288,848,334,865
5295 (PIK3R1)	288,848,334,865
5296 (PIK3R2)	288,848,334,865
8503 (PIK3R3)	288,848,334,865
10000 (AKT3)	452,848,498,865
207 (AKT1)	452,848,498,865
208 (AKT2)	452,848,498,865
2932 (GSK3B)	542,848,588,865
1950 (EGF)	83,809,129,826
7157 (TP53)	542,922,588,939
1026 (CDKN1A)	542,897,588,914
7124 (TNF)	83,999,129,1016
7132 (TNFRSF1A)	154,999,200,1016
8717 (TRADD)	240,999,286,1016
7186 (TRAF2)	321,999,367,1016
4792 (NFKBIA)	570,999,616,1016
4790 (NFKB1)	570,965,616,982
5970 (RELA)	570,965,616,982
10197 (PSME3)	761,993,807,1010
6256 (RXRA)	834,993,880,1010
10062 (NR1H3)	834,1010,880,1027
3949 (LDLR)	154,136,200,153
572 (BAD)	542,873,588,890
6256 (RXRA)	834,939,880,956
5465 (PPARA)	834,956,880,973
3458 (IFNG)	1023,379,1069,396
7124 (TNF)	1024,424,1070,441
3627 (CXCL10)	1024,447,1070,464
4938 (OAS1)	1037,681,1083,698
4939 (OAS2)	1037,681,1083,698
4940 (OAS3)	1037,681,1083,698
27102 (EIF2AK1)	1089,681,1135,698
440275 (EIF2AK4)	1089,681,1135,698
5610 (EIF2AK2)	1089,681,1135,698
9451 (EIF2AK3)	1089,681,1135,698
3434 (IFIT1)	1037,704,1083,721
439996 (IFIT1B)	1037,704,1083,721
3665 (IRF7)	1089,704,1135,721
4599 (MX1)	1037,726,1083,743
91543 (RSAD2)	1089,726,1135,743
6774 (STAT3)	273,661,319,678
5604 (MAP2K1)	614,809,660,826
5605 (MAP2K2)	614,809,660,826
10971 (YWHAQ)	512,769,558,786
7529 (YWHAB)	512,769,558,786
7531 (YWHAE)	512,769,558,786
7532 (YWHAG)	512,769,558,786
7533 (YWHAH)	512,769,558,786
7534 (YWHAZ)	512,769,558,786
1499 (CTNNB1)	632,848,678,865
1026 (CDKN1A)	1054,921,1100,938
1017 (CDK2)	1131,921,1177,938
1019 (CDK4)	1131,921,1177,938
1021 (CDK6)	1131,921,1177,938
5925 (RB1)	1206,921,1252,938
1869 (E2F1)	1206,961,1252,978
1870 (E2F2)	1206,961,1252,978
1871 (E2F3)	1206,961,1252,978
1147 (CHUK)	458,999,504,1016
3551 (IKBKB)	458,999,504,1016
8517 (IKBKG)	458,999,504,1016
356 (FASLG)	83,1050,129,1067
355 (FAS)	154,1050,200,1067
8772 (FADD)	240,1050,286,1067
841 (CASP8)	321,1050,367,1067
836 (CASP3)	663,1050,709,1067
637 (BID)	347,1098,393,1115
581 (BAX)	430,1086,476,1103
54205 (CYCS)	535,1097,581,1114
842 (CASP9)	643,1099,689,1116
578 (BAK1)	430,1109,476,1126
317 (APAF1)	535,1125,581,1142
8837 (CFLAR)	259,1085,305,1102
595 (CCND1)	1054,972,1100,989
1019 (CDK4)	1054,995,1100,1012
4609 (MYC)	1054,1017,1100,1034
hsa05160: Hepatitis C	40,45,170,70
hsa04622: RIG-I-like receptor signaling pathway	459,322,570,356
hsa04620: Toll-like receptor signaling pathway	392,495,503,529
hsa04630: JAK-STAT signaling pathway	205,731,360,756
hsa04144: Endocytosis	252,183,344,208
hsa04010: MAPK signaling pathway	626,765,737,799
hsa04210: Apoptosis	724,1076,816,1101
hsa03320: PPAR signaling pathway	673,943,781,977
hsa04514: Cell adhesion molecules (CAMs)	82,262,208,287
hsa04210: Apoptosis	1086,878,1178,903
hsa04668: TNF signaling pathway	339,957,440,991
