C00533 (Nitric oxide)	115,769,4
C00942 (3',5'-Cyclic GMP)	393,583,4
C00076 (Calcium cation)	642,416,4
C00238 (Potassium cation)	137,344,4
C01245 (D-myo-Inositol 1,4,5-trisphosphate)	638,340,4
C00076 (Calcium cation)	137,186,4
C00533 (Nitric oxide)	505,826,4
C00144 (GMP)	489,685,4
C00575 (3',5'-Cyclic AMP)	304,728,4
C00020 (AMP)	494,730,4
C00076 (Calcium cation)	137,267,4
C00076 (Calcium cation)	128,392,4
C00076 (Calcium cation)	128,476,4
C00238 (Potassium cation)	787,698,4
C00076 (Calcium cation)	998,441,4
C00212 (Adenosine)	115,852,4
C00027 (Hydrogen peroxide)	786,628,4
4659 (PPP1R12A)	808,572,854,589
5499 (PPP1CA)	808,572,854,589
5500 (PPP1CB)	808,572,854,589
5501 (PPP1CC)	808,572,854,589
10398 (MYL9)	898,527,944,544
4881 (NPR1)	168,563,214,580
5592 (PRKG1)	464,573,510,590
5593 (PRKG2)	464,573,510,590
2977 (GUCY1A2)	300,761,346,778
2982 (GUCY1A1)	300,761,346,778
2983 (GUCY1B1)	300,761,346,778
3708 (ITPR1)	672,409,718,426
3709 (ITPR2)	672,409,718,426
3710 (ITPR3)	672,409,718,426
10242 (KCNMB2)	168,335,214,352
157855 (KCNU1)	168,335,214,352
27094 (KCNMB3)	168,335,214,352
27345 (KCNMB4)	168,335,214,352
3778 (KCNMA1)	168,335,214,352
3779 (KCNMB1)	168,335,214,352
4882 (NPR2)	168,586,214,603
10335 (MRVI1)	600,465,646,482
8654 (PDE5A)	445,616,491,633
1258 (CNGB1)	168,646,214,663
1259 (CNGA1)	168,646,214,663
5997 (RGS2)	451,258,497,275
146 (ADRA1D)	168,112,214,129
147 (ADRA1B)	168,112,214,129
148 (ADRA1A)	168,112,214,129
150 (ADRA2A)	168,112,214,129
151 (ADRA2B)	168,112,214,129
152 (ADRA2C)	168,112,214,129
185 (AGTR1)	168,112,214,129
1909 (EDNRA)	168,112,214,129
1910 (EDNRB)	168,112,214,129
23236 (PLCB1)	558,332,604,349
5330 (PLCB2)	558,332,604,349
5331 (PLCB3)	558,332,604,349
5332 (PLCB4)	558,332,604,349
775 (CACNA1C)	168,260,214,277
776 (CACNA1D)	168,260,214,277
778 (CACNA1F)	168,260,214,277
779 (CACNA1S)	168,260,214,277
387 (RHOA)	618,540,664,557
6093 (ROCK1)	704,540,750,557
9475 (ROCK2)	704,540,750,557
2767 (GNA11)	372,112,418,129
2776 (GNAQ)	372,112,418,129
7225 (TRPC6)	168,177,214,194
5530 (PPP3CA)	497,177,543,194
5532 (PPP3CB)	497,177,543,194
5533 (PPP3CC)	497,177,543,194
5534 (PPP3R1)	497,177,543,194
5535 (PPP3R2)	497,177,543,194
4772 (NFATC1)	688,177,734,194
4773 (NFATC2)	688,177,734,194
4775 (NFATC3)	688,177,734,194
4776 (NFATC4)	688,177,734,194
100271849 (MEF2B)	688,141,734,158
4205 (MEF2A)	688,141,734,158
4207 (BORCS8-MEF2B)	688,141,734,158
4208 (MEF2C)	688,141,734,158
4209 (MEF2D)	688,141,734,158
2626 (GATA4)	688,229,734,246
6722 (SRF)	688,212,734,229
487 (ATP2A1)	716,452,762,469
488 (ATP2A2)	716,452,762,469
489 (ATP2A3)	716,452,762,469
5350 (PLN)	686,469,732,486
3764 (KCNJ8)	766,725,812,742
5894 (RAF1)	565,934,611,951
5604 (MAP2K1)	644,934,690,951
5605 (MAP2K2)	644,934,690,951
5594 (MAPK1)	723,934,769,951
5595 (MAPK3)	723,934,769,951
572 (BAD)	684,836,730,853
10488 (CREB3)	684,796,730,813
1385 (CREB1)	684,796,730,813
1386 (ATF2)	684,796,730,813
1388 (ATF6B)	684,796,730,813
148327 (CREB3L4)	684,796,730,813
468 (ATF4)	684,796,730,813
64764 (CREB3L2)	684,796,730,813
84699 (CREB3L3)	684,796,730,813
90993 (CREB3L1)	684,796,730,813
9586 (CREB5)	684,796,730,813
7408 (VASP)	684,882,730,899
6543 (SLC8A2)	168,381,214,398
6546 (SLC8A1)	168,381,214,398
6547 (SLC8A3)	168,381,214,398
23439 (ATP1B4)	168,426,214,443
476 (ATP1A1)	168,426,214,443
477 (ATP1A2)	168,426,214,443
478 (ATP1A3)	168,426,214,443
480 (ATP1A4)	168,426,214,443
481 (ATP1B1)	168,426,214,443
482 (ATP1B2)	168,426,214,443
483 (ATP1B3)	168,426,214,443
486 (FXYD2)	168,426,214,443
490 (ATP2B1)	168,467,214,484
491 (ATP2B2)	168,467,214,484
492 (ATP2B3)	168,467,214,484
493 (ATP2B4)	168,467,214,484
2969 (GTF2I)	568,264,614,281
9569 (GTF2IRD1)	568,264,614,281
4985 (OPRD1)	168,820,214,837
146850 (PIK3R6)	326,880,372,897
23533 (PIK3R5)	326,880,372,897
5294 (PIK3CG)	326,880,372,897
10000 (AKT3)	403,880,449,897
207 (AKT1)	403,880,449,897
208 (AKT2)	403,880,449,897
4846 (NOS3)	482,880,528,897
4624 (MYH6)	846,154,892,171
4625 (MYH7)	846,154,892,171
4879 (NPPB)	846,177,892,194
7225 (TRPC6)	846,200,892,217
107 (ADCY1)	168,718,214,735
108 (ADCY2)	168,718,214,735
109 (ADCY3)	168,718,214,735
111 (ADCY5)	168,718,214,735
112 (ADCY6)	168,718,214,735
113 (ADCY7)	168,718,214,735
114 (ADCY8)	168,718,214,735
115 (ADCY9)	168,718,214,735
196883 (ADCY4)	168,718,214,735
5138 (PDE2A)	362,706,408,723
5139 (PDE3A)	417,706,463,723
5140 (PDE3B)	417,706,463,723
5581 (PRKCE)	842,699,888,716
10105 (PPIF)	842,658,888,675
291 (SLC25A4)	842,658,888,675
292 (SLC25A5)	842,658,888,675
293 (SLC25A6)	842,658,888,675
7416 (VDAC1)	842,658,888,675
7417 (VDAC2)	842,658,888,675
7419 (VDAC3)	842,658,888,675
83447 (SLC25A31)	842,658,888,675
5581 (PRKCE)	689,685,735,702
340156 (MYLK4)	808,481,854,498
4638 (MYLK)	808,481,854,498
85366 (MYLK2)	808,481,854,498
91807 (MYLK3)	808,481,854,498
163688 (CALML6)	897,454,943,471
51806 (CALML5)	897,454,943,471
801 (CALM1)	897,454,943,471
805 (CALM2)	897,454,943,471
808 (CALM3)	897,454,943,471
810 (CALML3)	897,454,943,471
91860 (CALML4)	897,454,943,471
3667 (IRS1)	248,880,294,897
8471 (IRS4)	248,880,294,897
8660 (IRS2)	248,880,294,897
3643 (INSR)	168,880,214,897
153 (ADRB1)	168,925,214,942
154 (ADRB2)	168,925,214,942
155 (ADRB3)	168,925,214,942
2770 (GNAI1)	248,925,294,942
2771 (GNAI2)	248,925,294,942
2773 (GNAI3)	248,925,294,942
624 (BDKRB2)	168,795,214,812
134 (ADORA1)	168,844,214,861
140 (ADORA3)	168,844,214,861
3630 (INS)	90,880,136,897
2770 (GNAI1)	248,838,294,855
2771 (GNAI2)	248,838,294,855
2773 (GNAI3)	248,838,294,855
10672 (GNA13)	329,148,375,165
2768 (GNA12)	329,148,375,165
3827 (KNG1)	90,795,136,812
4878 (NPPA)	90,540,136,557
4879 (NPPB)	90,569,136,586
4880 (NPPC)	90,600,136,617
hsa04022: cGMP-PKG signaling pathway	40,45,311,70
hsa04270: Vascular smooth muscle contraction	926,616,1051,650
hsa04020: Calcium signaling pathway	657,315,782,349
hsa04010: MAPK signaling pathway	426,924,551,958
hsa04210: Apoptosis	940,777,1032,802
hsa04744: Phototransduction	225,672,340,697
hsa04151: PI3K-Akt signaling pathway	349,833,474,867
