2197 (FAU)	966,704,1012,721
6137 (RPL13)	446,661,492,678
6158 (RPL28)	602,749,648,766
6208 (RPS14)	600,369,646,386
6228 (RPS23)	494,453,540,470
6222 (RPS18)	554,369,600,386
6235 (RPS29)	624,285,670,302
6207 (RPS13)	523,547,569,564
6205 (RPS11)	394,285,440,302
6209 (RPS15)	670,210,716,227
6194 (RPS6)	446,704,492,721
6202 (RPS8)	498,704,544,721
6218 (RPS17)	550,704,596,721
6223 (RPS19)	602,704,648,721
6229 (RPS24)	654,704,700,721
51065 (RPS27L)	810,704,856,721
6232 (RPS27)	810,704,856,721
6233 (RPS27A)	862,704,908,721
6201 (RPS7)	394,793,440,810
100529239 (RPS10-NUDT3)	446,793,492,810
6204 (RPS10)	446,793,492,810
6206 (RPS12)	498,793,544,810
6227 (RPS21)	550,793,596,810
6230 (RPS25)	706,704,752,721
6231 (RPS26)	758,704,804,721
6234 (RPS28)	914,704,960,721
140032 (RPS4Y2)	532,285,578,302
6191 (RPS4X)	532,285,578,302
6192 (RPS4Y1)	532,285,578,302
6189 (RPS3A)	394,704,440,721
4550 (RNR2)	474,97,520,114
100169751 (RNA5S1)	520,97,566,114
100169753 (RNA5S2)	520,97,566,114
100169754 (RNA5S3)	520,97,566,114
100169755 (RNA5S4)	520,97,566,114
100169756 (RNA5S5)	520,97,566,114
100169757 (RNA5S6)	520,97,566,114
100169758 (RNA5S7)	520,97,566,114
100169759 (RNA5S8)	520,97,566,114
100169760 (RNA5S9)	520,97,566,114
100169761 (RNA5S10)	520,97,566,114
100169762 (RNA5S11)	520,97,566,114
100169763 (RNA5S12)	520,97,566,114
100169764 (RNA5S13)	520,97,566,114
100169765 (RNA5S14)	520,97,566,114
100169766 (RNA5S15)	520,97,566,114
100169767 (RNA5S16)	520,97,566,114
100169768 (RNA5S17)	520,97,566,114
124995 (MRPL10)	774,444,820,461
65003 (MRPL11)	866,444,912,461
6122 (RPL3)	486,210,532,227
6123 (RPL3L)	486,210,532,227
6135 (RPL11)	578,285,624,302
6133 (RPL9)	716,285,762,302
6175 (RPLP0)	774,461,820,478
6136 (RPL12)	866,461,912,478
23521 (RPL13A)	815,369,861,386
28998 (MRPL13)	815,352,861,369
51069 (MRPL2)	624,193,670,210
11222 (MRPL3)	486,193,532,210
4736 (RPL10A)	820,461,866,478
6132 (RPL8)	624,210,670,227
64928 (MRPL14)	440,268,486,285
9349 (RPL23)	440,285,486,302
6157 (RPL27A)	992,285,1038,302
29088 (MRPL15)	992,268,1038,285
6125 (RPL5)	854,285,900,302
29074 (MRPL18)	854,268,900,285
100526842 (RPL17-C18orf32)	716,210,762,227
6139 (RPL17)	716,210,762,227
29093 (MRPL22)	716,193,762,210
6147 (RPL23A)	578,210,624,227
6150 (MRPL23)	578,193,624,210
51121 (RPL26L1)	486,285,532,302
6154 (RPL26)	486,285,532,302
79590 (MRPL24)	486,268,532,285
11224 (RPL35)	854,210,900,227
51263 (MRPL30)	946,268,992,285
6129 (RPL7)	946,285,992,302
6138 (RPL15)	498,661,544,678
6141 (RPL18)	723,369,769,386
6143 (RPL19)	808,285,854,302
6144 (RPL21)	550,661,596,678
51187 (RSL24D1)	602,661,648,678
6152 (RPL24)	602,661,648,678
6156 (RPL30)	540,453,586,470
6170 (RPL39)	862,661,908,678
7311 (UBA52)	914,661,960,678
6171 (RPL41)	966,661,1012,678
100529097 (RPL36A-HNRNPH2)	1018,661,1064,678
6166 (RPL36AL)	1018,661,1064,678
6173 (RPL36A)	1018,661,1064,678
6160 (RPL31)	654,661,700,678
6161 (RPL32)	762,285,808,302
6164 (RPL34)	394,369,440,386
6165 (RPL35A)	706,661,752,678
6167 (RPL37)	758,661,804,678
6168 (RPL37A)	810,661,856,678
6128 (RPL6)	394,749,440,766
6142 (RPL18A)	446,749,492,766
200916 (RPL22L1)	498,749,544,766
6146 (RPL22)	498,749,544,766
6155 (RPL27)	550,749,596,766
6159 (RPL29)	654,749,700,766
25873 (RPL36)	706,749,752,766
6169 (RPL38)	758,749,804,766
6124 (RPL4)	532,210,578,227
6130 (RPL7A)	591,453,637,470
140801 (RPL10L)	394,661,440,678
6134 (RPL10)	394,661,440,678
9045 (RPL14)	440,369,486,386
51073 (MRPL4)	532,193,578,210
65005 (MRPL9)	941,530,987,547
6182 (MRPL12)	682,444,728,461
6176 (RPLP1)	728,461,774,478
6181 (RPLP2)	728,461,774,478
54948 (MRPL16)	808,193,854,210
63875 (MRPL17)	769,352,815,369
9801 (MRPL19)	718,602,764,619
55052 (MRPL20)	663,530,709,547
219927 (MRPL21)	508,602,554,619
51264 (MRPL27)	554,602,600,619
10573 (MRPL28)	394,602,440,619
64983 (MRPL32)	873,530,919,547
9553 (MRPL33)	440,602,486,619
64981 (MRPL34)	709,530,755,547
51318 (MRPL35)	617,530,663,547
64979 (MRPL36)	508,352,554,369
4549 (RNR1)	624,97,670,114
64969 (MRPS5)	900,268,946,285
51081 (MRPS7)	448,436,494,453
64965 (MRPS9)	861,352,907,369
55173 (MRPS10)	440,193,486,210
6187 (RPS2)	900,285,946,302
6193 (RPS5)	448,453,494,470
6210 (RPS15A)	670,285,716,302
6217 (RPS16)	861,369,907,386
6224 (RPS20)	440,210,486,227
3921 (RPSA)	394,547,440,564
6188 (RPS3)	762,210,808,227
64963 (MRPS11)	600,352,646,369
6183 (MRPS12)	494,436,540,453
63931 (MRPS14)	624,268,670,285
64960 (MRPS15)	523,530,569,547
51373 (MRPS17)	394,268,440,285
64968 (MRPS6)	1033,530,1079,547
51021 (MRPS16)	672,602,718,619
51023 (MRPS18C)	987,530,1033,547
55168 (MRPS18A)	987,530,1033,547
54460 (MRPS21)	908,602,954,619
6203 (RPS9)	646,369,692,386
51116 (MRPS2)	394,530,440,547
65008 (MRPL1)	820,444,866,461
hsa03010: Ribosome	40,45,135,70
