4052 (LTBP1)	130,457,176,474
7057 (THBS1)	46,458,92,475
8454 (CUL1)	443,417,489,434
9978 (RBX1)	443,400,489,417
4089 (SMAD4)	492,867,538,884
4089 (SMAD4)	492,796,538,813
92 (ACVR2A)	205,849,251,866
93 (ACVR2B)	205,849,251,866
130399 (ACVR1C)	205,832,251,849
91 (ACVR1B)	205,832,251,849
4087 (SMAD2)	379,832,425,849
4088 (SMAD3)	379,832,425,849
4838 (NODAL)	130,848,176,865
4091 (SMAD6)	379,796,425,813
4092 (SMAD7)	379,796,425,813
4087 (SMAD2)	379,759,425,776
4088 (SMAD3)	379,759,425,776
5308 (PITX2)	744,831,790,848
6667 (SP1)	700,550,746,567
1387 (CREBBP)	700,533,746,550
2033 (EP300)	700,533,746,550
1030 (CDKN2B)	814,541,860,558
4609 (MYC)	813,476,859,493
7027 (TFDP1)	700,493,746,510
1874 (E2F4)	700,476,746,493
1875 (E2F5)	700,476,746,493
5933 (RBL1)	700,459,746,476
3397 (ID1)	746,254,792,271
3398 (ID2)	746,254,792,271
3399 (ID3)	746,254,792,271
3400 (ID4)	746,254,792,271
92 (ACVR2A)	205,776,251,793
93 (ACVR2B)	205,776,251,793
90 (ACVR1)	205,759,251,776
91 (ACVR1B)	205,759,251,776
3624 (INHBA)	130,776,176,793
3625 (INHBB)	130,776,176,793
3626 (INHBC)	130,776,176,793
83729 (INHBE)	130,776,176,793
10468 (FST)	46,787,92,804
10637 (LEFTY1)	76,716,122,733
7044 (LEFTY2)	76,716,122,733
6198 (RPS6KB1)	455,688,501,705
6199 (RPS6KB2)	455,688,501,705
5515 (PPP2CA)	329,688,375,705
5516 (PPP2CB)	329,688,375,705
5518 (PPP2R1A)	329,688,375,705
5519 (PPP2R1B)	329,688,375,705
6093 (ROCK1)	455,663,501,680
387 (RHOA)	329,663,375,680
4089 (SMAD4)	492,508,538,525
9372 (ZFYVE9)	379,508,425,525
9765 (ZFYVE16)	379,508,425,525
4087 (SMAD2)	379,475,425,492
4088 (SMAD3)	379,475,425,492
6500 (SKP1)	443,434,489,451
5594 (MAPK1)	526,351,572,368
5595 (MAPK3)	526,351,572,368
4089 (SMAD4)	486,286,532,303
4091 (SMAD6)	379,385,425,402
4092 (SMAD7)	379,385,425,402
57154 (SMURF1)	344,420,390,437
64750 (SMURF2)	344,420,390,437
7048 (TGFBR2)	205,492,251,509
7046 (TGFBR1)	205,475,251,492
7040 (TGFB1)	130,492,176,509
7042 (TGFB2)	130,492,176,509
7043 (TGFB3)	130,492,176,509
1634 (DCN)	46,496,92,513
7124 (TNF)	145,396,191,413
3458 (IFNG)	145,374,191,391
269 (AMHR2)	205,310,251,327
659 (BMPR2)	205,310,251,327
657 (BMPR1A)	205,293,251,310
658 (BMPR1B)	205,293,251,310
90 (ACVR1)	205,293,251,310
151449 (GDF7)	130,310,176,327
268 (AMH)	130,310,176,327
353500 (BMP8A)	130,310,176,327
392255 (GDF6)	130,310,176,327
650 (BMP2)	130,310,176,327
652 (BMP4)	130,310,176,327
653 (BMP5)	130,310,176,327
654 (BMP6)	130,310,176,327
655 (BMP7)	130,310,176,327
656 (BMP8B)	130,310,176,327
8200 (GDF5)	130,310,176,327
9241 (NOG)	145,267,191,284
100532736 (MICOS10-NBL1)	46,299,92,316
4681 (NBL1)	46,299,92,316
4086 (SMAD1)	379,254,425,271
4090 (SMAD5)	379,254,425,271
4093 (SMAD9)	379,254,425,271
8646 (CHRD)	74,259,120,276
25805 (BAMBI)	205,261,251,278
25805 (BAMBI)	205,442,251,459
25805 (BAMBI)	205,728,251,745
60436 (TGIF2)	649,568,695,585
7050 (TGIF1)	649,568,695,585
2331 (FMOD)	46,522,92,539
650 (BMP2)	130,127,176,144
652 (BMP4)	130,127,176,144
654 (BMP6)	130,127,176,144
148738 (HJV)	205,111,251,128
659 (BMPR2)	205,157,251,174
92 (ACVR2A)	205,157,251,174
657 (BMPR1A)	205,140,251,157
658 (BMPR1B)	205,140,251,157
90 (ACVR1)	205,140,251,157
3625 (INHBB)	130,155,176,172
4756 (NEO1)	205,94,251,111
650 (BMP2)	130,215,176,232
652 (BMP4)	130,215,176,232
285704 (RGMB)	205,186,251,203
56963 (RGMA)	205,186,251,203
659 (BMPR2)	205,232,251,249
92 (ACVR2A)	205,232,251,249
657 (BMPR1A)	205,215,251,232
658 (BMPR1B)	205,215,251,232
90 (ACVR1)	205,215,251,232
4089 (SMAD4)	486,168,532,185
4086 (SMAD1)	379,140,425,157
4090 (SMAD5)	379,140,425,157
4093 (SMAD9)	379,140,425,157
57817 (HAMP)	746,140,792,157
26585 (GREM1)	46,327,92,344
64388 (GREM2)	46,327,92,344
79875 (THSD4)	84,425,130,442
2200 (FBN1)	130,425,176,442
hsa04350: TGF-beta signaling pathway	40,45,293,70
hsa04210: Apoptosis	914,449,1008,475
hsa04110: Cell cycle	917,562,1002,590
hsa04120: Ubiquitin mediated proteolysis	508,549,617,589
hsa04010: MAPK signaling pathway	398,607,500,645
