6890 (TAP1)	921,36,967,53
958 (CD40)	975,645,1021,662
959 (CD40LG)	1028,645,1074,662
102723407 (IGH)	718,533,764,550
102723407 (IGH)	926,581,972,598
920 (CD4)	760,120,806,137
925 (CD8A)	760,204,806,221
926 (CD8B)	760,204,806,221
927 (CD8B2)	760,204,806,221
925 (CD8A)	1074,46,1120,63
926 (CD8B)	1074,46,1120,63
927 (CD8B2)	1074,46,1120,63
920 (CD4)	1073,220,1119,237
102723407 (IGH)	1097,532,1143,549
8517 (IKBKG)	1002,512,1048,529
57379 (AICDA)	1028,668,1074,685
7374 (UNG)	975,668,1021,685
102723407 (IGH)	280,644,326,661
973 (CD79A)	280,669,326,686
3543 (IGLL1)	333,645,379,662
29760 (BLNK)	333,669,379,686
695 (BTK)	469,645,515,662
29851 (ICOS)	1142,645,1188,662
115650 (TNFRSF13C)	1194,645,1240,662
930 (CD19)	1142,668,1188,685
23495 (TNFRSF13B)	1194,668,1240,685
100 (ADA)	314,301,360,318
3575 (IL7R)	367,301,413,318
3561 (IL2RG)	314,330,360,347
3718 (JAK3)	367,330,413,347
5896 (RAG1)	367,213,413,230
5897 (RAG2)	420,213,466,230
915 (CD3D)	367,236,413,253
916 (CD3E)	420,236,466,253
64421 (DCLRE1C)	315,213,361,230
5788 (PTPRC)	631,213,677,230
925 (CD8A)	921,67,967,84
7535 (ZAP70)	946,91,992,108
3932 (LCK)	973,67,1019,84
326 (AIRE)	851,213,897,230
102723407 (IGH)	881,533,927,550
5896 (RAG1)	280,495,326,512
5897 (RAG2)	333,495,379,512
6891 (TAP2)	973,36,1019,53
5993 (RFX5)	901,276,947,293
5994 (RFXAP)	954,276,1000,293
8625 (RFXANK)	901,298,947,315
4261 (CIITA)	954,298,1000,315
102723407 (IGH)	394,536,440,553
102723407 (IGH)	553,534,599,551
84876 (ORAI1)	1160,44,1206,61
84876 (ORAI1)	1160,301,1206,318
hsa04660: T cell receptor signaling pathway	1125,172,1238,206
hsa04640: Hematopoietic cell lineage	697,371,809,405
hsa04662: B cell receptor signaling pathway	769,675,881,709
hsa05340: Primary immunodeficiency	40,45,276,70
