27301 (APEX2)	886,948,932,965
328 (APEX1)	886,948,932,965
2237 (FEN1)	932,948,978,965
10038 (PARP2)	932,965,978,982
10039 (PARP3)	932,965,978,982
142 (PARP1)	932,965,978,982
143 (PARP4)	932,965,978,982
3978 (LIG1)	840,965,886,982
3980 (LIG3)	931,777,977,794
3978 (LIG1)	510,921,556,938
54107 (POLE3)	932,982,978,999
5426 (POLE)	932,982,978,999
5427 (POLE2)	932,982,978,999
56655 (POLE4)	932,982,978,999
10714 (POLD3)	886,982,932,999
5424 (POLD1)	886,982,932,999
5425 (POLD2)	886,982,932,999
57804 (POLD4)	886,982,932,999
5423 (POLB)	840,948,886,965
5423 (POLB)	839,785,885,802
5423 (POLB)	658,601,704,618
5423 (POLB)	360,591,406,608
5111 (PCNA)	886,965,932,982
5111 (PCNA)	612,915,658,932
5111 (PCNA)	612,788,658,805
27301 (APEX2)	612,449,658,466
328 (APEX1)	612,424,658,441
4595 (MUTYH)	664,218,710,235
7374 (UNG)	613,218,659,235
4913 (NTHL1)	241,243,287,260
5423 (POLB)	239,618,285,635
3978 (LIG1)	137,852,183,869
7515 (XRCC1)	239,844,285,861
3980 (LIG3)	239,861,285,878
3146 (HMGB1)	388,618,434,635
3978 (LIG1)	612,932,658,949
5111 (PCNA)	612,601,658,618
27343 (POLL)	413,591,459,608
2237 (FEN1)	612,805,658,822
7515 (XRCC1)	885,785,931,802
252969 (NEIL2)	308,243,354,260
4968 (OGG1)	241,218,287,235
8930 (MBD4)	725,218,771,235
4350 (MPG)	664,243,710,260
23583 (SMUG1)	613,243,659,260
79661 (NEIL1)	308,218,354,235
55247 (NEIL3)	308,269,354,286
328 (APEX1)	241,424,287,441
10714 (POLD3)	612,618,658,635
5424 (POLD1)	612,618,658,635
5425 (POLD2)	612,618,658,635
57804 (POLD4)	612,618,658,635
27301 (APEX2)	241,449,287,466
54107 (POLE3)	658,618,704,635
5426 (POLE)	658,618,704,635
5427 (POLE2)	658,618,704,635
56655 (POLE4)	658,618,704,635
10038 (PARP2)	885,768,931,785
10039 (PARP3)	885,768,931,785
142 (PARP1)	885,768,931,785
143 (PARP4)	885,768,931,785
27301 (APEX2)	839,768,885,785
328 (APEX1)	839,768,885,785
7515 (XRCC1)	239,601,285,618
6996 (TDG)	725,243,771,260
hsa03410: Base excision repair	40,45,229,70
