C00575 (3',5'-Cyclic AMP)	519,364,4
C00001 (H2O)	105,531,4
C00001 (H2O)	637,514,4
C00001 (H2O)	637,548,4
C00001 (H2O)	655,748,4
551 (AVP)	641,299,687,316
554 (AVPR2)	557,298,603,315
2778 (GNAS)	507,324,553,341
109 (ADCY3)	559,356,605,373
112 (ADCY6)	559,356,605,373
115 (ADCY9)	559,356,605,373
5566 (PRKACA)	440,356,486,373
5567 (PRKACB)	440,356,486,373
5568 (PRKACG)	440,356,486,373
10488 (CREB3)	441,420,487,437
1385 (CREB1)	441,420,487,437
148327 (CREB3L4)	441,420,487,437
64764 (CREB3L2)	441,420,487,437
84699 (CREB3L3)	441,420,487,437
90993 (CREB3L1)	441,420,487,437
9586 (CREB5)	441,420,487,437
359 (AQP2)	347,356,393,373
359 (AQP2)	375,622,421,639
359 (AQP2)	270,435,316,452
359 (AQP2)	136,525,182,542
359 (AQP2)	221,619,267,636
361 (AQP4)	556,507,602,524
360 (AQP3)	557,538,603,555
359 (AQP2)	83,622,129,639
396 (ARHGDIA)	377,264,423,281
397 (ARHGDIB)	377,264,423,281
398 (ARHGDIG)	377,264,423,281
360 (AQP3)	442,709,488,726
8766 (RAB11A)	363,334,409,351
9230 (RAB11B)	363,334,409,351
5868 (RAB5A)	386,597,432,614
5869 (RAB5B)	386,597,432,614
5878 (RAB5C)	386,597,432,614
6810 (STX4)	136,436,182,453
6844 (VAMP2)	204,436,250,453
4905 (NSF)	177,453,223,470
10540 (DCTN2)	312,322,358,339
10671 (DCTN6)	312,322,358,339
1639 (DCTN1)	312,322,358,339
51164 (DCTN4)	312,322,358,339
84516 (DCTN5)	312,322,358,339
140735 (DYNLL2)	312,305,358,322
1778 (DYNC1H1)	312,305,358,322
1780 (DYNC1I1)	312,305,358,322
1781 (DYNC1I2)	312,305,358,322
1783 (DYNC1LI2)	312,305,358,322
51143 (DYNC1LI1)	312,305,358,322
51626 (DYNC2LI1)	312,305,358,322
79659 (DYNC2H1)	312,305,358,322
8655 (DYNLL1)	312,305,358,322
hsa04962: Vasopressin-regulated water reabsorption	40,45,433,70
hsa04530: Tight junction	194,104,309,129
hsa04144: Endocytosis	240,567,332,592
