2968 (GTF2H4)	645,879,691,896
2967 (GTF2H3)	645,862,691,879
2966 (GTF2H2)	645,845,691,862
728340 (GTF2H2C)	645,845,691,862
730394 (GTF2H2C_2)	645,845,691,862
2965 (GTF2H1)	645,828,691,845
2068 (ERCC2)	599,845,645,862
404672 (GTF2H5)	599,862,645,879
2071 (ERCC3)	599,828,645,845
902 (CCNH)	553,862,599,879
4331 (MNAT1)	553,845,599,862
1022 (CDK7)	553,828,599,845
1642 (DDB1)	961,299,1007,316
8450 (CUL4B)	961,282,1007,299
8451 (CUL4A)	961,282,1007,299
9978 (RBX1)	961,265,1007,282
4331 (MNAT1)	743,471,789,488
3978 (LIG1)	862,890,908,907
5981 (RFC1)	830,770,876,787
5982 (RFC2)	830,770,876,787
5983 (RFC3)	830,770,876,787
5984 (RFC4)	830,770,876,787
5985 (RFC5)	830,770,876,787
5111 (PCNA)	830,747,876,764
54107 (POLE3)	775,770,821,787
5426 (POLE)	775,770,821,787
5427 (POLE2)	775,770,821,787
56655 (POLE4)	775,770,821,787
2072 (ERCC4)	829,602,875,619
100533467 (BIVM-ERCC5)	960,454,1006,471
2073 (ERCC5)	960,454,1006,471
10714 (POLD3)	775,747,821,764
5424 (POLD1)	775,747,821,764
5425 (POLD2)	775,747,821,764
57804 (POLD4)	775,747,821,764
29935 (RPA4)	1017,471,1063,488
6117 (RPA1)	1017,471,1063,488
6118 (RPA2)	1017,471,1063,488
6119 (RPA3)	1017,471,1063,488
2968 (GTF2H4)	835,505,881,522
2067 (ERCC1)	829,619,875,636
7507 (XPA)	1017,454,1063,471
2967 (GTF2H3)	835,488,881,505
2966 (GTF2H2)	835,471,881,488
728340 (GTF2H2C)	835,471,881,488
730394 (GTF2H2C_2)	835,471,881,488
404672 (GTF2H5)	789,488,835,505
1643 (DDB2)	721,313,767,330
1642 (DDB1)	721,296,767,313
8450 (CUL4B)	721,279,767,296
8451 (CUL4A)	721,279,767,296
9978 (RBX1)	721,262,767,279
2071 (ERCC3)	789,454,835,471
1069 (CETN2)	813,295,859,312
2965 (GTF2H1)	835,454,881,471
5886 (RAD23A)	813,278,859,295
5887 (RAD23B)	813,278,859,295
1161 (ERCC8)	961,316,1007,333
2068 (ERCC2)	789,471,835,488
2074 (ERCC6)	1013,265,1059,282
7508 (XPC)	813,261,859,278
902 (CCNH)	743,488,789,505
1022 (CDK7)	743,454,789,471
hsa03020: RNA polymerase	1074,225,1176,250
hsa03020: RNA polymerase	468,215,570,240
hsa04120: Ubiquitin mediated proteolysis	830,335,960,369
hsa03420: Nucleotide excision repair	40,45,282,70
