C00031 (D-Glucose)	452,385,4
C00162 (Fatty acid)	353,819,4
3630 (INS)	426,247,472,264
3667 (IRS1)	996,247,1042,264
8660 (IRS2)	996,247,1042,264
10000 (AKT3)	1198,247,1244,264
207 (AKT1)	1198,247,1244,264
208 (AKT2)	1198,247,1244,264
6720 (SREBF1)	938,317,984,334
22877 (MLXIP)	697,377,743,394
51085 (MLXIPL)	697,377,743,394
6945 (MLX)	697,377,743,394
5313 (PKLR)	873,377,919,394
7124 (TNF)	426,211,472,228
4790 (NFKB1)	697,211,743,228
5970 (RELA)	697,211,743,228
3569 (IL6)	426,147,472,164
9021 (SOCS3)	785,147,831,164
5290 (PIK3CA)	1079,247,1125,264
5291 (PIK3CB)	1079,247,1125,264
5293 (PIK3CD)	1079,247,1125,264
5295 (PIK3R1)	1079,247,1125,264
5296 (PIK3R2)	1079,247,1125,264
8503 (PIK3R3)	1079,247,1125,264
2931 (GSK3A)	1282,247,1328,264
2932 (GSK3B)	1282,247,1328,264
5465 (PPARA)	614,539,660,556
9370 (ADIPOQ)	426,491,472,508
51422 (PRKAG2)	614,491,660,508
53632 (PRKAG3)	614,491,660,508
5562 (PRKAA1)	614,491,660,508
5563 (PRKAA2)	614,491,660,508
5564 (PRKAB1)	614,491,660,508
5565 (PRKAB2)	614,491,660,508
5571 (PRKAG1)	614,491,660,508
3952 (LEP)	426,419,472,436
51094 (ADIPOR1)	521,491,567,508
79602 (ADIPOR2)	521,491,567,508
841 (CASP8)	697,1025,743,1042
637 (BID)	771,1025,817,1042
54205 (CYCS)	1186,1025,1232,1042
836 (CASP3)	1282,1013,1328,1030
840 (CASP7)	1282,1038,1328,1055
581 (BAX)	850,1011,896,1028
355 (FAS)	522,1026,568,1043
9451 (EIF2AK3)	771,869,817,886
1965 (EIF2S1)	850,869,896,886
10018 (BCL2L11)	850,966,896,983
468 (ATF4)	930,869,976,886
1649 (DDIT3)	850,918,896,935
1571 (CYP2E1)	771,842,817,859
7040 (TGFB1)	1282,874,1328,891
7124 (TNF)	1282,831,1328,848
3576 (CXCL8)	1282,853,1328,870
356 (FASLG)	1282,809,1328,826
2081 (ERN1)	771,744,817,761
7186 (TRAF2)	850,744,896,761
5599 (MAPK8)	996,717,1042,734
3725 (JUN)	1125,705,1171,722
5599 (MAPK8)	1125,729,1171,746
5601 (MAPK9)	1125,729,1171,746
5602 (MAPK10)	1125,729,1171,746
3551 (IKBKB)	996,767,1042,784
4790 (NFKB1)	1125,767,1171,784
5970 (RELA)	1125,767,1171,784
3552 (IL1A)	1282,723,1328,740
3553 (IL1B)	1282,723,1328,740
3569 (IL6)	1282,743,1328,760
7124 (TNF)	1282,767,1328,784
4217 (MAP3K5)	896,717,942,734
998 (CDC42)	614,625,660,642
5879 (RAC1)	614,648,660,665
4296 (MAP3K11)	697,636,743,653
7124 (TNF)	426,683,472,700
5599 (MAPK8)	614,683,660,700
5601 (MAPK9)	614,683,660,700
5602 (MAPK10)	614,683,660,700
83737 (ITCH)	614,774,660,791
356 (FASLG)	426,1026,472,1043
125965 (COX6B2)	1061,1061,1107,1078
1327 (COX4I1)	1061,1061,1107,1078
1329 (COX5B)	1061,1061,1107,1078
1337 (COX6A1)	1061,1061,1107,1078
1339 (COX6A2)	1061,1061,1107,1078
1340 (COX6B1)	1061,1061,1107,1078
1345 (COX6C)	1061,1061,1107,1078
1346 (COX7A1)	1061,1061,1107,1078
1347 (COX7A2)	1061,1061,1107,1078
1349 (COX7B)	1061,1061,1107,1078
1350 (COX7C)	1061,1061,1107,1078
1351 (COX8A)	1061,1061,1107,1078
170712 (COX7B2)	1061,1061,1107,1078
341947 (COX8C)	1061,1061,1107,1078
4512 (COX1)	1061,1061,1107,1078
4513 (COX2)	1061,1061,1107,1078
4514 (COX3)	1061,1061,1107,1078
84701 (COX4I2)	1061,1061,1107,1078
9167 (COX7A2L)	1061,1061,1107,1078
9377 (COX5A)	1061,1061,1107,1078
100532726 (NDUFC2-KCTD14)	917,1061,963,1078
126328 (NDUFA11)	917,1061,963,1078
374291 (NDUFS7)	917,1061,963,1078
4694 (NDUFA1)	917,1061,963,1078
4695 (NDUFA2)	917,1061,963,1078
4696 (NDUFA3)	917,1061,963,1078
4697 (NDUFA4)	917,1061,963,1078
4698 (NDUFA5)	917,1061,963,1078
4700 (NDUFA6)	917,1061,963,1078
4701 (NDUFA7)	917,1061,963,1078
4702 (NDUFA8)	917,1061,963,1078
4704 (NDUFA9)	917,1061,963,1078
4705 (NDUFA10)	917,1061,963,1078
4706 (NDUFAB1)	917,1061,963,1078
4707 (NDUFB1)	917,1061,963,1078
4708 (NDUFB2)	917,1061,963,1078
4709 (NDUFB3)	917,1061,963,1078
4710 (NDUFB4)	917,1061,963,1078
4711 (NDUFB5)	917,1061,963,1078
4712 (NDUFB6)	917,1061,963,1078
4713 (NDUFB7)	917,1061,963,1078
4714 (NDUFB8)	917,1061,963,1078
4715 (NDUFB9)	917,1061,963,1078
4716 (NDUFB10)	917,1061,963,1078
4717 (NDUFC1)	917,1061,963,1078
4718 (NDUFC2)	917,1061,963,1078
4719 (NDUFS1)	917,1061,963,1078
4720 (NDUFS2)	917,1061,963,1078
4722 (NDUFS3)	917,1061,963,1078
4723 (NDUFV1)	917,1061,963,1078
4724 (NDUFS4)	917,1061,963,1078
4725 (NDUFS5)	917,1061,963,1078
4726 (NDUFS6)	917,1061,963,1078
4728 (NDUFS8)	917,1061,963,1078
4729 (NDUFV2)	917,1061,963,1078
4731 (NDUFV3)	917,1061,963,1078
51079 (NDUFA13)	917,1061,963,1078
54539 (NDUFB11)	917,1061,963,1078
55967 (NDUFA12)	917,1061,963,1078
56901 (NDUFA4L2)	917,1061,963,1078
6389 (SDHA)	965,1061,1011,1078
6390 (SDHB)	965,1061,1011,1078
6391 (SDHC)	965,1061,1011,1078
6392 (SDHD)	965,1061,1011,1078
10975 (UQCR11)	1013,1061,1059,1078
1537 (CYC1)	1013,1061,1059,1078
27089 (UQCRQ)	1013,1061,1059,1078
29796 (UQCR10)	1013,1061,1059,1078
440567 (UQCRHL)	1013,1061,1059,1078
4519 (CYTB)	1013,1061,1059,1078
7381 (UQCRB)	1013,1061,1059,1078
7384 (UQCRC1)	1013,1061,1059,1078
7385 (UQCRC2)	1013,1061,1059,1078
7386 (UQCRFS1)	1013,1061,1059,1078
7388 (UQCRH)	1013,1061,1059,1078
7494 (XBP1)	771,571,817,588
3953 (LEPR)	521,419,567,436
10062 (NR1H3)	697,317,743,334
6256 (RXRA)	785,317,831,334
3630 (INS)	426,317,472,334
3643 (INSR)	521,317,567,334
6256 (RXRA)	697,539,743,556
3643 (INSR)	521,247,567,264
1050 (CEBPA)	1124,597,1170,614
3570 (IL6R)	521,147,567,164
7132 (TNFRSF1A)	521,211,567,228
hsa04932: Non-alcoholic fatty liver disease (NAFLD)	50,55,413,80
hsa00061: Fatty acid biosynthesis	1573,318,1665,352
mao04910: Insulin signaling pathway	346,266,479,291
hsa04930: Type II diabetes mellitus	1055,151,1147,185
hsa04151: PI3K-Akt signaling pathway	1054,198,1151,232
hsa04920: Adipocytokine signaling pathway	422,442,523,476
hsa03320: PPAR signaling pathway	398,559,527,584
hsa04141: Protein processing in endoplasmic reticulum	803,784,930,818
hsa00190: Oxidative phosphorylation	1178,1089,1270,1123
hsa04210: Apoptosis	1419,1050,1511,1075
hsa04668: TNF signaling pathway	316,211,408,245
