C05981 (Phosphatidylinositol-3,4,5-trisphosphate)	526,359,4
C05981 (Phosphatidylinositol-3,4,5-trisphosphate)	591,1005,4
C06793 (Vinyl chloride)	248,181,4
C06800 (Aflatoxin B1)	160,180,4
C01471 (Acrolein)	551,863,4
C21642 (4-Hydroxynonenal)	591,862,4
C00533 (Nitric oxide)	636,862,4
C00704 (O2.-)	551,826,4
C21641 (Hydroperoxyl radical)	591,826,4
C00027 (Hydrogen peroxide)	627,826,4
C16844 (Hydroxyl radical)	664,826,4
C00039 (DNA)	1179,340,4
C01245 (D-myo-Inositol 1,4,5-trisphosphate)	557,209,4
C00076 (Calcium cation)	616,210,4
C00165 (Diacylglycerol)	556,247,4
1956 (EGFR)	302,272,348,289
3265 (HRAS)	611,272,657,289
3845 (KRAS)	611,272,657,289
4893 (NRAS)	611,272,657,289
369 (ARAF)	686,272,732,289
5894 (RAF1)	686,272,732,289
673 (BRAF)	686,272,732,289
5604 (MAP2K1)	761,272,807,289
5605 (MAP2K2)	761,272,807,289
5594 (MAPK1)	837,272,883,288
5595 (MAPK3)	837,272,883,288
25759 (SHC2)	385,272,431,289
399694 (SHC4)	385,272,431,289
53358 (SHC3)	385,272,431,289
6464 (SHC1)	385,272,431,289
2885 (GRB2)	461,272,507,289
6654 (SOS1)	536,272,582,289
6655 (SOS2)	536,272,582,289
2475 (MTOR)	706,335,752,352
6198 (RPS6KB1)	803,335,849,352
6199 (RPS6KB2)	803,335,849,352
3481 (IGF2)	193,329,239,346
3480 (IGF1R)	302,329,348,346
3265 (HRAS)	585,940,631,957
3845 (KRAS)	585,940,631,957
4893 (NRAS)	585,940,631,957
369 (ARAF)	671,940,717,957
5894 (RAF1)	671,940,717,957
673 (BRAF)	671,940,717,957
5604 (MAP2K1)	758,940,804,957
5605 (MAP2K2)	758,940,804,957
5594 (MAPK1)	845,940,891,956
5595 (MAPK3)	845,940,891,956
2885 (GRB2)	415,940,461,957
6654 (SOS1)	500,940,546,957
6655 (SOS2)	500,940,546,957
2475 (MTOR)	733,979,779,996
6198 (RPS6KB1)	828,979,874,996
6199 (RPS6KB2)	828,979,874,996
5290 (PIK3CA)	422,351,468,368
5291 (PIK3CB)	422,351,468,368
5293 (PIK3CD)	422,351,468,368
5295 (PIK3R1)	422,351,468,368
5296 (PIK3R2)	422,351,468,368
8503 (PIK3R3)	422,351,468,368
10000 (AKT3)	585,351,631,368
207 (AKT1)	585,351,631,368
208 (AKT2)	585,351,631,368
5728 (PTEN)	454,447,500,464
5290 (PIK3CA)	500,996,546,1013
5291 (PIK3CB)	500,996,546,1013
5293 (PIK3CD)	500,996,546,1013
5295 (PIK3R1)	500,996,546,1013
5296 (PIK3R2)	500,996,546,1013
8503 (PIK3R3)	500,996,546,1013
10000 (AKT3)	637,996,683,1013
207 (AKT1)	637,996,683,1013
208 (AKT2)	637,996,683,1013
595 (CCND1)	1062,752,1108,769
4609 (MYC)	1062,729,1108,746
51176 (LEF1)	946,740,992,757
6932 (TCF7)	946,740,992,757
6934 (TCF7L2)	946,740,992,757
83439 (TCF7L1)	946,740,992,757
122011 (CSNK1A1L)	670,758,716,775
1452 (CSNK1A1)	670,758,716,775
8312 (AXIN1)	564,758,610,775
8313 (AXIN2)	564,758,610,775
10297 (APC2)	610,758,656,775
324 (APC)	610,758,656,775
1499 (CTNNB1)	640,741,686,758
2932 (GSK3B)	533,741,579,758
10023 (FRAT1)	471,728,517,745
23401 (FRAT2)	471,728,517,745
1855 (DVL1)	425,741,471,758
1856 (DVL2)	425,741,471,758
1857 (DVL3)	425,741,471,758
4040 (LRP6)	302,758,348,775
4041 (LRP5)	302,758,348,775
11211 (FZD10)	302,741,348,758
2535 (FZD2)	302,741,348,758
7855 (FZD5)	302,741,348,758
7976 (FZD3)	302,741,348,758
8321 (FZD1)	302,741,348,758
8322 (FZD4)	302,741,348,758
8323 (FZD6)	302,741,348,758
8324 (FZD7)	302,741,348,758
8325 (FZD8)	302,741,348,758
8326 (FZD9)	302,741,348,758
51384 (WNT16)	193,749,239,766
54361 (WNT4)	193,749,239,766
7471 (WNT1)	193,749,239,766
7472 (WNT2)	193,749,239,766
7473 (WNT3)	193,749,239,766
7474 (WNT5A)	193,749,239,766
7475 (WNT6)	193,749,239,766
7476 (WNT7A)	193,749,239,766
7477 (WNT7B)	193,749,239,766
7478 (WNT8A)	193,749,239,766
7479 (WNT8B)	193,749,239,766
7480 (WNT10B)	193,749,239,766
7481 (WNT11)	193,749,239,766
7482 (WNT2B)	193,749,239,766
7483 (WNT9A)	193,749,239,766
7484 (WNT9B)	193,749,239,766
80326 (WNT10A)	193,749,239,766
81029 (WNT5B)	193,749,239,766
89780 (WNT3A)	193,749,239,766
5925 (RB1)	1155,251,1201,268
1869 (E2F1)	1155,289,1201,306
1870 (E2F2)	1155,289,1201,306
1871 (E2F3)	1155,289,1201,306
4609 (MYC)	1075,220,1121,237
7157 (TP53)	1005,472,1051,489
1026 (CDKN1A)	1135,452,1181,469
10912 (GADD45G)	1187,452,1233,469
1647 (GADD45A)	1187,452,1233,469
4616 (GADD45B)	1187,452,1233,469
581 (BAX)	1135,474,1181,491
578 (BAK1)	1187,474,1233,491
1643 (DDB2)	1135,496,1181,513
51426 (POLK)	1187,496,1233,513
7039 (TGFA)	193,272,239,289
5335 (PLCG1)	461,225,507,242
5336 (PLCG2)	461,225,507,242
5578 (PRKCA)	686,226,732,243
5579 (PRKCB)	686,226,732,243
5582 (PRKCG)	686,226,732,243
2002 (ELK1)	837,226,883,243
7040 (TGFB1)	193,644,239,661
7042 (TGFB2)	193,644,239,661
7043 (TGFB3)	193,644,239,661
4087 (SMAD2)	453,645,499,662
4088 (SMAD3)	453,645,499,662
7046 (TGFBR1)	302,636,348,653
4089 (SMAD4)	453,677,499,694
7048 (TGFBR2)	302,653,348,670
3082 (HGF)	193,969,239,986
4233 (MET)	302,969,348,986
57492 (ARID1B)	1122,931,1168,948
8289 (ARID1A)	1122,931,1168,948
6598 (SMARCB1)	1210,914,1256,931
6599 (SMARCC1)	1186,931,1232,948
6601 (SMARCC2)	1186,931,1232,948
6599 (SMARCC1)	1232,931,1278,948
6601 (SMARCC2)	1232,931,1278,948
6595 (SMARCA2)	1211,948,1257,965
6597 (SMARCA4)	1211,948,1257,965
196528 (ARID2)	1296,931,1342,948
4780 (NFE2L2)	811,836,857,853
4780 (NFE2L2)	983,836,1029,853
7015 (TERT)	1075,338,1121,355
9817 (KEAP1)	730,836,776,853
3162 (HMOX1)	1100,826,1146,843
1728 (NQO1)	1152,826,1198,843
119391 (GSTO2)	1100,848,1146,865
221357 (GSTA5)	1100,848,1146,865
2938 (GSTA1)	1100,848,1146,865
2939 (GSTA2)	1100,848,1146,865
2940 (GSTA3)	1100,848,1146,865
2941 (GSTA4)	1100,848,1146,865
2944 (GSTM1)	1100,848,1146,865
2946 (GSTM2)	1100,848,1146,865
2947 (GSTM3)	1100,848,1146,865
2948 (GSTM4)	1100,848,1146,865
2949 (GSTM5)	1100,848,1146,865
2950 (GSTP1)	1100,848,1146,865
2952 (GSTT1)	1100,848,1146,865
2953 (GSTT2)	1100,848,1146,865
4257 (MGST1)	1100,848,1146,865
4258 (MGST2)	1100,848,1146,865
4259 (MGST3)	1100,848,1146,865
653689 (GSTT2B)	1100,848,1146,865
9446 (GSTO1)	1100,848,1146,865
10587 (TXNRD2)	1152,848,1198,865
114112 (TXNRD3)	1152,848,1198,865
7296 (TXNRD1)	1152,848,1198,865
7012 (TERC)	1075,355,1121,372
572 (BAD)	706,374,752,391
598 (BCL2L1)	802,374,848,391
1029 (CDKN2A)	1014,530,1060,547
1019 (CDK4)	1077,551,1123,568
1021 (CDK6)	1077,551,1123,568
5925 (RB1)	1161,561,1207,578
1869 (E2F1)	1161,599,1207,616
1870 (E2F2)	1161,599,1207,616
1871 (E2F3)	1161,599,1207,616
595 (CCND1)	1077,568,1123,585
572 (BAD)	828,1018,874,1035
2549 (GAB1)	415,996,461,1013
60 (ACTB)	1076,914,1122,931
71 (ACTG1)	1076,914,1122,931
55274 (PHF10)	1122,914,1168,931
8110 (DPF3)	1122,914,1168,931
8193 (DPF1)	1122,914,1168,931
51412 (ACTL6B)	1076,931,1122,948
86 (ACTL6A)	1076,931,1122,948
6602 (SMARCD1)	1076,948,1122,965
6603 (SMARCD2)	1076,948,1122,965
6604 (SMARCD3)	1076,948,1122,965
6605 (SMARCE1)	1122,948,1168,965
55193 (PBRM1)	1342,924,1388,941
6605 (SMARCE1)	1296,948,1342,965
29117 (BRD7)	1342,941,1388,958
60 (ACTB)	1388,914,1434,931
71 (ACTG1)	1388,914,1434,931
51412 (ACTL6B)	1388,931,1434,948
86 (ACTL6A)	1388,931,1434,948
6602 (SMARCD1)	1388,948,1434,965
6603 (SMARCD2)	1388,948,1434,965
6604 (SMARCD3)	1388,948,1434,965
55274 (PHF10)	1296,914,1342,931
8110 (DPF3)	1296,914,1342,931
8193 (DPF1)	1296,914,1342,931
hsa05225: Hepatocellular carcinoma	40,45,304,70
hsa04151: PI3K-Akt signaling pathway	484,305,600,339
hsa04310: Wnt signaling pathway	775,705,891,739
hsa04115: p53 signaling pathway	775,461,891,495
hsa04110: Cell cycle	1228,257,1331,282
hsa05161: Hepatitis B	382,104,474,129
hsa05160: Hepatitis C	382,134,474,159
hsa04020: Calcium signaling pathway	526,166,654,200
hsa04932: Non-alcoholic fatty liver disease (NAFLD)	526,113,654,147
hsa04350: TGF-beta signaling pathway	775,610,891,644
hsa04010: MAPK signaling pathway	775,888,891,922
