C00533 (Nitric oxide)	978,517,4
C00338 (Lipopolysaccharide)	558,538,4
3108 (HLA-DMA)	418,184,464,201
3109 (HLA-DMB)	418,184,464,201
3111 (HLA-DOA)	418,184,464,201
3112 (HLA-DOB)	418,184,464,201
3113 (HLA-DPA1)	418,184,464,201
3115 (HLA-DPB1)	418,184,464,201
3117 (HLA-DQA1)	418,184,464,201
3118 (HLA-DQA2)	418,184,464,201
3119 (HLA-DQB1)	418,184,464,201
3122 (HLA-DRA)	418,184,464,201
3123 (HLA-DRB1)	418,184,464,201
3125 (HLA-DRB3)	418,184,464,201
3126 (HLA-DRB4)	418,184,464,201
3127 (HLA-DRB5)	418,184,464,201
355 (FAS)	1000,114,1046,131
356 (FASLG)	923,114,969,131
3105 (HLA-A)	1000,86,1046,103
3106 (HLA-B)	1000,86,1046,103
3107 (HLA-C)	1000,86,1046,103
3133 (HLA-E)	1000,86,1046,103
3134 (HLA-F)	1000,86,1046,103
3135 (HLA-G)	1000,86,1046,103
3002 (GZMB)	960,181,1006,198
5551 (PRF1)	960,156,1006,173
940 (CD28)	498,207,544,224
3458 (IFNG)	771,256,817,273
7124 (TNF)	956,462,1002,479
941 (CD80)	417,207,463,224
942 (CD86)	417,207,463,224
355 (FAS)	1000,278,1046,295
356 (FASLG)	923,278,969,295
3002 (GZMB)	960,343,1006,360
5551 (PRF1)	960,316,1006,333
3558 (IL2)	770,135,816,152
3458 (IFNG)	735,389,781,406
3569 (IL6)	326,304,372,321
3552 (IL1A)	326,325,372,342
3553 (IL1B)	326,325,372,342
3552 (IL1A)	956,485,1002,502
3553 (IL1B)	956,485,1002,502
7124 (TNF)	326,348,372,365
3105 (HLA-A)	1000,249,1046,266
3106 (HLA-B)	1000,249,1046,266
3107 (HLA-C)	1000,249,1046,266
3133 (HLA-E)	1000,249,1046,266
3134 (HLA-F)	1000,249,1046,266
3135 (HLA-G)	1000,249,1046,266
3802 (KIR2DL1)	923,249,969,266
3803 (KIR2DL2)	923,249,969,266
3804 (KIR2DL3)	923,249,969,266
3811 (KIR3DL1)	923,249,969,266
3812 (KIR3DL2)	923,249,969,266
3821 (KLRC1)	923,249,969,266
3824 (KLRD1)	923,249,969,266
57292 (KIR2DL5A)	923,249,969,266
hsa04060: Cytokine-cytokine receptor interaction	515,417,628,451
hsa04660: T cell receptor signaling pathway	512,106,625,140
hsa04612: Antigen processing and presentation	337,106,449,140
hsa04514: Cell adhesion molecules (CAMs)	420,288,533,322
hsa05332: Graft-versus-host disease	40,45,273,70
hsa04210: Apoptosis	1020,187,1132,212
hsa04650: Natural killer cell mediated cytotoxicity	836,350,948,384
hsa04620: Toll-like receptor signaling pathway	712,541,825,575
