C01245 (D-myo-Inositol 1,4,5-trisphosphate)	401,207,4
C00076 (Calcium cation)	679,207,4
C01330 (Sodium cation)	587,89,4
C00080 (H+)	551,165,4
C00165 (Diacylglycerol)	401,228,4
C01330 (Sodium cation)	642,165,4
C00575 (3',5'-Cyclic AMP)	204,363,4
C00575 (3',5'-Cyclic AMP)	759,481,4
C00533 (Nitric oxide)	960,207,4
C00290 (Fibrin)	660,804,4
C00533 (Nitric oxide)	821,633,4
C06124 (Sphingosine 1-phosphate)	821,665,4
187 (APLNR)	109,547,155,564
51422 (PRKAG2)	305,601,351,618
53632 (PRKAG3)	305,601,351,618
5562 (PRKAA1)	305,601,351,618
5563 (PRKAA2)	305,601,351,618
5564 (PRKAB1)	305,601,351,618
5565 (PRKAB2)	305,601,351,618
5571 (PRKAG1)	305,601,351,618
56848 (SPHK2)	655,657,701,674
8877 (SPHK1)	655,657,701,674
5054 (SERPINE1)	305,795,351,812
10681 (GNB5)	179,409,225,426
2770 (GNAI1)	179,409,225,426
2771 (GNAI2)	179,409,225,426
2773 (GNAI3)	179,409,225,426
2782 (GNB1)	179,409,225,426
2783 (GNB2)	179,409,225,426
2784 (GNB3)	179,409,225,426
2785 (GNG3)	179,409,225,426
2786 (GNG4)	179,409,225,426
2787 (GNG5)	179,409,225,426
2788 (GNG7)	179,409,225,426
2790 (GNG10)	179,409,225,426
2791 (GNG11)	179,409,225,426
2792 (GNGT1)	179,409,225,426
2793 (GNGT2)	179,409,225,426
51764 (GNG13)	179,409,225,426
54331 (GNG2)	179,409,225,426
55970 (GNG12)	179,409,225,426
59345 (GNB4)	179,409,225,426
94235 (GNG8)	179,409,225,426
146850 (PIK3R6)	305,409,351,426
23533 (PIK3R5)	305,409,351,426
5294 (PIK3CG)	305,409,351,426
10000 (AKT3)	482,409,528,426
207 (AKT1)	482,409,528,426
208 (AKT2)	482,409,528,426
5604 (MAP2K1)	482,298,528,315
5605 (MAP2K2)	482,298,528,315
5594 (MAPK1)	655,298,701,315
5595 (MAPK3)	655,298,701,315
6198 (RPS6KB1)	816,442,862,459
6199 (RPS6KB2)	816,442,862,459
23236 (PLCB1)	305,199,351,216
5330 (PLCB2)	305,199,351,216
5331 (PLCB3)	305,199,351,216
5332 (PLCB4)	305,199,351,216
3708 (ITPR1)	453,188,499,205
3709 (ITPR2)	453,188,499,205
3710 (ITPR3)	453,188,499,205
6261 (RYR1)	453,209,499,226
6262 (RYR2)	453,209,499,226
6263 (RYR3)	453,209,499,226
2475 (MTOR)	655,336,701,353
22800 (RRAS2)	305,298,351,315
22808 (MRAS)	305,298,351,315
3265 (HRAS)	305,298,351,315
3845 (KRAS)	305,298,351,315
4893 (NRAS)	305,298,351,315
6237 (RRAS)	305,298,351,315
5894 (RAF1)	393,298,439,315
10365 (KLF2)	482,625,528,642
7046 (TGFBR1)	109,735,155,752
1490 (CCN2)	655,767,701,784
10891 (PPARGC1A)	482,582,528,599
7019 (TFAM)	704,595,750,612
4899 (NRF1)	655,595,701,612
340156 (MYLK4)	655,251,701,268
4638 (MYLK)	655,251,701,268
85366 (MYLK2)	655,251,701,268
91807 (MYLK3)	655,251,701,268
4633 (MYL2)	761,251,807,268
4634 (MYL3)	761,251,807,268
4635 (MYL4)	761,251,807,268
5581 (PRKCE)	305,249,351,266
6543 (SLC8A2)	637,120,683,137
6546 (SLC8A1)	637,120,683,137
6547 (SLC8A3)	637,120,683,137
595 (CCND1)	933,410,979,427
107 (ADCY1)	109,354,155,371
108 (ADCY2)	109,354,155,371
109 (ADCY3)	109,354,155,371
111 (ADCY5)	109,354,155,371
112 (ADCY6)	109,354,155,371
113 (ADCY7)	109,354,155,371
114 (ADCY8)	109,354,155,371
115 (ADCY9)	109,354,155,371
196883 (ADCY4)	109,354,155,371
55811 (ADCY10)	109,354,155,371
5566 (PRKACA)	181,313,227,330
5567 (PRKACB)	181,313,227,330
5568 (PRKACG)	181,313,227,330
7350 (UCP1)	655,569,701,586
5140 (PDE3B)	655,472,701,489
3991 (LIPE)	181,266,227,283
4842 (NOS1)	864,198,910,215
4843 (NOS2)	864,198,910,215
4846 (NOS3)	864,198,910,215
5594 (MAPK1)	655,409,701,426
5595 (MAPK3)	655,409,701,426
100271849 (MEF2B)	655,688,701,705
4205 (MEF2A)	655,688,701,705
4207 (BORCS8-MEF2B)	655,688,701,705
4208 (MEF2C)	655,688,701,705
4209 (MEF2D)	655,688,701,705
10014 (HDAC5)	482,688,528,705
9759 (HDAC4)	482,688,528,705
10365 (KLF2)	816,689,862,706
10672 (GNA13)	179,688,225,705
10681 (GNB5)	179,688,225,705
2782 (GNB1)	179,688,225,705
2783 (GNB2)	179,688,225,705
2784 (GNB3)	179,688,225,705
2785 (GNG3)	179,688,225,705
2786 (GNG4)	179,688,225,705
2787 (GNG5)	179,688,225,705
2788 (GNG7)	179,688,225,705
2790 (GNG10)	179,688,225,705
2791 (GNG11)	179,688,225,705
2792 (GNGT1)	179,688,225,705
2793 (GNGT2)	179,688,225,705
51764 (GNG13)	179,688,225,705
54331 (GNG2)	179,688,225,705
55970 (GNG12)	179,688,225,705
59345 (GNB4)	179,688,225,705
94235 (GNG8)	179,688,225,705
6198 (RPS6KB1)	816,317,862,334
6199 (RPS6KB2)	816,317,862,334
30849 (PIK3R4)	305,510,351,527
5289 (PIK3C3)	305,510,351,527
11337 (GABARAP)	655,510,701,527
11345 (GABARAPL2)	655,510,701,527
23710 (GABARAPL1)	655,510,701,527
441925 (BECN2)	482,510,528,527
8678 (BECN1)	482,510,528,527
1958 (EGR1)	816,377,862,394
6696 (SPP1)	933,377,979,394
4854 (NOTCH3)	816,418,862,435
182 (JAG1)	816,401,862,418
5327 (PLAT)	482,795,528,812
4089 (SMAD4)	482,726,528,743
4087 (SMAD2)	305,735,351,752
4088 (SMAD3)	305,735,351,752
59 (ACTA2)	655,719,701,736
999 (CDH1)	655,740,701,757
6194 (RPS6)	933,317,979,334
4842 (NOS1)	655,624,701,641
4843 (NOS2)	655,624,701,641
4846 (NOS3)	655,624,701,641
5346 (PLIN1)	482,541,528,558
5566 (PRKACA)	816,472,862,489
5567 (PRKACB)	816,472,862,489
5568 (PRKACG)	816,472,862,489
3991 (LIPE)	933,472,979,489
6548 (SLC9A1)	546,120,592,137
10681 (GNB5)	179,547,225,564
2776 (GNAQ)	179,547,225,564
2782 (GNB1)	179,547,225,564
2783 (GNB2)	179,547,225,564
2784 (GNB3)	179,547,225,564
2785 (GNG3)	179,547,225,564
2786 (GNG4)	179,547,225,564
2787 (GNG5)	179,547,225,564
2788 (GNG7)	179,547,225,564
2790 (GNG10)	179,547,225,564
2791 (GNG11)	179,547,225,564
2792 (GNGT1)	179,547,225,564
2793 (GNGT2)	179,547,225,564
51764 (GNG13)	179,547,225,564
54331 (GNG2)	179,547,225,564
55970 (GNG12)	179,547,225,564
59345 (GNB4)	179,547,225,564
94235 (GNG8)	179,547,225,564
814 (CAMK4)	305,688,351,705
163688 (CALML6)	761,199,807,216
51806 (CALML5)	761,199,807,216
801 (CALM1)	761,199,807,216
805 (CALM2)	761,199,807,216
808 (CALM3)	761,199,807,216
810 (CALML3)	761,199,807,216
91860 (CALML4)	761,199,807,216
8862 (APLN)	35,547,81,564
185 (AGTR1)	108,786,154,803
hsa04530: Tight junction	40,45,260,70
hsa04140: Autophagy - animal	802,507,877,527
hsa04020: Calcium signaling pathway	689,162,830,182
hsa04150: mTOR signaling pathway	495,330,593,360
hsa04151: PI3K-Akt signaling pathway	317,436,415,466
hsa04152: AMPK signaling pathway	310,628,408,657
hsa04010: MAPK signaling pathway	317,330,415,360
hsa04270: Vascular smooth muscle contraction	893,219,999,249
hsa04923: Regulation of lipolysis in adipocytes	1129,503,1251,533
