C00076 (Calcium cation)	137,370,4
C00416 (Phosphatidate)	629,381,4
C00219 (Arachidonate)	628,351,4
C00165 (Diacylglycerol)	398,323,4
C01245 (D-myo-Inositol 1,4,5-trisphosphate)	429,246,4
C00076 (Calcium cation)	541,180,4
C00575 (3',5'-Cyclic AMP)	615,116,4
5578 (PRKCA)	421,361,467,378
5579 (PRKCB)	421,361,467,378
5580 (PRKCD)	421,361,467,378
107 (ADCY1)	466,108,512,125
108 (ADCY2)	466,108,512,125
109 (ADCY3)	466,108,512,125
111 (ADCY5)	466,108,512,125
112 (ADCY6)	466,108,512,125
113 (ADCY7)	466,108,512,125
114 (ADCY8)	466,108,512,125
115 (ADCY9)	466,108,512,125
196883 (ADCY4)	466,108,512,125
1081 (CGA)	1017,301,1063,318
3972 (LHB)	963,301,1009,318
23236 (PLCB1)	329,274,375,291
5330 (PLCB2)	329,274,375,291
5331 (PLCB3)	329,274,375,291
5332 (PLCB4)	329,274,375,291
998 (CDC42)	620,414,666,431
468 (ATF4)	847,108,893,125
815 (CAMK2A)	695,171,741,188
816 (CAMK2B)	695,171,741,188
817 (CAMK2D)	695,171,741,188
818 (CAMK2G)	695,171,741,188
5606 (MAP2K3)	622,253,668,270
5608 (MAP2K6)	622,253,668,270
1432 (MAPK14)	699,253,745,270
5600 (MAPK11)	699,253,745,270
5603 (MAPK13)	699,253,745,270
6300 (MAPK12)	699,253,745,270
10746 (MAP3K2)	547,253,593,270
4214 (MAP3K1)	547,253,593,270
4215 (MAP3K3)	547,253,593,270
4216 (MAP3K4)	547,253,593,270
5598 (MAPK7)	547,297,593,314
100137049 (PLA2G4B)	547,341,593,358
123745 (PLA2G4E)	547,341,593,358
255189 (PLA2G4F)	547,341,593,358
283748 (PLA2G4D)	547,341,593,358
5321 (PLA2G4A)	547,341,593,358
8605 (PLA2G4C)	547,341,593,358
8681 (JMJD7-PLA2G4B)	547,341,593,358
3708 (ITPR1)	436,171,482,188
3709 (ITPR2)	436,171,482,188
3710 (ITPR3)	436,171,482,188
163688 (CALML6)	600,171,646,188
51806 (CALML5)	600,171,646,188
801 (CALM1)	600,171,646,188
805 (CALM2)	600,171,646,188
808 (CALM3)	600,171,646,188
810 (CALML3)	600,171,646,188
91860 (CALML4)	600,171,646,188
2767 (GNA11)	256,255,302,272
2776 (GNAQ)	256,255,302,272
4323 (MMP14)	168,416,214,433
2798 (GNRHR)	168,188,214,205
5337 (PLD1)	547,371,593,388
5338 (PLD2)	547,371,593,388
2778 (GNAS)	339,108,385,125
2796 (GNRH1)	86,188,132,205
2797 (GNRH2)	86,188,132,205
6714 (SRC)	547,414,593,431
4313 (MMP2)	123,416,169,433
5566 (PRKACA)	720,108,766,125
5567 (PRKACB)	720,108,766,125
5568 (PRKACG)	720,108,766,125
775 (CACNA1C)	168,360,214,377
776 (CACNA1D)	168,360,214,377
778 (CACNA1F)	168,360,214,377
779 (CACNA1S)	168,360,214,377
2002 (ELK1)	916,540,962,557
5594 (MAPK1)	841,551,887,568
5595 (MAPK3)	841,551,887,568
2488 (FSHB)	1071,301,1117,318
5604 (MAP2K1)	644,551,690,568
5605 (MAP2K2)	644,551,690,568
5894 (RAF1)	548,551,594,568
3265 (HRAS)	432,551,478,568
3845 (KRAS)	432,551,478,568
4893 (NRAS)	432,551,478,568
6654 (SOS1)	346,551,392,568
6655 (SOS2)	346,551,392,568
2885 (GRB2)	260,551,306,568
1956 (EGFR)	168,492,214,509
1839 (HBEGF)	86,492,132,509
2185 (PTK2B)	595,511,641,528
5609 (MAP2K7)	768,414,814,431
6416 (MAP2K4)	768,414,814,431
5599 (MAPK8)	841,414,887,431
5601 (MAPK9)	841,414,887,431
5602 (MAPK10)	841,414,887,431
3725 (JUN)	915,414,961,431
4214 (MAP3K1)	694,414,740,431
1958 (EGR1)	916,562,962,579
hsa04912: GnRH signaling pathway	51,28,270,53
hsa04020: Calcium signaling pathway	551,203,662,237
hsa04010: MAPK signaling pathway	681,455,796,489
hsa04060: Cytokine-cytokine receptor interaction	49,524,160,569
hsa04080: Neuroactive ligand-receptor interaction	47,225,162,260
hsa04024: cAMP signaling pathway	557,67,672,101
