C00777 (Retinoate)	686,142,4
C15493 (9-cis-Retinoic acid)	686,142,4
C00076 (Calcium cation)	580,451,4
C00165 (Diacylglycerol)	455,492,4
C01245 (D-myo-Inositol 1,4,5-trisphosphate)	454,450,4
C05981 (Phosphatidylinositol-3,4,5-trisphosphate)	556,323,4
C05981 (Phosphatidylinositol-3,4,5-trisphosphate)	544,552,4
5578 (PRKCA)	593,484,639,501
5579 (PRKCB)	593,484,639,501
5582 (PRKCG)	593,484,639,501
2309 (FOXO3)	710,338,756,355
842 (CASP9)	710,316,756,333
572 (BAD)	710,292,756,309
10000 (AKT3)	623,316,669,333
207 (AKT1)	623,316,669,333
208 (AKT2)	623,316,669,333
5170 (PDPK1)	579,338,625,355
5290 (PIK3CA)	456,315,502,332
5291 (PIK3CB)	456,315,502,332
5293 (PIK3CD)	456,315,502,332
5295 (PIK3R1)	456,315,502,332
5296 (PIK3R2)	456,315,502,332
8503 (PIK3R3)	456,315,502,332
1019 (CDK4)	973,261,1019,278
1021 (CDK6)	973,261,1019,278
595 (CCND1)	573,253,619,270
1869 (E2F1)	1056,308,1102,325
1870 (E2F2)	1056,308,1102,325
1871 (E2F3)	1056,308,1102,325
3265 (HRAS)	566,390,612,407
3845 (KRAS)	566,390,612,407
4893 (NRAS)	566,390,612,407
5335 (PLCG1)	375,464,421,481
5336 (PLCG2)	375,464,421,481
7039 (TGFA)	195,490,241,507
1956 (EGFR)	280,466,326,483
2309 (FOXO3)	699,567,745,584
572 (BAD)	699,521,745,538
842 (CASP9)	699,544,745,561
6789 (STK4)	573,212,619,229
595 (CCND1)	973,278,1019,295
2064 (ERBB2)	280,491,326,508
1950 (EGF)	195,466,241,483
5925 (RB1)	1056,271,1102,288
5915 (RARB)	933,125,979,142
5170 (PDPK1)	568,566,614,583
6654 (SOS1)	484,390,530,407
6655 (SOS2)	484,390,530,407
2885 (GRB2)	401,390,447,407
6256 (RXRA)	933,142,979,159
6257 (RXRB)	933,142,979,159
6258 (RXRG)	933,142,979,159
11186 (RASSF1)	459,253,505,270
83593 (RASSF5)	470,224,516,241
595 (CCND1)	963,390,1009,407
1029 (CDKN2A)	909,234,955,251
10000 (AKT3)	612,544,658,561
207 (AKT1)	612,544,658,561
208 (AKT2)	612,544,658,561
5290 (PIK3CA)	428,544,474,561
5291 (PIK3CB)	428,544,474,561
5293 (PIK3CD)	428,544,474,561
2272 (FHIT)	384,166,430,183
5594 (MAPK1)	815,390,861,407
5595 (MAPK3)	815,390,861,407
5604 (MAP2K1)	731,390,777,407
5605 (MAP2K2)	731,390,777,407
369 (ARAF)	649,390,695,407
5894 (RAF1)	649,390,695,407
673 (BRAF)	649,390,695,407
3845 (KRAS)	342,315,388,332
238 (ALK)	415,642,461,659
27436 (EML4)	415,642,461,659
3718 (JAK3)	525,609,571,626
6774 (STAT3)	636,609,682,626
6776 (STAT5A)	636,609,682,626
6777 (STAT5B)	636,609,682,626
7157 (TP53)	963,483,1009,500
1026 (CDKN1A)	1093,462,1139,479
10912 (GADD45G)	1145,462,1191,479
1647 (GADD45A)	1145,462,1191,479
4616 (GADD45B)	1145,462,1191,479
581 (BAX)	1093,484,1139,501
578 (BAK1)	1145,484,1191,501
1643 (DDB2)	1093,506,1139,523
51426 (POLK)	1145,506,1191,523
hsa05223: Non-small cell lung cancer	40,45,300,70
hsa04110: Cell cycle	1024,212,1128,246
hsa04115: p53 signaling pathway	1024,547,1128,581
hsa04110: Cell cycle	1024,592,1128,626
hsa04020: Calcium signaling pathway	651,466,755,500
hsa04010: MAPK signaling pathway	729,416,833,450
hsa04012: ErbB signaling pathway	328,348,432,382
hsa04151: PI3K-Akt signaling pathway	766,571,870,605
hsa04014: Ras signaling pathway	328,242,432,276
