C04637 (1-Phosphatidyl-D-myo-inositol 4,5-bisphosphate)	583,693,4
C11554 (1-Phosphatidyl-1D-myo-inositol 3,4-bisphosphate)	583,693,4
C04637 (1-Phosphatidyl-D-myo-inositol 4,5-bisphosphate)	269,553,4
C11554 (1-Phosphatidyl-1D-myo-inositol 3,4-bisphosphate)	269,553,4
C05981 (Phosphatidylinositol-3,4,5-trisphosphate)	514,303,4
C01996 (Acetylcholine)	717,109,4
C00681 (1-Acyl-sn-glycerol 3-phosphate)	344,102,4
2147 (F2)	437,93,483,110
7114 (TMSB4X)	1105,455,1151,472
9087 (TMSB4Y)	1105,455,1151,472
10092 (ARPC5)	1014,342,1060,359
10093 (ARPC4)	1014,342,1060,359
10094 (ARPC3)	1014,342,1060,359
10095 (ARPC1B)	1014,342,1060,359
10109 (ARPC2)	1014,342,1060,359
10552 (ARPC1A)	1014,342,1060,359
81873 (ARPC5L)	1014,342,1060,359
345456 (PFN3)	953,496,999,513
375189 (PFN4)	953,496,999,513
5216 (PFN1)	953,496,999,513
5217 (PFN2)	953,496,999,513
10163 (WASF2)	871,517,917,534
8936 (WASF1)	871,465,917,482
55845 (BRK1)	871,448,917,465
10297 (APC2)	917,407,963,424
324 (APC)	917,407,963,424
8976 (WASL)	871,365,917,382
221178 (SPATA13)	807,407,853,424
50649 (ARHGEF4)	807,407,853,424
10152 (ABI2)	790,474,836,491
10787 (NCKAP1)	790,457,836,474
3071 (NCKAP1L)	790,457,836,474
23191 (CYFIP1)	790,440,836,457
26999 (CYFIP2)	790,440,836,457
10458 (BAIAP2)	790,517,836,534
54434 (SSH1)	672,701,718,718
54961 (SSH3)	672,701,718,718
85464 (SSH2)	672,701,718,718
1072 (CFL1)	672,655,718,672
1073 (CFL2)	672,655,718,672
3984 (LIMK1)	672,607,718,624
3985 (LIMK2)	672,607,718,624
2934 (GSN)	586,790,632,807
85477 (SCIN)	586,790,632,807
7414 (VCL)	535,790,581,807
200576 (PIKFYVE)	561,607,607,624
23396 (PIP5K1C)	561,607,607,624
5305 (PIP4K2A)	561,607,607,624
79837 (PIP4K2C)	561,607,607,624
8394 (PIP5K1A)	561,607,607,624
8395 (PIP5K1B)	561,607,607,624
8396 (PIP4K2B)	561,607,607,624
345456 (PFN3)	335,673,381,690
375189 (PFN4)	335,673,381,690
5216 (PFN1)	335,673,381,690
5217 (PFN2)	335,673,381,690
1729 (DIAPH1)	335,607,381,624
1730 (DIAPH2)	335,607,381,624
200576 (PIKFYVE)	305,545,351,562
23396 (PIP5K1C)	305,545,351,562
5305 (PIP4K2A)	305,545,351,562
79837 (PIP4K2C)	305,545,351,562
8394 (PIP5K1A)	305,545,351,562
8395 (PIP5K1B)	305,545,351,562
8396 (PIP4K2B)	305,545,351,562
81 (ACTN4)	181,556,227,573
87 (ACTN1)	181,556,227,573
7414 (VCL)	181,533,227,550
4478 (MSN)	221,509,267,526
5962 (RDX)	221,509,267,526
7430 (EZR)	221,509,267,526
5829 (PXN)	221,480,267,497
6548 (SLC9A1)	305,509,351,526
4659 (PPP1R12A)	407,607,453,624
4660 (PPP1R12B)	407,607,453,624
54776 (PPP1R12C)	407,607,453,624
5499 (PPP1CA)	407,607,453,624
5500 (PPP1CB)	407,607,453,624
5501 (PPP1CC)	407,607,453,624
103910 (MYL12B)	437,683,483,700
10398 (MYL9)	437,683,483,700
10627 (MYL12A)	437,683,483,700
29895 (MYLPF)	437,683,483,700
4633 (MYL2)	437,683,483,700
4636 (MYL5)	437,683,483,700
58498 (MYL7)	437,683,483,700
93408 (MYL10)	437,683,483,700
340156 (MYLK4)	485,607,531,624
4638 (MYLK)	485,607,531,624
85366 (MYLK2)	485,607,531,624
91807 (MYLK3)	485,607,531,624
28964 (GIT1)	305,480,351,497
55740 (ENAH)	936,327,982,344
10458 (BAIAP2)	871,327,917,344
81624 (DIAPH3)	807,327,853,344
6093 (ROCK1)	437,525,483,542
9475 (ROCK2)	437,525,483,542
10298 (PAK4)	625,509,671,526
106821730 (BUB1B-PAK6)	625,509,671,526
5058 (PAK1)	625,509,671,526
5062 (PAK2)	625,509,671,526
5063 (PAK3)	625,509,671,526
56924 (PAK6)	625,509,671,526
57144 (PAK5)	625,509,671,526
8874 (ARHGEF7)	531,481,577,498
9459 (ARHGEF6)	531,481,577,498
998 (CDC42)	695,345,741,362
5879 (RAC1)	587,434,633,451
5880 (RAC2)	587,434,633,451
5881 (RAC3)	587,434,633,451
387 (RHOA)	437,434,483,451
23365 (ARHGEF12)	437,385,483,402
9138 (ARHGEF1)	437,385,483,402
10788 (IQGAP2)	250,349,296,366
128239 (IQGAP3)	250,349,296,366
8826 (IQGAP1)	250,349,296,366
2909 (ARHGAP35)	518,402,564,419
10451 (VAV3)	512,325,558,342
7074 (TIAM1)	512,325,558,342
7409 (VAV1)	512,325,558,342
7410 (VAV2)	512,325,558,342
5594 (MAPK1)	360,302,406,319
5595 (MAPK3)	360,302,406,319
5604 (MAP2K1)	360,261,406,278
5605 (MAP2K2)	360,261,406,278
369 (ARAF)	360,220,406,237
4342 (MOS)	360,220,406,237
5894 (RAF1)	360,220,406,237
673 (BRAF)	360,220,406,237
5290 (PIK3CA)	492,260,538,277
5291 (PIK3CB)	492,260,538,277
5293 (PIK3CD)	492,260,538,277
5295 (PIK3R1)	492,260,538,277
5296 (PIK3R2)	492,260,538,277
8503 (PIK3R3)	492,260,538,277
9459 (ARHGEF6)	543,260,589,277
1793 (DOCK1)	634,256,680,273
2245 (FGD1)	695,222,741,239
89846 (FGD3)	695,222,741,239
55970 (GNG12)	695,184,741,201
1398 (CRK)	634,215,680,232
1399 (CRKL)	634,215,680,232
9564 (BCAR1)	634,198,680,215
5747 (PTK2)	634,181,680,198
1128 (CHRM1)	695,143,741,160
1129 (CHRM2)	695,143,741,160
1131 (CHRM3)	695,143,741,160
1132 (CHRM4)	695,143,741,160
1133 (CHRM5)	695,143,741,160
623 (BDKRB1)	695,143,741,160
624 (BDKRB2)	695,143,741,160
6714 (SRC)	587,235,633,252
22801 (ITGA11)	611,142,657,159
3655 (ITGA6)	611,142,657,159
3672 (ITGA1)	611,142,657,159
3673 (ITGA2)	611,142,657,159
3674 (ITGA2B)	611,142,657,159
3675 (ITGA3)	611,142,657,159
3676 (ITGA4)	611,142,657,159
3678 (ITGA5)	611,142,657,159
3679 (ITGA7)	611,142,657,159
3680 (ITGA9)	611,142,657,159
3681 (ITGAD)	611,142,657,159
3682 (ITGAE)	611,142,657,159
3683 (ITGAL)	611,142,657,159
3684 (ITGAM)	611,142,657,159
3685 (ITGAV)	611,142,657,159
3687 (ITGAX)	611,142,657,159
3688 (ITGB1)	611,142,657,159
3689 (ITGB2)	611,142,657,159
3690 (ITGB3)	611,142,657,159
3691 (ITGB4)	611,142,657,159
3693 (ITGB5)	611,142,657,159
3694 (ITGB6)	611,142,657,159
3695 (ITGB7)	611,142,657,159
3696 (ITGB8)	611,142,657,159
8515 (ITGA10)	611,142,657,159
8516 (ITGA8)	611,142,657,159
2335 (FN1)	611,90,657,107
22800 (RRAS2)	518,221,564,238
22808 (MRAS)	518,221,564,238
3265 (HRAS)	518,221,564,238
3845 (KRAS)	518,221,564,238
4893 (NRAS)	518,221,564,238
6237 (RRAS)	518,221,564,238
10672 (GNA13)	437,192,483,209
2768 (GNA12)	437,192,483,209
6654 (SOS1)	518,183,564,200
6655 (SOS2)	518,183,564,200
1956 (EGFR)	517,142,563,159
2260 (FGFR1)	517,142,563,159
2261 (FGFR3)	517,142,563,159
2263 (FGFR2)	517,142,563,159
2264 (FGFR4)	517,142,563,159
3645 (INSRR)	517,142,563,159
5156 (PDGFRA)	517,142,563,159
5159 (PDGFRB)	517,142,563,159
1950 (EGF)	518,103,564,120
2246 (FGF1)	518,103,564,120
2247 (FGF2)	518,103,564,120
2248 (FGF3)	518,103,564,120
2249 (FGF4)	518,103,564,120
2250 (FGF5)	518,103,564,120
2251 (FGF6)	518,103,564,120
2252 (FGF7)	518,103,564,120
2253 (FGF8)	518,103,564,120
2254 (FGF9)	518,103,564,120
2255 (FGF10)	518,103,564,120
26281 (FGF20)	518,103,564,120
26291 (FGF21)	518,103,564,120
27006 (FGF22)	518,103,564,120
5154 (PDGFA)	518,103,564,120
5155 (PDGFB)	518,103,564,120
56034 (PDGFC)	518,103,564,120
80310 (PDGFD)	518,103,564,120
8074 (FGF23)	518,103,564,120
8817 (FGF18)	518,103,564,120
8822 (FGF17)	518,103,564,120
8823 (FGF16)	518,103,564,120
9965 (FGF19)	518,103,564,120
3630 (INS)	518,81,564,98
2149 (F2R)	437,142,483,159
60 (ACTB)	1094,336,1140,353
71 (ACTG1)	1094,336,1140,353
60 (ACTB)	201,797,247,814
71 (ACTG1)	201,797,247,814
4627 (MYH9)	304,835,350,852
4628 (MYH10)	304,835,350,852
79784 (MYH14)	304,835,350,852
60 (ACTB)	1038,581,1084,598
71 (ACTG1)	1038,581,1084,598
10092 (ARPC5)	990,635,1036,652
10093 (ARPC4)	990,635,1036,652
10094 (ARPC3)	990,635,1036,652
10095 (ARPC1B)	990,635,1036,652
10109 (ARPC2)	990,635,1036,652
10552 (ARPC1A)	990,635,1036,652
81873 (ARPC5L)	990,635,1036,652
7852 (CXCR4)	379,142,425,159
1902 (LPAR1)	321,143,367,160
2846 (LPAR4)	321,143,367,160
57121 (LPAR5)	321,143,367,160
9170 (LPAR2)	321,143,367,160
6387 (CXCL12)	379,93,425,110
3827 (KNG1)	695,79,741,96
hsa04810: Regulation of actin cytoskeleton	40,45,347,70
hsa04010: MAPK signaling pathway	839,200,949,234
hsa04520: Adherens junction	72,345,182,370
hsa04510: Focal adhesion	32,579,143,604
hsa04510: Focal adhesion	606,848,718,873
