C00082 (L-Tyrosine)	125,628,4
C00355 (3,4-Dihydroxy-L-phenylalanine)	194,629,4
C03758 (Dopamine)	264,629,4
C03758 (Dopamine)	361,727,4
C03758 (Dopamine)	405,593,4
C01161 (3,4-Dihydroxyphenylacetate)	384,531,4
C00027 (Hydrogen peroxide)	428,530,4
C00082 (L-Tyrosine)	125,275,4
C00355 (3,4-Dihydroxy-L-phenylalanine)	197,275,4
C03758 (Dopamine)	266,275,4
C03758 (Dopamine)	408,234,4
C01161 (3,4-Dihydroxyphenylacetate)	387,187,4
C00027 (Hydrogen peroxide)	428,188,4
D07445 (Amfetamine (INN))	567,569,4
D07445 (Amfetamine (INN))	236,660,4
D07445 (Amfetamine (INN))	368,565,4
C03758 (Dopamine)	527,328,4
C03758 (Dopamine)	579,629,4
C03758 (Dopamine)	569,260,4
C00575 (3',5'-Cyclic AMP)	777,769,4
C00076 (Calcium cation)	732,561,4
C00025 (L-Glutamate)	577,534,4
C00076 (Calcium cation)	734,914,4
C00575 (3',5'-Cyclic AMP)	778,1128,4
C00082 (L-Tyrosine)	128,984,4
C00355 (3,4-Dihydroxy-L-phenylalanine)	197,984,4
C03758 (Dopamine)	264,985,4
C03758 (Dopamine)	400,951,4
C01161 (3,4-Dihydroxyphenylacetate)	378,890,4
C00027 (Hydrogen peroxide)	421,888,4
D07445 (Amfetamine (INN))	359,929,4
C03758 (Dopamine)	361,1085,4
D07445 (Amfetamine (INN))	492,718,4
D07445 (Amfetamine (INN))	492,1077,4
C00025 (L-Glutamate)	577,886,4
C03758 (Dopamine)	577,989,4
D07445 (Amfetamine (INN))	569,928,4
D07445 (Amfetamine (INN))	238,1019,4
C01330 (Sodium cation)	696,993,4
C01330 (Sodium cation)	695,637,4
D07445 (Amfetamine (INN))	409,655,4
D07445 (Amfetamine (INN))	403,1014,4
D07445 (Amfetamine (INN))	153,659,4
D07445 (Amfetamine (INN))	156,1015,4
6570 (SLC18A1)	320,302,366,319
6571 (SLC18A2)	320,302,366,319
6570 (SLC18A1)	296,670,342,687
6571 (SLC18A2)	296,670,342,687
775 (CACNA1C)	619,182,665,199
776 (CACNA1D)	619,182,665,199
116443 (GRIN3A)	619,241,665,258
116444 (GRIN3B)	619,241,665,258
2902 (GRIN1)	619,241,665,258
2903 (GRIN2A)	619,241,665,258
2904 (GRIN2B)	619,241,665,258
2905 (GRIN2C)	619,241,665,258
2906 (GRIN2D)	619,241,665,258
2890 (GRIA1)	619,288,665,305
2891 (GRIA2)	619,288,665,305
2892 (GRIA3)	619,288,665,305
2893 (GRIA4)	619,288,665,305
1812 (DRD1)	619,350,665,367
6531 (SLC6A3)	504,251,550,268
775 (CACNA1C)	619,512,665,529
776 (CACNA1D)	619,512,665,529
116443 (GRIN3A)	619,552,665,569
116444 (GRIN3B)	619,552,665,569
2902 (GRIN1)	619,552,665,569
2903 (GRIN2A)	619,552,665,569
2904 (GRIN2B)	619,552,665,569
2905 (GRIN2C)	619,552,665,569
2906 (GRIN2D)	619,552,665,569
2890 (GRIA1)	619,629,665,646
2891 (GRIA2)	619,629,665,646
2892 (GRIA3)	619,629,665,646
2893 (GRIA4)	619,629,665,646
1812 (DRD1)	619,717,665,734
6570 (SLC18A1)	388,720,434,737
6571 (SLC18A2)	388,720,434,737
4128 (MAOA)	411,556,457,573
4129 (MAOB)	411,556,457,573
6531 (SLC6A3)	503,561,549,578
6531 (SLC6A3)	504,619,550,636
7054 (TH)	134,603,180,620
1644 (DDC)	204,604,250,621
7054 (TH)	134,250,180,267
1644 (DDC)	204,250,250,267
4128 (MAOA)	411,211,457,228
4129 (MAOB)	411,211,457,228
163688 (CALML6)	754,552,800,569
51806 (CALML5)	754,552,800,569
801 (CALM1)	754,552,800,569
805 (CALM2)	754,552,800,569
808 (CALM3)	754,552,800,569
810 (CALML3)	754,552,800,569
91860 (CALML4)	754,552,800,569
814 (CAMK4)	833,552,879,569
815 (CAMK2A)	833,552,879,569
816 (CAMK2B)	833,552,879,569
817 (CAMK2D)	833,552,879,569
818 (CAMK2G)	833,552,879,569
84152 (PPP1R1B)	762,646,808,663
5566 (PRKACA)	752,699,798,716
5567 (PRKACB)	752,699,798,716
5568 (PRKACG)	752,699,798,716
2778 (GNAS)	691,730,737,747
111 (ADCY5)	644,759,690,776
10488 (CREB3)	922,646,968,663
1385 (CREB1)	922,646,968,663
1386 (ATF2)	922,646,968,663
1388 (ATF6B)	922,646,968,663
148327 (CREB3L4)	922,646,968,663
468 (ATF4)	922,646,968,663
64764 (CREB3L2)	922,646,968,663
84699 (CREB3L3)	922,646,968,663
90993 (CREB3L1)	922,646,968,663
9586 (CREB5)	922,646,968,663
5499 (PPP1CA)	829,646,875,663
5500 (PPP1CB)	829,646,875,663
5501 (PPP1CC)	829,646,875,663
775 (CACNA1C)	619,864,665,881
776 (CACNA1D)	619,864,665,881
116443 (GRIN3A)	619,905,665,922
116444 (GRIN3B)	619,905,665,922
2902 (GRIN1)	619,905,665,922
2903 (GRIN2A)	619,905,665,922
2904 (GRIN2B)	619,905,665,922
2905 (GRIN2C)	619,905,665,922
2906 (GRIN2D)	619,905,665,922
2890 (GRIA1)	619,983,665,1000
2891 (GRIA2)	619,983,665,1000
2892 (GRIA3)	619,983,665,1000
2893 (GRIA4)	619,983,665,1000
1812 (DRD1)	619,1076,665,1093
163688 (CALML6)	755,907,801,924
51806 (CALML5)	755,907,801,924
801 (CALM1)	755,907,801,924
805 (CALM2)	755,907,801,924
808 (CALM3)	755,907,801,924
810 (CALML3)	755,907,801,924
91860 (CALML4)	755,907,801,924
5530 (PPP3CA)	755,953,801,970
5532 (PPP3CB)	755,953,801,970
5533 (PPP3CC)	755,953,801,970
5534 (PPP3R1)	755,953,801,970
5535 (PPP3R2)	755,953,801,970
84152 (PPP1R1B)	770,1000,816,1017
5499 (PPP1CA)	837,1000,883,1017
5500 (PPP1CB)	837,1000,883,1017
5501 (PPP1CC)	837,1000,883,1017
10488 (CREB3)	922,1000,968,1017
1385 (CREB1)	922,1000,968,1017
1386 (ATF2)	922,1000,968,1017
1388 (ATF6B)	922,1000,968,1017
148327 (CREB3L4)	922,1000,968,1017
468 (ATF4)	922,1000,968,1017
64764 (CREB3L2)	922,1000,968,1017
84699 (CREB3L3)	922,1000,968,1017
90993 (CREB3L1)	922,1000,968,1017
9586 (CREB5)	922,1000,968,1017
2778 (GNAS)	693,1092,739,1109
111 (ADCY5)	644,1120,690,1137
5566 (PRKACA)	757,1055,803,1072
5567 (PRKACB)	757,1055,803,1072
5568 (PRKACG)	757,1055,803,1072
7054 (TH)	134,959,180,976
1644 (DDC)	204,959,250,976
4128 (MAOA)	406,918,452,935
4129 (MAOB)	406,918,452,935
6531 (SLC6A3)	504,978,550,995
6531 (SLC6A3)	504,919,550,936
6570 (SLC18A1)	298,1026,344,1043
6571 (SLC18A2)	298,1026,344,1043
6570 (SLC18A1)	389,1076,435,1093
6571 (SLC18A2)	389,1076,435,1093
6804 (STX1A)	503,653,549,670
5578 (PRKCA)	449,581,495,598
5579 (PRKCB)	449,581,495,598
5582 (PRKCG)	449,581,495,598
815 (CAMK2A)	449,673,495,690
816 (CAMK2B)	449,673,495,690
817 (CAMK2D)	449,673,495,690
818 (CAMK2G)	449,673,495,690
6804 (STX1A)	504,1012,550,1029
5578 (PRKCA)	449,940,495,957
5579 (PRKCB)	449,940,495,957
5582 (PRKCG)	449,940,495,957
815 (CAMK2A)	449,1032,495,1049
816 (CAMK2B)	449,1032,495,1049
817 (CAMK2D)	449,1032,495,1049
818 (CAMK2G)	449,1032,495,1049
5173 (PDYN)	1035,634,1081,651
23237 (ARC)	1087,634,1133,651
2353 (FOS)	1060,656,1106,673
2354 (FOSB)	1028,1000,1074,1017
3065 (HDAC1)	1002,1078,1048,1095
3066 (HDAC2)	1002,1078,1048,1095
2353 (FOS)	1125,1052,1171,1069
23411 (SIRT1)	957,1053,1003,1070
3725 (JUN)	999,1027,1045,1044
hsa05031: Amphetamine addiction	40,45,264,70
hsa04728: Dopaminergic synapse	528,60,634,94
