9939 (RBM8A)	84,232,130,249
4116 (MAGOH)	84,249,130,266
55110 (MAGOHB)	84,249,130,266
9775 (EIF4A3)	130,249,176,266
22794 (CASC3)	130,232,176,249
22985 (ACIN1)	222,215,268,232
10921 (RNPS1)	222,232,268,249
10284 (SAP18)	176,232,222,249
10250 (SRRM1)	184,295,230,312
10482 (NXF1)	80,295,126,312
55998 (NXF5)	80,295,126,312
56000 (NXF3)	80,295,126,312
56001 (NXF2)	80,295,126,312
728343 (NXF2B)	80,295,126,312
5411 (PNN)	176,249,222,266
10189 (ALYREF)	222,249,268,266
29107 (NXT1)	80,312,126,329
55916 (NXT2)	80,312,126,329
4686 (NCBP1)	130,146,176,163
65109 (UPF3B)	84,215,130,232
65110 (UPF3A)	84,215,130,232
7919 (DDX39B)	132,295,178,312
84305 (PYM1)	132,316,178,333
5976 (UPF1)	596,589,642,606
26019 (UPF2)	596,606,642,623
65109 (UPF3B)	596,623,642,640
65110 (UPF3A)	596,623,642,640
23049 (SMG1)	668,589,714,606
23381 (SMG5)	668,629,714,646
9887 (SMG7)	668,612,714,629
23293 (SMG6)	669,655,715,672
2107 (ETF1)	550,598,596,615
23708 (GSPT2)	550,615,596,632
2935 (GSPT1)	550,615,596,632
8732 (RNGTT)	413,99,459,116
8731 (RNMT)	413,78,459,95
11051 (NUDT21)	841,170,887,187
10914 (PAPOLA)	953,171,999,188
56903 (PAPOLB)	953,171,999,188
64895 (PAPOLG)	953,171,999,188
51585 (PCF11)	887,211,933,228
10978 (CLP1)	841,211,887,228
11052 (CPSF6)	887,170,933,187
79869 (CPSF7)	887,170,933,187
81608 (FIP1L1)	796,280,842,297
51692 (CPSF3)	934,263,980,280
53981 (CPSF2)	888,263,934,280
29894 (CPSF1)	842,263,888,280
10898 (CPSF4)	842,280,888,297
1477 (CSTF1)	841,330,887,347
1478 (CSTF2)	887,330,933,347
23283 (CSTF2T)	887,330,933,347
1479 (CSTF3)	933,330,979,347
8189 (SYMPK)	889,356,935,373
22916 (NCBP2)	130,163,176,180
100529063 (BCL2L2-PABPN1)	590,284,636,301
390748 (PABPN1L)	590,284,636,301
8106 (PABPN1)	590,284,636,301
132430 (PABPC4L)	620,534,666,551
140886 (PABPC5)	620,534,666,551
26986 (PABPC1)	620,534,666,551
340529 (PABPC1L2A)	620,534,666,551
5042 (PABPC3)	620,534,666,551
645974 (PABPC1L2B)	620,534,666,551
80336 (PABPC1L)	620,534,666,551
8761 (PABPC4)	620,534,666,551
28227 (PPP2R3B)	714,619,760,636
55012 (PPP2R3C)	714,619,760,636
5515 (PPP2CA)	714,619,760,636
5516 (PPP2CB)	714,619,760,636
5518 (PPP2R1A)	714,619,760,636
5519 (PPP2R1B)	714,619,760,636
5520 (PPP2R2A)	714,619,760,636
5521 (PPP2R2B)	714,619,760,636
5522 (PPP2R2C)	714,619,760,636
5523 (PPP2R3A)	714,619,760,636
5525 (PPP2R5A)	714,619,760,636
5526 (PPP2R5B)	714,619,760,636
5527 (PPP2R5C)	714,619,760,636
5528 (PPP2R5D)	714,619,760,636
5529 (PPP2R5E)	714,619,760,636
55844 (PPP2R2D)	714,619,760,636
132430 (PABPC4L)	979,536,1025,553
140886 (PABPC5)	979,536,1025,553
26986 (PABPC1)	979,536,1025,553
340529 (PABPC1L2A)	979,536,1025,553
5042 (PABPC3)	979,536,1025,553
645974 (PABPC1L2B)	979,536,1025,553
80336 (PABPC1L)	979,536,1025,553
8761 (PABPC4)	979,536,1025,553
10767 (HBS1L)	925,608,971,625
53918 (PELO)	925,625,971,642
124540 (MSI2)	620,505,666,522
26528 (DAZAP1)	620,505,666,522
4440 (MSI1)	620,505,666,522
55339 (WDR33)	1036,263,1082,280
80335 (WDR82)	990,280,1036,297
5499 (PPP1CA)	990,297,1036,314
5500 (PPP1CB)	990,297,1036,314
5501 (PPP1CC)	990,297,1036,314
29101 (SSU72)	1036,297,1082,314
hsa03040: Spliceosome	528,147,620,172
hsa03015: mRNA surveillance pathway	40,45,290,70
hsa03013: RNA transport	347,353,439,378
hsa03018: RNA degradation	666,732,758,757
hsa03018: RNA degradation	666,288,758,313
