C00575 (3',5'-Cyclic AMP)	827,202,4
C00788 (L-Adrenaline)	327,88,4
C00547 (L-Noradrenaline)	327,134,4
C00942 (3',5'-Cyclic GMP)	753,642,4
C00212 (Adenosine)	327,263,4
C00584 (Prostaglandin E2)	327,190,4
C01245 (D-myo-Inositol 1,4,5-trisphosphate)	735,545,4
C00076 (Calcium cation)	568,309,4
C00076 (Calcium cation)	761,455,4
C00533 (Nitric oxide)	325,616,4
C00020 (AMP)	960,274,4
C02135 (Angiotensin II)	327,543,4
C00873 (Angiotensin I)	158,776,4
C00002 (ATP)	208,373,4
C00008 (ADP)	247,337,4
C00020 (AMP)	286,301,4
C00238 (Potassium cation)	486,754,4
C00076 (Calcium cation)	369,398,4
C00238 (Potassium cation)	487,454,4
C00698 (Cl-)	487,354,4
C00076 (Calcium cation)	690,400,4
C00001 (H2O)	382,225,4
2778 (GNAS)	513,151,559,168
111 (ADCY5)	646,194,692,211
112 (ADCY6)	646,194,692,211
5566 (PRKACA)	995,194,1041,211
5567 (PRKACB)	995,194,1041,211
5568 (PRKACG)	995,194,1041,211
153 (ADRB1)	410,121,456,138
154 (ADRB2)	410,121,456,138
155 (ADRB3)	410,121,456,138
4881 (NPR1)	410,672,456,689
2770 (GNAI1)	513,255,559,272
2771 (GNAI2)	513,255,559,272
2773 (GNAI3)	513,255,559,272
134 (ADORA1)	410,255,456,272
84876 (ORAI1)	410,299,456,316
185 (AGTR1)	410,536,456,553
2776 (GNAQ)	517,536,563,553
23236 (PLCB1)	618,536,664,553
5330 (PLCB2)	618,536,664,553
5331 (PLCB3)	618,536,664,553
5332 (PLCB4)	618,536,664,553
3708 (ITPR1)	636,447,682,464
3709 (ITPR2)	636,447,682,464
3710 (ITPR3)	636,447,682,464
2977 (GUCY1A2)	486,608,532,625
2982 (GUCY1A1)	486,608,532,625
2983 (GUCY1B1)	486,608,532,625
5593 (PRKG2)	680,746,726,763
5139 (PDE3A)	884,262,930,279
5140 (PDE3B)	884,262,930,279
1385 (CREB1)	1120,194,1166,211
5972 (REN)	1244,194,1290,211
1508 (CTSB)	989,826,1035,843
5972 (REN)	166,812,212,829
183 (AGT)	135,857,181,874
1636 (ACE)	105,622,151,639
5732 (PTGER2)	410,181,456,198
5734 (PTGER4)	410,181,456,198
1909 (EDNRA)	410,496,456,513
3778 (KCNMA1)	410,745,456,762
5136 (PDE1A)	835,235,881,252
5137 (PDE1C)	835,235,881,252
5153 (PDE1B)	835,235,881,252
1179 (CLCA1)	410,344,456,361
22802 (CLCA4)	410,344,456,361
9635 (CLCA2)	410,344,456,361
775 (CACNA1C)	410,390,456,407
776 (CACNA1D)	410,390,456,407
778 (CACNA1F)	410,390,456,407
779 (CACNA1S)	410,390,456,407
3759 (KCNJ2)	410,446,456,463
163688 (CALML6)	824,530,870,547
51806 (CALML5)	824,530,870,547
801 (CALM1)	824,530,870,547
805 (CALM2)	824,530,870,547
808 (CALM3)	824,530,870,547
810 (CALML3)	824,530,870,547
91860 (CALML4)	824,530,870,547
5530 (PPP3CA)	911,530,957,547
5532 (PPP3CB)	911,530,957,547
5533 (PPP3CC)	911,530,957,547
5534 (PPP3R1)	911,530,957,547
5535 (PPP3R2)	911,530,957,547
358 (AQP1)	410,218,456,235
117 (ADCYAP1R1)	409,151,455,168
116 (ADCYAP1)	307,151,353,168
4878 (NPPA)	307,672,353,689
1906 (EDN1)	307,496,353,513
1907 (EDN2)	307,496,353,513
1908 (EDN3)	307,496,353,513
hsa04924: Renin secretion	40,45,199,70
hsa04024: cAMP signaling pathway	903,150,1031,184
hsa04022: cGMP-PKG signaling pathway	574,632,702,666
hsa04614: Renin-angiotensin system	167,614,295,648
hsa04020: Calcium signaling pathway	553,562,681,596
