C00076 (Calcium cation)	410,1102,4
7419 (VDAC3)	379,1061,425,1078
54205 (CYCS)	591,781,637,798
842 (CASP9)	728,787,774,804
317 (APAF1)	590,748,636,765
100506742 (CASP12)	753,722,799,739
836 (CASP3)	892,787,938,804
581 (BAX)	424,758,470,775
332 (BIRC5)	810,834,856,851
5578 (PRKCA)	1038,838,1084,855
5579 (PRKCB)	1038,838,1084,855
5582 (PRKCG)	1038,838,1084,855
369 (ARAF)	792,1124,838,1141
5894 (RAF1)	792,1124,838,1141
673 (BRAF)	792,1124,838,1141
5604 (MAP2K1)	916,1124,962,1141
5605 (MAP2K2)	916,1124,962,1141
5594 (MAPK1)	1023,1124,1069,1141
5595 (MAPK3)	1023,1124,1069,1141
2353 (FOS)	1150,1093,1196,1110
3725 (JUN)	1150,1093,1196,1110
4318 (MMP9)	1309,1091,1355,1108
4609 (MYC)	1150,1112,1196,1129
2002 (ELK1)	1150,1131,1196,1148
6774 (STAT3)	1150,1150,1196,1167
10488 (CREB3)	1150,1064,1196,1081
1385 (CREB1)	1150,1064,1196,1081
1386 (ATF2)	1150,1064,1196,1081
1388 (ATF6B)	1150,1064,1196,1081
148327 (CREB3L4)	1150,1064,1196,1081
468 (ATF4)	1150,1064,1196,1081
64764 (CREB3L2)	1150,1064,1196,1081
84699 (CREB3L3)	1150,1064,1196,1081
90993 (CREB3L1)	1150,1064,1196,1081
9586 (CREB5)	1150,1064,1196,1081
1386 (ATF2)	1150,1047,1196,1064
3576 (CXCL8)	1310,1047,1356,1064
5111 (PCNA)	1310,1067,1356,1084
3716 (JAK1)	476,934,522,951
3717 (JAK2)	476,934,522,951
3718 (JAK3)	476,934,522,951
7297 (TYK2)	476,934,522,951
2185 (PTK2B)	350,1124,396,1141
6714 (SRC)	438,1124,484,1141
2885 (GRB2)	526,1124,572,1141
3265 (HRAS)	699,1124,745,1141
3845 (KRAS)	699,1124,745,1141
4893 (NRAS)	699,1124,745,1141
6774 (STAT3)	691,945,737,962
4214 (MAP3K1)	789,1009,835,1026
5599 (MAPK8)	914,1009,960,1026
5601 (MAPK9)	914,1009,960,1026
5602 (MAPK10)	914,1009,960,1026
4790 (NFKB1)	916,1189,962,1206
5970 (RELA)	916,1189,962,1206
4792 (NFKBIA)	916,1160,962,1177
3725 (JUN)	1150,996,1196,1013
4089 (SMAD4)	1150,1016,1196,1033
537 (ATP6AP1)	958,838,1004,855
4772 (NFATC1)	1002,891,1048,908
4773 (NFATC2)	1002,891,1048,908
4775 (NFATC3)	1002,891,1048,908
4776 (NFATC4)	1002,891,1048,908
7124 (TNF)	1240,891,1286,908
5290 (PIK3CA)	462,618,508,635
5291 (PIK3CB)	462,618,508,635
5293 (PIK3CD)	462,618,508,635
5295 (PIK3R1)	462,618,508,635
5296 (PIK3R2)	462,618,508,635
8503 (PIK3R3)	462,618,508,635
10000 (AKT3)	637,617,683,634
207 (AKT1)	637,617,683,634
208 (AKT2)	637,617,683,634
572 (BAD)	782,651,828,668
1147 (CHUK)	782,583,830,600
3551 (IKBKB)	782,583,830,600
8517 (IKBKG)	782,583,830,600
4792 (NFKBIA)	876,583,922,600
4790 (NFKB1)	701,553,747,570
4790 (NFKB1)	876,553,922,570
5970 (RELA)	876,553,922,570
596 (BCL2)	1267,564,1313,581
4318 (MMP9)	1267,544,1313,561
1642 (DDB1)	868,445,916,462
355 (FAS)	248,681,294,698
356 (FASLG)	165,681,211,698
8772 (FADD)	335,681,381,698
841 (CASP8)	465,675,511,692
843 (CASP10)	465,692,511,709
4214 (MAP3K1)	511,499,557,516
6416 (MAP2K4)	557,516,603,533
5599 (MAPK8)	557,499,603,516
5601 (MAPK9)	557,499,603,516
5602 (MAPK10)	557,499,603,516
10971 (YWHAQ)	511,516,557,533
7529 (YWHAB)	511,516,557,533
7534 (YWHAZ)	511,516,557,533
7040 (TGFB1)	165,332,211,349
7042 (TGFB2)	165,332,211,349
7043 (TGFB3)	165,332,211,349
7046 (TGFBR1)	248,324,294,341
5599 (MAPK8)	421,361,467,378
5601 (MAPK9)	421,361,467,378
5602 (MAPK10)	421,361,467,378
4088 (SMAD3)	1163,332,1209,349
4088 (SMAD3)	1163,361,1209,378
1026 (CDKN1A)	1320,332,1368,349
4609 (MYC)	1320,361,1368,378
356 (FASLG)	1321,424,1367,441
4088 (SMAD3)	647,361,693,378
4088 (SMAD3)	647,332,693,349
1387 (CREBBP)	1163,448,1209,465
2033 (EP300)	1163,448,1209,465
1959 (EGR2)	1163,424,1209,441
1960 (EGR3)	1163,424,1209,441
3339 (HSPG2)	248,140,294,157
6554 (SLC10A1)	248,159,294,176
29110 (TBK1)	936,1514,982,1531
9641 (IKBKE)	936,1497,982,1514
3661 (IRF3)	1036,1506,1082,1523
3665 (IRF7)	1036,1506,1082,1523
7098 (TLR3)	466,1473,512,1490
148022 (TICAM1)	604,1473,650,1490
23586 (DDX58)	468,1525,514,1542
57506 (MAVS)	604,1546,650,1563
64135 (IFIH1)	468,1562,514,1579
3454 (IFNAR1)	248,1594,294,1611
3439 (IFNA1)	165,1594,211,1611
3440 (IFNA2)	165,1594,211,1611
3441 (IFNA4)	165,1594,211,1611
3442 (IFNA5)	165,1594,211,1611
3443 (IFNA6)	165,1594,211,1611
3444 (IFNA7)	165,1594,211,1611
3445 (IFNA8)	165,1594,211,1611
3446 (IFNA10)	165,1594,211,1611
3447 (IFNA13)	165,1594,211,1611
3448 (IFNA14)	165,1594,211,1611
3449 (IFNA16)	165,1594,211,1611
3451 (IFNA17)	165,1594,211,1611
3452 (IFNA21)	165,1594,211,1611
6772 (STAT1)	857,1587,903,1604
6773 (STAT2)	857,1603,903,1620
3456 (IFNB1)	1269,1517,1315,1534
7124 (TNF)	1269,1257,1315,1274
3569 (IL6)	1269,1276,1315,1293
898 (CCNE1)	1389,788,1435,805
9134 (CCNE2)	1389,788,1435,805
1017 (CDK2)	1471,717,1517,734
7157 (TP53)	1230,704,1276,721
1026 (CDKN1A)	1389,716,1435,733
890 (CCNA2)	1471,700,1517,717
8900 (CCNA1)	1471,700,1517,717
1017 (CDK2)	1389,772,1435,789
596 (BCL2)	379,786,425,803
4615 (MYD88)	1269,1594,1315,1611
1387 (CREBBP)	1023,1064,1069,1081
2033 (EP300)	1023,1064,1069,1081
1643 (DDB2)	1163,479,1209,496
4615 (MYD88)	329,1385,375,1402
5594 (MAPK1)	842,1354,888,1371
5595 (MAPK3)	842,1354,888,1371
1147 (CHUK)	718,1293,764,1310
3551 (IKBKB)	718,1293,764,1310
8517 (IKBKG)	718,1293,764,1310
6885 (MAP3K7)	591,1354,637,1371
3654 (IRAK1)	435,1363,481,1380
114609 (TIRAP)	329,1368,375,1385
4615 (MYD88)	329,1283,375,1300
7189 (TRAF6)	512,1354,558,1371
10454 (TAB1)	591,1320,637,1337
23118 (TAB2)	591,1337,637,1354
4792 (NFKBIA)	842,1293,888,1310
7097 (TLR2)	248,1283,294,1300
7099 (TLR4)	248,1385,294,1402
114609 (TIRAP)	329,1299,375,1316
51135 (IRAK4)	435,1346,481,1363
4790 (NFKB1)	842,1264,888,1281
5970 (RELA)	842,1264,888,1281
5604 (MAP2K1)	718,1354,764,1371
5605 (MAP2K2)	718,1354,764,1371
1432 (MAPK14)	842,1396,888,1413
5600 (MAPK11)	842,1396,888,1413
5603 (MAPK13)	842,1396,888,1413
6300 (MAPK12)	842,1396,888,1413
5599 (MAPK8)	842,1425,888,1442
5601 (MAPK9)	842,1425,888,1442
5602 (MAPK10)	842,1425,888,1442
5609 (MAP2K7)	718,1425,764,1442
6416 (MAP2K4)	718,1425,764,1442
5606 (MAP2K3)	718,1396,764,1413
5608 (MAP2K6)	718,1396,764,1413
3439 (IFNA1)	1269,1496,1315,1513
3440 (IFNA2)	1269,1496,1315,1513
3441 (IFNA4)	1269,1496,1315,1513
3442 (IFNA5)	1269,1496,1315,1513
3443 (IFNA6)	1269,1496,1315,1513
3444 (IFNA7)	1269,1496,1315,1513
3445 (IFNA8)	1269,1496,1315,1513
3446 (IFNA10)	1269,1496,1315,1513
3447 (IFNA13)	1269,1496,1315,1513
3448 (IFNA14)	1269,1496,1315,1513
3449 (IFNA16)	1269,1496,1315,1513
3451 (IFNA17)	1269,1496,1315,1513
3452 (IFNA21)	1269,1496,1315,1513
637 (BID)	464,727,510,744
581 (BAX)	1389,671,1435,688
355 (FAS)	1389,694,1435,711
5925 (RB1)	1389,831,1435,848
1654 (DDX3X)	936,1546,982,1563
7187 (TRAF3)	814,1512,860,1529
3725 (JUN)	937,1413,983,1430
5599 (MAPK8)	937,1413,983,1430
5601 (MAPK9)	937,1413,983,1430
5602 (MAPK10)	937,1413,983,1430
353376 (TICAM2)	435,1413,481,1430
5578 (PRKCA)	745,1151,791,1168
5579 (PRKCB)	745,1151,791,1168
5582 (PRKCG)	745,1151,791,1168
6772 (STAT1)	691,924,737,941
6773 (STAT2)	691,924,737,941
6775 (STAT4)	691,924,737,941
6776 (STAT5A)	691,924,737,941
6777 (STAT5B)	691,924,737,941
6778 (STAT6)	691,924,737,941
1869 (E2F1)	1471,831,1517,848
1870 (E2F2)	1471,831,1517,848
1871 (E2F3)	1471,831,1517,848
7048 (TGFBR2)	248,341,294,358
6654 (SOS1)	613,1124,659,1141
6655 (SOS2)	613,1124,659,1141
hsa04151: PI3K-Akt signaling pathway	553,562,653,596
hsa05160: Hepatitis C	40,45,154,70
hsa04064: NF-kappa B signaling pathway	944,568,1049,602
hsa04010: MAPK signaling pathway	552,1074,652,1108
hsa04622: RIG-I-like receptor signaling pathway	315,1535,418,1569
hsa04630: JAK-STAT signaling pathway	539,896,640,930
hsa04115: p53 signaling pathway	1285,741,1384,775
hsa04620: Toll-like receptor signaling pathway	314,1454,418,1488
hsa04210: Apoptosis	621,810,713,835
hsa04110: Cell cycle	1192,668,1284,693
