G10505 (Hyaluronic acid)	102,352,4
C00925 (Heparan sulfate)	1122,164,4
C00925 (Heparan sulfate)	1122,233,4
G13064 (Binding domain for HGF in heparin/heparan sulfate)	1122,401,4
G13063 (Binding domain for FGF2 in heparin/heparan sulfate)	1122,760,4
C00925 (Heparan sulfate)	1122,1203,4
C00925 (Heparan sulfate)	1091,1543,4
C00925 (Heparan sulfate)	1122,298,4
C00426 (Dermatan sulfate)	105,1159,4
C00607 (Chondroitin sulfate)	79,1088,4
C00573 (Keratan sulfate)	127,1540,4
C00925 (Heparan sulfate)	1122,1133,4
G13063 (Binding domain for FGF2 in heparin/heparan sulfate)	1122,981,4
C00925 (Heparan sulfate)	1122,463,4
C00925 (Heparan sulfate)	1121,600,4
960 (CD44)	175,479,221,496
7074 (TIAM1)	271,383,317,400
2064 (ERBB2)	175,200,221,217
387 (RHOA)	370,479,416,496
6093 (ROCK1)	468,478,514,495
9475 (ROCK2)	468,478,514,495
286 (ANK1)	271,598,317,615
287 (ANK2)	271,598,317,615
288 (ANK3)	271,598,317,615
5290 (PIK3CA)	661,436,707,453
5291 (PIK3CB)	661,436,707,453
5293 (PIK3CD)	661,436,707,453
5295 (PIK3R1)	661,436,707,453
5296 (PIK3R2)	661,436,707,453
8503 (PIK3R3)	661,436,707,453
10000 (AKT3)	760,435,806,452
207 (AKT1)	760,435,806,452
208 (AKT2)	760,435,806,452
4659 (PPP1R12A)	567,522,613,539
4660 (PPP1R12B)	567,522,613,539
54776 (PPP1R12C)	567,522,613,539
5499 (PPP1CA)	567,522,613,539
5500 (PPP1CB)	567,522,613,539
5501 (PPP1CC)	567,522,613,539
960 (CD44)	175,598,221,615
3708 (ITPR1)	468,576,514,593
3709 (ITPR2)	468,576,514,593
3710 (ITPR3)	468,576,514,593
815 (CAMK2A)	661,576,707,593
816 (CAMK2B)	661,576,707,593
817 (CAMK2D)	661,576,707,593
818 (CAMK2G)	661,576,707,593
2316 (FLNA)	760,576,806,593
2317 (FLNB)	760,576,806,593
2318 (FLNC)	760,576,806,593
51196 (PLCE1)	468,523,514,540
23365 (ARHGEF12)	271,523,317,540
6548 (SLC9A1)	567,478,613,495
2549 (GAB1)	566,436,612,453
286 (ANK1)	271,436,317,453
287 (ANK2)	271,436,317,453
288 (ANK3)	271,436,317,453
5879 (RAC1)	370,383,416,400
998 (CDC42)	271,342,317,359
5058 (PAK1)	468,341,514,358
2316 (FLNA)	468,324,514,341
2317 (FLNB)	468,324,514,341
2318 (FLNC)	468,324,514,341
60 (ACTB)	468,298,514,315
71 (ACTG1)	468,298,514,315
8826 (IQGAP1)	271,325,317,342
5594 (MAPK1)	370,260,416,277
5595 (MAPK3)	370,260,416,277
2002 (ELK1)	468,249,514,266
2099 (ESR1)	468,271,514,288
960 (CD44)	175,217,221,234
22800 (RRAS2)	370,198,416,215
22808 (MRAS)	370,198,416,215
3265 (HRAS)	370,198,416,215
3845 (KRAS)	370,198,416,215
4893 (NRAS)	370,198,416,215
6237 (RRAS)	370,198,416,215
369 (ARAF)	468,199,514,216
5894 (RAF1)	468,199,514,216
673 (BRAF)	468,199,514,216
5604 (MAP2K1)	567,198,613,215
5605 (MAP2K2)	567,198,613,215
5594 (MAPK1)	661,198,707,215
5595 (MAPK3)	661,198,707,215
960 (CD44)	175,699,221,716
79923 (NANOG)	271,668,317,685
1655 (DDX5)	567,647,613,664
29102 (DROSHA)	567,667,613,684
406991 (MIR21)	760,668,806,685
6774 (STAT3)	567,691,613,708
2017 (CTTN)	370,173,416,190
3059 (HCLS1)	370,173,416,190
960 (CD44)	175,156,221,173
6714 (SRC)	198,173,244,190
2885 (GRB2)	271,200,317,217
10451 (VAV3)	271,217,317,234
7409 (VAV1)	271,217,317,234
7410 (VAV2)	271,217,317,234
5879 (RAC1)	370,219,416,236
9138 (ARHGEF1)	271,479,317,496
387 (RHOA)	370,523,416,540
960 (CD44)	175,342,221,359
595 (CCND1)	663,260,709,277
4087 (SMAD2)	372,1556,418,1573
4193 (MDM2)	372,1497,418,1514
7157 (TP53)	569,1497,615,1514
5594 (MAPK1)	1334,156,1380,173
5595 (MAPK3)	1334,156,1380,173
4318 (MMP9)	1497,135,1543,152
5328 (PLAU)	1497,156,1543,173
5329 (PLAUR)	1497,177,1543,194
2549 (GAB1)	1237,350,1283,367
5290 (PIK3CA)	1325,350,1371,367
5291 (PIK3CB)	1325,350,1371,367
5293 (PIK3CD)	1325,350,1371,367
5295 (PIK3R1)	1325,350,1371,367
5296 (PIK3R2)	1325,350,1371,367
8503 (PIK3R3)	1325,350,1371,367
10000 (AKT3)	1595,350,1641,367
207 (AKT1)	1595,350,1641,367
208 (AKT2)	1595,350,1641,367
2885 (GRB2)	1237,384,1283,401
22800 (RRAS2)	1325,384,1371,401
22808 (MRAS)	1325,384,1371,401
3265 (HRAS)	1325,384,1371,401
3845 (KRAS)	1325,384,1371,401
4893 (NRAS)	1325,384,1371,401
6237 (RRAS)	1325,384,1371,401
369 (ARAF)	1412,384,1458,401
5894 (RAF1)	1412,384,1458,401
673 (BRAF)	1412,384,1458,401
5594 (MAPK1)	1595,384,1641,401
5595 (MAPK3)	1595,384,1641,401
1499 (CTNNB1)	1595,430,1641,447
84309 (NUDT16L1)	1237,772,1283,789
5829 (PXN)	1237,791,1283,808
5747 (PTK2)	1237,810,1283,827
6714 (SRC)	1237,848,1283,865
5578 (PRKCA)	1237,752,1283,769
1634 (DCN)	68,1115,114,1132
7097 (TLR2)	175,1105,221,1122
7099 (TLR4)	175,1125,221,1142
27250 (PDCD4)	661,1103,707,1120
7040 (TGFB1)	103,1065,149,1082
2064 (ERBB2)	175,1184,221,1201
2065 (ERBB3)	175,1184,221,1201
2066 (ERBB4)	175,1184,221,1201
4609 (MYC)	370,1164,416,1181
1499 (CTNNB1)	370,1184,416,1201
4233 (MET)	175,1259,221,1276
867 (CBL)	271,1259,317,1276
7078 (TIMP3)	661,1246,707,1263
7057 (THBS1)	661,1271,707,1288
4313 (MMP2)	661,1338,707,1355
4318 (MMP9)	661,1361,707,1378
7422 (VEGFA)	771,1349,817,1366
3091 (HIF1A)	370,1204,416,1221
7422 (VEGFA)	661,1195,707,1212
7124 (TNF)	661,1132,707,1149
3593 (IL12B)	711,1132,757,1149
7023 (TFAP4)	661,1164,707,1181
1026 (CDKN1A)	806,1163,852,1180
3479 (IGF1)	103,902,149,919
3480 (IGF1R)	175,902,221,919
5290 (PIK3CA)	271,902,317,919
5291 (PIK3CB)	271,902,317,919
5293 (PIK3CD)	271,902,317,919
5295 (PIK3R1)	271,902,317,919
5296 (PIK3R2)	271,902,317,919
8503 (PIK3R3)	271,902,317,919
10000 (AKT3)	370,888,416,905
207 (AKT1)	370,888,416,905
208 (AKT2)	370,888,416,905
5170 (PDPK1)	370,913,416,930
2475 (MTOR)	468,888,514,905
6198 (RPS6KB1)	567,902,613,919
6199 (RPS6KB2)	567,902,613,919
1975 (EIF4B)	661,893,707,910
6194 (RPS6)	661,912,707,929
356 (FASLG)	95,1449,141,1466
355 (FAS)	177,1448,223,1465
4060 (LUM)	93,1496,139,1513
7042 (TGFB2)	93,1557,139,1573
6382 (SDC1)	1149,156,1195,173
10855 (HPSE)	1067,131,1113,148
60495 (HPSE2)	1067,131,1113,148
6382 (SDC1)	1149,225,1195,242
1277 (COL1A1)	1067,188,1113,205
1278 (COL1A2)	1067,188,1113,205
3673 (ITGA2)	1149,188,1195,205
3688 (ITGB1)	1149,188,1195,205
3685 (ITGAV)	1149,251,1195,268
3690 (ITGB3)	1149,251,1195,268
3685 (ITGAV)	1149,335,1195,352
3693 (ITGB5)	1149,335,1195,352
3082 (HGF)	1067,362,1113,379
4233 (MET)	1149,362,1195,379
6382 (SDC1)	1149,393,1195,410
11211 (FZD10)	1149,429,1195,446
2535 (FZD2)	1149,429,1195,446
7855 (FZD5)	1149,429,1195,446
7976 (FZD3)	1149,429,1195,446
8321 (FZD1)	1149,429,1195,446
8322 (FZD4)	1149,429,1195,446
8323 (FZD6)	1149,429,1195,446
8324 (FZD7)	1149,429,1195,446
8325 (FZD8)	1149,429,1195,446
8326 (FZD9)	1149,429,1195,446
7471 (WNT1)	1067,429,1113,446
6383 (SDC2)	1149,592,1195,609
7430 (EZR)	1237,573,1283,590
5962 (RDX)	1237,592,1283,609
4478 (MSN)	1237,611,1283,628
60 (ACTB)	1325,592,1371,609
71 (ACTG1)	1325,592,1371,609
2247 (FGF2)	1067,706,1113,723
2260 (FGFR1)	1149,706,1195,723
6385 (SDC4)	1149,752,1195,769
3678 (ITGA5)	1149,848,1195,865
3688 (ITGB1)	1149,848,1195,865
2335 (FN1)	1067,801,1113,818
5594 (MAPK1)	1595,682,1641,699
5595 (MAPK3)	1595,682,1641,699
10818 (FRS2)	1237,682,1283,699
2885 (GRB2)	1325,673,1371,690
5781 (PTPN11)	1325,690,1371,707
6654 (SOS1)	1412,682,1458,699
6655 (SOS2)	1412,682,1458,699
22800 (RRAS2)	1497,682,1543,699
22808 (MRAS)	1497,682,1543,699
3265 (HRAS)	1497,682,1543,699
3845 (KRAS)	1497,682,1543,699
4893 (NRAS)	1497,682,1543,699
6237 (RRAS)	1497,682,1543,699
5335 (PLCG1)	1237,728,1283,745
5336 (PLCG2)	1237,728,1283,745
5578 (PRKCA)	1412,749,1458,766
5579 (PRKCB)	1412,749,1458,766
5582 (PRKCG)	1412,749,1458,766
2719 (GPC3)	1149,1195,1195,1212
11211 (FZD10)	1149,1159,1195,1176
2535 (FZD2)	1149,1159,1195,1176
7855 (FZD5)	1149,1159,1195,1176
7976 (FZD3)	1149,1159,1195,1176
8321 (FZD1)	1149,1159,1195,1176
8322 (FZD4)	1149,1159,1195,1176
8323 (FZD6)	1149,1159,1195,1176
8324 (FZD7)	1149,1159,1195,1176
8325 (FZD8)	1149,1159,1195,1176
8326 (FZD9)	1149,1159,1195,1176
3549 (IHH)	1067,1238,1113,1255
6469 (SHH)	1067,1238,1113,1255
5727 (PTCH1)	1149,1238,1195,1255
6608 (SMO)	1149,1282,1195,1299
3481 (IGF2)	1067,1087,1113,1104
3480 (IGF1R)	1149,1087,1195,1104
5594 (MAPK1)	1325,1087,1371,1104
5595 (MAPK3)	1325,1087,1371,1104
3339 (HSPG2)	1067,1442,1113,1459
3339 (HSPG2)	1067,1499,1113,1516
1514 (CTSL)	1041,1475,1087,1492
3673 (ITGA2)	1149,1441,1195,1458
3688 (ITGB1)	1149,1441,1195,1458
5566 (PRKACA)	1288,1465,1334,1482
5567 (PRKACB)	1288,1465,1334,1482
5568 (PRKACG)	1288,1465,1334,1482
5747 (PTK2)	1377,1465,1423,1482
1432 (MAPK14)	1458,1465,1504,1482
5600 (MAPK11)	1458,1465,1504,1482
5603 (MAPK13)	1458,1465,1504,1482
6300 (MAPK12)	1458,1465,1504,1482
3316 (HSPB2)	1543,1465,1589,1482
3791 (KDR)	1149,1581,1195,1598
7422 (VEGFA)	1067,1580,1113,1597
5777 (PTPN6)	1237,1419,1283,1436
3791 (KDR)	1149,1384,1195,1401
406991 (MIR21)	661,1065,707,1082
1499 (CTNNB1)	1497,1159,1543,1176
7448 (VTN)	1067,251,1113,268
2335 (FN1)	1067,335,1113,352
6382 (SDC1)	1149,290,1195,307
3678 (ITGA5)	1149,523,1195,540
3688 (ITGB1)	1149,523,1195,540
2335 (FN1)	1067,555,1113,572
117581 (TWIST2)	271,736,317,753
7291 (TWIST1)	271,736,317,753
406902 (MIR10A)	661,736,707,753
406903 (MIR10B)	661,736,707,753
3236 (HOXD10)	660,774,706,791
3673 (ITGA2)	1149,1530,1195,1547
3688 (ITGB1)	1149,1530,1195,1547
2719 (GPC3)	1149,1125,1195,1142
2817 (GPC1)	1149,973,1195,990
1839 (HBEGF)	1067,934,1113,951
1956 (EGFR)	1149,934,1195,951
2247 (FGF2)	1067,1009,1113,1026
2260 (FGFR1)	1149,1009,1195,1026
5594 (MAPK1)	1325,973,1371,990
5595 (MAPK3)	1325,973,1371,990
51384 (WNT16)	1067,1159,1113,1176
54361 (WNT4)	1067,1159,1113,1176
7471 (WNT1)	1067,1159,1113,1176
7472 (WNT2)	1067,1159,1113,1176
7473 (WNT3)	1067,1159,1113,1176
7474 (WNT5A)	1067,1159,1113,1176
7475 (WNT6)	1067,1159,1113,1176
7476 (WNT7A)	1067,1159,1113,1176
7477 (WNT7B)	1067,1159,1113,1176
7478 (WNT8A)	1067,1159,1113,1176
7479 (WNT8B)	1067,1159,1113,1176
7480 (WNT10B)	1067,1159,1113,1176
7481 (WNT11)	1067,1159,1113,1176
7482 (WNT2B)	1067,1159,1113,1176
7483 (WNT9A)	1067,1159,1113,1176
7484 (WNT9B)	1067,1159,1113,1176
80326 (WNT10A)	1067,1159,1113,1176
81029 (WNT5B)	1067,1159,1113,1176
89780 (WNT3A)	1067,1159,1113,1176
967 (CD63)	370,951,416,968
1956 (EGFR)	175,1014,221,1031
5594 (MAPK1)	271,1041,317,1058
5595 (MAPK3)	271,1041,317,1058
1026 (CDKN1A)	661,1040,707,1057
836 (CASP3)	271,1015,317,1032
1956 (EGFR)	214,945,260,962
857 (CAV1)	214,962,260,979
858 (CAV2)	214,962,260,979
859 (CAV3)	214,962,260,979
6382 (SDC1)	1149,455,1195,472
3791 (KDR)	871,1349,917,1366
hsa04810: Regulation of actin cytoskeleton	709,298,811,323
hsa04020: Calcium signaling pathway	545,548,642,573
hsa04010: MAPK signaling pathway	606,148,711,173
hsa04350: TGF-beta signaling pathway	426,1528,525,1553
hsa04010: MAPK signaling pathway	1462,398,1566,423
hsa04151: PI3K-Akt signaling pathway	1440,325,1542,350
hsa04310: Wnt signaling pathway	1295,425,1387,450
hsa04370: VEGF signaling pathway	749,1234,841,1259
hsa04066: HIF-1 signaling pathway	310,1228,402,1253
hsa05205: Proteoglycans in cancer	40,45,281,70
hsa04510: Focal adhesion	1297,560,1389,585
hsa04340: Hedgehog signaling pathway	1201,1249,1293,1274
hsa04310: Wnt signaling pathway	1278,1155,1370,1180
hsa04370: VEGF signaling pathway	1301,1578,1393,1603
hsa04210: Apoptosis	674,1470,766,1495
hsa04150: mTOR signaling pathway	711,871,803,896
hsa04520: Adherens junction	579,298,681,323
hsa04350: TGF-beta signaling pathway	270,1079,372,1104
hsa04210: Apoptosis	837,1011,929,1036
