C00965 (1,3-beta-D-Glucan)	104,265,4
C00159 (D-Mannose)	104,447,4
C01019 (6-Deoxy-L-galactose)	104,559,4
C00159 (D-Mannose)	104,362,4
C01245 (D-myo-Inositol 1,4,5-trisphosphate)	373,219,4
C00076 (Calcium cation)	559,205,4
C00027 (Hydrogen peroxide)	560,264,4
C16844 (Hydroxyl radical)	560,264,4
C21790 (Trehalose dimycolate)	104,767,4
C21791 (Rhodocytin)	104,828,4
C01245 (D-myo-Inositol 1,4,5-trisphosphate)	462,829,4
C00076 (Calcium cation)	652,814,4
C21790 (Trehalose dimycolate)	104,716,4
C00165 (Diacylglycerol)	374,328,4
C21790 (Trehalose dimycolate)	103,661,4
C00159 (D-Mannose)	103,676,4
C00584 (Prostaglandin E2)	1248,358,4
G13115 (Mannose-capped lipoarabinomannan)	104,380,4
G13115 (Mannose-capped lipoarabinomannan)	104,465,4
64581 (CLEC7A)	156,256,202,273
93978 (CLEC6A)	156,364,202,381
26253 (CLEC4E)	156,661,202,678
338339 (CLEC4D)	156,708,202,725
2207 (FCER1G)	156,381,202,398
10332 (CLEC4M)	156,450,202,467
30835 (CD209)	156,450,202,467
4046 (LSP1)	156,488,202,505
8844 (KSR1)	515,471,561,488
1263 (PLK3)	515,505,561,522
6714 (SRC)	361,516,407,533
4790 (NFKB1)	1123,505,1169,522
5894 (RAF1)	515,488,561,505
5058 (PAK1)	361,450,407,467
22800 (RRAS2)	361,488,407,505
22808 (MRAS)	361,488,407,505
3265 (HRAS)	361,488,407,505
3845 (KRAS)	361,488,407,505
4893 (NRAS)	361,488,407,505
6237 (RRAS)	361,488,407,505
5970 (RELA)	1123,488,1169,505
2207 (FCER1G)	156,678,202,695
2207 (FCER1G)	156,725,202,742
6850 (SYK)	253,256,299,273
51561 (IL23A)	1292,652,1338,669
5781 (PTPN11)	253,240,299,257
8517 (IKBKG)	783,312,829,329
1147 (CHUK)	783,329,829,346
3551 (IKBKB)	783,329,829,346
4790 (NFKB1)	957,330,1003,347
5970 (RELA)	957,313,1003,330
3592 (IL12A)	1243,141,1289,158
3593 (IL12B)	1243,141,1289,158
114548 (NLRP3)	608,256,654,273
834 (CASP1)	783,256,829,273
4046 (LSP1)	156,126,202,143
29108 (PYCARD)	654,256,700,273
3553 (IL1B)	956,227,1002,244
3553 (IL1B)	1243,290,1289,307
841 (CASP8)	783,284,829,301
29108 (PYCARD)	829,284,875,301
3569 (IL6)	1243,486,1289,503
3592 (IL12A)	1292,506,1338,523
3593 (IL12B)	1292,506,1338,523
23365 (ARHGEF12)	253,489,299,506
387 (RHOA)	253,450,299,467
10332 (CLEC4M)	156,552,202,569
30835 (CD209)	156,552,202,569
4046 (LSP1)	156,588,202,605
1540 (CYLD)	361,621,407,638
9641 (IKBKE)	361,556,407,573
6772 (STAT1)	515,556,561,573
6773 (STAT2)	1124,573,1170,590
6772 (STAT1)	1124,556,1170,573
10379 (IRF9)	1124,539,1170,556
53342 (IL17D)	1243,556,1289,573
602 (BCL3)	515,621,561,638
9261 (MAPKAPK2)	253,588,299,605
602 (BCL3)	1124,610,1170,627
4790 (NFKB1)	1124,627,1170,644
3586 (IL10)	1243,585,1289,602
3569 (IL6)	1243,632,1289,649
3592 (IL12A)	1243,652,1289,669
3593 (IL12B)	1243,652,1289,669
6850 (SYK)	253,382,299,399
5781 (PTPN11)	253,399,299,416
4790 (NFKB1)	957,451,1003,468
5970 (RELA)	957,434,1003,451
51561 (IL23A)	1292,434,1338,451
3569 (IL6)	1243,434,1289,451
3553 (IL1B)	1243,454,1289,471
4792 (NFKBIA)	886,442,932,459
4790 (NFKB1)	1124,452,1170,469
5970 (RELA)	1124,435,1170,452
6850 (SYK)	253,757,299,774
64170 (CARD9)	361,757,407,774
8915 (BCL10)	407,757,453,774
10892 (MALT1)	453,757,499,774
4790 (NFKB1)	957,765,1003,782
5970 (RELA)	957,748,1003,765
4792 (NFKBIA)	886,756,932,773
51561 (IL23A)	1292,747,1338,764
3569 (IL6)	1243,747,1289,764
3592 (IL12A)	1243,767,1289,784
3593 (IL12B)	1243,767,1289,784
3553 (IL1B)	1292,767,1338,784
4790 (NFKB1)	1124,765,1170,782
5970 (RELA)	1124,748,1170,765
22800 (RRAS2)	258,126,304,143
22808 (MRAS)	258,126,304,143
3265 (HRAS)	258,126,304,143
3845 (KRAS)	258,126,304,143
4893 (NRAS)	258,126,304,143
6237 (RRAS)	258,126,304,143
5580 (PRKCD)	444,320,490,337
4792 (NFKBIA)	887,320,933,337
5336 (PLCG2)	350,256,396,273
5594 (MAPK1)	444,256,490,273
5595 (MAPK3)	444,256,490,273
4772 (NFATC1)	956,197,1002,214
4773 (NFATC2)	956,197,1002,214
4775 (NFATC3)	956,197,1002,214
4776 (NFATC4)	956,197,1002,214
51561 (IL23A)	1292,330,1338,347
3558 (IL2)	1243,187,1289,204
5530 (PPP3CA)	782,197,828,214
5532 (PPP3CB)	782,197,828,214
5533 (PPP3CC)	782,197,828,214
5534 (PPP3R1)	782,197,828,214
5535 (PPP3R2)	782,197,828,214
3708 (ITPR1)	444,212,490,229
3709 (ITPR2)	444,212,490,229
3710 (ITPR3)	444,212,490,229
9020 (MAP3K14)	444,167,490,184
4790 (NFKB1)	1124,330,1170,347
5970 (RELA)	1124,313,1170,330
4772 (NFATC1)	1124,197,1170,214
4773 (NFATC2)	1124,197,1170,214
4775 (NFATC3)	1124,197,1170,214
4776 (NFATC4)	1124,197,1170,214
4790 (NFKB1)	725,505,771,522
5970 (RELA)	725,488,771,505
7124 (TNF)	1292,454,1338,471
3586 (IL10)	1243,506,1289,523
4790 (NFKB1)	725,598,771,615
868 (CBLB)	253,316,299,333
8517 (IKBKG)	783,434,829,451
1147 (CHUK)	783,451,829,468
3551 (IKBKB)	783,451,829,468
26253 (CLEC4E)	156,751,202,768
338339 (CLEC4D)	156,768,202,785
2207 (FCER1G)	156,785,202,802
6850 (SYK)	253,820,299,837
51266 (CLEC1B)	156,820,202,837
5336 (PLCG2)	361,820,407,837
4772 (NFATC1)	957,806,1003,823
4773 (NFATC2)	957,806,1003,823
4775 (NFATC3)	957,806,1003,823
4776 (NFATC4)	957,806,1003,823
3708 (ITPR1)	530,821,576,838
3709 (ITPR2)	530,821,576,838
3710 (ITPR3)	530,821,576,838
4772 (NFATC1)	1124,805,1170,822
4773 (NFATC2)	1124,805,1170,822
4775 (NFATC3)	1124,805,1170,822
4776 (NFATC4)	1124,805,1170,822
53342 (IL17D)	1243,805,1289,822
64170 (CARD9)	423,381,469,398
8915 (BCL10)	469,381,515,398
10892 (MALT1)	515,381,561,398
64170 (CARD9)	543,320,589,337
8915 (BCL10)	589,320,635,337
10892 (MALT1)	635,320,681,337
5894 (RAF1)	444,126,490,143
3592 (IL12A)	1292,310,1338,327
3593 (IL12B)	1292,310,1338,327
6850 (SYK)	253,678,299,695
64170 (CARD9)	361,678,407,695
8915 (BCL10)	407,678,453,695
10892 (MALT1)	453,678,499,695
5290 (PIK3CA)	639,678,685,695
5291 (PIK3CB)	639,678,685,695
5293 (PIK3CD)	639,678,685,695
5295 (PIK3R1)	639,678,685,695
5296 (PIK3R2)	639,678,685,695
8503 (PIK3R3)	639,678,685,695
10000 (AKT3)	783,678,829,695
207 (AKT1)	783,678,829,695
208 (AKT2)	783,678,829,695
4193 (MDM2)	957,678,1003,695
4193 (MDM2)	1124,678,1170,695
3659 (IRF1)	1124,693,1170,710
3592 (IL12A)	1243,686,1289,703
3593 (IL12B)	1243,686,1289,703
8517 (IKBKG)	639,748,685,765
1147 (CHUK)	639,765,685,782
3551 (IKBKB)	639,765,685,782
1147 (CHUK)	653,168,699,185
4791 (NFKB2)	782,168,828,185
5971 (RELB)	782,151,828,168
5970 (RELA)	1124,132,1170,149
5971 (RELB)	1124,149,1170,166
5970 (RELA)	957,126,1003,143
3553 (IL1B)	1292,141,1338,158
3569 (IL6)	1243,310,1289,327
4791 (NFKB2)	957,168,1003,185
5971 (RELB)	957,151,1003,168
163688 (CALML6)	653,197,699,214
51806 (CALML5)	653,197,699,214
801 (CALM1)	653,197,699,214
805 (CALM2)	653,197,699,214
808 (CALM3)	653,197,699,214
810 (CALML3)	653,197,699,214
91860 (CALML4)	653,197,699,214
5530 (PPP3CA)	828,806,874,823
5532 (PPP3CB)	828,806,874,823
5533 (PPP3CC)	828,806,874,823
5534 (PPP3R1)	828,806,874,823
5535 (PPP3R2)	828,806,874,823
163688 (CALML6)	718,806,764,823
51806 (CALML5)	718,806,764,823
801 (CALM1)	718,806,764,823
805 (CALM2)	718,806,764,823
808 (CALM3)	718,806,764,823
810 (CALML3)	718,806,764,823
91860 (CALML4)	718,806,764,823
3586 (IL10)	1243,330,1289,347
3586 (IL10)	1243,207,1289,224
7124 (TNF)	1292,290,1338,307
5743 (PTGS2)	1292,207,1338,224
6367 (CCL22)	1292,605,1338,622
6361 (CCL17)	1243,605,1289,622
1959 (EGR2)	1292,187,1338,204
1960 (EGR3)	1292,187,1338,204
1432 (MAPK14)	783,357,829,374
5600 (MAPK11)	783,357,829,374
5603 (MAPK13)	783,357,829,374
6300 (MAPK12)	783,357,829,374
5599 (MAPK8)	783,381,829,398
5601 (MAPK9)	783,381,829,398
5602 (MAPK10)	783,381,829,398
5594 (MAPK1)	783,405,829,422
5595 (MAPK3)	783,405,829,422
3592 (IL12A)	1243,381,1289,398
3593 (IL12B)	1243,381,1289,398
3725 (JUN)	1124,381,1170,398
3725 (JUN)	957,381,1003,398
hsa04625: C-type lectin receptor signaling pathway	40,45,393,70
hsa04659: Th17 cell differentiation	1366,369,1496,394
hsa04658: Th1 and Th2 cell differentiation	1360,688,1510,713
map00571: Lipoarabinomannan (LAM) biosynthesis	31,394,140,426
