C05981 (Phosphatidylinositol-3,4,5-trisphosphate)	580,167,4
C00584 (Prostaglandin E2)	203,726,4
C05981 (Phosphatidylinositol-3,4,5-trisphosphate)	579,497,4
C01245 (D-myo-Inositol 1,4,5-trisphosphate)	579,530,4
C00165 (Diacylglycerol)	580,577,4
C00076 (Calcium cation)	695,543,4
C01245 (D-myo-Inositol 1,4,5-trisphosphate)	581,991,4
C00165 (Diacylglycerol)	581,1036,4
C00076 (Calcium cation)	695,1003,4
C20640 (Cyclic GMP-AMP)	680,357,4
1978 (EIF4EBP1)	947,93,993,110
6198 (RPS6KB1)	947,119,993,136
6199 (RPS6KB2)	947,119,993,136
2475 (MTOR)	855,105,901,122
6009 (RHEB)	772,105,818,122
7249 (TSC2)	690,113,736,130
7248 (TSC1)	690,96,736,113
10000 (AKT3)	626,160,672,177
207 (AKT1)	626,160,672,177
208 (AKT2)	626,160,672,177
5290 (PIK3CA)	478,160,524,177
5291 (PIK3CB)	478,160,524,177
5293 (PIK3CD)	478,160,524,177
5295 (PIK3R1)	478,160,524,177
5296 (PIK3R2)	478,160,524,177
8503 (PIK3R3)	478,160,524,177
1956 (EGFR)	272,235,318,252
356 (FASLG)	183,1397,229,1414
1147 (CHUK)	731,193,777,210
3551 (IKBKB)	731,193,777,210
8517 (IKBKG)	731,193,777,210
4790 (NFKB1)	933,193,979,210
5970 (RELA)	933,193,979,210
2885 (GRB2)	387,235,433,252
6654 (SOS1)	480,235,526,252
6655 (SOS2)	480,235,526,252
3265 (HRAS)	573,235,619,252
3845 (KRAS)	573,235,619,252
4893 (NRAS)	573,235,619,252
5894 (RAF1)	666,235,712,252
5604 (MAP2K1)	759,235,805,252
5605 (MAP2K2)	759,235,805,252
5594 (MAPK1)	852,235,898,252
5595 (MAPK3)	852,235,898,252
3685 (ITGAV)	272,292,318,309
3690 (ITGB3)	272,309,318,326
7124 (TNF)	183,1345,229,1362
7132 (TNFRSF1A)	272,1345,318,1362
8772 (FADD)	383,1375,429,1392
841 (CASP8)	459,1375,505,1392
355 (FAS)	272,1397,318,1414
5156 (PDGFRA)	272,160,318,177
3105 (HLA-A)	757,1242,803,1259
3106 (HLA-B)	757,1242,803,1259
3107 (HLA-C)	757,1242,803,1259
3133 (HLA-E)	757,1242,803,1259
3134 (HLA-F)	757,1242,803,1259
3135 (HLA-G)	757,1242,803,1259
3105 (HLA-A)	272,1244,318,1261
3106 (HLA-B)	272,1244,318,1261
3107 (HLA-C)	272,1244,318,1261
3133 (HLA-E)	272,1244,318,1261
3134 (HLA-F)	272,1244,318,1261
3135 (HLA-G)	272,1244,318,1261
5743 (PTGS2)	1180,567,1226,584
8717 (TRADD)	306,1362,352,1379
1147 (CHUK)	731,430,777,447
3551 (IKBKB)	731,430,777,447
8517 (IKBKG)	731,430,777,447
10000 (AKT3)	622,489,667,506
207 (AKT1)	622,489,667,506
208 (AKT2)	622,489,667,506
4792 (NFKBIA)	826,430,872,447
4790 (NFKB1)	933,430,979,447
5970 (RELA)	933,430,979,447
581 (BAX)	613,1430,659,1447
578 (BAK1)	613,1452,659,1469
54205 (CYCS)	754,1441,800,1458
836 (CASP3)	908,1441,954,1458
7132 (TNFRSF1A)	272,403,318,420
6774 (STAT3)	697,813,743,830
10681 (GNB5)	387,489,433,506
2782 (GNB1)	387,489,433,506
2783 (GNB2)	387,489,433,506
2784 (GNB3)	387,489,433,506
2785 (GNG3)	387,489,433,506
2786 (GNG4)	387,489,433,506
2787 (GNG5)	387,489,433,506
2788 (GNG7)	387,489,433,506
2790 (GNG10)	387,489,433,506
2791 (GNG11)	387,489,433,506
2792 (GNGT1)	387,489,433,506
2793 (GNGT2)	387,489,433,506
51764 (GNG13)	387,489,433,506
54331 (GNG2)	387,489,433,506
55970 (GNG12)	387,489,433,506
59345 (GNB4)	387,489,433,506
94235 (GNG8)	387,489,433,506
4790 (NFKB1)	933,489,979,506
5970 (RELA)	933,489,979,506
842 (CASP9)	832,1441,878,1458
637 (BID)	531,1441,577,1458
3569 (IL6)	1235,507,1281,524
3576 (CXCL8)	1180,507,1226,524
7422 (VEGFA)	1180,835,1226,852
4772 (NFATC1)	933,557,979,574
4773 (NFATC2)	933,557,979,574
4775 (NFATC3)	933,557,979,574
4776 (NFATC4)	933,557,979,574
5530 (PPP3CA)	826,557,872,574
5532 (PPP3CB)	826,557,872,574
5533 (PPP3CC)	826,557,872,574
5534 (PPP3R1)	826,557,872,574
5535 (PPP3R2)	826,557,872,574
3708 (ITPR1)	622,550,668,567
3709 (ITPR2)	622,550,668,567
3710 (ITPR3)	622,550,668,567
1147 (CHUK)	731,489,777,506
3551 (IKBKB)	731,489,777,506
8517 (IKBKG)	731,489,777,506
4792 (NFKBIA)	826,489,872,506
5290 (PIK3CA)	480,489,526,506
5291 (PIK3CB)	480,489,526,506
5293 (PIK3CD)	480,489,526,506
5295 (PIK3R1)	480,489,526,506
5296 (PIK3R2)	480,489,526,506
8503 (PIK3R3)	480,489,526,506
163688 (CALML6)	731,557,777,574
51806 (CALML5)	731,557,777,574
801 (CALM1)	731,557,777,574
805 (CALM2)	731,557,777,574
808 (CALM3)	731,557,777,574
810 (CALML3)	731,557,777,574
91860 (CALML4)	731,557,777,574
23236 (PLCB1)	480,539,526,556
5330 (PLCB2)	480,539,526,556
5331 (PLCB3)	480,539,526,556
5332 (PLCB4)	480,539,526,556
2767 (GNA11)	387,539,433,556
2776 (GNAQ)	387,539,433,556
10672 (GNA13)	387,641,433,658
2768 (GNA12)	387,641,433,658
387 (RHOA)	573,641,619,658
6093 (ROCK1)	731,641,777,658
9475 (ROCK2)	731,641,777,658
6890 (TAP1)	757,1157,803,1174
6891 (TAP2)	757,1157,803,1174
6892 (TAPBP)	757,1174,803,1191
6347 (CCL2)	144,611,190,628
414062 (CCL3L3)	195,611,241,628
6348 (CCL3)	195,611,241,628
6349 (CCL3L1)	195,611,241,628
388372 (CCL4L1)	144,632,190,649
6351 (CCL4)	144,632,190,649
9560 (CCL4L2)	144,632,190,649
6352 (CCL5)	195,632,241,649
6376 (CX3CL1)	144,653,190,670
2770 (GNAI1)	387,609,433,626
2771 (GNAI2)	387,609,433,626
2773 (GNAI3)	387,609,433,626
2775 (GNAO1)	387,609,433,626
107 (ADCY1)	480,609,526,626
108 (ADCY2)	480,609,526,626
109 (ADCY3)	480,609,526,626
111 (ADCY5)	480,609,526,626
112 (ADCY6)	480,609,526,626
113 (ADCY7)	480,609,526,626
114 (ADCY8)	480,609,526,626
115 (ADCY9)	480,609,526,626
196883 (ADCY4)	480,609,526,626
5566 (PRKACA)	573,609,619,626
5567 (PRKACB)	573,609,619,626
5568 (PRKACG)	573,609,619,626
3570 (IL6R)	272,813,318,830
3716 (JAK1)	387,813,433,830
595 (CCND1)	1180,791,1226,808
5743 (PTGS2)	1180,813,1226,830
6714 (SRC)	387,301,433,318
5879 (RAC1)	480,301,526,318
5880 (RAC2)	480,301,526,318
5881 (RAC3)	480,301,526,318
387 (RHOA)	573,301,619,318
3576 (CXCL8)	1180,546,1226,563
3569 (IL6)	183,813,229,830
5731 (PTGER1)	272,719,318,736
5732 (PTGER2)	272,719,318,736
5733 (PTGER3)	272,719,318,736
5734 (PTGER4)	272,719,318,736
5566 (PRKACA)	574,686,620,703
5567 (PRKACB)	574,686,620,703
5568 (PRKACG)	574,686,620,703
1499 (CTNNB1)	858,710,904,727
2932 (GSK3B)	731,737,777,754
5290 (PIK3CA)	480,737,526,754
5291 (PIK3CB)	480,737,526,754
5293 (PIK3CD)	480,737,526,754
5295 (PIK3R1)	480,737,526,754
5296 (PIK3R2)	480,737,526,754
8503 (PIK3R3)	480,737,526,754
10000 (AKT3)	622,737,667,754
207 (AKT1)	622,737,667,754
208 (AKT2)	622,737,667,754
2770 (GNAI1)	387,714,433,731
2771 (GNAI2)	387,714,433,731
2773 (GNAI3)	387,714,433,731
2775 (GNAO1)	387,714,433,731
595 (CCND1)	1180,699,1226,716
4609 (MYC)	1180,722,1226,739
3554 (IL1R1)	272,464,318,481
7124 (TNF)	183,403,229,420
3553 (IL1B)	183,464,229,481
6352 (CCL5)	187,1254,233,1271
1230 (CCR1)	96,1254,142,1271
1232 (CCR3)	96,1254,142,1271
1234 (CCR5)	96,1254,142,1271
6387 (CXCL12)	183,1000,229,1017
7852 (CXCR4)	272,1000,318,1017
5747 (PTK2)	911,1007,957,1024
1398 (CRK)	911,1024,957,1041
1399 (CRKL)	911,1024,957,1041
9564 (BCAR1)	957,1007,1003,1024
5829 (PXN)	957,1024,1003,1041
5578 (PRKCA)	731,1015,777,1032
5579 (PRKCB)	731,1015,777,1032
5582 (PRKCG)	731,1015,777,1032
2185 (PTK2B)	820,1016,866,1033
23236 (PLCB1)	480,1000,526,1017
5330 (PLCB2)	480,1000,526,1017
5331 (PLCB3)	480,1000,526,1017
5332 (PLCB4)	480,1000,526,1017
3587 (IL10RA)	272,1073,318,1090
3588 (IL10RB)	272,1073,318,1090
3716 (JAK1)	387,1073,433,1090
6774 (STAT3)	697,1073,743,1090
3579 (CXCR2)	96,1077,142,1094
23236 (PLCB1)	480,851,526,868
5330 (PLCB2)	480,851,526,868
5331 (PLCB3)	480,851,526,868
5332 (PLCB4)	480,851,526,868
2767 (GNA11)	387,851,433,868
2776 (GNAQ)	387,851,433,868
2770 (GNAI1)	387,941,433,958
2771 (GNAI2)	387,941,433,958
2773 (GNAI3)	387,941,433,958
2775 (GNAO1)	387,941,433,958
387 (RHOA)	480,880,526,897
1432 (MAPK14)	751,880,797,897
5600 (MAPK11)	751,880,797,897
5603 (MAPK13)	751,880,797,897
6300 (MAPK12)	751,880,797,897
10488 (CREB3)	861,904,907,921
1385 (CREB1)	861,904,907,921
1386 (ATF2)	861,904,907,921
1388 (ATF6B)	861,904,907,921
148327 (CREB3L4)	861,904,907,921
468 (ATF4)	861,904,907,921
64764 (CREB3L2)	861,904,907,921
84699 (CREB3L3)	861,904,907,921
90993 (CREB3L1)	861,904,907,921
9586 (CREB5)	861,904,907,921
2778 (GNAS)	387,915,433,932
5608 (MAP2K6)	604,880,650,897
1029 (CDKN2A)	1231,1115,1277,1132
1026 (CDKN1A)	1101,1211,1147,1228
4193 (MDM2)	1149,1115,1195,1132
7157 (TP53)	1101,1145,1147,1162
1869 (E2F1)	1248,1284,1294,1301
1870 (E2F2)	1248,1284,1294,1301
1871 (E2F3)	1248,1284,1294,1301
5925 (RB1)	1248,1247,1294,1264
1019 (CDK4)	1165,1254,1211,1271
1021 (CDK6)	1165,1254,1211,1271
595 (CCND1)	1165,1237,1211,1254
1029 (CDKN2A)	1102,1279,1148,1296
2002 (ELK1)	1076,224,1122,241
6667 (SP1)	1076,247,1122,264
8737 (RIPK1)	480,406,526,423
8717 (TRADD)	526,406,572,423
7188 (TRAF5)	480,423,526,440
7186 (TRAF2)	526,423,572,440
6347 (CCL2)	1180,484,1226,501
6352 (CCL5)	1235,484,1281,501
1499 (CTNNB1)	858,642,904,659
11214 (AKAP13)	480,641,526,658
23365 (ARHGEF12)	480,641,526,658
9138 (ARHGEF1)	480,641,526,658
9826 (ARHGEF11)	480,641,526,658
2923 (PDIA3)	723,1196,769,1213
811 (CALR)	723,1213,769,1230
567 (B2M)	723,1268,769,1285
107 (ADCY1)	481,686,527,703
108 (ADCY2)	481,686,527,703
109 (ADCY3)	481,686,527,703
111 (ADCY5)	481,686,527,703
112 (ADCY6)	481,686,527,703
113 (ADCY7)	481,686,527,703
114 (ADCY8)	481,686,527,703
115 (ADCY9)	481,686,527,703
196883 (ADCY4)	481,686,527,703
10681 (GNB5)	387,737,433,754
2782 (GNB1)	387,737,433,754
2783 (GNB2)	387,737,433,754
2784 (GNB3)	387,737,433,754
2785 (GNG3)	387,737,433,754
2786 (GNG4)	387,737,433,754
2787 (GNG5)	387,737,433,754
2788 (GNG7)	387,737,433,754
2790 (GNG10)	387,737,433,754
2791 (GNG11)	387,737,433,754
2792 (GNGT1)	387,737,433,754
2793 (GNGT2)	387,737,433,754
51764 (GNG13)	387,737,433,754
54331 (GNG2)	387,737,433,754
55970 (GNG12)	387,737,433,754
59345 (GNB4)	387,737,433,754
94235 (GNG8)	387,737,433,754
10681 (GNB5)	387,880,433,897
2782 (GNB1)	387,880,433,897
2783 (GNB2)	387,880,433,897
2784 (GNB3)	387,880,433,897
2785 (GNG3)	387,880,433,897
2786 (GNG4)	387,880,433,897
2787 (GNG5)	387,880,433,897
2788 (GNG7)	387,880,433,897
2790 (GNG10)	387,880,433,897
2791 (GNG11)	387,880,433,897
2792 (GNGT1)	387,880,433,897
2793 (GNGT2)	387,880,433,897
51764 (GNG13)	387,880,433,897
54331 (GNG2)	387,880,433,897
55970 (GNG12)	387,880,433,897
59345 (GNB4)	387,880,433,897
94235 (GNG8)	387,880,433,897
107 (ADCY1)	480,922,526,939
108 (ADCY2)	480,922,526,939
109 (ADCY3)	480,922,526,939
111 (ADCY5)	480,922,526,939
112 (ADCY6)	480,922,526,939
113 (ADCY7)	480,922,526,939
114 (ADCY8)	480,922,526,939
115 (ADCY9)	480,922,526,939
196883 (ADCY4)	480,922,526,939
5566 (PRKACA)	573,922,619,939
5567 (PRKACB)	573,922,619,939
5568 (PRKACG)	573,922,619,939
10681 (GNB5)	387,1000,433,1017
2782 (GNB1)	387,1000,433,1017
2783 (GNB2)	387,1000,433,1017
2784 (GNB3)	387,1000,433,1017
2785 (GNG3)	387,1000,433,1017
2786 (GNG4)	387,1000,433,1017
2787 (GNG5)	387,1000,433,1017
2788 (GNG7)	387,1000,433,1017
2790 (GNG10)	387,1000,433,1017
2791 (GNG11)	387,1000,433,1017
2792 (GNGT1)	387,1000,433,1017
2793 (GNGT2)	387,1000,433,1017
51764 (GNG13)	387,1000,433,1017
54331 (GNG2)	387,1000,433,1017
55970 (GNG12)	387,1000,433,1017
59345 (GNB4)	387,1000,433,1017
94235 (GNG8)	387,1000,433,1017
3708 (ITPR1)	622,1010,668,1027
3709 (ITPR2)	622,1010,668,1027
3710 (ITPR3)	622,1010,668,1027
2778 (GNAS)	387,686,433,703
3456 (IFNB1)	1180,361,1226,378
3439 (IFNA1)	1180,339,1226,356
3440 (IFNA2)	1180,339,1226,356
3441 (IFNA4)	1180,339,1226,356
3442 (IFNA5)	1180,339,1226,356
3443 (IFNA6)	1180,339,1226,356
3444 (IFNA7)	1180,339,1226,356
3445 (IFNA8)	1180,339,1226,356
3446 (IFNA10)	1180,339,1226,356
3447 (IFNA13)	1180,339,1226,356
3448 (IFNA14)	1180,339,1226,356
3449 (IFNA16)	1180,339,1226,356
3451 (IFNA17)	1180,339,1226,356
3452 (IFNA21)	1180,339,1226,356
29110 (TBK1)	826,349,872,366
3661 (IRF3)	980,349,1026,366
115004 (CGAS)	573,349,619,366
340061 (TMEM173)	731,349,777,366
hsa05163: Human cytomegalovirus infection	40,45,365,70
hsa04064: NF-kappa B signaling pathway	938,154,1048,188
hsa04630: JAK-STAT signaling pathway	522,782,642,816
hsa04151: PI3K-Akt signaling pathway	539,117,663,151
hsa04612: Antigen processing and presentation	365,1258,479,1292
hsa04150: mTOR signaling pathway	748,70,901,95
hsa04210: Apoptosis	396,1444,505,1469
hsa04010: MAPK signaling pathway	904,249,1012,283
hsa04810: Regulation of actin cytoskeleton	696,269,820,303
hsa03050: Proteasome	883,1183,992,1208
hsa00590: Arachidonic acid metabolism	1073,627,1197,661
hsa04110: Cell cycle	1333,1222,1435,1256
hsa04668: TNF signaling pathway	317,427,470,452
hsa04623: Cytosolic DNA-sensing pathway	355,344,479,378
