C00238 (Potassium cation)	317,598,4
C01245 (D-myo-Inositol 1,4,5-trisphosphate)	406,669,4
C00076 (Calcium cation)	617,667,4
C00002 (ATP)	161,596,4
C00076 (Calcium cation)	161,640,4
C00155 (L-Homocysteine)	161,822,4
C00533 (Nitric oxide)	804,731,4
C00076 (Calcium cation)	161,668,4
29108 (PYCARD)	824,1102,870,1119
834 (CASP1)	895,1102,942,1119
29108 (PYCARD)	825,1020,871,1037
834 (CASP1)	896,1020,943,1037
29108 (PYCARD)	824,1185,870,1202
834 (CASP1)	895,1185,942,1202
29108 (PYCARD)	825,664,871,681
834 (CASP1)	896,664,943,681
10392 (NOD1)	305,149,351,166
64127 (NOD2)	305,319,351,336
8767 (RIPK2)	595,319,641,336
1147 (CHUK)	824,158,870,175
3551 (IKBKB)	824,158,870,175
6885 (MAP3K7)	824,303,870,320
10454 (TAB1)	824,320,870,337
23118 (TAB2)	824,320,870,337
257397 (TAB3)	824,320,870,337
22861 (NLRP1)	753,485,799,502
114548 (NLRP3)	753,663,799,680
29108 (PYCARD)	824,485,870,502
834 (CASP1)	895,485,942,502
3553 (IL1B)	1133,1034,1179,1051
3606 (IL18)	1133,1054,1179,1071
22900 (CARD8)	791,703,837,720
58484 (NLRC4)	754,1020,800,1037
10910 (SUGT1)	742,743,788,760
3320 (HSP90AA1)	742,760,788,777
3326 (HSP90AB1)	742,760,788,777
834 (CASP1)	1036,969,1082,986
5599 (MAPK8)	974,302,1020,319
5601 (MAPK9)	974,302,1020,319
5602 (MAPK10)	974,302,1020,319
5594 (MAPK1)	974,282,1020,299
5595 (MAPK3)	974,282,1020,299
1432 (MAPK14)	974,322,1020,339
5600 (MAPK11)	974,322,1020,339
5603 (MAPK13)	974,322,1020,339
6300 (MAPK12)	974,322,1020,339
152138 (PYDC2)	843,723,889,740
4210 (MEFV)	843,743,889,760
9051 (PSTPIP1)	843,760,889,777
3553 (IL1B)	1132,909,1178,926
3606 (IL18)	1132,929,1178,946
4671 (NAIP)	595,1020,641,1037
3553 (IL1B)	1706,1033,1752,1050
3606 (IL18)	1706,1053,1752,1070
9447 (AIM2)	753,1102,799,1119
7158 (TP53BP1)	753,1140,799,1157
5027 (P2RX7)	216,603,262,620
51393 (TRPV2)	216,632,262,649
54822 (TRPM7)	216,632,262,649
7226 (TRPM2)	216,632,262,649
24145 (PANX1)	216,574,262,591
4790 (NFKB1)	1453,956,1499,973
5970 (RELA)	1453,956,1499,973
3553 (IL1B)	1255,909,1301,926
3606 (IL18)	1255,929,1301,946
3725 (JUN)	1259,303,1305,320
8517 (IKBKG)	824,141,870,158
7187 (TRAF3)	824,382,870,399
29110 (TBK1)	974,366,1020,383
9641 (IKBKE)	974,383,1020,400
3661 (IRF3)	1121,383,1167,400
3665 (IRF7)	1121,383,1167,400
51135 (IRAK4)	1453,764,1499,781
91662 (NLRP12)	1545,956,1591,973
222545 (GPRC6A)	216,660,262,677
846 (CASR)	216,660,262,677
3708 (ITPR1)	451,661,497,678
3709 (ITPR2)	451,661,497,678
3710 (ITPR3)	451,661,497,678
23236 (PLCB1)	305,660,351,677
5330 (PLCB2)	305,660,351,677
5331 (PLCB3)	305,660,351,677
5332 (PLCB4)	305,660,351,677
4210 (MEFV)	753,1185,799,1202
3716 (JAK1)	1545,601,1591,618
7297 (TYK2)	1545,618,1591,635
6772 (STAT1)	1453,610,1499,627
6773 (STAT2)	1453,610,1499,627
837 (CASP4)	1250,610,1302,627
79792 (GSDMD)	1071,658,1117,675
7099 (TLR4)	1638,740,1684,757
4615 (MYD88)	1545,772,1591,789
3454 (IFNAR1)	1638,610,1684,627
3455 (IFNAR2)	1638,610,1684,627
118429 (ANTXR2)	216,485,262,502
84168 (ANTXR1)	216,485,262,502
64127 (NOD2)	305,387,351,404
115362 (GBP5)	474,1087,520,1104
2634 (GBP2)	474,1087,520,1104
387 (RHOA)	441,1185,487,1202
837 (CASP4)	1120,610,1166,627
3439 (IFNA1)	1453,383,1499,400
3440 (IFNA2)	1453,383,1499,400
3441 (IFNA4)	1453,383,1499,400
3442 (IFNA5)	1453,383,1499,400
3443 (IFNA6)	1453,383,1499,400
3444 (IFNA7)	1453,383,1499,400
3445 (IFNA8)	1453,383,1499,400
3446 (IFNA10)	1453,383,1499,400
3447 (IFNA13)	1453,383,1499,400
3448 (IFNA14)	1453,383,1499,400
3449 (IFNA16)	1453,383,1499,400
3451 (IFNA17)	1453,383,1499,400
3452 (IFNA21)	1453,383,1499,400
3456 (IFNB1)	1453,383,1499,400
57506 (MAVS)	557,755,603,772
7416 (VDAC1)	595,682,641,699
7417 (VDAC2)	595,682,641,699
7419 (VDAC3)	595,682,641,699
90550 (MCU)	595,708,641,725
10910 (SUGT1)	361,184,407,201
55914 (ERBIN)	361,291,407,308
148022 (TICAM1)	1545,708,1591,725
140609 (NEK7)	742,703,788,720
115361 (GBP4)	1121,508,1167,525
115362 (GBP5)	1121,508,1167,525
2633 (GBP1)	1121,508,1167,525
2634 (GBP2)	1121,508,1167,525
2635 (GBP3)	1121,508,1167,525
388646 (GBP7)	1121,508,1167,525
79184 (BRCC3)	742,723,788,740
100506742 (CASP12)	944,703,990,720
7189 (TRAF6)	1453,781,1499,798
4792 (NFKBIA)	1453,918,1499,935
4793 (NFKBIB)	1453,918,1499,935
3661 (IRF3)	1453,708,1499,725
3665 (IRF7)	1453,708,1499,725
107181291 (PYDC5)	802,1140,848,1157
260434 (PYDC1)	843,703,889,720
10628 (TXNIP)	595,817,641,834
329 (BIRC2)	595,257,641,274
330 (BIRC3)	595,257,641,274
331 (XIAP)	595,278,641,295
25828 (TXN2)	595,834,641,851
7295 (TXN)	595,834,641,851
57506 (MAVS)	595,387,641,404
10616 (RBCK1)	595,190,641,207
55072 (RNF31)	595,190,641,207
81858 (SHARPIN)	595,190,641,207
55054 (ATG16L1)	305,217,351,234
11337 (GABARAP)	388,234,434,251
11345 (GABARAPL2)	388,234,434,251
23710 (GABARAPL1)	388,234,434,251
4790 (NFKB1)	974,196,1020,213
5970 (RELA)	974,196,1020,213
9140 (ATG12)	305,251,351,268
9474 (ATG5)	305,234,351,251
10010 (TANK)	974,400,1020,417
1536 (CYBB)	216,817,262,834
1535 (CYBA)	216,834,262,851
10135 (NAMPT)	118,834,164,851
1147 (CHUK)	1453,857,1499,874
3551 (IKBKB)	1453,857,1499,874
8517 (IKBKG)	1453,840,1499,857
29108 (PYCARD)	824,1234,870,1251
834 (CASP1)	895,1234,942,1251
3428 (IFI16)	753,1234,799,1251
340061 (TMEM173)	1545,1147,1591,1164
29110 (TBK1)	1545,1103,1591,1120
3661 (IRF3)	1453,1093,1499,1110
3665 (IRF7)	1453,1093,1499,1110
64127 (NOD2)	791,524,837,541
3428 (IFI16)	704,1140,750,1157
29108 (PYCARD)	824,871,870,888
834 (CASP1)	895,871,942,888
171389 (NLRP6)	753,871,799,888
29108 (PYCARD)	824,920,870,937
834 (CASP1)	895,920,942,937
199713 (NLRP7)	753,920,799,937
29108 (PYCARD)	824,969,870,986
834 (CASP1)	895,969,942,986
91662 (NLRP12)	753,969,799,986
7128 (TNFAIP3)	693,278,739,295
84674 (CARD6)	644,190,690,207
7205 (TRIP6)	644,211,690,228
7186 (TRAF2)	644,278,690,295
7188 (TRAF5)	644,278,690,295
7189 (TRAF6)	644,278,690,295
79671 (NLRX1)	595,350,641,367
64170 (CARD9)	644,257,690,274
8767 (RIPK2)	595,149,641,166
331 (XIAP)	595,211,641,228
4792 (NFKBIA)	974,159,1020,176
4793 (NFKBIB)	974,159,1020,176
10379 (IRF9)	1453,587,1499,604
114769 (CARD16)	944,723,990,740
440068 (CARD17)	944,723,990,740
59082 (CARD18)	944,723,990,740
5580 (PRKCD)	754,1064,800,1081
838 (CASP5)	1071,610,1117,627
841 (CASP8)	895,703,941,720
8772 (FADD)	895,720,941,737
596 (BCL2)	742,524,788,541
598 (BCL2L1)	742,544,788,561
55669 (MFN1)	595,787,641,804
9927 (MFN2)	595,787,641,804
3428 (IFI16)	1234,1185,1280,1202
29108 (PYCARD)	1295,1234,1341,1251
834 (CASP1)	1356,1234,1403,1251
3428 (IFI16)	1234,1234,1280,1251
56919 (DHX33)	511,755,557,772
11035 (RIPK3)	305,779,351,796
8737 (RIPK1)	305,779,351,796
10059 (DNM1L)	383,779,429,796
1508 (CTSB)	595,538,641,555
114548 (NLRP3)	1256,994,1302,1011
4938 (OAS1)	383,708,429,725
4939 (OAS2)	383,708,429,725
4940 (OAS3)	383,708,429,725
6041 (RNASEL)	511,708,557,725
3606 (IL18)	1502,202,1548,219
3569 (IL6)	1453,222,1499,239
7124 (TNF)	1502,222,1548,239
3576 (CXCL8)	1454,250,1500,267
2919 (CXCL1)	1503,250,1549,267
2920 (CXCL2)	1503,250,1549,267
2921 (CXCL3)	1503,250,1549,267
6347 (CCL2)	1454,270,1500,287
6352 (CCL5)	1503,270,1549,287
4790 (NFKB1)	1453,1114,1499,1131
5970 (RELA)	1453,1114,1499,1131
3428 (IFI16)	1453,1147,1499,1164
3553 (IL1B)	1453,202,1499,219
3439 (IFNA1)	1722,609,1768,626
3440 (IFNA2)	1722,609,1768,626
3441 (IFNA4)	1722,609,1768,626
3442 (IFNA5)	1722,609,1768,626
3443 (IFNA6)	1722,609,1768,626
3444 (IFNA7)	1722,609,1768,626
3445 (IFNA8)	1722,609,1768,626
3446 (IFNA10)	1722,609,1768,626
3447 (IFNA13)	1722,609,1768,626
3448 (IFNA14)	1722,609,1768,626
3449 (IFNA16)	1722,609,1768,626
3451 (IFNA17)	1722,609,1768,626
3452 (IFNA21)	1722,609,1768,626
3456 (IFNB1)	1722,609,1768,626
3439 (IFNA1)	1256,709,1302,726
3440 (IFNA2)	1256,709,1302,726
3441 (IFNA4)	1256,709,1302,726
3442 (IFNA5)	1256,709,1302,726
3443 (IFNA6)	1256,709,1302,726
3444 (IFNA7)	1256,709,1302,726
3445 (IFNA8)	1256,709,1302,726
3446 (IFNA10)	1256,709,1302,726
3447 (IFNA13)	1256,709,1302,726
3448 (IFNA14)	1256,709,1302,726
3449 (IFNA16)	1256,709,1302,726
3451 (IFNA17)	1256,709,1302,726
3452 (IFNA21)	1256,709,1302,726
3456 (IFNB1)	1256,709,1302,726
3439 (IFNA1)	1133,1103,1179,1120
3440 (IFNA2)	1133,1103,1179,1120
3441 (IFNA4)	1133,1103,1179,1120
3442 (IFNA5)	1133,1103,1179,1120
3443 (IFNA6)	1133,1103,1179,1120
3444 (IFNA7)	1133,1103,1179,1120
3445 (IFNA8)	1133,1103,1179,1120
3446 (IFNA10)	1133,1103,1179,1120
3447 (IFNA13)	1133,1103,1179,1120
3448 (IFNA14)	1133,1103,1179,1120
3449 (IFNA16)	1133,1103,1179,1120
3451 (IFNA17)	1133,1103,1179,1120
3452 (IFNA21)	1133,1103,1179,1120
3456 (IFNB1)	1133,1103,1179,1120
820 (CAMP)	1454,297,1500,314
100289462 (DEFB4B)	1503,297,1549,314
1667 (DEFA1)	1503,297,1549,314
1668 (DEFA3)	1503,297,1549,314
1669 (DEFA4)	1503,297,1549,314
1670 (DEFA5)	1503,297,1549,314
1671 (DEFA6)	1503,297,1549,314
1673 (DEFB4A)	1503,297,1549,314
414325 (DEFB103A)	1503,297,1549,314
55894 (DEFB103B)	1503,297,1549,314
728358 (DEFA1B)	1503,297,1549,314
5585 (PKN1)	570,1185,616,1202
5586 (PKN2)	570,1185,616,1202
7531 (YWHAE)	651,1213,697,1230
map03070: Bacterial secretion system	77,1040,168,1068
hsa04621: NOD-like receptor signaling pathway	40,45,356,70
hsa04010: MAPK signaling pathway	1052,280,1191,299
hsa04064: NF-kappa B signaling pathway	1044,211,1205,233
map00550: Peptidoglycan biosynthesis	135,225,215,256
hsa04140: Autophagy - animal	471,231,536,253
hsa04620: Toll-like receptor signaling pathway	1519,836,1619,872
