662 (BNIP1)	296,657,342,674
55850 (USE1)	296,640,342,657
53407 (STX18)	296,623,342,640
55014 (STX17)	198,623,244,640
10282 (BET1)	176,576,222,593
51272 (BET1L)	176,576,222,593
10652 (YKT6)	272,494,318,511
9527 (GOSR1)	272,477,318,494
6811 (STX5)	272,460,318,477
9554 (SEC22B)	223,494,269,511
9570 (GOSR2)	223,477,269,494
6811 (STX5)	223,460,269,477
9342 (SNAP29)	272,383,318,400
10228 (STX6)	223,403,269,420
8677 (STX10)	223,403,269,420
8675 (STX16)	223,383,269,400
415117 (STX19)	223,363,269,380
8676 (STX11)	223,363,269,380
10652 (YKT6)	394,325,440,342
10490 (VTI1B)	482,299,528,316
143187 (VTI1A)	482,299,528,316
9482 (STX8)	482,282,528,299
8417 (STX7)	482,265,528,282
8674 (VAMP4)	339,125,385,142
10791 (VAMP5)	324,96,370,113
8773 (SNAP23)	258,93,304,110
8773 (SNAP23)	96,130,142,147
112755 (STX1B)	213,93,259,110
2054 (STX2)	213,93,259,110
6804 (STX1A)	213,93,259,110
6809 (STX3)	213,93,259,110
6810 (STX4)	213,93,259,110
112755 (STX1B)	51,130,97,147
2054 (STX2)	51,130,97,147
6804 (STX1A)	51,130,97,147
6809 (STX3)	51,130,97,147
6810 (STX4)	51,130,97,147
9554 (SEC22B)	361,576,407,593
8674 (VAMP4)	240,197,286,214
8673 (VAMP8)	103,254,149,271
6843 (VAMP1)	91,231,137,248
6844 (VAMP2)	91,231,137,248
9341 (VAMP3)	91,231,137,248
6845 (VAMP7)	382,281,428,298
8675 (STX16)	402,148,448,165
10228 (STX6)	402,165,448,182
8677 (STX10)	402,165,448,182
10490 (VTI1B)	402,182,448,199
143187 (VTI1A)	402,182,448,199
hsa04130: SNARE interactions in vesicular transport	40,45,415,70
