C00025 (L-Glutamate)	93,523,4
C01245 (D-myo-Inositol 1,4,5-trisphosphate)	380,521,4
C00076 (Calcium cation)	273,570,4
100532726 (NDUFC2-KCTD14)	577,656,623,673
126328 (NDUFA11)	577,656,623,673
374291 (NDUFS7)	577,656,623,673
4694 (NDUFA1)	577,656,623,673
4695 (NDUFA2)	577,656,623,673
4696 (NDUFA3)	577,656,623,673
4697 (NDUFA4)	577,656,623,673
4698 (NDUFA5)	577,656,623,673
4700 (NDUFA6)	577,656,623,673
4701 (NDUFA7)	577,656,623,673
4702 (NDUFA8)	577,656,623,673
4704 (NDUFA9)	577,656,623,673
4705 (NDUFA10)	577,656,623,673
4706 (NDUFAB1)	577,656,623,673
4707 (NDUFB1)	577,656,623,673
4708 (NDUFB2)	577,656,623,673
4709 (NDUFB3)	577,656,623,673
4710 (NDUFB4)	577,656,623,673
4711 (NDUFB5)	577,656,623,673
4712 (NDUFB6)	577,656,623,673
4713 (NDUFB7)	577,656,623,673
4714 (NDUFB8)	577,656,623,673
4715 (NDUFB9)	577,656,623,673
4716 (NDUFB10)	577,656,623,673
4717 (NDUFC1)	577,656,623,673
4718 (NDUFC2)	577,656,623,673
4719 (NDUFS1)	577,656,623,673
4720 (NDUFS2)	577,656,623,673
4722 (NDUFS3)	577,656,623,673
4723 (NDUFV1)	577,656,623,673
4724 (NDUFS4)	577,656,623,673
4725 (NDUFS5)	577,656,623,673
4726 (NDUFS6)	577,656,623,673
4728 (NDUFS8)	577,656,623,673
4729 (NDUFV2)	577,656,623,673
4731 (NDUFV3)	577,656,623,673
51079 (NDUFA13)	577,656,623,673
54539 (NDUFB11)	577,656,623,673
55967 (NDUFA12)	577,656,623,673
56901 (NDUFA4L2)	577,656,623,673
6389 (SDHA)	577,686,623,703
6390 (SDHB)	577,686,623,703
6391 (SDHC)	577,686,623,703
6392 (SDHD)	577,686,623,703
10975 (UQCR11)	577,716,623,733
1537 (CYC1)	577,716,623,733
27089 (UQCRQ)	577,716,623,733
29796 (UQCR10)	577,716,623,733
440567 (UQCRHL)	577,716,623,733
4519 (CYTB)	577,716,623,733
7381 (UQCRB)	577,716,623,733
7384 (UQCRC1)	577,716,623,733
7385 (UQCRC2)	577,716,623,733
7386 (UQCRFS1)	577,716,623,733
7388 (UQCRH)	577,716,623,733
125965 (COX6B2)	577,746,623,763
1327 (COX4I1)	577,746,623,763
1329 (COX5B)	577,746,623,763
1337 (COX6A1)	577,746,623,763
1339 (COX6A2)	577,746,623,763
1340 (COX6B1)	577,746,623,763
1345 (COX6C)	577,746,623,763
1346 (COX7A1)	577,746,623,763
1347 (COX7A2)	577,746,623,763
1349 (COX7B)	577,746,623,763
1350 (COX7C)	577,746,623,763
1351 (COX8A)	577,746,623,763
170712 (COX7B2)	577,746,623,763
341947 (COX8C)	577,746,623,763
4512 (COX1)	577,746,623,763
4513 (COX2)	577,746,623,763
4514 (COX3)	577,746,623,763
84701 (COX4I2)	577,746,623,763
9167 (COX7A2L)	577,746,623,763
9377 (COX5A)	577,746,623,763
10476 (ATP5PD)	577,776,623,793
4508 (ATP6)	577,776,623,793
4509 (ATP8)	577,776,623,793
498 (ATP5F1A)	577,776,623,793
506 (ATP5F1B)	577,776,623,793
509 (ATP5F1C)	577,776,623,793
513 (ATP5F1D)	577,776,623,793
514 (ATP5F1E)	577,776,623,793
515 (ATP5PB)	577,776,623,793
516 (ATP5MC1)	577,776,623,793
517 (ATP5MC2)	577,776,623,793
518 (ATP5MC3)	577,776,623,793
522 (ATP5PF)	577,776,623,793
539 (ATP5PO)	577,776,623,793
3064 (HTT)	769,194,815,211
3064 (HTT)	597,210,643,227
3064 (HTT)	202,626,248,643
3064 (HTT)	488,685,534,702
3064 (HTT)	587,65,633,82
5978 (REST)	617,108,663,125
5978 (REST)	745,111,791,128
23186 (RCOR1)	791,94,837,111
25942 (SIN3A)	745,94,791,111
3065 (HDAC1)	791,111,837,128
3066 (HDAC2)	791,111,837,128
627 (BDNF)	549,154,595,171
9001 (HAP1)	551,210,597,227
1387 (CREBBP)	789,177,835,194
2033 (EP300)	789,177,835,194
246721 (POLR2J2)	850,139,896,156
5430 (POLR2A)	850,139,896,156
5431 (POLR2B)	850,139,896,156
5432 (POLR2C)	850,139,896,156
5433 (POLR2D)	850,139,896,156
5434 (POLR2E)	850,139,896,156
5435 (POLR2F)	850,139,896,156
5436 (POLR2G)	850,139,896,156
5437 (POLR2H)	850,139,896,156
5438 (POLR2I)	850,139,896,156
5439 (POLR2J)	850,139,896,156
5440 (POLR2K)	850,139,896,156
5441 (POLR2L)	850,139,896,156
548644 (POLR2J3)	850,139,896,156
2902 (GRIN1)	141,561,187,578
2904 (GRIN2B)	141,561,187,578
1742 (DLG4)	192,609,238,626
2776 (GNAQ)	222,477,268,494
2915 (GRM5)	141,477,187,494
23236 (PLCB1)	303,477,349,494
5330 (PLCB2)	303,477,349,494
5331 (PLCB3)	303,477,349,494
5332 (PLCB4)	303,477,349,494
3708 (ITPR1)	396,561,442,578
3064 (HTT)	345,595,391,612
10105 (PPIF)	758,819,804,836
291 (SLC25A4)	758,819,804,836
292 (SLC25A5)	758,819,804,836
293 (SLC25A6)	758,819,804,836
7416 (VDAC1)	758,819,804,836
7417 (VDAC2)	758,819,804,836
7419 (VDAC3)	758,819,804,836
83447 (SLC25A31)	758,819,804,836
54205 (CYCS)	758,854,804,871
6874 (TAF4)	848,228,894,245
6875 (TAF4B)	848,228,894,245
7019 (TFAM)	476,440,522,457
4899 (NRF1)	529,440,575,457
6648 (SOD2)	529,476,575,493
2876 (GPX1)	585,476,631,493
7350 (UCP1)	476,515,522,532
6647 (SOD1)	476,476,522,493
3064 (HTT)	725,521,771,538
387332 (TBPL2)	783,251,829,268
6908 (TBP)	783,251,829,268
9519 (TBPL1)	783,251,829,268
7157 (TP53)	745,504,791,521
3064 (HTT)	764,268,810,285
1211 (CLTA)	237,169,283,186
1212 (CLTB)	237,169,283,186
1213 (CLTC)	237,169,283,186
8218 (CLTCL1)	237,169,283,186
1173 (AP2M1)	283,177,329,194
1175 (AP2S1)	283,177,329,194
160 (AP2A1)	283,177,329,194
161 (AP2A2)	283,177,329,194
163 (AP2B1)	283,177,329,194
3064 (HTT)	354,169,400,186
3092 (HIP1)	283,160,329,177
3092 (HIP1)	302,351,348,368
55081 (IFT57)	302,368,348,385
841 (CASP8)	302,385,348,402
3064 (HTT)	249,319,295,336
836 (CASP3)	381,385,427,402
10540 (DCTN2)	551,193,597,210
1639 (DCTN1)	551,193,597,210
51164 (DCTN4)	551,193,597,210
10126 (DNAL4)	531,227,577,244
127602 (DNAH14)	531,227,577,244
146754 (DNAH2)	531,227,577,244
1767 (DNAH5)	531,227,577,244
1768 (DNAH6)	531,227,577,244
1769 (DNAH8)	531,227,577,244
1770 (DNAH9)	531,227,577,244
196385 (DNAH10)	531,227,577,244
201625 (DNAH12)	531,227,577,244
25981 (DNAH1)	531,227,577,244
27019 (DNAI1)	531,227,577,244
55567 (DNAH3)	531,227,577,244
56171 (DNAH7)	531,227,577,244
64446 (DNAI2)	531,227,577,244
7802 (DNALI1)	531,227,577,244
83544 (DNAL1)	531,227,577,244
8632 (DNAH17)	531,227,577,244
8701 (DNAH11)	531,227,577,244
7052 (TGM2)	350,681,396,698
317 (APAF1)	758,888,804,905
842 (CASP9)	848,873,894,890
836 (CASP3)	920,873,966,890
10488 (CREB3)	786,349,832,366
1385 (CREB1)	786,349,832,366
148327 (CREB3L4)	786,349,832,366
64764 (CREB3L2)	786,349,832,366
84699 (CREB3L3)	786,349,832,366
90993 (CREB3L1)	786,349,832,366
9586 (CREB5)	786,349,832,366
3064 (HTT)	768,366,814,383
6874 (TAF4)	813,366,859,383
6875 (TAF4B)	813,366,859,383
10891 (PPARGC1A)	611,393,657,410
5468 (PPARG)	744,452,790,469
581 (BAX)	615,548,661,565
27113 (BBC3)	615,571,661,588
6667 (SP1)	831,299,877,316
3064 (HTT)	813,316,859,333
3064 (HTT)	330,304,376,321
hsa05016: Huntington disease	40,45,232,70
hsa04020: Calcium signaling pathway	224,434,340,468
hsa00190: Oxidative phosphorylation	422,644,542,678
hsa04210: Apoptosis	930,831,1046,856
hsa04115: p53 signaling pathway	801,519,921,553
hsa03050: Proteasome	488,348,604,373
hsa03022: Basal transcription factors	762,46,878,80
hsa03020: RNA polymerase	893,46,1009,80
hsa04724: Glutamatergic synapse	43,585,135,619
