C03577 (20-Hydroxyleukotriene E4)	423,122,4
C14811 (Trioxilin B3)	1227,469,4
C14809 (Trioxilin A3)	1177,469,4
C14810 (Hepoxilin B3)	1227,403,4
C14808 (Hepoxilin A3)	1177,403,4
C14807 (12-OxoETE)	1227,230,4
C14777 (12(S)-HETE)	1126,231,4
C14812 (12(R)-HPETE)	1071,284,4
C14822 (12(R)-HETE)	1071,230,4
C14820 (11(R)-HPETE)	1011,284,4
C14780 (11(R)-HETE)	1011,230,4
C14821 (9(S)-HPETE)	954,284,4
C14779 (9(S)-HETE)	954,230,4
C14823 (8(S)-HPETE)	895,284,4
C14776 (8(S)-HETE)	895,230,4
C04822 (8(R)-HPETE)	841,284,4
C14824 (8(R)-HETE)	841,230,4
C14748 (20-HETE)	749,129,4
C14749 (19(S)-HETE)	625,232,4
C14795 (2,3-Dinor-8-iso prostaglandin F1alpha)	954,532,4
C14794 (2,3-Dinor-8-iso prostaglandin F2alpha)	1023,469,4
C13809 (9,11,15-Trihydroxy-prosta-5,13-dien-1-oic acid)	954,469,4
C14772 (5,6-DHET)	877,532,4
C14773 (8,9-DHET)	823,532,4
C14774 (11,12-DHET)	745,532,4
C14775 (14,15-DHET)	666,532,4
C14768 (5,6-EET)	877,470,4
C14769 (8,9-EET)	823,470,4
C14770 (11,12-EET)	745,470,4
C14771 (14,15-EET)	666,470,4
C14778 (16(R)-HETE)	610,439,4
C14732 (5-OxoETE)	601,172,4
C14782 (11,12,15-THETA)	551,590,4
C14814 (11,14,15-THETA)	484,590,4
C14781 (15H-11,12-EETA)	551,534,4
C14813 (11H-14,15-EETA)	484,534,4
C14815 (5,6-Epoxytetraene)	484,439,4
C04577 (15-OxoETE)	366,533,4
C04742 ((15S)-15-Hydroxy-5,8,11-cis-13-trans-eicosatetraenoate)	366,470,4
C06315 (Lipoxin B4)	365,439,4
C06314 (Lipoxin A4)	365,404,4
C04805 (5(S)-HETE)	601,225,4
C00219 (Arachidonate)	750,354,4
C02198 (Thromboxane A2)	300,278,4
C00157 (Phosphatidylcholine)	859,200,4
C02165 (Leukotriene B4)	423,279,4
C00909 (Leukotriene A4)	518,283,4
C05356 (5(S)-HPETE)	601,283,4
C02166 (Leukotriene C4)	518,225,4
C01312 (Prostaglandin I2)	300,470,4
C00584 (Prostaglandin E2)	199,347,4
C00639 (Prostaglandin F2alpha)	199,284,4
C00427 (Prostaglandin H2)	296,347,4
C05957 (Prostaglandin J2)	146,403,4
C14717 (15-Deoxy-Delta12,14-PGJ2)	146,532,4
C05966 (15(S)-HPETE)	551,474,4
C05965 (12(S)-HPETE)	1126,284,4
C05956 (Prostaglandin G2)	423,346,4
C05949 (12-Keto-leukotriene B4)	364,279,4
C04853 (20-OH-Leukotriene B4)	423,225,4
C05950 (20-COOH-Leukotriene B4)	423,172,4
C05951 (Leukotriene D4)	518,172,4
C05952 (Leukotriene E4)	518,122,4
C05963 (Thromboxane B2)	300,225,4
C05964 (11-Dehydro-thromboxane B2)	300,172,4
C05958 (Delta-12-Prostaglandin J2)	146,470,4
C00696 (Prostaglandin D2)	198,403,4
C05959 (11-epi-Prostaglandin F2alpha)	198,470,4
C05960 (15-Keto-prostaglandin F2alpha)	199,225,4
C05953 (Prostaglandin A2)	147,347,4
C05955 (Prostaglandin C2)	92,347,4
C05954 (Prostaglandin B2)	44,347,4
C05961 (6-Keto-prostaglandin F1alpha)	300,532,4
C05962 (6-Keto-prostaglandin E1)	300,590,4
C06462 (Leukotriene F4)	518,68,4
2053 (EPHX2)	854,492,900,509
2053 (EPHX2)	800,492,846,509
2053 (EPHX2)	722,492,768,509
2053 (EPHX2)	644,492,690,509
1555 (CYP2B6)	854,422,900,439
1573 (CYP2J2)	854,422,900,439
1555 (CYP2B6)	800,422,846,439
1559 (CYP2C9)	800,422,846,439
1573 (CYP2J2)	800,422,846,439
1555 (CYP2B6)	697,422,743,439
1558 (CYP2C8)	697,422,743,439
1559 (CYP2C9)	697,422,743,439
1573 (CYP2J2)	697,422,743,439
1555 (CYP2B6)	644,422,690,439
1558 (CYP2C8)	644,422,690,439
1559 (CYP2C9)	644,422,690,439
1573 (CYP2J2)	644,422,690,439
1573 (CYP2J2)	530,548,576,565
1573 (CYP2J2)	462,548,508,565
1558 (CYP2C8)	528,492,574,509
1573 (CYP2J2)	528,492,574,509
1558 (CYP2C8)	461,492,507,509
1573 (CYP2J2)	461,492,507,509
247 (ALOX15B)	873,309,919,326
242 (ALOX12B)	1048,309,1094,326
113612 (CYP2U1)	728,173,774,190
257202 (GPX6)	451,462,497,479
2876 (GPX1)	451,462,497,479
2877 (GPX2)	451,462,497,479
2878 (GPX3)	451,462,497,479
2880 (GPX5)	451,462,497,479
2882 (GPX7)	451,462,497,479
493869 (GPX8)	451,462,497,479
113612 (CYP2U1)	643,245,689,262
4051 (CYP4F3)	751,154,797,171
8529 (CYP4F2)	751,154,797,171
1579 (CYP4A11)	701,154,747,171
284541 (CYP4A22)	701,154,747,171
257202 (GPX6)	578,248,624,265
2876 (GPX1)	578,248,624,265
2877 (GPX2)	578,248,624,265
2878 (GPX3)	578,248,624,265
2880 (GPX5)	578,248,624,265
2882 (GPX7)	578,248,624,265
493869 (GPX8)	578,248,624,265
239 (ALOX12)	1103,309,1149,326
246 (ALOX15)	533,382,579,399
247 (ALOX15B)	533,382,579,399
5742 (PTGS1)	352,338,398,355
5743 (PTGS2)	352,338,398,355
100137049 (PLA2G4B)	785,192,831,209
11145 (PLAAT3)	785,192,831,209
123745 (PLA2G4E)	785,192,831,209
151056 (PLB1)	785,192,831,209
255189 (PLA2G4F)	785,192,831,209
26279 (PLA2G2D)	785,192,831,209
283748 (PLA2G4D)	785,192,831,209
30814 (PLA2G2E)	785,192,831,209
391013 (PLA2G2C)	785,192,831,209
50487 (PLA2G3)	785,192,831,209
5319 (PLA2G1B)	785,192,831,209
5320 (PLA2G2A)	785,192,831,209
5321 (PLA2G4A)	785,192,831,209
5322 (PLA2G5)	785,192,831,209
64600 (PLA2G2F)	785,192,831,209
81579 (PLA2G12A)	785,192,831,209
8398 (PLA2G6)	785,192,831,209
8399 (PLA2G10)	785,192,831,209
84647 (PLA2G12B)	785,192,831,209
8605 (PLA2G4C)	785,192,831,209
8681 (JMJD7-PLA2G4B)	785,192,831,209
240 (ALOX5)	544,275,590,292
240 (ALOX5)	670,275,716,292
4048 (LTA4H)	451,270,497,287
4051 (CYP4F3)	400,248,446,265
8529 (CYP4F2)	400,248,446,265
4056 (LTC4S)	495,248,541,265
2678 (GGT1)	495,195,541,212
2687 (GGT5)	495,195,541,212
5742 (PTGS1)	499,337,545,354
5743 (PTGS2)	499,337,545,354
5740 (PTGIS)	277,422,323,439
10728 (PTGES3)	229,338,275,355
80142 (PTGES2)	229,338,275,355
9536 (PTGES)	229,338,275,355
6916 (TBXAS1)	296,309,342,326
8644 (AKR1C3)	175,422,221,439
27306 (HPGDS)	228,394,274,411
5730 (PTGDS)	228,394,274,411
873 (CBR1)	151,309,197,326
874 (CBR3)	151,309,197,326
873 (CBR1)	201,309,247,326
1573 (CYP2J2)	691,224,737,241
127281 (PRXL2B)	229,265,275,282
1579 (CYP4A11)	691,245,737,262
284541 (CYP4A22)	691,245,737,262
1579 (CYP4A11)	747,422,793,439
284541 (CYP4A22)	747,422,793,439
1557 (CYP2C19)	643,205,689,222
11283 (CYP4F8)	691,205,737,222
1571 (CYP2E1)	643,224,689,241
map07034: Eicosanoids	590,305,663,330
hsa00591: Linoleic acid metabolism	812,370,947,395
hsa00590: Arachidonic acid metabolism	40,45,297,70
