G00010	408,183,4
C00076 (Calcium cation)	640,437,4
G00010	378,329,4
G00009	333,194,4
G00011	501,391,4
G00011	528,167,4
G10694	616,166,4
G00012	634,396,4
468 (ATF4)	273,629,319,646
1649 (DDIT3)	338,711,384,728
5599 (MAPK8)	527,629,573,646
5601 (MAPK9)	527,629,573,646
5602 (MAPK10)	527,629,573,646
7186 (TRAF2)	525,513,571,530
4217 (MAP3K5)	527,552,573,569
5609 (MAP2K7)	527,590,573,607
1965 (EIF2S1)	275,513,321,530
821 (CANX)	417,117,463,134
811 (CALR)	418,173,464,190
23645 (PPP1R15A)	249,552,295,569
2923 (PDIA3)	418,143,464,160
100506742 (CASP12)	618,552,664,569
823 (CAPN1)	618,513,664,530
824 (CAPN2)	618,513,664,530
10952 (SEC61B)	35,192,81,209
23480 (SEC61G)	35,192,81,209
29927 (SEC61A1)	35,192,81,209
55176 (SEC61A2)	35,192,81,209
7415 (VCP)	920,371,966,388
10952 (SEC61B)	744,408,790,425
23480 (SEC61G)	744,408,790,425
29927 (SEC61A1)	744,408,790,425
55176 (SEC61A2)	744,408,790,425
1603 (DAD1)	114,221,160,238
1650 (DDOST)	114,221,160,238
201595 (STT3B)	114,221,160,238
3703 (STT3A)	114,221,160,238
6184 (RPN1)	114,221,160,238
6185 (RPN2)	114,221,160,238
7991 (TUSC3)	114,221,160,238
55741 (EDEM2)	570,358,616,375
80267 (EDEM3)	570,358,616,375
9695 (EDEM1)	570,358,616,375
10427 (SEC24B)	771,151,817,168
10483 (SEC23B)	771,151,817,168
10484 (SEC23A)	771,151,817,168
10802 (SEC24A)	771,151,817,168
9632 (SEC24C)	771,151,817,168
9871 (SEC24D)	771,151,817,168
10960 (LMAN2)	642,169,688,186
3998 (LMAN1)	642,189,688,206
7353 (UFD1)	924,435,970,452
55666 (NPLOC4)	924,418,970,435
30001 (ERO1A)	699,324,745,341
56605 (ERO1B)	699,324,745,341
10905 (MAN1A2)	543,169,589,186
11253 (MAN1B1)	543,169,589,186
4121 (MAN1A1)	543,169,589,186
57134 (MAN1C1)	543,169,589,186
23193 (GANAB)	344,169,390,186
5589 (PRKCSH)	344,169,390,186
23193 (GANAB)	479,267,525,284
5589 (PRKCSH)	479,267,525,284
7841 (MOGS)	344,135,390,152
55757 (UGGT2)	395,243,441,260
56886 (UGGT1)	395,243,441,260
10905 (MAN1A2)	571,391,617,408
11253 (MAN1B1)	571,391,617,408
4121 (MAN1A1)	571,391,617,408
57134 (MAN1C1)	571,391,617,408
10299 (MARCHF6)	736,595,782,612
84447 (SYVN1)	737,684,783,701
7326 (UBE2G1)	737,700,783,717
7327 (UBE2G2)	737,700,783,717
3309 (HSPA5)	199,294,245,313
11231 (SEC63)	35,209,81,226
7095 (SEC62)	35,209,81,226
578 (BAK1)	617,448,663,465
581 (BAX)	617,448,663,465
1388 (ATF6B)	400,469,446,486
22926 (ATF6)	400,469,446,486
2081 (ERN1)	525,469,571,486
27102 (EIF2AK1)	275,469,321,486
440275 (EIF2AK4)	275,469,321,486
5610 (EIF2AK2)	275,469,321,486
9451 (EIF2AK3)	275,469,321,486
8720 (MBTPS1)	428,526,474,543
51360 (MBTPS2)	428,547,474,564
7494 (XBP1)	466,621,512,638
7466 (WFS1)	372,547,418,564
5886 (RAD23A)	987,384,1033,401
5887 (RAD23B)	987,384,1033,401
29978 (UBQLN2)	986,362,1032,379
29979 (UBQLN1)	986,362,1032,379
50613 (UBQLN3)	986,362,1032,379
56893 (UBQLN4)	986,362,1032,379
55768 (NGLY1)	987,401,1033,418
118424 (UBE2J2)	736,612,782,629
51465 (UBE2J1)	736,612,782,629
7326 (UBE2G1)	736,612,782,629
7327 (UBE2G2)	736,612,782,629
10277 (UBE4B)	1039,362,1085,379
55432 (YOD1)	1014,315,1060,332
4287 (ATXN3)	1039,384,1085,401
92552 (ATXN3L)	1039,384,1085,401
9373 (PLAA)	1014,332,1060,349
3303 (HSPA1A)	894,259,940,276
3304 (HSPA1B)	894,259,940,276
3305 (HSPA1L)	894,259,940,276
3306 (HSPA2)	894,259,940,276
3310 (HSPA6)	894,259,940,276
3312 (HSPA8)	894,259,940,276
6400 (SEL1L)	847,666,893,683
80343 (SEL1L2)	847,666,893,683
84447 (SYVN1)	882,683,928,700
51009 (DERL2)	843,306,889,323
79139 (DERL1)	843,306,889,323
91319 (DERL3)	843,306,889,323
10956 (OS9)	753,338,799,355
9709 (HERPUD1)	836,683,882,700
27248 (ERLEC1)	753,360,799,377
118424 (UBE2J2)	882,700,928,717
51465 (UBE2J1)	882,700,928,717
7326 (UBE2G1)	882,700,928,717
7327 (UBE2G2)	882,700,928,717
55829 (SELENOS)	893,649,939,666
9978 (RBX1)	1038,666,1084,683
26232 (FBXO2)	992,700,1038,717
26270 (FBXO6)	992,700,1038,717
51619 (UBE2D4)	949,621,995,638
7321 (UBE2D1)	949,621,995,638
7322 (UBE2D2)	949,621,995,638
7323 (UBE2D3)	949,621,995,638
10294 (DNAJA2)	995,595,1041,612
285126 (DNAJC5G)	995,595,1041,612
3300 (DNAJB2)	995,595,1041,612
3301 (DNAJA1)	995,595,1041,612
3337 (DNAJB1)	995,595,1041,612
54788 (DNAJB12)	995,595,1041,612
80331 (DNAJC5)	995,595,1041,612
85479 (DNAJC5B)	995,595,1041,612
3303 (HSPA1A)	995,612,1041,629
3304 (HSPA1B)	995,612,1041,629
3305 (HSPA1L)	995,612,1041,629
3306 (HSPA2)	995,612,1041,629
3310 (HSPA6)	995,612,1041,629
3312 (HSPA8)	995,612,1041,629
10273 (STUB1)	995,629,1041,646
10130 (PDIA6)	700,360,746,377
10961 (ERP29)	700,360,746,377
5034 (P4HB)	700,360,746,377
81567 (TXNDC5)	700,360,746,377
9601 (PDIA4)	700,360,746,377
51726 (DNAJB11)	199,311,245,328
54431 (DNAJC10)	199,311,245,328
5611 (DNAJC3)	199,311,245,328
64215 (DNAJC1)	199,311,245,328
55968 (NSFL1C)	843,369,889,386
80700 (UBXN6)	843,369,889,386
10294 (DNAJA2)	894,276,940,293
285126 (DNAJC5G)	894,276,940,293
3300 (DNAJB2)	894,276,940,293
3301 (DNAJA1)	894,276,940,293
3337 (DNAJB1)	894,276,940,293
54788 (DNAJB12)	894,276,940,293
80331 (DNAJC5)	894,276,940,293
85479 (DNAJC5B)	894,276,940,293
7327 (UBE2G2)	848,612,894,629
258010 (SVIP)	869,401,915,418
51619 (UBE2D4)	992,675,1038,692
7321 (UBE2D1)	992,675,1038,692
7322 (UBE2D2)	992,675,1038,692
7323 (UBE2D3)	992,675,1038,692
6500 (SKP1)	1038,700,1084,717
8454 (CUL1)	1038,683,1084,700
51009 (DERL2)	893,612,939,629
79139 (DERL1)	893,612,939,629
91319 (DERL3)	893,612,939,629
6048 (RNF5)	893,595,939,612
91445 (RNF185)	893,595,939,612
79139 (DERL1)	893,666,939,683
3320 (HSP90AA1)	947,259,993,276
3326 (HSP90AB1)	947,259,993,276
4780 (NFE2L2)	327,526,373,543
22872 (SEC31A)	771,134,817,151
25956 (SEC31B)	771,134,817,151
6396 (SEC13)	771,134,817,151
51128 (SAR1B)	725,151,771,168
56681 (SAR1A)	725,151,771,168
10113 (PREB)	725,189,771,206
7184 (HSP90B1)	254,294,300,311
596 (BCL2)	340,748,386,765
596 (BCL2)	646,485,692,502
79748 (LMAN1L)	642,210,688,227
133022 (TRAM1L1)	843,289,889,306
23471 (TRAM1)	843,289,889,306
10273 (STUB1)	1051,595,1097,612
5071 (PRKN)	1051,612,1097,629
10808 (HSPH1)	894,299,940,316
22824 (HSPA4L)	894,299,940,316
23640 (HSPBP1)	894,299,940,316
573 (BAG1)	894,299,940,316
9532 (BAG2)	894,299,940,316
102724652 (CRYAA2)	947,299,993,316
1409 (CRYAA)	947,299,993,316
1410 (CRYAB)	947,299,993,316
10525 (HYOU1)	153,294,199,311
64374 (SIL1)	153,294,199,311
7841 (MOGS)	114,237,160,254
10970 (CKAP4)	160,237,206,254
6238 (RRBP1)	212,203,258,220
10134 (BCAP31)	744,391,790,408
6745 (SSR1)	698,408,744,425
6746 (SSR2)	698,408,744,425
6747 (SSR3)	698,408,744,425
6748 (SSR4)	698,408,744,425
267 (AMFR)	893,578,939,595
hsa04141: Protein processing in endoplasmic reticulum	40,45,460,70
hsa03060: Protein export	9,145,101,170
hsa04210: Apoptosis	601,626,681,651
hsa03050: Proteasome	1098,344,1190,369
hsa00510: N-Glycan biosynthesis	277,233,369,267
hsa04210: Apoptosis	325,782,405,807
hsa05010: Alzheimer disease	18,485,110,519
hsa05012: Parkinson disease	18,530,110,564
hsa05020: Prion diseases	17,450,109,475
hsa04930: Type II diabetes mellitus	18,574,110,608
