C01245 (D-myo-Inositol 1,4,5-trisphosphate)	732,310,4
C00165 (Diacylglycerol)	732,259,4
C00076 (Calcium cation)	846,305,4
C00076 (Calcium cation)	658,61,4
C00238 (Potassium cation)	789,154,4
C04637 (1-Phosphatidyl-D-myo-inositol 4,5-bisphosphate)	622,286,4
C00951 (Estradiol-17beta)	90,303,4
C00076 (Calcium cation)	715,61,4
C01330 (Sodium cation)	715,61,4
C00238 (Potassium cation)	506,187,4
C01330 (Sodium cation)	404,195,4
C00951 (Estradiol-17beta)	373,569,4
C00238 (Potassium cation)	986,155,4
C00535 (Testosterone)	149,424,4
C00076 (Calcium cation)	1148,61,4
C00334 (4-Aminobutanoate)	849,58,4
2767 (GNA11)	536,261,582,278
2776 (GNAQ)	536,261,582,278
23236 (PLCB1)	639,261,685,278
5330 (PLCB2)	639,261,685,278
5331 (PLCB3)	639,261,685,278
5332 (PLCB4)	639,261,685,278
3708 (ITPR1)	824,332,870,349
3709 (ITPR2)	824,332,870,349
3710 (ITPR3)	824,332,870,349
5578 (PRKCA)	824,252,870,269
5579 (PRKCB)	824,252,870,269
5582 (PRKCG)	824,252,870,269
5290 (PIK3CA)	645,493,691,510
5291 (PIK3CB)	645,493,691,510
5293 (PIK3CD)	645,493,691,510
5295 (PIK3R1)	645,493,691,510
5296 (PIK3R2)	645,493,691,510
8503 (PIK3R3)	645,493,691,510
10000 (AKT3)	716,493,762,510
207 (AKT1)	716,493,762,510
208 (AKT2)	716,493,762,510
8911 (CACNA1I)	636,95,682,112
8912 (CACNA1H)	636,95,682,112
8913 (CACNA1G)	636,95,682,112
3265 (HRAS)	572,450,618,467
3845 (KRAS)	572,450,618,467
4893 (NRAS)	572,450,618,467
5604 (MAP2K1)	716,450,762,467
5605 (MAP2K2)	716,450,762,467
5594 (MAPK1)	789,450,835,467
5595 (MAPK3)	789,450,835,467
3760 (KCNJ3)	767,95,813,112
3762 (KCNJ5)	767,95,813,112
3763 (KCNJ6)	767,95,813,112
3765 (KCNJ9)	767,95,813,112
3767 (KCNJ11)	767,95,813,112
84634 (KISS1R)	432,261,478,278
408 (ARRB1)	593,318,639,335
409 (ARRB2)	593,318,639,335
408 (ARRB1)	593,343,639,360
409 (ARRB2)	593,343,639,360
3814 (KISS1)	354,261,400,278
7220 (TRPC1)	691,95,737,112
7223 (TRPC4)	691,95,737,112
7224 (TRPC5)	691,95,737,112
2796 (GNRH1)	1068,468,1114,485
2797 (GNRH2)	1068,468,1114,485
2796 (GNRH1)	1361,468,1407,485
2797 (GNRH2)	1361,468,1407,485
2796 (GNRH1)	949,468,995,485
2797 (GNRH2)	949,468,995,485
3814 (KISS1)	218,206,264,223
3814 (KISS1)	218,405,264,422
2550 (GABBR1)	827,95,873,112
9568 (GABBR2)	827,95,873,112
348980 (HCN1)	432,182,478,199
57657 (HCN3)	432,182,478,199
610 (HCN2)	432,182,478,199
1081 (CGA)	737,740,783,757
6696 (SPP1)	737,740,783,757
1081 (CGA)	737,718,783,735
3972 (LHB)	737,718,783,735
2852 (GPER1)	434,606,480,623
2100 (ESR2)	648,559,694,576
8913 (CACNA1G)	949,561,995,578
8912 (CACNA1H)	949,583,995,600
8911 (CACNA1I)	949,605,995,622
3780 (KCNN1)	962,95,1008,112
3781 (KCNN2)	962,95,1008,112
3782 (KCNN3)	962,95,1008,112
3783 (KCNN4)	962,95,1008,112
775 (CACNA1C)	1126,95,1172,112
776 (CACNA1D)	1126,95,1172,112
778 (CACNA1F)	1126,95,1172,112
779 (CACNA1S)	1126,95,1172,112
5894 (RAF1)	645,450,691,467
hsa04929: GnRH secretion	40,45,199,70
hsa04020: Calcium signaling pathway	541,212,664,246
hsa04010: MAPK signaling pathway	531,391,641,425
hsa04912: GnRH signaling pathway	1374,749,1484,783
hsa04913: Ovarian steroidogenesis	30,757,171,782
hsa04151: PI3K-Akt signaling pathway	528,516,649,550
hsa04915: Estrogen signaling pathway	706,615,816,649
