C16844 (Hydroxyl radical)	440,469,4
C00027 (Hydrogen peroxide)	440,469,4
C07909 (Sirolimus)	157,685,4
C00076 (Calcium cation)	361,847,4
C16844 (Hydroxyl radical)	975,847,4
C00027 (Hydrogen peroxide)	975,847,4
C00076 (Calcium cation)	594,847,4
C00076 (Calcium cation)	833,847,4
C05981 (Phosphatidylinositol-3,4,5-trisphosphate)	535,238,4
83593 (RASSF5)	417,380,463,397
5499 (PPP1CA)	1107,380,1153,397
5500 (PPP1CB)	1107,380,1153,397
5501 (PPP1CC)	1107,380,1153,397
4609 (MYC)	418,319,464,336
10114 (HIPK3)	719,356,765,373
147746 (HIPK4)	719,356,765,373
204851 (HIPK1)	719,356,765,373
28996 (HIPK2)	719,356,765,373
1029 (CDKN2A)	512,319,558,336
4193 (MDM2)	606,319,652,336
7157 (TP53)	719,319,765,336
5290 (PIK3CA)	418,229,464,246
5291 (PIK3CB)	418,229,464,246
5293 (PIK3CD)	418,229,464,246
5295 (PIK3R1)	418,229,464,246
5296 (PIK3R2)	418,229,464,246
8503 (PIK3R3)	418,229,464,246
10000 (AKT3)	606,229,652,246
207 (AKT1)	606,229,652,246
208 (AKT2)	606,229,652,246
7248 (TSC1)	719,229,765,246
7249 (TSC2)	719,229,765,246
6009 (RHEB)	832,229,878,246
2475 (MTOR)	832,281,878,298
2309 (FOXO3)	606,281,652,298
23411 (SIRT1)	418,281,464,298
22800 (RRAS2)	337,412,383,429
22808 (MRAS)	337,412,383,429
3265 (HRAS)	337,412,383,429
3845 (KRAS)	337,412,383,429
4893 (NRAS)	337,412,383,429
6237 (RRAS)	337,412,383,429
5604 (MAP2K1)	512,412,558,429
5605 (MAP2K2)	512,412,558,429
2113 (ETS1)	719,412,765,429
5894 (RAF1)	418,412,464,429
1019 (CDK4)	943,412,989,429
1021 (CDK6)	943,412,989,429
595 (CCND1)	989,412,1035,429
894 (CCND2)	989,412,1035,429
896 (CCND3)	989,412,1035,429
5594 (MAPK1)	606,412,652,429
5595 (MAPK3)	606,412,652,429
1029 (CDKN2A)	832,412,878,429
1026 (CDKN1A)	832,466,878,483
1017 (CDK2)	943,466,989,483
898 (CCNE1)	989,466,1035,483
9134 (CCNE2)	989,466,1035,483
5925 (RB1)	1107,466,1153,483
5933 (RBL1)	1107,466,1153,483
5934 (RBL2)	1107,466,1153,483
1869 (E2F1)	1199,466,1245,483
1870 (E2F2)	1199,466,1245,483
1871 (E2F3)	1199,466,1245,483
1874 (E2F4)	1199,466,1245,483
1875 (E2F5)	1199,466,1245,483
1432 (MAPK14)	606,466,652,483
5600 (MAPK11)	606,466,652,483
5603 (MAPK13)	606,466,652,483
6300 (MAPK12)	606,466,652,483
7157 (TP53)	719,466,765,483
5606 (MAP2K3)	512,466,558,483
5608 (MAP2K6)	512,466,558,483
1017 (CDK2)	943,517,989,534
890 (CCNA2)	989,517,1035,534
8900 (CCNA1)	989,517,1035,534
4605 (MYBL2)	1107,517,1153,534
2305 (FOXM1)	1199,517,1245,534
132660 (LIN54)	1153,517,1199,534
286826 (LIN9)	1153,517,1199,534
55957 (LIN37)	1153,517,1199,534
5928 (RBBP4)	1153,517,1199,534
91750 (LIN52)	1153,517,1199,534
23411 (SIRT1)	776,505,822,522
472 (ATM)	512,517,558,534
11200 (CHEK2)	606,517,652,534
4361 (MRE11)	418,500,464,517
10111 (RAD50)	418,517,464,534
4683 (NBN)	418,534,464,551
10912 (GADD45G)	719,545,765,562
1647 (GADD45A)	719,545,765,562
4616 (GADD45B)	719,545,765,562
545 (ATR)	512,583,558,600
993 (CDC25A)	719,583,765,600
1111 (CHEK1)	606,583,652,600
144715 (RAD9B)	418,566,464,583
5883 (RAD9A)	418,566,464,583
5810 (RAD1)	418,583,464,600
3364 (HUS1)	418,600,464,617
983 (CDK1)	943,550,989,567
85417 (CCNB3)	989,550,1035,567
891 (CCNB1)	989,550,1035,567
9133 (CCNB2)	989,550,1035,567
1017 (CDK2)	943,583,989,600
898 (CCNE1)	989,583,1035,600
9134 (CCNE2)	989,583,1035,600
1019 (CDK4)	943,616,989,633
1021 (CDK6)	943,616,989,633
595 (CCND1)	989,616,1035,633
894 (CCND2)	989,616,1035,633
896 (CCND3)	989,616,1035,633
4790 (NFKB1)	943,649,989,666
5970 (RELA)	943,649,989,666
10758 (TRAF3IP2)	832,631,878,648
2626 (GATA4)	719,631,765,648
8878 (SQSTM1)	606,631,652,648
9261 (MAPKAPK2)	832,687,878,704
677 (ZFP36L1)	943,687,989,704
678 (ZFP36L2)	943,687,989,704
2475 (MTOR)	418,677,464,694
1978 (EIF4EBP1)	512,677,558,694
3552 (IL1A)	832,666,878,683
776 (CACNA1D)	259,811,305,828
823 (CAPN1)	418,714,464,731
824 (CAPN2)	418,714,464,731
163688 (CALML6)	418,747,464,764
51806 (CALML5)	418,747,464,764
801 (CALM1)	418,747,464,764
805 (CALM2)	418,747,464,764
808 (CALM3)	418,747,464,764
810 (CALML3)	418,747,464,764
91860 (CALML4)	418,747,464,764
3552 (IL1A)	512,714,558,731
5530 (PPP3CA)	512,747,558,764
5532 (PPP3CB)	512,747,558,764
5533 (PPP3CC)	512,747,558,764
5534 (PPP3R1)	512,747,558,764
5535 (PPP3R2)	512,747,558,764
4772 (NFATC1)	606,747,652,764
4773 (NFATC2)	606,747,652,764
4775 (NFATC3)	606,747,652,764
4776 (NFATC4)	606,747,652,764
3708 (ITPR1)	418,801,464,818
3709 (ITPR2)	418,801,464,818
3710 (ITPR3)	418,801,464,818
90550 (MCU)	692,839,738,856
59341 (TRPV4)	259,838,305,855
54822 (TRPM7)	259,864,305,881
3569 (IL6)	1171,694,1217,711
3576 (CXCL8)	1220,694,1266,711
3552 (IL1A)	1122,694,1168,711
7040 (TGFB1)	1122,715,1168,732
7042 (TGFB2)	1122,715,1168,732
7043 (TGFB3)	1122,715,1168,732
7040 (TGFB1)	178,134,224,151
7042 (TGFB2)	178,134,224,151
7043 (TGFB3)	178,134,224,151
4087 (SMAD2)	606,134,652,151
4088 (SMAD3)	606,134,652,151
2308 (FOXO1)	606,159,652,176
2309 (FOXO3)	606,159,652,176
23291 (FBXW11)	580,356,626,373
8945 (BTRC)	580,356,626,373
7046 (TGFBR1)	259,134,305,151
7048 (TGFBR2)	259,134,305,151
3486 (IGFBP3)	1171,715,1217,732
5054 (SERPINE1)	1220,715,1266,732
3802 (KIR2DL1)	417,197,463,214
3803 (KIR2DL2)	417,197,463,214
3804 (KIR2DL3)	417,197,463,214
3805 (KIR2DL4)	417,197,463,214
57292 (KIR2DL5A)	417,197,463,214
3105 (HLA-A)	417,180,463,197
3106 (HLA-B)	417,180,463,197
3107 (HLA-C)	417,180,463,197
3133 (HLA-E)	417,180,463,197
3134 (HLA-F)	417,180,463,197
3135 (HLA-G)	417,180,463,197
5290 (PIK3CA)	417,159,463,176
5291 (PIK3CB)	417,159,463,176
5293 (PIK3CD)	417,159,463,176
5295 (PIK3R1)	417,159,463,176
5296 (PIK3R2)	417,159,463,176
8503 (PIK3R3)	417,159,463,176
5728 (PTEN)	512,261,558,278
1017 (CDK2)	943,167,989,184
898 (CCNE1)	989,167,1035,184
9134 (CCNE2)	989,167,1035,184
1026 (CDKN1A)	832,167,878,184
1030 (CDKN2B)	832,134,878,151
1019 (CDK4)	943,134,989,151
1021 (CDK6)	943,134,989,151
595 (CCND1)	989,134,1035,151
894 (CCND2)	989,134,1035,151
896 (CCND3)	989,134,1035,151
291 (SLC25A4)	706,794,752,811
292 (SLC25A5)	706,794,752,811
293 (SLC25A6)	706,794,752,811
83447 (SLC25A31)	706,794,752,811
7416 (VDAC1)	672,811,718,828
7417 (VDAC2)	672,811,718,828
7419 (VDAC3)	672,811,718,828
5481 (PPID)	728,811,774,828
hsa04218: Cellular senescence	40,45,220,70
hsa04115: p53 signaling pathway	902,310,1028,332
hsa04110: Cell cycle	1329,461,1395,483
hsa04150: mTOR signaling pathway	895,254,1035,276
hsa04020: Calcium signaling pathway	911,792,1056,814
hsa04068: FoxO signaling pathway	895,198,1035,220
