C00162 (Fatty acid)	254,597,4
C00162 (Fatty acid)	423,598,4
C02843 (Long-chain acyl-CoA)	536,597,4
C00165 (Diacylglycerol)	616,599,4
C00031 (D-Glucose)	1339,311,4
C00195 (N-Acylsphingosine)	617,645,4
C00369 (Starch)	1227,218,4
C00533 (Nitric oxide)	716,296,4
C00422 (Triacylglycerol)	617,553,4
C00083 (Malonyl-CoA)	532,1134,4
C00162 (Fatty acid)	253,1228,4
C00162 (Fatty acid)	424,1228,4
C02843 (Long-chain acyl-CoA)	479,1228,4
C00165 (Diacylglycerol)	532,1280,4
C00195 (N-Acylsphingosine)	532,1324,4
C00031 (D-Glucose)	254,1024,4
C00024 (Acetyl-CoA)	553,1025,4
C00022 (Pyruvate)	479,1025,4
C00024 (Acetyl-CoA)	617,1134,4
C02571 (O-Acetylcarnitine)	479,1073,4
C00095 (D-Fructose)	254,942,4
C00031 (D-Glucose)	1339,985,4
C00162 (Fatty acid)	532,1228,4
C00083 (Malonyl-CoA)	508,491,4
C00422 (Triacylglycerol)	617,1228,4
C00369 (Starch)	1227,850,4
C00031 (D-Glucose)	254,1690,4
C00031 (D-Glucose)	424,1690,4
C00043 (UDP-N-acetyl-alpha-D-glucosamine)	821,1691,4
C00092 (D-Glucose 6-phosphate)	496,1690,4
C00085 (D-Fructose 6-phosphate)	562,1690,4
C00352 (D-Glucosamine 6-phosphate)	650,1690,4
C06156 (alpha-D-Glucosamine 1-phosphate)	730,1690,4
C05981 (Phosphatidylinositol-3,4,5-trisphosphate)	718,1453,4
C00031 (D-Glucose)	1339,1454,4
G00369	1227,1531,4
C00533 (Nitric oxide)	849,1479,4
C00024 (Acetyl-CoA)	423,491,4
5599 (MAPK8)	503,296,549,313
5601 (MAPK9)	503,296,549,313
5602 (MAPK10)	503,296,549,313
7124 (TNF)	212,307,258,324
7132 (TNFRSF1A)	298,307,344,324
10998 (SLC27A5)	298,577,344,594
10999 (SLC27A4)	298,577,344,594
11000 (SLC27A3)	298,577,344,594
11001 (SLC27A2)	298,577,344,594
28965 (SLC27A6)	298,577,344,594
376497 (SLC27A1)	298,577,344,594
3551 (IKBKB)	503,320,549,337
2475 (MTOR)	1020,165,1066,182
6198 (RPS6KB1)	904,132,950,149
6199 (RPS6KB2)	904,132,950,149
3643 (INSR)	298,165,344,182
3667 (IRS1)	693,165,739,182
5290 (PIK3CA)	790,165,836,182
5291 (PIK3CB)	790,165,836,182
5293 (PIK3CD)	790,165,836,182
5295 (PIK3R1)	790,165,836,182
5296 (PIK3R2)	790,165,836,182
8503 (PIK3R3)	790,165,836,182
10000 (AKT3)	904,165,950,182
207 (AKT1)	904,165,950,182
208 (AKT2)	904,165,950,182
2932 (GSK3B)	1020,210,1066,227
5579 (PRKCB)	693,589,739,606
5580 (PRKCD)	693,589,739,606
5588 (PRKCQ)	693,589,739,606
948 (CD36)	298,600,344,617
6517 (SLC2A4)	1262,298,1308,315
9882 (TBC1D4)	1020,292,1066,309
3630 (INS)	214,165,260,182
5524 (PTPA)	693,637,739,654
3569 (IL6)	214,237,260,254
6774 (STAT3)	408,237,454,254
9021 (SOCS3)	505,237,551,254
1375 (CPT1B)	549,513,595,530
4792 (NFKBIA)	607,320,653,337
4790 (NFKB1)	608,356,654,373
5970 (RELA)	608,356,654,373
5579 (PRKCB)	502,197,548,214
5499 (PPP1CA)	1020,100,1066,117
5500 (PPP1CB)	1020,100,1066,117
5501 (PPP1CC)	1020,100,1066,117
5506 (PPP1R3A)	1020,100,1066,117
5507 (PPP1R3C)	1020,100,1066,117
5509 (PPP1R3D)	1020,100,1066,117
79660 (PPP1R3B)	1020,100,1066,117
90673 (PPP1R3E)	1020,100,1066,117
2997 (GYS1)	1123,210,1169,227
2998 (GYS2)	1123,210,1169,227
4846 (NOS3)	693,356,739,373
5770 (PTPN1)	408,132,454,149
5781 (PTPN11)	408,132,454,149
5792 (PTPRF)	408,132,454,149
5590 (PRKCZ)	790,311,836,328
27330 (RPS6KA6)	904,100,950,117
6195 (RPS6KA1)	904,100,950,117
6196 (RPS6KA2)	904,100,950,117
6197 (RPS6KA3)	904,100,950,117
3643 (INSR)	298,841,344,858
8660 (IRS2)	693,842,739,859
5290 (PIK3CA)	790,841,836,858
5291 (PIK3CB)	790,841,836,858
5293 (PIK3CD)	790,841,836,858
5295 (PIK3R1)	790,841,836,858
5296 (PIK3R2)	790,841,836,858
8503 (PIK3R3)	790,841,836,858
10000 (AKT3)	904,842,950,859
207 (AKT1)	904,842,950,859
208 (AKT2)	904,842,950,859
2932 (GSK3B)	1020,841,1066,858
3630 (INS)	213,842,259,859
3667 (IRS1)	693,821,739,838
3569 (IL6)	211,720,257,737
6774 (STAT3)	408,720,454,737
9021 (SOCS3)	599,720,645,737
5599 (MAPK8)	504,748,550,765
5601 (MAPK9)	504,748,550,765
5602 (MAPK10)	504,748,550,765
7124 (TNF)	211,758,257,775
7132 (TNFRSF1A)	298,758,344,775
3551 (IKBKB)	504,771,550,788
4792 (NFKBIA)	599,771,645,788
4790 (NFKB1)	599,804,645,821
5970 (RELA)	599,804,645,821
5581 (PRKCE)	608,1258,654,1275
32 (ACACB)	554,1110,600,1127
5599 (MAPK8)	693,1271,739,1288
5601 (MAPK9)	693,1271,739,1288
5602 (MAPK10)	693,1271,739,1288
10998 (SLC27A5)	298,1219,344,1236
3551 (IKBKB)	608,1287,654,1304
5524 (PTPA)	693,1316,739,1333
5524 (PTPA)	408,976,454,993
22877 (MLXIP)	513,974,559,991
51085 (MLXIPL)	513,974,559,991
6945 (MLX)	513,974,559,991
133522 (PPARGC1B)	408,935,454,952
6720 (SREBF1)	513,934,559,951
6514 (SLC2A2)	298,934,344,951
6514 (SLC2A2)	298,1016,344,1033
2308 (FOXO1)	1020,974,1066,991
6514 (SLC2A2)	1262,976,1308,993
5105 (PCK1)	1169,964,1215,981
5106 (PCK2)	1169,964,1215,981
2538 (G6PC)	1169,987,1215,1004
57818 (G6PC2)	1169,987,1215,1004
92579 (G6PC3)	1169,987,1215,1004
10891 (PPARGC1A)	790,974,836,991
5465 (PPARA)	790,934,836,951
57761 (TRIB3)	790,888,836,905
10062 (NR1H3)	408,888,454,905
7376 (NR1H2)	408,888,454,905
6720 (SREBF1)	790,720,836,737
5499 (PPP1CA)	1020,887,1066,904
5500 (PPP1CB)	1020,887,1066,904
5501 (PPP1CC)	1020,887,1066,904
5506 (PPP1R3A)	1020,887,1066,904
5507 (PPP1R3C)	1020,887,1066,904
5509 (PPP1R3D)	1020,887,1066,904
79660 (PPP1R3B)	1020,887,1066,904
90673 (PPP1R3E)	1020,887,1066,904
2997 (GYS1)	1123,841,1169,858
2998 (GYS2)	1123,841,1169,858
5834 (PYGB)	1123,887,1169,904
5836 (PYGL)	1123,887,1169,904
5837 (PYGM)	1123,887,1169,904
6513 (SLC2A1)	296,1682,342,1699
6514 (SLC2A2)	296,1682,342,1699
2673 (GFPT1)	580,1669,626,1686
9945 (GFPT2)	580,1669,626,1686
3643 (INSR)	296,1445,342,1462
3630 (INS)	198,1445,244,1462
3667 (IRS1)	447,1445,493,1462
5290 (PIK3CA)	580,1445,626,1462
5291 (PIK3CB)	580,1445,626,1462
5293 (PIK3CD)	580,1445,626,1462
5295 (PIK3R1)	580,1445,626,1462
5296 (PIK3R2)	580,1445,626,1462
8503 (PIK3R3)	580,1445,626,1462
5170 (PDPK1)	790,1445,836,1462
10000 (AKT3)	904,1445,950,1462
207 (AKT1)	904,1445,950,1462
208 (AKT2)	904,1445,950,1462
2932 (GSK3B)	920,1523,966,1540
2308 (FOXO1)	1123,1667,1169,1684
5728 (PTEN)	694,1383,740,1400
10724 (OGA)	579,1620,625,1637
8473 (OGT)	755,1644,801,1661
4846 (NOS3)	827,1525,873,1542
10891 (PPARGC1A)	920,1696,966,1713
8473 (OGT)	826,1707,872,1724
200186 (CRTC2)	920,1724,966,1741
10488 (CREB3)	1123,1724,1169,1741
1385 (CREB1)	1123,1724,1169,1741
148327 (CREB3L4)	1123,1724,1169,1741
64764 (CREB3L2)	1123,1724,1169,1741
84699 (CREB3L3)	1123,1724,1169,1741
90993 (CREB3L1)	1123,1724,1169,1741
9586 (CREB5)	1123,1724,1169,1741
10062 (NR1H3)	920,1604,966,1621
7376 (NR1H2)	920,1604,966,1621
6720 (SREBF1)	1123,1604,1169,1621
2997 (GYS1)	1123,1523,1169,1540
2998 (GYS2)	1123,1523,1169,1540
22877 (MLXIP)	1123,1633,1169,1650
51085 (MLXIPL)	1123,1633,1169,1650
6945 (MLX)	1123,1633,1169,1650
6517 (SLC2A4)	1262,1441,1308,1458
57761 (TRIB3)	790,371,836,388
51422 (PRKAG2)	437,544,483,561
53632 (PRKAG3)	437,544,483,561
5562 (PRKAA1)	437,544,483,561
5563 (PRKAA2)	437,544,483,561
5564 (PRKAB1)	437,544,483,561
5565 (PRKAB2)	437,544,483,561
5571 (PRKAG1)	437,544,483,561
32 (ACACB)	437,498,483,515
1374 (CPT1A)	513,1062,559,1079
183 (AGT)	211,414,257,431
hsa05230: Central carbon metabolism in cancer	40,45,217,70
hsa04151: PI3K-Akt signaling pathway	820,195,917,229
hsa04151: PI3K-Akt signaling pathway	844,796,942,830
hsa00061: Fatty acid biosynthesis	537,1178,629,1212
hsa00514: Other types of O-glycan biosynthesis	397,1580,516,1614
hsa00520: Amino sugar and nucleotide sugar metabolism	629,1721,787,1755
hsa04910: Insulin signaling pathway	1271,149,1371,183
hsa04151: PI3K-Akt signaling pathway	669,1475,777,1509
hsa04668: TNF signaling pathway	164,261,262,295
map04688	182,679,280,713
hsa00010: Glycolysis / Gluconeogenesis	197,978,289,1012
hsa04150: mTOR signaling pathway	767,111,866,145
