C01330 (Sodium cation)	109,417,4
C00698 (Cl-)	109,395,4
C00238 (Potassium cation)	109,375,4
C01330 (Sodium cation)	162,696,4
C01245 (D-myo-Inositol 1,4,5-trisphosphate)	418,364,4
C00076 (Calcium cation)	415,482,4
C00076 (Calcium cation)	249,530,4
C00165 (Diacylglycerol)	400,253,4
C01996 (Acetylcholine)	131,291,4
C00238 (Potassium cation)	262,463,4
C00238 (Potassium cation)	263,500,4
C01330 (Sodium cation)	262,435,4
C00238 (Potassium cation)	147,426,4
C01330 (Sodium cation)	145,897,4
C00080 (H+)	258,905,4
C00698 (Cl-)	768,864,4
C00288 (HCO3-)	659,872,4
C01353 (Carbonic acid)	417,928,4
C00001 (H2O)	439,965,4
C00011 (CO2)	395,965,4
C00238 (Potassium cation)	145,934,4
C01330 (Sodium cation)	258,942,4
C01330 (Sodium cation)	154,560,4
C00080 (H+)	263,569,4
C00288 (HCO3-)	263,600,4
C00698 (Cl-)	154,590,4
C01330 (Sodium cation)	272,90,4
C00698 (Cl-)	646,520,4
C00238 (Potassium cation)	254,837,4
C00698 (Cl-)	652,835,4
C00575 (3',5'-Cyclic AMP)	451,787,4
C00001 (H2O)	365,568,4
C00011 (CO2)	365,603,4
C13050 (Cyclic ADP-ribose)	445,534,4
C13051 (Nicotinic acid adenine dinucleotide phosphate)	457,630,4
C00011 (CO2)	153,642,4
C00076 (Calcium cation)	457,599,4
C00011 (CO2)	150,963,4
C01330 (Sodium cation)	145,862,4
C00288 (HCO3-)	145,872,4
C00001 (H2O)	162,708,4
C00001 (H2O)	268,102,4
C00076 (Calcium cation)	650,542,4
C00076 (Calcium cation)	147,370,4
886 (CCKAR)	176,324,222,341
1131 (CHRM3)	176,283,222,300
6558 (SLC12A2)	176,390,222,407
2776 (GNAQ)	271,284,317,301
23236 (PLCB1)	344,283,390,300
5330 (PLCB2)	344,283,390,300
5331 (PLCB3)	344,283,390,300
5332 (PLCB4)	344,283,390,300
3708 (ITPR1)	502,466,548,483
3709 (ITPR2)	502,466,548,483
3710 (ITPR3)	502,466,548,483
490 (ATP2B1)	176,522,222,539
491 (ATP2B2)	176,522,222,539
492 (ATP2B3)	176,522,222,539
493 (ATP2B4)	176,522,222,539
5578 (PRKCA)	456,248,502,265
5579 (PRKCB)	456,248,502,265
5582 (PRKCG)	456,248,502,265
3784 (KCNQ1)	176,454,222,471
3778 (KCNMA1)	176,491,222,508
23439 (ATP1B4)	176,421,222,438
476 (ATP1A1)	176,421,222,438
477 (ATP1A2)	176,421,222,438
478 (ATP1A3)	176,421,222,438
480 (ATP1A4)	176,421,222,438
481 (ATP1B1)	176,421,222,438
482 (ATP1B2)	176,421,222,438
483 (ATP1B3)	176,421,222,438
486 (FXYD2)	176,421,222,438
6548 (SLC9A1)	176,892,222,909
1811 (SLC26A3)	679,859,725,876
23439 (ATP1B4)	176,929,222,946
476 (ATP1A1)	176,929,222,946
477 (ATP1A2)	176,929,222,946
478 (ATP1A3)	176,929,222,946
480 (ATP1A4)	176,929,222,946
481 (ATP1B1)	176,929,222,946
482 (ATP1B2)	176,929,222,946
483 (ATP1B3)	176,929,222,946
486 (FXYD2)	176,929,222,946
3778 (KCNMA1)	176,828,222,845
1080 (CFTR)	679,827,725,844
6344 (SCTR)	176,779,222,796
6548 (SLC9A1)	176,557,222,574
6522 (SLC4A2)	176,588,222,605
1179 (CLCA1)	675,513,721,530
22802 (CLCA4)	675,513,721,530
9635 (CLCA2)	675,513,721,530
760 (CA2)	425,940,471,957
6262 (RYR2)	502,492,548,509
219931 (TPCN2)	502,591,548,608
276 (AMY1A)	742,359,788,376
277 (AMY1B)	742,359,788,376
278 (AMY1C)	742,359,788,376
279 (AMY2A)	742,359,788,376
280 (AMY2B)	742,359,788,376
8671 (SLC4A4)	176,858,222,875
5644 (PRSS1)	742,394,788,411
5645 (PRSS2)	742,394,788,411
5646 (PRSS3)	742,394,788,411
1357 (CPA1)	742,460,788,477
1358 (CPA2)	742,460,788,477
1359 (CPA3)	742,460,788,477
1360 (CPB1)	795,460,841,477
1361 (CPB2)	795,460,841,477
10136 (CELA3A)	742,438,788,455
23436 (CELA3B)	742,438,788,455
51032 (CELA2B)	742,438,788,455
63036 (CELA2A)	742,438,788,455
5407 (PNLIPRP1)	868,438,914,455
5408 (PNLIPRP2)	921,438,967,455
1056 (CEL)	868,460,914,477
26279 (PLA2G2D)	921,460,967,477
30814 (PLA2G2E)	921,460,967,477
391013 (PLA2G2C)	921,460,967,477
50487 (PLA2G3)	921,460,967,477
5319 (PLA2G1B)	921,460,967,477
5320 (PLA2G2A)	921,460,967,477
5322 (PLA2G5)	921,460,967,477
64600 (PLA2G2F)	921,460,967,477
81579 (PLA2G12A)	921,460,967,477
8399 (PLA2G10)	921,460,967,477
84647 (PLA2G12B)	921,460,967,477
5406 (PNLIP)	868,416,914,433
487 (ATP2A1)	585,534,631,551
488 (ATP2A2)	585,534,631,551
489 (ATP2A3)	585,534,631,551
7220 (TRPC1)	176,361,222,378
1504 (CTRB1)	742,416,788,433
440387 (CTRB2)	742,416,788,433
683 (BST1)	370,538,416,555
952 (CD38)	370,538,416,555
2778 (GNAS)	257,779,303,796
107 (ADCY1)	338,779,384,796
108 (ADCY2)	338,779,384,796
109 (ADCY3)	338,779,384,796
111 (ADCY5)	338,779,384,796
112 (ADCY6)	338,779,384,796
113 (ADCY7)	338,779,384,796
114 (ADCY8)	338,779,384,796
115 (ADCY9)	338,779,384,796
196883 (ADCY4)	338,779,384,796
1506 (CTRL)	795,416,841,433
4218 (RAB8A)	540,278,586,295
5874 (RAB27B)	540,278,586,295
8766 (RAB11A)	540,278,586,295
9545 (RAB3D)	540,278,586,295
5906 (RAP1A)	592,316,638,333
5908 (RAP1B)	592,316,638,333
387 (RHOA)	632,343,678,360
5879 (RAC1)	632,364,678,381
6343 (SCT)	103,779,149,796
885 (CCK)	103,324,149,341
hsa04972: Pancreatic secretion	40,45,241,70
hsa04530: Tight junction	612,139,727,164
hsa04020: Calcium signaling pathway	321,392,428,426
hsa04973: Carbohydrate digestion and absorption	732,936,858,970
hsa04974: Protein digestion and absorption	871,936,997,970
hsa04975: Fat digestion and absorption	732,978,858,1012
hsa04977: Vitamin digestion and absorption	871,978,997,1012
