51384 (WNT16)	125,423,171,440
54361 (WNT4)	125,423,171,440
7471 (WNT1)	125,423,171,440
7472 (WNT2)	125,423,171,440
7473 (WNT3)	125,423,171,440
7474 (WNT5A)	125,423,171,440
7475 (WNT6)	125,423,171,440
7476 (WNT7A)	125,423,171,440
7477 (WNT7B)	125,423,171,440
7478 (WNT8A)	125,423,171,440
7479 (WNT8B)	125,423,171,440
7480 (WNT10B)	125,423,171,440
7481 (WNT11)	125,423,171,440
7482 (WNT2B)	125,423,171,440
7483 (WNT9A)	125,423,171,440
7484 (WNT9B)	125,423,171,440
80326 (WNT10A)	125,423,171,440
81029 (WNT5B)	125,423,171,440
89780 (WNT3A)	125,423,171,440
10297 (APC2)	495,407,541,424
324 (APC)	495,407,541,424
8312 (AXIN1)	449,407,495,424
8313 (AXIN2)	449,407,495,424
1855 (DVL1)	316,424,362,441
1856 (DVL2)	316,424,362,441
1857 (DVL3)	316,424,362,441
11211 (FZD10)	223,423,269,440
2535 (FZD2)	223,423,269,440
7855 (FZD5)	223,423,269,440
7976 (FZD3)	223,423,269,440
8321 (FZD1)	223,423,269,440
8322 (FZD4)	223,423,269,440
8323 (FZD6)	223,423,269,440
8324 (FZD7)	223,423,269,440
8325 (FZD8)	223,423,269,440
8326 (FZD9)	223,423,269,440
1499 (CTNNB1)	489,424,535,441
2932 (GSK3B)	406,424,452,441
6932 (TCF7)	588,424,634,441
3976 (LIF)	125,172,171,189
3572 (IL6ST)	221,172,267,189
3977 (LIFR)	221,172,267,189
3716 (JAK1)	314,142,360,159
3717 (JAK2)	314,142,360,159
3718 (JAK3)	314,142,360,159
6774 (STAT3)	410,142,456,159
9314 (KLF4)	771,142,817,159
5290 (PIK3CA)	314,234,360,251
5291 (PIK3CB)	314,234,360,251
5293 (PIK3CD)	314,234,360,251
5295 (PIK3R1)	314,234,360,251
5296 (PIK3R2)	314,234,360,251
8503 (PIK3R3)	314,234,360,251
10000 (AKT3)	410,234,456,251
207 (AKT1)	410,234,456,251
208 (AKT2)	410,234,456,251
6926 (TBX3)	771,233,817,250
2885 (GRB2)	314,197,360,214
3624 (INHBA)	125,248,171,265
3625 (INHBB)	125,248,171,265
3626 (INHBC)	125,248,171,265
83729 (INHBE)	125,248,171,265
130399 (ACVR1C)	221,261,267,278
91 (ACVR1B)	221,261,267,278
92 (ACVR2A)	221,261,267,278
93 (ACVR2B)	221,261,267,278
4087 (SMAD2)	316,261,362,278
4088 (SMAD3)	316,261,362,278
652 (BMP4)	125,349,171,366
657 (BMPR1A)	221,349,267,366
658 (BMPR1B)	221,349,267,366
659 (BMPR2)	221,349,267,366
90 (ACVR1)	221,349,267,366
5594 (MAPK1)	424,339,470,356
5595 (MAPK3)	424,339,470,356
79923 (NANOG)	989,230,1035,247
5460 (POU5F1)	939,319,985,336
5462 (POU5F1B)	939,319,985,336
6657 (SOX2)	899,142,945,159
652 (BMP4)	125,745,171,762
657 (BMPR1A)	222,745,268,762
658 (BMPR1B)	222,745,268,762
659 (BMPR2)	222,745,268,762
90 (ACVR1)	222,745,268,762
3265 (HRAS)	315,875,361,892
3845 (KRAS)	315,875,361,892
4893 (NRAS)	315,875,361,892
5894 (RAF1)	407,875,453,892
5604 (MAP2K1)	501,875,547,892
5605 (MAP2K2)	501,875,547,892
5594 (MAPK1)	588,875,634,892
5595 (MAPK3)	588,875,634,892
5290 (PIK3CA)	315,921,361,938
5291 (PIK3CB)	315,921,361,938
5293 (PIK3CD)	315,921,361,938
5295 (PIK3R1)	315,921,361,938
5296 (PIK3R2)	315,921,361,938
8503 (PIK3R3)	315,921,361,938
10000 (AKT3)	407,921,453,938
207 (AKT1)	407,921,453,938
208 (AKT2)	407,921,453,938
2247 (FGF2)	125,875,171,892
2260 (FGFR1)	221,875,267,892
2261 (FGFR3)	221,875,267,892
2263 (FGFR2)	221,875,267,892
2264 (FGFR4)	221,875,267,892
3624 (INHBA)	125,808,171,825
3625 (INHBB)	125,808,171,825
3626 (INHBC)	125,808,171,825
83729 (INHBE)	125,808,171,825
3479 (IGF1)	125,921,171,938
3480 (IGF1R)	222,921,268,938
51384 (WNT16)	125,999,171,1016
54361 (WNT4)	125,999,171,1016
7471 (WNT1)	125,999,171,1016
7472 (WNT2)	125,999,171,1016
7473 (WNT3)	125,999,171,1016
7474 (WNT5A)	125,999,171,1016
7475 (WNT6)	125,999,171,1016
7476 (WNT7A)	125,999,171,1016
7477 (WNT7B)	125,999,171,1016
7478 (WNT8A)	125,999,171,1016
7479 (WNT8B)	125,999,171,1016
7480 (WNT10B)	125,999,171,1016
7481 (WNT11)	125,999,171,1016
7482 (WNT2B)	125,999,171,1016
7483 (WNT9A)	125,999,171,1016
7484 (WNT9B)	125,999,171,1016
80326 (WNT10A)	125,999,171,1016
81029 (WNT5B)	125,999,171,1016
89780 (WNT3A)	125,999,171,1016
10297 (APC2)	491,983,537,1000
324 (APC)	491,983,537,1000
8312 (AXIN1)	446,983,492,1000
8313 (AXIN2)	446,983,492,1000
1855 (DVL1)	315,1000,361,1017
1856 (DVL2)	315,1000,361,1017
1857 (DVL3)	315,1000,361,1017
11211 (FZD10)	222,1000,268,1017
2535 (FZD2)	222,1000,268,1017
7855 (FZD5)	222,1000,268,1017
7976 (FZD3)	222,1000,268,1017
8321 (FZD1)	222,1000,268,1017
8322 (FZD4)	222,1000,268,1017
8323 (FZD6)	222,1000,268,1017
8324 (FZD7)	222,1000,268,1017
8325 (FZD8)	222,1000,268,1017
8326 (FZD9)	222,1000,268,1017
1499 (CTNNB1)	488,1000,534,1017
2932 (GSK3B)	405,1000,451,1017
79923 (NANOG)	989,899,1035,916
5460 (POU5F1)	939,989,985,1006
5462 (POU5F1B)	939,989,985,1006
6657 (SOX2)	899,813,945,830
4086 (SMAD1)	338,745,384,762
4090 (SMAD5)	338,745,384,762
4093 (SMAD9)	338,745,384,762
5604 (MAP2K1)	469,197,515,214
5605 (MAP2K2)	469,197,515,214
1432 (MAPK14)	424,362,470,379
5600 (MAPK11)	424,362,470,379
5603 (MAPK13)	424,362,470,379
6300 (MAPK12)	424,362,470,379
130399 (ACVR1C)	221,821,267,838
91 (ACVR1B)	221,821,267,838
92 (ACVR2A)	221,821,267,838
93 (ACVR2B)	221,821,267,838
4087 (SMAD2)	338,821,384,838
4088 (SMAD3)	338,821,384,838
4089 (SMAD4)	421,795,467,812
4089 (SMAD4)	420,723,466,740
5594 (MAPK1)	567,197,613,214
5595 (MAPK3)	567,197,613,214
4609 (MYC)	771,191,817,208
4609 (MYC)	771,1041,817,1058
4086 (SMAD1)	316,317,362,334
4090 (SMAD5)	316,317,362,334
4093 (SMAD9)	316,317,362,334
3397 (ID1)	771,317,817,334
3398 (ID2)	771,317,817,334
3399 (ID3)	771,317,817,334
3400 (ID4)	771,317,817,334
5460 (POU5F1)	1196,145,1242,162
5462 (POU5F1B)	1196,145,1242,162
6657 (SOX2)	1254,145,1300,162
79923 (NANOG)	1311,145,1357,162
6774 (STAT3)	1196,196,1242,213
8820 (HESX1)	1254,196,1300,213
7547 (ZIC3)	1196,221,1242,238
2103 (ESRRB)	1254,221,1300,238
6929 (TCF3)	1196,263,1242,280
2247 (FGF2)	1254,263,1300,280
10637 (LEFTY1)	1196,289,1242,306
7044 (LEFTY2)	1196,289,1242,306
6498 (SKIL)	1254,289,1300,306
56916 (SMARCAD1)	1196,334,1242,351
7994 (KAT6A)	1254,334,1300,351
9869 (SETDB1)	1196,360,1242,377
3720 (JARID2)	1254,360,1300,377
5978 (REST)	1196,405,1242,422
55183 (RIF1)	1196,449,1242,466
5080 (PAX6)	1196,605,1242,622
4211 (MEIS1)	1254,605,1300,622
3211 (HOXB1)	1311,605,1357,622
64211 (LHX5)	1196,631,1242,648
5013 (OTX1)	1254,631,1300,648
4762 (NEUROG1)	1311,631,1357,648
9421 (HAND1)	1196,689,1242,706
1749 (DLX5)	1254,689,1300,706
4617 (MYF5)	1196,715,1242,732
3175 (ONECUT1)	1254,715,1300,732
3670 (ISL1)	1196,775,1242,792
463 (ZFHX3)	1254,775,1300,792
80712 (ESX1)	1196,830,1242,847
6929 (TCF3)	588,378,634,395
2103 (ESRRB)	771,375,817,392
1852 (DUSP9)	771,283,817,300
100532731 (COMMD3-BMI1)	1007,589,1053,606
10336 (PCGF3)	1007,589,1053,606
648 (BMI1)	1007,589,1053,606
7703 (PCGF2)	1007,589,1053,606
84108 (PCGF6)	1007,589,1053,606
84333 (PCGF5)	1007,589,1053,606
84759 (PCGF1)	1007,589,1053,606
4089 (SMAD4)	420,291,466,308
4838 (NODAL)	125,271,171,288
4838 (NODAL)	125,831,171,848
hsa04550: Signaling pathways regulating pluripotency of stem cells	40,45,568,70
hsa04310: Wnt signaling pathway	288,384,390,418
hsa04310: Wnt signaling pathway	282,1023,384,1057
hsa04350: TGF-beta signaling pathway	491,284,593,318
hsa04350: TGF-beta signaling pathway	279,781,381,815
hsa04630: JAK-STAT signaling pathway	333,99,450,133
hsa04010: MAPK signaling pathway	514,836,616,870
hsa04151: PI3K-Akt signaling pathway	328,950,430,984
hsa04010: MAPK signaling pathway	491,159,593,193
