C00533 (Nitric oxide)	1542,539,4
C00634 (Chondroitin 4-sulfate)	1437,810,4
G10505 (Hyaluronic acid)	1437,827,4
G00054 (Type II A antigen)	1066,832,4
G00052 (Type II B antigen)	1066,832,4
3383 (ICAM1)	1400,904,1446,921
3082 (HGF)	456,433,502,450
6382 (SDC1)	517,367,563,384
6383 (SDC2)	517,367,563,384
4035 (LRP1)	517,386,563,403
975 (CD81)	517,405,563,422
4233 (MET)	517,424,563,441
2532 (ACKR1)	698,642,744,659
2993 (GYPA)	698,661,744,678
2994 (GYPB)	698,661,744,678
2995 (GYPC)	698,680,744,697
7412 (VCAM1)	1400,715,1446,732
948 (CD36)	1207,924,1253,941
5175 (PECAM1)	1400,656,1446,673
3039 (HBA1)	802,253,848,270
3040 (HBA2)	802,253,848,270
3043 (HBB)	802,253,848,270
54106 (TLR9)	933,253,979,270
7097 (TLR2)	933,285,979,302
7099 (TLR4)	933,285,979,302
4615 (MYD88)	990,269,1036,286
3586 (IL10)	1166,208,1212,225
3458 (IFNG)	1166,407,1212,424
3569 (IL6)	1166,288,1212,305
6347 (CCL2)	1166,307,1212,324
7124 (TNF)	1166,376,1212,393
3592 (IL12A)	1008,340,1054,357
3606 (IL18)	1008,359,1054,376
1378 (CR1)	1050,865,1096,882
1379 (CR1L)	1050,865,1096,882
948 (CD36)	1050,845,1096,862
948 (CD36)	1400,675,1446,692
3683 (ITGAL)	1284,933,1330,950
3689 (ITGB2)	1284,933,1330,950
959 (CD40LG)	1284,952,1330,969
958 (CD40)	1400,952,1446,969
3683 (ITGAL)	1284,1039,1330,1056
3689 (ITGB2)	1284,1039,1330,1056
1311 (COMP)	1400,734,1446,751
7057 (THBS1)	1400,734,1446,751
7058 (THBS2)	1400,734,1446,751
7059 (THBS3)	1400,734,1446,751
7060 (THBS4)	1400,734,1446,751
6401 (SELE)	1400,753,1446,770
7040 (TGFB1)	1166,227,1212,244
7042 (TGFB2)	1166,227,1212,244
7043 (TGFB3)	1166,227,1212,244
3553 (IL1B)	1166,356,1212,373
1440 (CSF3)	1166,326,1212,343
3576 (CXCL8)	1166,269,1212,286
100528032 (KLRC4-KLRK1)	993,432,1039,449
22914 (KLRK1)	993,432,1039,449
3820 (KLRB1)	993,432,1039,449
100528032 (KLRC4-KLRK1)	993,559,1039,576
22914 (KLRK1)	993,559,1039,576
3820 (KLRB1)	993,559,1039,576
6403 (SELP)	1284,971,1330,988
hsa04620: Toll-like receptor signaling pathway	903,189,1000,223
hsa04610: Complement and coagulation cascades	1113,844,1193,878
hsa04210: Apoptosis	1496,887,1576,912
hsa04514: Cell adhesion molecules (CAMs)	1493,698,1637,723
hsa05144: Malaria	40,45,132,70
