C01245 (D-myo-Inositol 1,4,5-trisphosphate)	893,282,4
C00165 (Diacylglycerol)	875,438,4
C00076 (Calcium cation)	984,254,4
C00076 (Calcium cation)	573,340,4
C00076 (Calcium cation)	600,171,4
C00076 (Calcium cation)	829,813,4
C13856 (2-Arachidonoylglycerol)	449,623,4
C13856 (2-Arachidonoylglycerol)	677,624,4
C13856 (2-Arachidonoylglycerol)	738,438,4
C00025 (L-Glutamate)	522,254,4
C00334 (4-Aminobutanoate)	756,995,4
C00689 (alpha,alpha'-Trehalose 6-phosphate)	848,946,4
C00025 (L-Glutamate)	378,311,4
C00334 (4-Aminobutanoate)	631,908,4
C01330 (Sodium cation)	603,236,4
C00427 (Prostaglandin H2)	918,485,4
C00219 (Arachidonate)	348,498,4
C00116 (Glycerol)	383,497,4
C00219 (Arachidonate)	713,510,4
C00116 (Glycerol)	753,510,4
C11695 (Anandamide)	604,534,4
C00219 (Arachidonate)	778,546,4
C00189 (Ethanolamine)	780,517,4
C19912 (N-Arachidonoyl-phosphatidylethanolamine)	754,367,4
C11695 (Anandamide)	677,366,4
C11695 (Anandamide)	494,646,4
C00157 (Phosphatidylcholine)	828,361,4
C00350 (Phosphatidylethanolamine)	828,374,4
C11695 (Anandamide)	634,646,4
C00238 (Potassium cation)	490,472,4
C00238 (Potassium cation)	751,770,4
C00575 (3',5'-Cyclic AMP)	335,462,4
C00575 (3',5'-Cyclic AMP)	581,816,4
C00025 (L-Glutamate)	206,254,4
C00334 (4-Aminobutanoate)	447,990,4
C19913 (Phospho-anandamide)	716,399,4
C11695 (Anandamide)	419,816,4
C13856 (2-Arachidonoylglycerol)	389,814,4
C00575 (3',5'-Cyclic AMP)	301,913,4
C11695 (Anandamide)	0,0,0
C13856 (2-Arachidonoylglycerol)	0,0,0
C00575 (3',5'-Cyclic AMP)	0,0,0
C11695 (Anandamide)	404,357,4
C13856 (2-Arachidonoylglycerol)	385,374,4
246213 (SLC17A8)	223,246,269,263
57030 (SLC17A7)	223,246,269,263
57084 (SLC17A6)	223,246,269,263
2776 (GNAQ)	701,303,747,320
23236 (PLCB1)	806,303,852,320
5330 (PLCB2)	806,303,852,320
5331 (PLCB3)	806,303,852,320
5332 (PLCB4)	806,303,852,320
3708 (ITPR1)	918,248,964,265
3709 (ITPR2)	918,248,964,265
3710 (ITPR3)	918,248,964,265
5578 (PRKCA)	920,429,966,446
5579 (PRKCB)	920,429,966,446
5582 (PRKCG)	920,429,966,446
773 (CACNA1A)	506,332,552,349
774 (CACNA1B)	506,332,552,349
775 (CACNA1C)	618,163,664,180
776 (CACNA1D)	618,163,664,180
778 (CACNA1F)	618,163,664,180
779 (CACNA1S)	618,163,664,180
5743 (PTGS2)	842,464,888,481
200959 (GABRR3)	877,938,923,955
2554 (GABRA1)	877,938,923,955
2555 (GABRA2)	877,938,923,955
2556 (GABRA3)	877,938,923,955
2557 (GABRA4)	877,938,923,955
2558 (GABRA5)	877,938,923,955
2559 (GABRA6)	877,938,923,955
2560 (GABRB1)	877,938,923,955
2561 (GABRB2)	877,938,923,955
2562 (GABRB3)	877,938,923,955
2563 (GABRD)	877,938,923,955
2564 (GABRE)	877,938,923,955
2565 (GABRG1)	877,938,923,955
2566 (GABRG2)	877,938,923,955
2567 (GABRG3)	877,938,923,955
2568 (GABRP)	877,938,923,955
2569 (GABRR1)	877,938,923,955
2570 (GABRR2)	877,938,923,955
55879 (GABRQ)	877,938,923,955
1268 (CNR1)	444,578,490,595
1268 (CNR1)	627,669,673,686
773 (CACNA1A)	765,806,811,823
774 (CACNA1B)	765,806,811,823
10681 (GNB5)	445,524,491,541
2770 (GNAI1)	445,524,491,541
2771 (GNAI2)	445,524,491,541
2773 (GNAI3)	445,524,491,541
2775 (GNAO1)	445,524,491,541
2782 (GNB1)	445,524,491,541
2783 (GNB2)	445,524,491,541
2784 (GNB3)	445,524,491,541
2785 (GNG3)	445,524,491,541
2786 (GNG4)	445,524,491,541
2787 (GNG5)	445,524,491,541
2788 (GNG7)	445,524,491,541
2790 (GNG10)	445,524,491,541
2791 (GNG11)	445,524,491,541
2792 (GNGT1)	445,524,491,541
2793 (GNGT2)	445,524,491,541
51764 (GNG13)	445,524,491,541
54331 (GNG2)	445,524,491,541
55970 (GNG12)	445,524,491,541
59345 (GNB4)	445,524,491,541
94235 (GNG8)	445,524,491,541
10681 (GNB5)	627,718,673,735
2770 (GNAI1)	627,718,673,735
2771 (GNAI2)	627,718,673,735
2773 (GNAI3)	627,718,673,735
2775 (GNAO1)	627,718,673,735
2782 (GNB1)	627,718,673,735
2783 (GNB2)	627,718,673,735
2784 (GNB3)	627,718,673,735
2785 (GNG3)	627,718,673,735
2786 (GNG4)	627,718,673,735
2787 (GNG5)	627,718,673,735
2788 (GNG7)	627,718,673,735
2790 (GNG10)	627,718,673,735
2791 (GNG11)	627,718,673,735
2792 (GNGT1)	627,718,673,735
2793 (GNGT2)	627,718,673,735
51764 (GNG13)	627,718,673,735
54331 (GNG2)	627,718,673,735
55970 (GNG12)	627,718,673,735
59345 (GNB4)	627,718,673,735
94235 (GNG8)	627,718,673,735
2911 (GRM1)	618,303,664,320
2915 (GRM5)	618,303,664,320
221955 (DAGLB)	781,442,827,459
747 (DAGLA)	781,442,827,459
11343 (MGLL)	370,525,416,542
57406 (ABHD6)	682,459,728,476
140679 (SLC32A1)	471,982,517,999
2890 (GRIA1)	618,229,664,246
2891 (GRIA2)	618,229,664,246
2892 (GRIA3)	618,229,664,246
2893 (GRIA4)	618,229,664,246
3760 (KCNJ3)	505,464,551,481
3762 (KCNJ5)	505,464,551,481
3763 (KCNJ6)	505,464,551,481
3765 (KCNJ9)	505,464,551,481
107 (ADCY1)	367,453,413,470
108 (ADCY2)	367,453,413,470
109 (ADCY3)	367,453,413,470
111 (ADCY5)	367,453,413,470
112 (ADCY6)	367,453,413,470
113 (ADCY7)	367,453,413,470
114 (ADCY8)	367,453,413,470
115 (ADCY9)	367,453,413,470
196883 (ADCY4)	367,453,413,470
5566 (PRKACA)	257,454,303,471
5567 (PRKACB)	257,454,303,471
5568 (PRKACG)	257,454,303,471
3760 (KCNJ3)	765,760,811,777
3762 (KCNJ5)	765,760,811,777
3763 (KCNJ6)	765,760,811,777
3765 (KCNJ9)	765,760,811,777
2166 (FAAH)	693,541,739,558
222236 (NAPEPLD)	698,343,744,360
107 (ADCY1)	502,807,548,824
108 (ADCY2)	502,807,548,824
109 (ADCY3)	502,807,548,824
111 (ADCY5)	502,807,548,824
112 (ADCY6)	502,807,548,824
113 (ADCY7)	502,807,548,824
114 (ADCY8)	502,807,548,824
115 (ADCY9)	502,807,548,824
196883 (ADCY4)	502,807,548,824
5566 (PRKACA)	614,807,660,824
5567 (PRKACB)	614,807,660,824
5568 (PRKACG)	614,807,660,824
1432 (MAPK14)	602,770,648,787
5594 (MAPK1)	602,770,648,787
5595 (MAPK3)	602,770,648,787
5599 (MAPK8)	602,770,648,787
5600 (MAPK11)	602,770,648,787
5601 (MAPK9)	602,770,648,787
5602 (MAPK10)	602,770,648,787
5603 (MAPK13)	602,770,648,787
6300 (MAPK12)	602,770,648,787
22999 (RIMS1)	728,943,774,960
1432 (MAPK14)	430,420,476,437
5594 (MAPK1)	430,420,476,437
5595 (MAPK3)	430,420,476,437
5599 (MAPK8)	430,420,476,437
5600 (MAPK11)	430,420,476,437
5601 (MAPK9)	430,420,476,437
5602 (MAPK10)	430,420,476,437
5603 (MAPK13)	430,420,476,437
6300 (MAPK12)	430,420,476,437
100532726 (NDUFC2-KCTD14)	365,942,411,959
126328 (NDUFA11)	365,942,411,959
374291 (NDUFS7)	365,942,411,959
4535 (ND1)	365,942,411,959
4536 (ND2)	365,942,411,959
4537 (ND3)	365,942,411,959
4538 (ND4)	365,942,411,959
4539 (ND4L)	365,942,411,959
4540 (ND5)	365,942,411,959
4541 (ND6)	365,942,411,959
4694 (NDUFA1)	365,942,411,959
4695 (NDUFA2)	365,942,411,959
4696 (NDUFA3)	365,942,411,959
4697 (NDUFA4)	365,942,411,959
4698 (NDUFA5)	365,942,411,959
4700 (NDUFA6)	365,942,411,959
4701 (NDUFA7)	365,942,411,959
4702 (NDUFA8)	365,942,411,959
4704 (NDUFA9)	365,942,411,959
4705 (NDUFA10)	365,942,411,959
4706 (NDUFAB1)	365,942,411,959
4707 (NDUFB1)	365,942,411,959
4708 (NDUFB2)	365,942,411,959
4709 (NDUFB3)	365,942,411,959
4710 (NDUFB4)	365,942,411,959
4711 (NDUFB5)	365,942,411,959
4712 (NDUFB6)	365,942,411,959
4713 (NDUFB7)	365,942,411,959
4714 (NDUFB8)	365,942,411,959
4715 (NDUFB9)	365,942,411,959
4716 (NDUFB10)	365,942,411,959
4717 (NDUFC1)	365,942,411,959
4718 (NDUFC2)	365,942,411,959
4719 (NDUFS1)	365,942,411,959
4720 (NDUFS2)	365,942,411,959
4722 (NDUFS3)	365,942,411,959
4723 (NDUFV1)	365,942,411,959
4724 (NDUFS4)	365,942,411,959
4725 (NDUFS5)	365,942,411,959
4726 (NDUFS6)	365,942,411,959
4728 (NDUFS8)	365,942,411,959
4729 (NDUFV2)	365,942,411,959
4731 (NDUFV3)	365,942,411,959
51079 (NDUFA13)	365,942,411,959
54539 (NDUFB11)	365,942,411,959
55967 (NDUFA12)	365,942,411,959
56901 (NDUFA4L2)	365,942,411,959
10681 (GNB5)	365,859,411,876
2770 (GNAI1)	365,859,411,876
2771 (GNAI2)	365,859,411,876
2773 (GNAI3)	365,859,411,876
2775 (GNAO1)	365,859,411,876
2782 (GNB1)	365,859,411,876
2783 (GNB2)	365,859,411,876
2784 (GNB3)	365,859,411,876
2785 (GNG3)	365,859,411,876
2786 (GNG4)	365,859,411,876
2787 (GNG5)	365,859,411,876
2788 (GNG7)	365,859,411,876
2790 (GNG10)	365,859,411,876
2791 (GNG11)	365,859,411,876
2792 (GNGT1)	365,859,411,876
2793 (GNGT2)	365,859,411,876
51764 (GNG13)	365,859,411,876
54331 (GNG2)	365,859,411,876
55970 (GNG12)	365,859,411,876
59345 (GNB4)	365,859,411,876
94235 (GNG8)	365,859,411,876
1268 (CNR1)	379,842,425,859
107 (ADCY1)	325,885,371,902
108 (ADCY2)	325,885,371,902
109 (ADCY3)	325,885,371,902
111 (ADCY5)	325,885,371,902
112 (ADCY6)	325,885,371,902
113 (ADCY7)	325,885,371,902
114 (ADCY8)	325,885,371,902
115 (ADCY9)	325,885,371,902
196883 (ADCY4)	325,885,371,902
5566 (PRKACA)	300,930,346,947
5567 (PRKACB)	300,930,346,947
5568 (PRKACG)	300,930,346,947
10681 (GNB5)	0,0,1,1
2770 (GNAI1)	0,0,1,1
2771 (GNAI2)	0,0,1,1
2773 (GNAI3)	0,0,1,1
2775 (GNAO1)	0,0,1,1
2782 (GNB1)	0,0,1,1
2783 (GNB2)	0,0,1,1
2784 (GNB3)	0,0,1,1
2785 (GNG3)	0,0,1,1
2786 (GNG4)	0,0,1,1
2787 (GNG5)	0,0,1,1
2788 (GNG7)	0,0,1,1
2790 (GNG10)	0,0,1,1
2791 (GNG11)	0,0,1,1
2792 (GNGT1)	0,0,1,1
2793 (GNGT2)	0,0,1,1
51764 (GNG13)	0,0,1,1
54331 (GNG2)	0,0,1,1
55970 (GNG12)	0,0,1,1
59345 (GNB4)	0,0,1,1
94235 (GNG8)	0,0,1,1
1268 (CNR1)	0,0,1,1
107 (ADCY1)	0,0,1,1
108 (ADCY2)	0,0,1,1
109 (ADCY3)	0,0,1,1
111 (ADCY5)	0,0,1,1
112 (ADCY6)	0,0,1,1
113 (ADCY7)	0,0,1,1
114 (ADCY8)	0,0,1,1
115 (ADCY9)	0,0,1,1
196883 (ADCY4)	0,0,1,1
5566 (PRKACA)	0,0,1,1
5567 (PRKACB)	0,0,1,1
5568 (PRKACG)	0,0,1,1
1268 (CNR1)	322,346,368,363
hsa04723: Retrograde endocannabinoid signaling	40,45,398,70
hsa04721: Synaptic vesicle cycle	324,235,430,269
hsa04020: Calcium signaling pathway	938,185,1044,219
hsa04721: Synaptic vesicle cycle	593,962,699,996
hsa04724: Glutamatergic synapse	86,393,192,427
hsa04727: GABAergic synapse	104,964,210,998
hsa00190: Oxidative phosphorylation	310,976,416,1010
