9879 (DDX46)	57,257,103,274
7919 (DDX39B)	57,277,103,294
6625 (SNRNP70)	675,150,721,167
6626 (SNRPA)	675,167,721,184
6631 (SNRPC)	675,184,721,201
8449 (DHX16)	410,521,456,538
9785 (DHX38)	526,378,572,395
51362 (CDC40)	526,398,572,415
25766 (PRPF40B)	675,222,721,239
55660 (PRPF40A)	675,222,721,239
58517 (RBM25)	675,242,721,259
1659 (DHX8)	517,260,563,277
1665 (DHX15)	446,155,492,172
6628 (SNRPB)	675,133,721,150
6632 (SNRPD1)	675,133,721,150
6633 (SNRPD2)	675,133,721,150
6634 (SNRPD3)	675,133,721,150
6635 (SNRPE)	675,133,721,150
6636 (SNRPF)	675,133,721,150
6637 (SNRPG)	675,133,721,150
1655 (DDX5)	675,262,721,279
10915 (TCERG1)	675,282,721,299
6628 (SNRPB)	740,133,786,150
6632 (SNRPD1)	740,133,786,150
6633 (SNRPD2)	740,133,786,150
6634 (SNRPD3)	740,133,786,150
6635 (SNRPE)	740,133,786,150
6636 (SNRPF)	740,133,786,150
6637 (SNRPG)	740,133,786,150
6627 (SNRPA1)	740,150,786,167
6629 (SNRPB2)	740,167,786,184
10291 (SF3A1)	740,183,786,200
10946 (SF3A3)	740,183,786,200
8175 (SF3A2)	740,183,786,200
10262 (SF3B4)	740,200,786,217
10992 (SF3B2)	740,200,786,217
11325 (DDX42)	740,200,786,217
23450 (SF3B3)	740,200,786,217
23451 (SF3B1)	740,200,786,217
51639 (SF3B6)	740,200,786,217
83443 (SF3B5)	740,200,786,217
84844 (PHF5A)	740,200,786,217
102724594 (U2AF1L5)	740,242,786,259
11338 (U2AF2)	740,242,786,259
199746 (U2AF1L4)	740,242,786,259
7307 (U2AF1)	740,242,786,259
22827 (PUF60)	740,262,786,279
10285 (SMNDC1)	740,282,786,299
84991 (RBM17)	740,302,786,319
10523 (CHERP)	740,322,786,339
23350 (U2SURP)	740,342,786,359
1665 (DHX15)	740,362,786,379
22916 (NCBP2)	870,473,916,490
4686 (NCBP1)	870,473,916,490
139804 (RBMXL3)	870,493,916,510
144983 (HNRNPA1L2)	870,493,916,510
220988 (HNRNPA3)	870,493,916,510
27288 (RBMXL2)	870,493,916,510
27316 (RBMX)	870,493,916,510
3178 (HNRNPA1)	870,493,916,510
3183 (HNRNPC)	870,493,916,510
3190 (HNRNPK)	870,493,916,510
3192 (HNRNPU)	870,493,916,510
343069 (HNRNPCL1)	870,493,916,510
4670 (HNRNPM)	870,493,916,510
494115 (RBMXL1)	870,493,916,510
5093 (PCBP1)	870,493,916,510
10772 (SRSF10)	870,513,916,530
10929 (SRSF8)	870,513,916,530
29896 (TRA2A)	870,513,916,530
6426 (SRSF1)	870,513,916,530
6427 (SRSF2)	870,513,916,530
6428 (SRSF3)	870,513,916,530
6429 (SRSF4)	870,513,916,530
6430 (SRSF5)	870,513,916,530
6431 (SRSF6)	870,513,916,530
6432 (SRSF7)	870,513,916,530
6434 (TRA2B)	870,513,916,530
8683 (SRSF9)	870,513,916,530
27339 (PRPF19)	675,473,721,490
988 (CDC5L)	675,490,721,507
10286 (BCAS2)	675,507,721,524
5356 (PLRG1)	675,524,721,541
51503 (CWC15)	675,541,721,558
56259 (CTNNBL1)	675,558,721,575
3303 (HSPA1A)	675,575,721,592
3304 (HSPA1B)	675,575,721,592
3305 (HSPA1L)	675,575,721,592
3306 (HSPA2)	675,575,721,592
3310 (HSPA6)	675,575,721,592
3312 (HSPA8)	675,575,721,592
10084 (PQBP1)	675,599,721,616
25949 (SYF2)	740,493,786,510
51340 (CRNKL1)	740,493,786,510
56949 (XAB2)	740,493,786,510
51729 (WBP11)	675,616,721,633
22938 (SNW1)	740,473,786,490
100534599 (ISY1-RAB43)	740,513,786,530
57461 (ISY1)	740,513,786,530
51645 (PPIL1)	740,533,786,550
10450 (PPIE)	740,553,786,570
151903 (CCDC12)	740,573,786,590
55696 (RBM22)	740,593,786,610
9716 (AQR)	740,633,786,650
11157 (LSM6)	805,150,851,167
23658 (LSM5)	805,150,851,167
25804 (LSM4)	805,150,851,167
27258 (LSM3)	805,150,851,167
51690 (LSM7)	805,150,851,167
51691 (LSM8)	805,150,851,167
57819 (LSM2)	805,150,851,167
6628 (SNRPB)	805,167,851,184
6632 (SNRPD1)	805,167,851,184
6633 (SNRPD2)	805,167,851,184
6634 (SNRPD3)	805,167,851,184
6635 (SNRPE)	805,167,851,184
6636 (SNRPF)	805,167,851,184
6637 (SNRPG)	805,167,851,184
26121 (PRPF31)	805,234,851,251
10465 (PPIH)	805,218,851,235
9128 (PRPF4)	805,201,851,218
9129 (PRPF3)	805,184,851,201
4809 (SNU13)	805,251,851,268
6628 (SNRPB)	870,133,916,150
6632 (SNRPD1)	870,133,916,150
6633 (SNRPD2)	870,133,916,150
6634 (SNRPD3)	870,133,916,150
6635 (SNRPE)	870,133,916,150
6636 (SNRPF)	870,133,916,150
6637 (SNRPG)	870,133,916,150
9343 (EFTUD2)	870,150,916,167
23020 (SNRNP200)	870,167,916,184
24148 (PRPF6)	870,184,916,201
10594 (PRPF8)	870,201,916,218
9410 (SNRNP40)	870,218,916,235
9416 (DDX23)	870,235,916,252
10907 (TXNL4A)	870,252,916,269
11017 (SNRNP27)	805,310,851,327
10713 (USP39)	805,327,851,344
9092 (SART1)	805,344,851,361
22985 (ACIN1)	805,473,851,490
9775 (EIF4A3)	805,490,851,507
9939 (RBM8A)	805,507,851,524
4116 (MAGOH)	805,524,851,541
55110 (MAGOHB)	805,524,851,541
7919 (DDX39B)	805,541,851,558
10189 (ALYREF)	805,558,851,575
57187 (THOC2)	805,558,851,575
84321 (THOC3)	805,558,851,575
9984 (THOC1)	805,558,851,575
1659 (DHX8)	575,378,621,395
10569 (SLU7)	575,398,621,415
153527 (ZMAT2)	805,370,851,387
55119 (PRPF38B)	805,390,851,407
84950 (PRPF38A)	805,390,851,407
8559 (PRPF18)	526,418,572,435
8896 (BUD31)	740,613,786,630
26827 (RNU6-1)	805,127,851,144
6100 (RP9)	740,382,786,399
6100 (RP9)	805,410,851,427
hsa03040: Spliceosome	40,45,169,70
