23286 (WWC1)	297,394,343,411
4771 (NF2)	266,377,312,394
122786 (FRMD6)	266,411,312,428
79981 (FRMD1)	266,411,312,428
60485 (SAV1)	378,377,424,394
6788 (STK3)	391,394,437,411
10413 (YAP1)	771,396,817,413
25937 (WWTR1)	771,396,817,413
26524 (LATS2)	493,394,539,411
9113 (LATS1)	493,394,539,411
23418 (CRB1)	326,135,372,152
286204 (CRB2)	326,135,372,152
1495 (CTNNA1)	474,767,520,784
1496 (CTNNA2)	474,767,520,784
29119 (CTNNA3)	474,767,520,784
11186 (RASSF1)	355,471,401,488
1490 (CCN2)	939,414,985,431
332 (BIRC5)	992,443,1038,460
374 (AREG)	939,443,985,460
5499 (PPP1CA)	628,440,674,457
5500 (PPP1CB)	628,440,674,457
5501 (PPP1CC)	628,440,674,457
7159 (TP53BP2)	641,457,687,474
10971 (YWHAQ)	559,741,605,758
7529 (YWHAB)	559,741,605,758
7531 (YWHAE)	559,741,605,758
7532 (YWHAG)	559,741,605,758
7533 (YWHAH)	559,741,605,758
7534 (YWHAZ)	559,741,605,758
55233 (MOB1A)	480,411,526,428
92597 (MOB1B)	480,411,526,428
10413 (YAP1)	373,259,419,276
25937 (WWTR1)	373,259,419,276
154796 (AMOT)	373,242,419,259
64398 (MPP5)	327,252,373,269
10207 (PATJ)	327,235,373,252
999 (CDH1)	474,803,520,820
999 (CDH1)	474,870,520,887
3993 (LLGL2)	674,236,720,253
3996 (LLGL1)	674,236,720,253
23513 (SCRIB)	694,253,740,270
1739 (DLG1)	680,270,726,287
1740 (DLG2)	680,270,726,287
1741 (DLG3)	680,270,726,287
1742 (DLG4)	680,270,726,287
7003 (TEAD1)	784,413,830,430
7004 (TEAD4)	784,413,830,430
7005 (TEAD3)	784,413,830,430
8463 (TEAD2)	784,413,830,430
126374 (WTIP)	499,236,545,253
84962 (AJUBA)	499,236,545,253
8994 (LIMD1)	499,236,545,253
60 (ACTB)	421,741,467,758
71 (ACTG1)	421,741,467,758
10413 (YAP1)	589,394,635,411
25937 (WWTR1)	589,394,635,411
23418 (CRB1)	326,204,372,221
286204 (CRB2)	326,204,372,221
56288 (PARD3)	208,236,254,253
50855 (PARD6A)	208,253,254,270
84552 (PARD6G)	208,253,254,270
84612 (PARD6B)	208,253,254,270
5584 (PRKCI)	254,246,300,263
5590 (PRKCZ)	254,246,300,263
999 (CDH1)	499,135,545,152
999 (CDH1)	499,204,545,221
10413 (YAP1)	771,295,817,312
25937 (WWTR1)	771,295,817,312
7161 (TP73)	784,312,830,329
10413 (YAP1)	771,513,817,530
25937 (WWTR1)	771,513,817,530
4087 (SMAD2)	784,530,830,547
4088 (SMAD3)	784,530,830,547
102800317 (TPTEP2-CSNK1E)	562,354,608,371
1453 (CSNK1D)	562,354,608,371
1454 (CSNK1E)	562,354,608,371
23291 (FBXW11)	562,326,608,343
8945 (BTRC)	562,326,608,343
10971 (YWHAQ)	655,722,701,739
7529 (YWHAB)	655,722,701,739
7531 (YWHAE)	655,722,701,739
7532 (YWHAG)	655,722,701,739
7533 (YWHAH)	655,722,701,739
7534 (YWHAZ)	655,722,701,739
10413 (YAP1)	655,705,701,722
25937 (WWTR1)	655,705,701,722
3689 (ITGB2)	992,465,1038,482
7040 (TGFB1)	84,530,130,547
7042 (TGFB2)	84,530,130,547
7043 (TGFB3)	84,530,130,547
7046 (TGFBR1)	160,530,206,547
7048 (TGFBR2)	160,530,206,547
4087 (SMAD2)	260,530,306,547
4088 (SMAD3)	260,530,306,547
4089 (SMAD4)	332,558,378,575
4089 (SMAD4)	784,547,830,564
4092 (SMAD7)	939,520,985,537
5054 (SERPINE1)	992,520,1038,537
1490 (CCN2)	939,543,985,560
51384 (WNT16)	84,669,130,686
54361 (WNT4)	84,669,130,686
7471 (WNT1)	84,669,130,686
7472 (WNT2)	84,669,130,686
7473 (WNT3)	84,669,130,686
7474 (WNT5A)	84,669,130,686
7475 (WNT6)	84,669,130,686
7476 (WNT7A)	84,669,130,686
7477 (WNT7B)	84,669,130,686
7478 (WNT8A)	84,669,130,686
7479 (WNT8B)	84,669,130,686
7480 (WNT10B)	84,669,130,686
7481 (WNT11)	84,669,130,686
7482 (WNT2B)	84,669,130,686
7483 (WNT9A)	84,669,130,686
7484 (WNT9B)	84,669,130,686
80326 (WNT10A)	84,669,130,686
81029 (WNT5B)	84,669,130,686
89780 (WNT3A)	84,669,130,686
11211 (FZD10)	160,669,206,686
2535 (FZD2)	160,669,206,686
7855 (FZD5)	160,669,206,686
7976 (FZD3)	160,669,206,686
8321 (FZD1)	160,669,206,686
8322 (FZD4)	160,669,206,686
8323 (FZD6)	160,669,206,686
8324 (FZD7)	160,669,206,686
8325 (FZD8)	160,669,206,686
8326 (FZD9)	160,669,206,686
102800317 (TPTEP2-CSNK1E)	234,686,280,703
1453 (CSNK1D)	234,686,280,703
1454 (CSNK1E)	234,686,280,703
1855 (DVL1)	260,669,306,686
1856 (DVL2)	260,669,306,686
1857 (DVL3)	260,669,306,686
2932 (GSK3B)	359,669,405,686
1499 (CTNNB1)	461,669,507,686
10297 (APC2)	448,686,494,703
324 (APC)	448,686,494,703
8312 (AXIN1)	494,686,540,703
8313 (AXIN2)	494,686,540,703
51176 (LEF1)	784,667,830,684
6932 (TCF7)	784,667,830,684
6934 (TCF7L2)	784,667,830,684
83439 (TCF7L1)	784,667,830,684
7003 (TEAD1)	784,684,830,701
7004 (TEAD4)	784,684,830,701
7005 (TEAD3)	784,684,830,701
8463 (TEAD2)	784,684,830,701
10413 (YAP1)	771,650,817,667
25937 (WWTR1)	276,728,322,745
10971 (YWHAQ)	276,745,322,762
7529 (YWHAB)	276,745,322,762
7531 (YWHAE)	276,745,322,762
7532 (YWHAG)	276,745,322,762
7533 (YWHAH)	276,745,322,762
7534 (YWHAZ)	276,745,322,762
8312 (AXIN1)	939,632,985,649
8313 (AXIN2)	939,632,985,649
85407 (NKD1)	992,632,1038,649
4609 (MYC)	939,657,985,674
595 (CCND1)	992,657,1038,674
894 (CCND2)	992,657,1038,674
896 (CCND3)	992,657,1038,674
6657 (SOX2)	939,682,985,699
6591 (SNAI2)	992,682,1038,699
329 (BIRC2)	939,707,985,724
332 (BIRC5)	939,707,985,724
151449 (GDF7)	84,592,130,609
268 (AMH)	84,592,130,609
353500 (BMP8A)	84,592,130,609
392255 (GDF6)	84,592,130,609
650 (BMP2)	84,592,130,609
652 (BMP4)	84,592,130,609
653 (BMP5)	84,592,130,609
654 (BMP6)	84,592,130,609
655 (BMP7)	84,592,130,609
656 (BMP8B)	84,592,130,609
8200 (GDF5)	84,592,130,609
657 (BMPR1A)	160,592,206,609
658 (BMPR1B)	160,592,206,609
659 (BMPR2)	160,592,206,609
4086 (SMAD1)	260,592,306,609
4089 (SMAD4)	333,622,379,639
4086 (SMAD1)	784,593,830,610
4089 (SMAD4)	784,610,830,627
10413 (YAP1)	771,576,817,593
3397 (ID1)	939,593,985,610
3398 (ID2)	992,593,1038,610
27113 (BBC3)	939,314,985,331
5515 (PPP2CA)	492,448,538,465
5516 (PPP2CB)	492,448,538,465
5518 (PPP2R1A)	492,448,538,465
5519 (PPP2R1B)	492,448,538,465
5520 (PPP2R2A)	492,448,538,465
5521 (PPP2R2B)	492,448,538,465
5522 (PPP2R2C)	492,448,538,465
55844 (PPP2R2D)	492,448,538,465
166824 (RASSF6)	329,442,375,459
10413 (YAP1)	771,447,817,464
25937 (WWTR1)	771,447,817,464
2736 (GLI2)	992,414,1038,431
174 (AFP)	939,465,985,482
2246 (FGF1)	939,488,985,505
4092 (SMAD7)	221,487,267,504
10413 (YAP1)	241,470,287,487
hsa04390: Hippo signaling pathway	40,45,278,70
hsa04530: Tight junction	237,166,329,191
hsa04520: Adherens junction	357,832,468,857
hsa04520: Adherens junction	549,166,660,191
hsa04350: TGF-beta signaling pathway	46,477,159,511
hsa04310: Wnt signaling pathway	46,630,159,664
hsa04120: Ubiquitin mediated proteolysis	552,251,665,285
