C00187 (Cholesterol)	132,308,4
374654 (KIF7)	396,313,442,330
2735 (GLI1)	655,331,701,348
5727 (PTCH1)	655,357,701,374
8643 (PTCH2)	655,357,701,374
650 (BMP2)	655,278,701,295
652 (BMP4)	655,278,701,295
51384 (WNT16)	655,384,701,401
54361 (WNT4)	655,384,701,401
7471 (WNT1)	655,384,701,401
7472 (WNT2)	655,384,701,401
7473 (WNT3)	655,384,701,401
7474 (WNT5A)	655,384,701,401
7475 (WNT6)	655,384,701,401
7476 (WNT7A)	655,384,701,401
7477 (WNT7B)	655,384,701,401
7478 (WNT8A)	655,384,701,401
7479 (WNT8B)	655,384,701,401
7480 (WNT10B)	655,384,701,401
7481 (WNT11)	655,384,701,401
7482 (WNT2B)	655,384,701,401
7483 (WNT9A)	655,384,701,401
7484 (WNT9B)	655,384,701,401
80326 (WNT10A)	655,384,701,401
81029 (WNT5B)	655,384,701,401
89780 (WNT3A)	655,384,701,401
6469 (SHH)	109,270,155,287
10297 (APC2)	457,468,503,485
324 (APC)	457,468,503,485
5727 (PTCH1)	188,270,234,287
51684 (SUFU)	396,330,442,347
8312 (AXIN1)	412,468,458,485
8313 (AXIN2)	412,468,458,485
1855 (DVL1)	281,485,327,502
1856 (DVL2)	281,485,327,502
1857 (DVL3)	281,485,327,502
11211 (FZD10)	188,484,234,501
2535 (FZD2)	188,484,234,501
7855 (FZD5)	188,484,234,501
7976 (FZD3)	188,484,234,501
8321 (FZD1)	188,484,234,501
8322 (FZD4)	188,484,234,501
8323 (FZD6)	188,484,234,501
8324 (FZD7)	188,484,234,501
8325 (FZD8)	188,484,234,501
8326 (FZD9)	188,484,234,501
2735 (GLI1)	478,330,524,347
2736 (GLI2)	478,330,524,347
2737 (GLI3)	478,330,524,347
6608 (SMO)	187,330,233,347
64399 (HHIP)	655,305,701,322
1499 (CTNNB1)	454,485,500,502
2932 (GSK3B)	371,485,417,502
51176 (LEF1)	603,486,649,503
6932 (TCF7)	603,486,649,503
6934 (TCF7L2)	603,486,649,503
83439 (TCF7L1)	603,486,649,503
7157 (TP53)	655,172,701,189
1026 (CDKN1A)	785,152,831,169
10912 (GADD45G)	837,152,883,169
1647 (GADD45A)	837,152,883,169
4616 (GADD45B)	837,152,883,169
581 (BAX)	785,174,831,191
578 (BAK1)	837,174,883,191
1643 (DDB2)	785,196,831,213
51426 (POLK)	837,196,883,213
hsa05217: Basal cell carcinoma	40,45,242,70
hsa04340: Hedgehog signaling pathway	255,353,357,387
hsa04310: Wnt signaling pathway	255,517,357,551
hsa04115: p53 signaling pathway	643,105,745,139
hsa04110: Cell cycle	773,105,875,139
hsa04350: TGF-beta signaling pathway	716,271,818,305
