C05981 (Phosphatidylinositol-3,4,5-trisphosphate)	604,427,4
C04637 (1-Phosphatidyl-D-myo-inositol 4,5-bisphosphate)	645,210,4
3688 (ITGB1)	169,248,215,265
3690 (ITGB3)	169,248,215,265
3691 (ITGB4)	169,248,215,265
3693 (ITGB5)	169,248,215,265
3694 (ITGB6)	169,248,215,265
3695 (ITGB7)	169,248,215,265
3696 (ITGB8)	169,248,215,265
22801 (ITGA11)	169,231,215,248
3655 (ITGA6)	169,231,215,248
3672 (ITGA1)	169,231,215,248
3673 (ITGA2)	169,231,215,248
3674 (ITGA2B)	169,231,215,248
3675 (ITGA3)	169,231,215,248
3676 (ITGA4)	169,231,215,248
3678 (ITGA5)	169,231,215,248
3679 (ITGA7)	169,231,215,248
3680 (ITGA9)	169,231,215,248
3685 (ITGAV)	169,231,215,248
8515 (ITGA10)	169,231,215,248
8516 (ITGA8)	169,231,215,248
2316 (FLNA)	423,230,469,247
2317 (FLNB)	423,230,469,247
2318 (FLNC)	423,230,469,247
998 (CDC42)	724,357,770,374
340156 (MYLK4)	794,191,840,208
4638 (MYLK)	794,191,840,208
85366 (MYLK2)	794,191,840,208
91807 (MYLK3)	794,191,840,208
103910 (MYL12B)	862,138,908,155
10398 (MYL9)	862,138,908,155
10627 (MYL12A)	862,138,908,155
29895 (MYLPF)	862,138,908,155
4633 (MYL2)	862,138,908,155
4636 (MYL5)	862,138,908,155
58498 (MYL7)	862,138,908,155
93408 (MYL10)	862,138,908,155
1729 (DIAPH1)	867,90,913,107
4659 (PPP1R12A)	733,165,779,182
4660 (PPP1R12B)	733,165,779,182
54776 (PPP1R12C)	733,165,779,182
5499 (PPP1CA)	733,165,779,182
5500 (PPP1CB)	733,165,779,182
5501 (PPP1CC)	733,165,779,182
6093 (ROCK1)	676,138,722,155
9475 (ROCK2)	676,138,722,155
10000 (AKT3)	694,319,740,336
207 (AKT1)	694,319,740,336
208 (AKT2)	694,319,740,336
5170 (PDPK1)	609,277,655,294
29780 (PARVB)	524,257,570,274
55742 (PARVA)	524,257,570,274
64098 (PARVG)	524,257,570,274
3611 (ILK)	524,319,570,336
7414 (VCL)	524,232,570,249
7408 (VASP)	524,207,570,224
5728 (PTEN)	423,369,469,386
5290 (PIK3CA)	423,418,469,435
5291 (PIK3CB)	423,418,469,435
5293 (PIK3CD)	423,418,469,435
5295 (PIK3R1)	423,418,469,435
5296 (PIK3R2)	423,418,469,435
8503 (PIK3R3)	423,418,469,435
7094 (TLN1)	423,259,469,276
83660 (TLN2)	423,259,469,276
7791 (ZYX)	524,183,570,200
23396 (PIP5K1C)	601,166,647,183
81 (ACTN4)	423,204,469,221
87 (ACTN1)	423,204,469,221
5747 (PTK2)	306,418,352,435
824 (CAPN2)	359,319,405,336
5829 (PXN)	423,287,469,304
2909 (ARHGAP35)	304,90,350,107
394 (ARHGAP5)	304,90,350,107
5578 (PRKCA)	217,345,263,362
5579 (PRKCB)	217,345,263,362
5582 (PRKCG)	217,345,263,362
6714 (SRC)	274,295,320,312
2534 (FYN)	223,463,269,480
387 (RHOA)	549,138,595,155
5923 (RASGRF1)	355,138,401,155
10319 (LAMC3)	76,239,122,256
1101 (CHAD)	76,239,122,256
1277 (COL1A1)	76,239,122,256
1278 (COL1A2)	76,239,122,256
1280 (COL2A1)	76,239,122,256
1282 (COL4A1)	76,239,122,256
1284 (COL4A2)	76,239,122,256
1285 (COL4A3)	76,239,122,256
1286 (COL4A4)	76,239,122,256
1287 (COL4A5)	76,239,122,256
1288 (COL4A6)	76,239,122,256
1291 (COL6A1)	76,239,122,256
1292 (COL6A2)	76,239,122,256
1293 (COL6A3)	76,239,122,256
1297 (COL9A1)	76,239,122,256
1298 (COL9A2)	76,239,122,256
1299 (COL9A3)	76,239,122,256
1311 (COMP)	76,239,122,256
131873 (COL6A6)	76,239,122,256
22798 (LAMB4)	76,239,122,256
2335 (FN1)	76,239,122,256
256076 (COL6A5)	76,239,122,256
284217 (LAMA1)	76,239,122,256
3371 (TNC)	76,239,122,256
3381 (IBSP)	76,239,122,256
3908 (LAMA2)	76,239,122,256
3909 (LAMA3)	76,239,122,256
3910 (LAMA4)	76,239,122,256
3911 (LAMA5)	76,239,122,256
3912 (LAMB1)	76,239,122,256
3913 (LAMB2)	76,239,122,256
3914 (LAMB3)	76,239,122,256
3915 (LAMC1)	76,239,122,256
3918 (LAMC2)	76,239,122,256
5649 (RELN)	76,239,122,256
63923 (TNN)	76,239,122,256
6696 (SPP1)	76,239,122,256
7057 (THBS1)	76,239,122,256
7058 (THBS2)	76,239,122,256
7059 (THBS3)	76,239,122,256
7060 (THBS4)	76,239,122,256
7143 (TNR)	76,239,122,256
7148 (TNXB)	76,239,122,256
7448 (VTN)	76,239,122,256
7450 (VWF)	76,239,122,256
857 (CAV1)	169,394,215,411
858 (CAV2)	169,394,215,411
859 (CAV3)	169,394,215,411
329 (BIRC2)	1120,618,1166,635
330 (BIRC3)	1120,618,1166,635
331 (XIAP)	1120,618,1166,635
572 (BAD)	869,660,915,677
596 (BCL2)	931,660,977,677
2002 (ELK1)	976,618,1022,635
5594 (MAPK1)	901,618,947,635
5595 (MAPK3)	901,618,947,635
595 (CCND1)	1120,429,1166,446
894 (CCND2)	1120,429,1166,446
896 (CCND3)	1120,429,1166,446
5604 (MAP2K1)	826,618,872,635
673 (BRAF)	792,569,838,586
5894 (RAF1)	619,618,665,635
3265 (HRAS)	538,618,584,635
6654 (SOS1)	456,618,502,635
6655 (SOS2)	456,618,502,635
2885 (GRB2)	375,618,421,635
1956 (EGFR)	169,618,215,635
2064 (ERBB2)	169,618,215,635
2321 (FLT1)	169,618,215,635
2324 (FLT4)	169,618,215,635
3480 (IGF1R)	169,618,215,635
3791 (KDR)	169,618,215,635
4233 (MET)	169,618,215,635
5156 (PDGFRA)	169,618,215,635
5159 (PDGFRB)	169,618,215,635
1950 (EGF)	76,618,122,635
2277 (VEGFD)	76,618,122,635
3082 (HGF)	76,618,122,635
3479 (IGF1)	76,618,122,635
5154 (PDGFA)	76,618,122,635
5155 (PDGFB)	76,618,122,635
5228 (PGF)	76,618,122,635
56034 (PDGFC)	76,618,122,635
7422 (VEGFA)	76,618,122,635
7423 (VEGFB)	76,618,122,635
7424 (VEGFC)	76,618,122,635
80310 (PDGFD)	76,618,122,635
25759 (SHC2)	293,618,339,635
399694 (SHC4)	293,618,339,635
53358 (SHC3)	293,618,339,635
6464 (SHC1)	293,618,339,635
9564 (BCAR1)	423,525,469,542
1398 (CRK)	558,525,604,542
1399 (CRKL)	558,525,604,542
2889 (RAPGEF1)	647,525,693,542
5906 (RAP1A)	766,525,812,542
5908 (RAP1B)	766,525,812,542
1793 (DOCK1)	675,484,721,501
5599 (MAPK8)	888,525,934,542
5601 (MAPK9)	888,525,934,542
5602 (MAPK10)	888,525,934,542
3725 (JUN)	976,525,1022,542
10298 (PAK4)	824,418,870,435
106821730 (BUB1B-PAK6)	824,418,870,435
5058 (PAK1)	824,418,870,435
5062 (PAK2)	824,418,870,435
5063 (PAK3)	824,418,870,435
56924 (PAK6)	824,418,870,435
57144 (PAK5)	824,418,870,435
5879 (RAC1)	736,418,782,435
5880 (RAC2)	736,418,782,435
5881 (RAC3)	736,418,782,435
10451 (VAV3)	658,418,704,435
7409 (VAV1)	658,418,704,435
7410 (VAV2)	658,418,704,435
1499 (CTNNB1)	976,319,1022,336
2932 (GSK3B)	875,318,921,335
60 (ACTB)	908,241,954,258
71 (ACTG1)	908,241,954,258
hsa04512: ECM-receptor interaction	51,290,162,324
hsa04060: Cytokine-cytokine receptor interaction	51,547,162,592
hsa04010: MAPK signaling pathway	878,563,989,597
hsa04510: Focal adhesion	40,45,198,70
hsa04810: Regulation of actin cytoskeleton	945,160,1056,194
hsa04310: Wnt signaling pathway	927,345,1020,379
hsa04110: Cell cycle	1096,466,1189,491
hsa04151: PI3K-Akt signaling pathway	905,413,1016,447
hsa04070: Phosphatidylinositol signaling system	562,448,673,482
