53833 (IL20RB)	859,897,905,914
53833 (IL20RB)	859,854,905,871
3565 (IL4)	557,730,603,747
659 (BMPR2)	1725,390,1771,407
93 (ACVR2B)	1508,717,1554,734
91 (ACVR1B)	1508,613,1554,630
92 (ACVR2A)	1508,673,1554,690
3588 (IL10RB)	859,944,905,961
58985 (IL22RA1)	859,927,905,944
3561 (IL2RG)	643,446,689,463
3561 (IL2RG)	643,403,689,420
3561 (IL2RG)	643,342,689,359
3561 (IL2RG)	643,297,689,314
3561 (IL2RG)	643,253,689,270
3561 (IL2RG)	643,204,689,221
3560 (IL2RB)	643,386,689,403
3560 (IL2RB)	643,187,689,204
1439 (CSF2RB)	643,630,689,647
1439 (CSF2RB)	643,587,689,604
3977 (LIFR)	858,494,904,511
3977 (LIFR)	858,429,904,446
3977 (LIFR)	858,542,904,559
3572 (IL6ST)	858,511,904,528
3572 (IL6ST)	858,446,904,463
3572 (IL6ST)	858,559,904,576
3572 (IL6ST)	858,633,904,650
3572 (IL6ST)	858,192,904,209
8807 (IL18RAP)	1074,585,1120,602
8809 (IL18R1)	1074,568,1120,585
7850 (IL1R2)	1074,389,1120,406
3556 (IL1RAP)	1074,363,1120,380
3554 (IL1R1)	1074,346,1120,363
23765 (IL17RA)	1074,888,1120,905
657 (BMPR1A)	1725,145,1771,162
92 (ACVR2A)	1725,162,1771,179
658 (BMPR1B)	1725,280,1771,297
90 (ACVR1)	1725,422,1771,439
90 (ACVR1)	1508,846,1554,863
269 (AMHR2)	1508,863,1554,880
93 (ACVR2B)	1508,629,1554,646
91 (ACVR1B)	1508,537,1554,554
92 (ACVR2A)	1508,554,1554,571
7046 (TGFBR1)	1508,135,1554,152
7048 (TGFBR2)	1508,152,1554,169
3606 (IL18)	989,589,1035,606
3553 (IL1B)	989,362,1035,379
3552 (IL1A)	989,338,1035,355
64806 (IL25)	987,898,1033,915
27190 (IL17B)	987,788,1033,805
3605 (IL17A)	987,733,1033,750
8200 (GDF5)	1638,263,1684,280
655 (BMP7)	1638,635,1684,652
650 (BMP2)	1638,218,1684,235
268 (AMH)	1421,880,1467,897
83729 (INHBE)	1421,815,1467,832
3626 (INHBC)	1421,786,1467,803
3625 (INHBB)	1421,614,1467,631
3624 (INHBA)	1421,582,1467,599
7043 (TGFB3)	1421,192,1467,209
7042 (TGFB2)	1421,169,1467,186
7040 (TGFB1)	1421,145,1467,162
84957 (RELT)	1291,1003,1337,1020
55504 (TNFRSF19)	1291,974,1337,991
60401 (EDA2R)	1291,537,1337,554
10913 (EDAR)	1291,501,1337,518
115650 (TNFRSF13C)	1291,941,1337,958
23495 (TNFRSF13B)	1291,914,1337,931
608 (TNFRSF17)	1291,887,1337,904
8784 (TNFRSF18)	1291,855,1337,872
7293 (TNFRSF4)	1291,824,1337,841
3604 (TNFRSF9)	1291,794,1337,811
943 (TNFRSF8)	1291,733,1337,750
939 (CD27)	1291,703,1337,720
958 (CD40)	1291,764,1337,781
355 (FAS)	1291,286,1337,303
8771 (TNFRSF6B)	1248,246,1294,263
8764 (TNFRSF14)	1291,206,1337,223
4055 (LTBR)	1291,180,1337,197
1896 (EDA)	1204,537,1250,554
1896 (EDA)	1204,501,1250,518
10673 (TNFSF13B)	1204,928,1250,945
8741 (TNFSF13)	1204,900,1250,917
8995 (TNFSF18)	1204,855,1250,872
7292 (TNFSF4)	1204,824,1250,841
8744 (TNFSF9)	1204,794,1250,811
944 (TNFSF8)	1204,733,1250,750
970 (CD70)	1204,703,1250,720
959 (CD40LG)	1204,764,1250,781
356 (FASLG)	1204,281,1250,298
8740 (TNFSF14)	1204,219,1250,236
4050 (LTB)	1204,194,1250,211
4049 (LTA)	1204,169,1250,186
3588 (IL10RB)	859,1054,905,1071
163702 (IFNLR1)	859,1037,905,1054
58985 (IL22RA1)	859,880,905,897
53832 (IL20RA)	859,837,905,854
3588 (IL10RB)	859,799,905,816
3587 (IL10RA)	859,782,905,799
3460 (IFNGR2)	1074,248,1120,265
3459 (IFNGR1)	1074,231,1120,248
3455 (IFNAR2)	1074,172,1120,189
3454 (IFNAR1)	1074,155,1120,172
55801 (IL26)	772,982,818,999
282618 (IFNL1)	772,1066,818,1083
282616 (IFNL2)	772,1045,818,1062
282617 (IFNL3)	772,1045,818,1062
282616 (IFNL2)	772,1024,818,1041
282617 (IFNL3)	772,1024,818,1041
50616 (IL22)	772,935,818,952
11009 (IL24)	772,902,818,919
50604 (IL20)	772,879,818,896
29949 (IL19)	772,832,818,849
3586 (IL10)	772,791,818,808
3458 (IFNG)	987,240,1033,257
338376 (IFNE)	987,209,1033,226
56832 (IFNK)	987,187,1033,204
3467 (IFNW1)	987,165,1033,182
3456 (IFNB1)	987,143,1033,160
3439 (IFNA1)	987,122,1033,139
3440 (IFNA2)	987,122,1033,139
3441 (IFNA4)	987,122,1033,139
3442 (IFNA5)	987,122,1033,139
3443 (IFNA6)	987,122,1033,139
3444 (IFNA7)	987,122,1033,139
3445 (IFNA8)	987,122,1033,139
3446 (IFNA10)	987,122,1033,139
3447 (IFNA13)	987,122,1033,139
3448 (IFNA14)	987,122,1033,139
3449 (IFNA16)	987,122,1033,139
3451 (IFNA17)	987,122,1033,139
3452 (IFNA21)	987,122,1033,139
4352 (MPL)	644,1012,690,1029
5618 (PRLR)	644,986,690,1003
2690 (GHR)	644,950,690,967
2057 (EPOR)	644,907,690,924
64109 (CRLF2)	643,490,689,507
3575 (IL7R)	643,473,689,490
50615 (IL21R)	643,429,689,446
3601 (IL15RA)	643,369,689,386
3581 (IL9R)	643,325,689,342
3575 (IL7R)	643,280,689,297
3566 (IL4R)	643,236,689,253
3561 (IL2RG)	643,160,689,177
3560 (IL2RB)	643,143,689,160
3559 (IL2RA)	643,126,689,143
3568 (IL5RA)	643,613,689,630
3563 (IL3RA)	643,570,689,587
1439 (CSF2RB)	644,674,690,691
1438 (CSF2RA)	644,657,690,674
7066 (THPO)	557,1012,603,1029
5617 (PRL)	557,986,603,1003
1442 (CSH1)	557,961,603,978
1443 (CSH2)	557,961,603,978
2688 (GH1)	557,961,603,978
2689 (GH2)	557,961,603,978
1442 (CSH1)	557,938,603,955
1443 (CSH2)	557,938,603,955
2688 (GH1)	557,938,603,955
2689 (GH2)	557,938,603,955
2056 (EPO)	557,907,603,924
85480 (TSLP)	557,481,603,498
59067 (IL21)	557,438,603,455
3600 (IL15)	557,385,603,402
3578 (IL9)	557,334,603,351
3574 (IL7)	557,288,603,305
3565 (IL4)	557,245,603,262
3558 (IL2)	557,168,603,185
3567 (IL5)	557,622,603,639
3562 (IL3)	557,579,603,596
1437 (CSF2)	557,665,603,682
3594 (IL12RB1)	858,289,904,306
149233 (IL23R)	858,272,904,289
3595 (IL12RB2)	858,240,904,257
3594 (IL12RB1)	858,223,904,240
3566 (IL4R)	643,770,689,787
3597 (IL13RA1)	642,738,688,755
3566 (IL4R)	642,722,688,739
1441 (CSF3R)	643,1043,689,1060
1271 (CNTFR)	858,412,904,429
9180 (OSMR)	858,616,904,633
3590 (IL11RA)	858,175,904,192
3572 (IL6ST)	858,145,904,162
3570 (IL6R)	858,128,904,145
51561 (IL23A)	772,280,818,297
3592 (IL12A)	772,232,818,249
3593 (IL12B)	772,232,818,249
3596 (IL13)	557,779,603,796
1440 (CSF3)	557,1043,603,1060
1489 (CTF1)	772,495,818,512
23529 (CLCF1)	772,419,818,436
1270 (CNTF)	772,441,818,458
3976 (LIF)	772,533,818,550
5008 (OSM)	772,625,818,642
5008 (OSM)	772,570,818,587
3589 (IL11)	772,184,818,201
3569 (IL6)	772,137,818,154
1524 (CX3CR1)	428,916,474,933
2829 (XCR1)	428,783,474,800
10663 (CXCR6)	427,574,473,591
643 (CXCR5)	427,459,473,476
7852 (CXCR4)	427,495,473,512
2833 (CXCR3)	427,381,473,398
3577 (CXCR1)	427,181,473,198
3579 (CXCR2)	427,254,473,271
6376 (CX3CL1)	341,916,387,933
6846 (XCL2)	341,795,387,812
6375 (XCL1)	341,772,387,789
9547 (CXCL14)	341,615,387,632
5196 (PF4)	341,337,387,354
5197 (PF4V1)	341,337,387,354
58191 (CXCL16)	341,574,387,591
10563 (CXCL13)	341,459,387,476
6387 (CXCL12)	341,512,387,529
6373 (CXCL11)	341,427,387,444
3627 (CXCL10)	341,405,387,422
4283 (CXCL9)	341,382,387,399
3576 (CXCL8)	341,212,387,229
6372 (CXCL6)	341,190,387,207
6374 (CXCL5)	341,190,387,207
5473 (PPBP)	341,298,387,315
6372 (CXCL6)	341,168,387,185
6374 (CXCL5)	341,168,387,185
7132 (TNFRSF1A)	1291,127,1337,144
7133 (TNFRSF1B)	1291,153,1337,170
4804 (NGFR)	1291,575,1337,592
27242 (TNFRSF21)	1291,458,1337,475
51330 (TNFRSF12A)	1291,673,1337,690
8792 (TNFRSF11A)	1291,643,1337,660
8742 (TNFSF12)	1204,673,1250,690
8794 (TNFRSF10C)	1291,400,1337,417
4982 (TNFRSF11B)	1248,599,1294,616
8795 (TNFRSF10B)	1291,376,1337,393
8797 (TNFRSF10A)	1291,376,1337,393
8743 (TNFSF10)	1204,391,1250,408
8795 (TNFRSF10B)	1291,352,1337,369
8797 (TNFRSF10A)	1291,352,1337,369
8793 (TNFRSF10D)	1291,423,1337,440
9966 (TNFSF15)	1204,310,1250,327
7124 (TNF)	1204,138,1250,155
2919 (CXCL1)	341,275,387,292
2920 (CXCL2)	341,275,387,292
2921 (CXCL3)	341,275,387,292
2919 (CXCL1)	341,253,387,270
2920 (CXCL2)	341,253,387,270
2921 (CXCL3)	341,253,387,270
2919 (CXCL1)	341,146,387,163
2920 (CXCL2)	341,146,387,163
2921 (CXCL3)	341,146,387,163
8600 (TNFSF11)	1204,628,1250,645
57007 (ACKR3)	427,531,473,548
55540 (IL17RB)	1074,905,1120,922
23765 (IL17RA)	1074,736,1120,753
84818 (IL17RC)	1074,753,1120,770
132014 (IL17RE)	1074,826,1120,843
55540 (IL17RB)	1074,788,1120,805
112744 (IL17F)	987,755,1033,772
27189 (IL17C)	987,827,1033,844
53342 (IL17D)	987,859,1033,876
51554 (ACKR4)	213,207,259,224
1234 (CCR5)	213,390,259,407
388372 (CCL4L1)	120,286,166,303
6351 (CCL4)	120,286,166,303
9560 (CCL4L2)	120,286,166,303
414062 (CCL3L3)	120,265,166,282
6348 (CCL3)	120,265,166,282
6349 (CCL3L1)	120,265,166,282
388372 (CCL4L1)	120,307,166,324
6351 (CCL4)	120,307,166,324
9560 (CCL4L2)	120,307,166,324
388372 (CCL4L1)	120,329,166,346
6351 (CCL4)	120,329,166,346
9560 (CCL4L2)	120,329,166,346
1236 (CCR7)	213,236,259,253
6366 (CCL21)	120,231,166,248
6363 (CCL19)	120,208,166,225
1232 (CCR3)	213,870,259,887
10344 (CCL26)	120,887,166,904
6369 (CCL24)	120,865,166,882
6356 (CCL11)	120,843,166,860
6360 (CCL16)	120,598,166,615
6358 (CCL14)	120,575,166,592
1230 (CCR1)	213,602,259,619
729230 (CCR2)	213,774,259,791
2826 (CCR10)	213,953,259,970
6354 (CCL7)	120,749,166,766
10850 (CCL27)	120,934,166,951
56477 (CCL28)	120,963,166,980
1237 (CCR8)	213,148,259,165
10803 (CCR9)	213,178,259,195
6346 (CCL1)	120,148,166,165
6370 (CCL25)	120,178,166,195
6347 (CCL2)	120,783,166,800
6347 (CCL2)	120,806,166,823
1233 (CCR4)	213,341,259,358
6367 (CCL22)	120,387,166,404
6361 (CCL17)	120,364,166,381
414062 (CCL3L3)	120,470,166,487
6348 (CCL3)	120,470,166,487
6349 (CCL3L1)	120,470,166,487
1232 (CCR3)	213,437,259,454
6352 (CCL5)	120,436,166,453
6355 (CCL8)	120,510,166,527
6357 (CCL13)	120,689,166,706
1232 (CCR3)	213,689,259,706
729230 (CCR2)	213,509,259,526
6359 (CCL15)	120,662,166,679
6368 (CCL23)	120,662,166,679
6362 (CCL18)	120,990,166,1007
1235 (CCR6)	213,1019,259,1036
6364 (CCL20)	120,1019,166,1036
6359 (CCL15)	120,621,166,638
6368 (CCL23)	120,621,166,638
51554 (ACKR4)	213,728,259,745
5196 (PF4)	341,360,387,377
5197 (PF4V1)	341,360,387,377
284340 (CXCL17)	341,665,387,682
246778 (IL27)	772,325,818,342
9466 (IL27RA)	858,317,904,334
3572 (IL6ST)	858,334,904,351
386653 (IL31)	772,373,818,390
133396 (IL31RA)	858,364,904,381
9180 (OSMR)	858,381,904,398
3557 (IL1RN)	989,394,1035,411
26525 (IL36RN)	989,428,1035,445
27179 (IL36A)	989,451,1035,468
27178 (IL37)	989,564,1035,581
27177 (IL36B)	989,474,1035,491
56300 (IL36G)	989,497,1035,514
84639 (IL1F10)	989,519,1035,536
90865 (IL33)	989,636,1035,653
3556 (IL1RAP)	1074,483,1120,500
8808 (IL1RL2)	1074,466,1120,483
9173 (IL1RL1)	1074,627,1120,644
3603 (IL16)	987,994,1033,1011
9235 (IL32)	987,1023,1033,1040
146433 (IL34)	987,1058,1033,1075
1435 (CSF1)	987,1083,1033,1100
920 (CD4)	1074,994,1120,1011
1436 (CSF1R)	1074,1071,1120,1088
8718 (TNFRSF25)	1291,318,1337,335
4803 (NGF)	1204,575,1250,592
130399 (ACVR1C)	1508,657,1554,674
130399 (ACVR1C)	1508,701,1554,718
3623 (INHA)	1421,370,1467,387
92 (ACVR2A)	1508,370,1554,387
93 (ACVR2B)	1508,399,1554,416
2657 (GDF1)	1421,635,1467,652
9573 (GDF3)	1421,656,1467,673
4838 (NODAL)	1421,677,1467,694
651 (BMP3)	1421,400,1467,417
2662 (GDF10)	1421,482,1467,499
7046 (TGFBR1)	1508,430,1554,447
92 (ACVR2A)	1508,447,1554,464
7046 (TGFBR1)	1508,481,1554,498
93 (ACVR2B)	1508,498,1554,515
10220 (GDF11)	1421,517,1467,534
2660 (MSTN)	1421,547,1467,564
2661 (GDF9)	1421,751,1467,768
91 (ACVR1B)	1508,742,1554,759
659 (BMPR2)	1508,759,1554,776
94 (ACVRL1)	1508,185,1554,202
7048 (TGFBR2)	1508,202,1554,219
7048 (TGFBR2)	1508,247,1554,264
94 (ACVRL1)	1508,276,1554,293
92 (ACVR2A)	1508,293,1554,310
94 (ACVRL1)	1508,323,1554,340
659 (BMPR2)	1508,340,1554,357
9518 (GDF15)	1421,239,1467,256
2658 (GDF2)	1421,294,1467,311
27302 (BMP10)	1421,318,1467,335
652 (BMP4)	1638,240,1684,257
392255 (GDF6)	1638,286,1684,303
151449 (GDF7)	1638,309,1684,326
653 (BMP5)	1638,588,1684,605
654 (BMP6)	1638,611,1684,628
353500 (BMP8A)	1638,660,1684,677
656 (BMP8B)	1638,660,1684,677
9210 (BMP15)	1638,416,1684,433
657 (BMPR1A)	1508,897,1554,914
269 (AMHR2)	1508,914,1554,931
92 (ACVR2A)	1725,297,1771,314
657 (BMPR1A)	1725,190,1771,207
93 (ACVR2B)	1725,207,1771,224
658 (BMPR1B)	1725,326,1771,343
93 (ACVR2B)	1725,343,1771,360
657 (BMPR1A)	1725,235,1771,252
659 (BMPR2)	1725,251,1771,268
658 (BMPR1B)	1725,374,1771,391
92 (ACVR2A)	1725,439,1771,456
90 (ACVR1)	1725,470,1771,487
93 (ACVR2B)	1725,487,1771,504
659 (BMPR2)	1725,534,1771,551
90 (ACVR1)	1725,517,1771,534
659 (BMPR2)	1725,812,1771,829
657 (BMPR1A)	1725,567,1771,584
92 (ACVR2A)	1725,584,1771,601
658 (BMPR1B)	1725,702,1771,719
92 (ACVR2A)	1725,719,1771,736
657 (BMPR1A)	1725,612,1771,629
93 (ACVR2B)	1725,629,1771,646
658 (BMPR1B)	1725,748,1771,765
93 (ACVR2B)	1725,765,1771,782
657 (BMPR1A)	1725,657,1771,674
659 (BMPR2)	1725,673,1771,690
658 (BMPR1B)	1725,796,1771,813
3952 (LEP)	557,1077,603,1094
3953 (LEPR)	643,1077,689,1094
3598 (IL13RA2)	643,787,689,804
3597 (IL13RA1)	643,816,689,833
3598 (IL13RA2)	643,841,689,858
3566 (IL4R)	643,697,689,714
51554 (ACKR4)	213,471,259,488
53832 (IL20RA)	859,974,905,991
3588 (IL10RB)	859,991,905,1008
3556 (IL1RAP)	1074,644,1120,661
hsa04060: Cytokine-cytokine receptor interaction	40,45,392,70
