C00165 (Diacylglycerol)	460,115,4
C01245 (D-myo-Inositol 1,4,5-trisphosphate)	460,157,4
C00076 (Calcium cation)	509,157,4
C00165 (Diacylglycerol)	460,173,4
C01245 (D-myo-Inositol 1,4,5-trisphosphate)	460,216,4
C00076 (Calcium cation)	506,216,4
598 (BCL2L1)	944,325,990,342
596 (BCL2)	996,325,1042,342
329 (BIRC2)	944,303,990,320
330 (BIRC3)	944,303,990,320
4792 (NFKBIA)	700,400,746,417
3654 (IRAK1)	267,262,313,279
51135 (IRAK4)	267,262,313,279
4615 (MYD88)	267,245,313,262
7186 (TRAF2)	267,342,313,359
7188 (TRAF5)	267,342,313,359
8737 (RIPK1)	267,308,313,325
8717 (TRADD)	267,325,313,342
3554 (IL1R1)	179,260,225,277
7132 (TNFRSF1A)	179,324,225,341
3553 (IL1B)	91,260,137,277
7124 (TNF)	91,325,137,342
8740 (TNFSF14)	91,881,137,898
4055 (LTBR)	179,866,225,883
7186 (TRAF2)	267,885,313,902
7187 (TRAF3)	267,902,313,919
9020 (MAP3K14)	474,892,520,909
1147 (CHUK)	568,893,614,910
8517 (IKBKG)	560,366,606,383
1147 (CHUK)	560,383,606,400
3551 (IKBKB)	560,400,606,417
4791 (NFKB2)	700,895,746,912
5971 (RELB)	700,912,746,929
4790 (NFKB1)	700,433,746,450
5970 (RELA)	700,450,746,467
6885 (MAP3K7)	474,398,520,415
10673 (TNFSF13B)	91,953,137,970
115650 (TNFRSF13C)	179,953,225,970
959 (CD40LG)	91,701,137,718
958 (CD40)	179,701,225,718
102723407 (IGH)	179,192,225,209
5335 (PLCG1)	376,129,422,146
5579 (PRKCB)	537,186,583,203
5588 (PRKCQ)	555,130,601,147
29775 (CARD10)	560,254,606,271
79092 (CARD14)	560,254,606,271
84433 (CARD11)	560,254,606,271
8915 (BCL10)	560,271,606,288
10892 (MALT1)	560,288,606,305
7187 (TRAF3)	267,709,313,726
4791 (NFKB2)	794,889,840,906
7186 (TRAF2)	267,944,313,961
7187 (TRAF3)	267,961,313,978
7189 (TRAF6)	267,681,313,698
4792 (NFKBIA)	996,470,1042,487
7128 (TNFAIP3)	944,470,990,487
7185 (TRAF1)	944,347,990,364
7186 (TRAF2)	944,347,990,364
3576 (CXCL8)	944,424,990,441
6357 (CCL13)	943,858,989,875
6387 (CXCL12)	943,912,989,929
8792 (TNFRSF11A)	179,760,225,777
8600 (TNFSF11)	91,760,137,777
7099 (TLR4)	179,559,225,576
10454 (TAB1)	474,415,520,432
23118 (TAB2)	474,415,520,432
257397 (TAB3)	474,415,520,432
23586 (DDX58)	267,467,313,484
7186 (TRAF2)	343,467,389,484
7189 (TRAF6)	343,467,389,484
7189 (TRAF6)	267,279,313,296
114609 (TIRAP)	267,521,313,538
4615 (MYD88)	267,538,313,555
3654 (IRAK1)	344,521,390,538
51135 (IRAK4)	344,521,390,538
7189 (TRAF6)	344,538,390,555
353376 (TICAM2)	267,571,313,588
148022 (TICAM1)	267,588,313,605
8737 (RIPK1)	344,571,390,588
7189 (TRAF6)	344,588,390,605
7535 (ZAP70)	225,129,271,146
27040 (LAT)	297,129,343,146
23643 (LY96)	133,549,179,566
929 (CD14)	179,515,225,532
3929 (LBP)	111,500,157,517
7189 (TRAF6)	267,752,313,769
7186 (TRAF2)	267,769,313,786
4792 (NFKBIA)	700,602,746,619
4790 (NFKB1)	700,635,746,652
5970 (RELA)	700,652,746,669
4792 (NFKBIA)	700,715,746,732
4790 (NFKB1)	700,747,746,764
5970 (RELA)	700,764,746,781
1457 (CSNK2A1)	629,715,675,732
1459 (CSNK2A2)	629,715,675,732
1460 (CSNK2B)	629,715,675,732
283106 (CSNK2A3)	629,715,675,732
5328 (PLAU)	976,636,1022,653
598 (BCL2L1)	976,672,1022,689
598 (BCL2L1)	976,746,1022,763
597 (BCL2A1)	976,769,1022,786
5336 (PLCG2)	376,184,422,201
6850 (SYK)	225,192,271,209
4067 (LYN)	219,209,265,226
695 (BTK)	297,192,343,209
3932 (LCK)	219,112,265,129
29760 (BLNK)	297,175,343,192
7186 (TRAF2)	267,726,313,743
472 (ATM)	944,148,990,165
8517 (IKBKG)	944,165,990,182
142 (PARP1)	1047,131,1093,148
51588 (PIAS4)	1047,148,1093,165
7329 (UBE2I)	1047,165,1093,182
8517 (IKBKG)	776,219,822,236
8837 (CFLAR)	996,303,1042,320
597 (BCL2A1)	996,347,1042,364
331 (XIAP)	1048,303,1094,320
4616 (GADD45B)	1048,325,1094,342
329 (BIRC2)	337,696,383,713
330 (BIRC3)	337,696,383,713
329 (BIRC2)	380,962,426,979
330 (BIRC3)	380,962,426,979
329 (BIRC2)	344,294,390,311
330 (BIRC3)	344,294,390,311
7706 (TRIM25)	343,444,389,461
8517 (IKBKG)	944,217,990,234
55367 (PIDD1)	944,234,990,251
8737 (RIPK1)	944,251,990,268
7186 (TRAF2)	267,836,313,853
7188 (TRAF5)	267,853,313,870
9020 (MAP3K14)	337,844,383,861
3553 (IL1B)	944,447,990,464
5743 (PTGS2)	944,494,990,511
7124 (TNF)	996,447,1042,464
388372 (CCL4L1)	944,547,990,564
6351 (CCL4)	944,547,990,564
9560 (CCL4L2)	944,547,990,564
7412 (VCAM1)	1048,547,1094,564
2919 (CXCL1)	996,547,1042,564
2920 (CXCL2)	996,547,1042,564
2921 (CXCL3)	996,547,1042,564
6366 (CCL21)	943,881,989,898
6363 (CCL19)	996,858,1042,875
10673 (TNFSF13B)	943,939,989,956
3383 (ICAM1)	943,966,989,983
695 (BTK)	504,553,550,570
4049 (LTA)	91,834,137,851
4050 (LTB)	91,851,137,868
23085 (ERC1)	634,255,680,272
4791 (NFKB2)	944,376,990,393
1896 (EDA)	91,373,137,390
10913 (EDAR)	179,373,225,390
128178 (EDARADD)	225,373,271,390
7189 (TRAF6)	297,374,343,391
1896 (EDA)	91,409,137,426
60401 (EDA2R)	179,409,225,426
7187 (TRAF3)	297,400,343,417
7189 (TRAF6)	297,417,343,434
1896 (EDA)	92,997,138,1014
60401 (EDA2R)	180,997,226,1014
7187 (TRAF3)	268,988,314,1005
7189 (TRAF6)	268,1005,314,1022
1540 (CYLD)	384,359,430,376
hsa04060: Cytokine-cytokine receptor interaction	48,645,172,679
hsa04064: NF-kappa B signaling pathway	40,45,315,70
hsa04660: T cell receptor signaling pathway	607,116,724,150
hsa04662: B cell receptor signaling pathway	606,175,723,209
hsa04380: Osteoclast differentiation	225,792,342,826
hsa04210: Apoptosis	336,230,428,255
hsa04620: Toll-like receptor signaling pathway	252,621,369,655
hsa03050: Proteasome	739,319,831,344
hsa04120: Ubiquitin mediated proteolysis	730,355,847,389
hsa04622: RIG-I-like receptor signaling pathway	700,540,817,574
hsa04020: Calcium signaling pathway	494,75,611,109
