C00350 (Phosphatidylethanolamine)	501,983,4
C00681 (1-Acyl-sn-glycerol 3-phosphate)	400,670,4
C00338 (Lipopolysaccharide)	400,1082,4
C00338 (Lipopolysaccharide)	997,1715,4
10376 (TUBA1B)	611,736,657,753
112714 (TUBA3E)	611,736,657,753
113457 (TUBA3D)	611,736,657,753
51807 (TUBA8)	611,736,657,753
7277 (TUBA4A)	611,736,657,753
7278 (TUBA3C)	611,736,657,753
7846 (TUBA1A)	611,736,657,753
79861 (TUBAL3)	611,736,657,753
84790 (TUBA1C)	611,736,657,753
2017 (CTTN)	902,941,948,958
3059 (HCLS1)	902,941,948,958
6093 (ROCK1)	901,700,947,717
9475 (ROCK2)	901,700,947,717
100506658 (OCLN)	928,1863,974,1880
998 (CDC42)	782,609,828,626
25 (ABL1)	529,848,575,865
2534 (FYN)	529,848,575,865
8976 (WASL)	901,901,947,918
100132463 (CLDN24)	979,1863,1025,1880
10686 (CLDN16)	979,1863,1025,1880
1364 (CLDN4)	979,1863,1025,1880
1365 (CLDN3)	979,1863,1025,1880
1366 (CLDN7)	979,1863,1025,1880
137075 (CLDN23)	979,1863,1025,1880
149461 (CLDN19)	979,1863,1025,1880
23562 (CLDN14)	979,1863,1025,1880
24146 (CLDN15)	979,1863,1025,1880
26285 (CLDN17)	979,1863,1025,1880
49861 (CLDN20)	979,1863,1025,1880
5010 (CLDN11)	979,1863,1025,1880
51208 (CLDN18)	979,1863,1025,1880
53842 (CLDN22)	979,1863,1025,1880
644672 (CLDN25)	979,1863,1025,1880
7122 (CLDN5)	979,1863,1025,1880
9071 (CLDN10)	979,1863,1025,1880
9073 (CLDN8)	979,1863,1025,1880
9074 (CLDN6)	979,1863,1025,1880
9075 (CLDN2)	979,1863,1025,1880
9076 (CLDN1)	979,1863,1025,1880
9080 (CLDN9)	979,1863,1025,1880
3688 (ITGB1)	478,952,524,969
4690 (NCK1)	633,935,679,952
8440 (NCK2)	633,935,679,952
9181 (ARHGEF2)	697,745,743,762
387 (RHOA)	782,700,828,717
4691 (NCL)	478,930,524,947
10381 (TUBB3)	611,756,657,773
10382 (TUBB4A)	611,756,657,773
10383 (TUBB4B)	611,756,657,773
203068 (TUBB)	611,756,657,773
347688 (TUBB8)	611,756,657,773
347733 (TUBB2B)	611,756,657,773
7280 (TUBB2A)	611,756,657,773
81027 (TUBB1)	611,756,657,773
84617 (TUBB6)	611,756,657,773
10092 (ARPC5)	981,901,1027,918
10093 (ARPC4)	981,901,1027,918
10094 (ARPC3)	981,901,1027,918
10095 (ARPC1B)	981,901,1027,918
10109 (ARPC2)	981,901,1027,918
10552 (ARPC1A)	981,901,1027,918
81873 (ARPC5L)	981,901,1027,918
60 (ACTB)	1060,901,1106,918
71 (ACTG1)	1060,901,1106,918
55971 (BAIAP2L1)	633,857,679,874
10458 (BAIAP2)	633,878,679,895
147179 (WIPF2)	743,935,789,952
644150 (WIPF3)	743,935,789,952
7456 (WIPF1)	743,935,789,952
1902 (LPAR1)	478,700,524,717
2149 (F2R)	478,700,524,717
2846 (LPAR4)	478,700,524,717
57121 (LPAR5)	478,700,524,717
9170 (LPAR2)	478,700,524,717
10672 (GNA13)	568,700,614,717
2768 (GNA12)	568,700,614,717
115557 (ARHGEF25)	658,700,704,717
23365 (ARHGEF12)	658,700,704,717
9138 (ARHGEF1)	658,700,704,717
9826 (ARHGEF11)	658,700,704,717
5879 (RAC1)	782,529,828,546
9368 (SLC9A3R1)	593,633,639,650
10163 (WASF2)	901,529,947,546
147945 (NLRP4)	824,1781,870,1798
29108 (PYCARD)	923,1753,969,1770
834 (CASP1)	969,1753,1015,1770
3606 (IL18)	1120,1742,1166,1759
3553 (IL1B)	1120,1763,1166,1780
114548 (NLRP3)	824,1734,870,1751
4671 (NAIP)	744,1781,790,1798
7132 (TNFRSF1A)	478,1233,524,1250
7124 (TNF)	361,1233,407,1250
7430 (EZR)	675,633,721,650
5970 (RELA)	985,1173,1031,1190
4792 (NFKBIA)	985,1117,1031,1134
4793 (NFKBIB)	985,1117,1031,1134
3551 (IKBKB)	895,1117,941,1134
7186 (TRAF2)	650,1161,696,1178
8737 (RIPK1)	729,1161,775,1178
8717 (TRADD)	573,1161,619,1178
3654 (IRAK1)	638,1073,684,1090
51135 (IRAK4)	638,1073,684,1090
4615 (MYD88)	558,1073,604,1090
3554 (IL1R1)	478,1038,524,1055
3553 (IL1B)	362,1038,408,1055
7189 (TRAF6)	717,1073,763,1090
7099 (TLR4)	478,1073,524,1090
2597 (GAPDH)	573,1193,619,1210
6188 (RPS3)	995,1093,1041,1110
10454 (TAB1)	810,1125,856,1142
23118 (TAB2)	810,1125,856,1142
257397 (TAB3)	810,1125,856,1142
6885 (MAP3K7)	810,1108,856,1125
5599 (MAPK8)	985,1239,1031,1256
5601 (MAPK9)	985,1239,1031,1256
5602 (MAPK10)	985,1239,1031,1256
1432 (MAPK14)	986,1269,1032,1286
5600 (MAPK11)	986,1269,1032,1286
5603 (MAPK13)	986,1269,1032,1286
6300 (MAPK12)	986,1269,1032,1286
5594 (MAPK1)	985,1210,1031,1227
5595 (MAPK3)	985,1210,1031,1227
2353 (FOS)	1062,1239,1108,1256
3725 (JUN)	1062,1239,1108,1256
5777 (PTPN6)	578,1012,624,1029
5781 (PTPN11)	578,1012,624,1029
4790 (NFKB1)	985,1156,1031,1173
10092 (ARPC5)	981,529,1027,546
10093 (ARPC4)	981,529,1027,546
10094 (ARPC3)	981,529,1027,546
10095 (ARPC1B)	981,529,1027,546
10109 (ARPC2)	981,529,1027,546
10552 (ARPC1A)	981,529,1027,546
81873 (ARPC5L)	981,529,1027,546
60 (ACTB)	1060,529,1106,546
71 (ACTG1)	1060,529,1106,546
27128 (CYTH4)	592,335,638,352
9265 (CYTH3)	592,335,638,352
9266 (CYTH2)	592,335,638,352
9267 (CYTH1)	592,335,638,352
382 (ARF6)	686,316,732,333
375 (ARF1)	782,316,828,333
5879 (RAC1)	782,358,828,375
10163 (WASF2)	901,341,947,358
10810 (WASF3)	901,341,947,358
8936 (WASF1)	901,341,947,358
10092 (ARPC5)	981,341,1027,358
10093 (ARPC4)	981,341,1027,358
10094 (ARPC3)	981,341,1027,358
10095 (ARPC1B)	981,341,1027,358
10109 (ARPC2)	981,341,1027,358
10552 (ARPC1A)	981,341,1027,358
81873 (ARPC5L)	981,341,1027,358
60 (ACTB)	1060,341,1106,358
71 (ACTG1)	1060,341,1106,358
387 (RHOA)	783,392,829,409
9138 (ARHGEF1)	681,403,727,420
2212 (FCGR2A)	478,287,524,304
102723407 (IGH)	362,287,408,304
3055 (HCK)	516,240,562,257
4067 (LYN)	516,240,562,257
7100 (TLR5)	478,1109,524,1126
114609 (TIRAP)	558,1056,604,1073
4615 (MYD88)	558,1109,604,1126
10006 (ABI1)	878,324,924,341
10787 (NCKAP1)	878,307,924,324
3071 (NCKAP1L)	878,307,924,324
23191 (CYFIP1)	924,307,970,326
26999 (CYFIP2)	924,307,970,326
7082 (TJP1)	1031,1863,1077,1880
8976 (WASL)	901,609,947,626
10092 (ARPC5)	981,609,1027,626
10093 (ARPC4)	981,609,1027,626
10094 (ARPC3)	981,609,1027,626
10095 (ARPC1B)	981,609,1027,626
10109 (ARPC2)	981,609,1027,626
10552 (ARPC1A)	981,609,1027,626
81873 (ARPC5L)	981,609,1027,626
60 (ACTB)	1060,609,1106,626
71 (ACTG1)	1060,609,1106,626
22989 (MYH15)	1060,422,1106,439
283446 (MYO1H)	1060,422,1106,439
4430 (MYO1B)	1060,422,1106,439
4542 (MYO1F)	1060,422,1106,439
4619 (MYH1)	1060,422,1106,439
4620 (MYH2)	1060,422,1106,439
4621 (MYH3)	1060,422,1106,439
4622 (MYH4)	1060,422,1106,439
4626 (MYH8)	1060,422,1106,439
4627 (MYH9)	1060,422,1106,439
4628 (MYH10)	1060,422,1106,439
4629 (MYH11)	1060,422,1106,439
4640 (MYO1A)	1060,422,1106,439
4641 (MYO1C)	1060,422,1106,439
4642 (MYO1D)	1060,422,1106,439
4643 (MYO1E)	1060,422,1106,439
4644 (MYO5A)	1060,422,1106,439
4645 (MYO5B)	1060,422,1106,439
4646 (MYO6)	1060,422,1106,439
4651 (MYO10)	1060,422,1106,439
55930 (MYO5C)	1060,422,1106,439
57644 (MYH7B)	1060,422,1106,439
64005 (MYO1G)	1060,422,1106,439
79784 (MYH14)	1060,422,1106,439
8735 (MYH13)	1060,422,1106,439
60 (ACTB)	1058,465,1104,482
71 (ACTG1)	1058,465,1104,482
998 (CDC42)	783,414,829,431
8772 (FADD)	573,1313,619,1330
8717 (TRADD)	573,1296,619,1313
8772 (FADD)	573,1445,619,1462
8795 (TNFRSF10B)	478,1427,524,1444
8797 (TNFRSF10A)	478,1427,524,1444
355 (FAS)	478,1460,524,1477
8743 (TNFSF10)	361,1427,407,1444
356 (FASLG)	361,1460,407,1477
842 (CASP9)	926,1567,972,1584
840 (CASP7)	1038,1527,1084,1544
836 (CASP3)	1038,1507,1084,1524
841 (CASP8)	926,1445,972,1462
581 (BAX)	646,1577,692,1594
578 (BAK1)	646,1557,692,1574
7009 (TMBIM6)	560,1567,606,1584
837 (CASP4)	1043,1708,1089,1725
10061 (ABCF2)	831,1628,877,1645
54205 (CYCS)	844,1567,890,1584
7124 (TNF)	1174,1171,1220,1188
3569 (IL6)	1174,1213,1220,1230
3576 (CXCL8)	1174,1234,1220,1251
55845 (BRK1)	924,324,970,341
3553 (IL1B)	1174,1192,1220,1209
1147 (CHUK)	895,1100,941,1117
8517 (IKBKG)	895,1083,941,1100
2147 (F2)	362,700,408,717
10427 (SEC24B)	1166,1320,1212,1337
10802 (SEC24A)	1166,1320,1212,1337
9632 (SEC24C)	1166,1320,1212,1337
9871 (SEC24D)	1166,1320,1212,1337
10972 (TMED10)	1167,1415,1213,1432
5861 (RAB1A)	1084,1345,1130,1362
375 (ARF1)	1058,1415,1104,1432
382 (ARF6)	1058,1415,1104,1432
5058 (PAK1)	1032,1345,1078,1362
5062 (PAK2)	1032,1345,1078,1362
5063 (PAK3)	1032,1345,1078,1362
834 (CASP1)	1043,1753,1089,1770
hsa04810: Regulation of actin cytoskeleton	1177,760,1296,794
map02040: Flagellar assembly	153,971,266,996
hsa04530: Tight junction	953,1889,1051,1914
hsa04620: Toll-like receptor signaling pathway	672,994,804,1028
map03070: Bacterial secretion system	320,504,479,538
hsa05130: Pathogenic Escherichia coli infection	40,45,379,70
hsa04621: NOD-like receptor signaling pathway	911,1777,1026,1811
hsa04064: NF-kappa B signaling pathway	836,994,968,1028
hsa04666: Fc gamma R-mediated phagocytosis	422,317,572,351
hsa04210: Apoptosis	1025,1559,1098,1584
