C05981 (Phosphatidylinositol-3,4,5-trisphosphate)	589,266,4
C05981 (Phosphatidylinositol-3,4,5-trisphosphate)	589,132,4
C03758 (Dopamine)	525,763,4
C00355 (3,4-Dihydroxy-L-phenylalanine)	624,764,4
C00082 (L-Tyrosine)	721,763,4
C00031 (D-Glucose)	453,907,4
C00092 (D-Glucose 6-phosphate)	559,907,4
C00002 (ATP)	666,907,4
C00410 (Progesterone)	599,659,4
C00280 (Androstenedione)	704,659,4
C00468 (Estrone)	762,659,4
C00951 (Estradiol-17beta)	819,659,4
10000 (AKT3)	638,258,684,275
207 (AKT1)	638,258,684,275
208 (AKT2)	638,258,684,275
5290 (PIK3CA)	491,258,537,275
5291 (PIK3CB)	491,258,537,275
5293 (PIK3CD)	491,258,537,275
5295 (PIK3R1)	491,258,537,275
5296 (PIK3R2)	491,258,537,275
8503 (PIK3R3)	491,258,537,275
5594 (MAPK1)	790,175,836,192
5595 (MAPK3)	790,175,836,192
5604 (MAP2K1)	715,175,761,192
5605 (MAP2K2)	715,175,761,192
5894 (RAF1)	638,175,684,192
3265 (HRAS)	557,175,603,192
3845 (KRAS)	557,175,603,192
4893 (NRAS)	557,175,603,192
5617 (PRL)	76,354,122,371
5618 (PRLR)	153,354,199,371
5617 (PRL)	76,124,122,141
5618 (PRLR)	153,124,199,141
3717 (JAK2)	231,354,277,371
6772 (STAT1)	403,354,449,371
6774 (STAT3)	403,354,449,371
6776 (STAT5A)	403,354,449,371
6777 (STAT5B)	403,354,449,371
25759 (SHC2)	308,258,354,275
399694 (SHC4)	308,258,354,275
53358 (SHC3)	308,258,354,275
6464 (SHC1)	308,258,354,275
6714 (SRC)	401,258,447,275
2885 (GRB2)	401,175,447,192
6654 (SOS1)	477,175,523,192
6655 (SOS2)	477,175,523,192
3717 (JAK2)	231,124,277,141
10000 (AKT3)	638,124,684,141
207 (AKT1)	638,124,684,141
208 (AKT2)	638,124,684,141
5290 (PIK3CA)	491,124,537,141
5291 (PIK3CB)	491,124,537,141
5293 (PIK3CD)	491,124,537,141
5295 (PIK3R1)	491,124,537,141
5296 (PIK3R2)	491,124,537,141
8503 (PIK3R3)	491,124,537,141
25759 (SHC2)	308,124,354,141
399694 (SHC4)	308,124,354,141
53358 (SHC3)	308,124,354,141
6464 (SHC1)	308,124,354,141
6714 (SRC)	401,124,447,141
2309 (FOXO3)	729,124,775,141
5599 (MAPK8)	638,224,684,241
5601 (MAPK9)	638,224,684,241
5602 (MAPK10)	638,224,684,241
1432 (MAPK14)	715,224,761,241
5600 (MAPK11)	715,224,761,241
5603 (MAPK13)	715,224,761,241
6300 (MAPK12)	715,224,761,241
2592 (GALT)	991,124,1037,141
122809 (SOCS4)	1005,312,1051,329
30837 (SOCS7)	1005,312,1051,329
8651 (SOCS1)	1005,312,1051,329
8835 (SOCS2)	1005,312,1051,329
9021 (SOCS3)	1005,312,1051,329
9306 (SOCS6)	1005,312,1051,329
9655 (SOCS5)	1005,312,1051,329
1447 (CSN2)	1005,521,1051,538
2001 (ELF5)	1005,497,1051,514
1154 (CISH)	1005,280,1051,297
8600 (TNFSF11)	1005,370,1051,387
3659 (IRF1)	1005,696,1051,713
7054 (TH)	1005,739,1051,756
5618 (PRLR)	1005,806,1051,823
6514 (SLC2A2)	1005,831,1051,848
2645 (GCK)	1005,864,1051,881
3630 (INS)	1005,928,1051,945
894 (CCND2)	1005,901,1051,918
6514 (SLC2A2)	363,900,409,917
2645 (GCK)	479,882,525,899
7054 (TH)	651,769,697,786
3973 (LHCGR)	1005,578,1051,595
2099 (ESR1)	1005,631,1051,648
2100 (ESR2)	1005,631,1051,648
3973 (LHCGR)	361,662,407,679
1081 (CGA)	284,662,330,679
3972 (LHB)	284,662,330,679
1586 (CYP17A1)	628,664,674,681
2099 (ESR1)	893,651,939,668
2100 (ESR2)	893,651,939,668
595 (CCND1)	1002,204,1048,221
2932 (GSK3B)	729,258,775,275
2353 (FOS)	874,175,920,192
595 (CCND1)	908,258,954,275
8600 (TNFSF11)	284,454,330,471
8792 (TNFRSF11A)	361,454,407,471
4790 (NFKB1)	652,454,698,471
5970 (RELA)	652,454,698,471
595 (CCND1)	908,455,954,472
hsa04630: JAK-STAT signaling pathway	485,372,606,406
hsa04010: MAPK signaling pathway	487,208,597,242
hsa04917: Prolactin signaling pathway	40,45,311,70
hsa04151: PI3K-Akt signaling pathway	488,79,598,113
hsa04728: Dopaminergic synapse	512,722,650,747
hsa04911: Insulin secretion	588,942,726,967
hsa04913: Ovarian steroidogenesis	447,640,585,665
hsa04915: Estrogen signaling pathway	716,675,826,709
