C00082 (L-Tyrosine)	126,637,4
C00355 (3,4-Dihydroxy-L-phenylalanine)	195,638,4
C03758 (Dopamine)	265,638,4
C03758 (Dopamine)	405,593,4
C01161 (3,4-Dihydroxyphenylacetate)	384,531,4
C00027 (Hydrogen peroxide)	428,530,4
C00082 (L-Tyrosine)	125,275,4
C00355 (3,4-Dihydroxy-L-phenylalanine)	197,275,4
C03758 (Dopamine)	266,275,4
C03758 (Dopamine)	408,234,4
C01161 (3,4-Dihydroxyphenylacetate)	386,187,4
C00027 (Hydrogen peroxide)	428,186,4
C03758 (Dopamine)	570,625,4
C03758 (Dopamine)	527,328,4
C03758 (Dopamine)	569,260,4
C03758 (Dopamine)	525,696,4
C00575 (3',5'-Cyclic AMP)	857,330,4
C00025 (L-Glutamate)	593,237,4
C00025 (L-Glutamate)	588,551,4
C00575 (3',5'-Cyclic AMP)	860,696,4
D00110 (Cocaine (USP))	586,587,4
C00082 (L-Tyrosine)	127,993,4
C00355 (3,4-Dihydroxy-L-phenylalanine)	196,994,4
C03758 (Dopamine)	261,994,4
C03758 (Dopamine)	405,949,4
C01161 (3,4-Dihydroxyphenylacetate)	384,887,4
C00027 (Hydrogen peroxide)	427,887,4
C03758 (Dopamine)	526,1065,4
C03758 (Dopamine)	568,996,4
D00110 (Cocaine (USP))	584,958,4
C00575 (3',5'-Cyclic AMP)	858,1067,4
D00110 (Cocaine (USP))	338,703,4
6570 (SLC18A1)	320,302,366,319
6571 (SLC18A2)	320,302,366,319
6570 (SLC18A1)	313,666,359,683
6571 (SLC18A2)	313,666,359,683
2912 (GRM2)	619,279,665,296
2913 (GRM3)	619,279,665,296
1813 (DRD2)	619,362,665,379
1812 (DRD1)	619,321,665,338
6531 (SLC6A3)	504,251,550,268
2912 (GRM2)	619,573,665,590
2913 (GRM3)	619,573,665,590
1813 (DRD2)	619,745,665,762
1812 (DRD1)	619,688,665,705
4128 (MAOA)	411,556,457,573
4129 (MAOB)	411,556,457,573
6531 (SLC6A3)	506,617,552,634
7054 (TH)	134,613,180,630
1644 (DDC)	204,613,250,630
7054 (TH)	134,250,180,267
1644 (DDC)	204,250,250,267
4128 (MAOA)	411,211,457,228
4129 (MAOB)	411,211,457,228
2778 (GNAS)	700,321,746,338
111 (ADCY5)	780,321,826,338
5566 (PRKACA)	886,322,932,339
5567 (PRKACB)	886,322,932,339
5568 (PRKACG)	886,322,932,339
2770 (GNAI1)	700,279,746,296
2771 (GNAI2)	700,279,746,296
2773 (GNAI3)	700,279,746,296
2770 (GNAI1)	700,362,746,379
2771 (GNAI2)	700,362,746,379
2773 (GNAI3)	700,362,746,379
2770 (GNAI1)	704,573,750,590
2771 (GNAI2)	704,573,750,590
2773 (GNAI3)	704,573,750,590
2778 (GNAS)	704,688,750,705
2770 (GNAI1)	704,745,750,762
2771 (GNAI2)	704,745,750,762
2773 (GNAI3)	704,745,750,762
26086 (GPSM1)	777,544,823,561
111 (ADCY5)	784,688,830,705
5566 (PRKACA)	890,688,936,705
5567 (PRKACB)	890,688,936,705
5568 (PRKACG)	890,688,936,705
8787 (RGS9)	777,774,823,791
7054 (TH)	134,970,180,987
1644 (DDC)	203,970,249,987
6570 (SLC18A1)	320,1021,366,1038
6571 (SLC18A2)	320,1021,366,1038
4128 (MAOA)	413,917,459,934
4129 (MAOB)	413,917,459,934
6531 (SLC6A3)	503,986,549,1003
1812 (DRD1)	619,1058,665,1075
2778 (GNAS)	702,1058,748,1075
111 (ADCY5)	782,1058,828,1075
5566 (PRKACA)	890,1058,936,1075
5567 (PRKACB)	890,1058,936,1075
5568 (PRKACG)	890,1058,936,1075
3725 (JUN)	1015,988,1061,1005
2354 (FOSB)	1015,1005,1061,1022
1020 (CDK5)	867,930,913,947
4790 (NFKB1)	867,907,913,924
5970 (RELA)	867,907,913,924
10488 (CREB3)	978,688,1024,705
1385 (CREB1)	978,688,1024,705
1386 (ATF2)	978,688,1024,705
1388 (ATF6B)	978,688,1024,705
148327 (CREB3L4)	978,688,1024,705
468 (ATF4)	978,688,1024,705
64764 (CREB3L2)	978,688,1024,705
84699 (CREB3L3)	978,688,1024,705
90993 (CREB3L1)	978,688,1024,705
9586 (CREB5)	978,688,1024,705
5173 (PDYN)	1085,675,1131,692
627 (BDNF)	1085,702,1131,719
2891 (GRIA2)	619,880,665,897
84152 (PPP1R1B)	889,997,935,1014
116443 (GRIN3A)	619,912,665,929
116444 (GRIN3B)	619,912,665,929
2902 (GRIN1)	619,912,665,929
2903 (GRIN2A)	619,912,665,929
2904 (GRIN2B)	619,912,665,929
2905 (GRIN2C)	619,912,665,929
2906 (GRIN2D)	619,912,665,929
1742 (DLG4)	659,929,705,946
8851 (CDK5R1)	825,960,871,977
hsa05030: Cocaine addiction	40,45,222,70
hsa04728: Dopaminergic synapse	528,60,634,94
