972 (CD74)	466,567,512,584
972 (CD74)	348,567,394,584
3108 (HLA-DMA)	534,544,580,561
3109 (HLA-DMB)	534,544,580,561
4800 (NFYA)	313,762,359,779
4801 (NFYB)	313,762,359,779
4802 (NFYC)	313,762,359,779
5993 (RFX5)	313,722,359,739
5994 (RFXAP)	313,722,359,739
8625 (RFXANK)	313,722,359,739
1385 (CREB1)	313,742,359,759
4261 (CIITA)	207,752,253,769
1508 (CTSB)	404,554,450,571
1514 (CTSL)	404,554,450,571
1520 (CTSS)	404,554,450,571
5641 (LGMN)	288,555,334,572
972 (CD74)	434,773,480,790
972 (CD74)	232,567,278,584
1508 (CTSB)	332,444,378,461
5641 (LGMN)	282,444,328,461
10437 (IFI30)	232,444,278,461
920 (CD4)	746,563,792,580
100132285 (KIR2DS2)	746,368,792,385
115653 (KIR3DL3)	746,368,792,385
3802 (KIR2DL1)	746,368,792,385
3803 (KIR2DL2)	746,368,792,385
3804 (KIR2DL3)	746,368,792,385
3805 (KIR2DL4)	746,368,792,385
3806 (KIR2DS1)	746,368,792,385
3808 (KIR2DS3)	746,368,792,385
3809 (KIR2DS4)	746,368,792,385
3810 (KIR2DS5)	746,368,792,385
3811 (KIR3DL1)	746,368,792,385
3812 (KIR3DL2)	746,368,792,385
3821 (KLRC1)	746,368,792,385
3822 (KLRC2)	746,368,792,385
3823 (KLRC3)	746,368,792,385
3824 (KLRD1)	746,368,792,385
57292 (KIR2DL5A)	746,368,792,385
8302 (KLRC4)	746,368,792,385
925 (CD8A)	746,200,792,217
926 (CD8B)	746,200,792,217
927 (CD8B2)	746,200,792,217
6892 (TAPBP)	340,261,386,278
811 (CALR)	264,280,310,297
2923 (PDIA3)	264,263,310,280
567 (B2M)	644,313,690,330
567 (B2M)	485,314,531,331
567 (B2M)	264,314,310,331
3105 (HLA-A)	434,731,480,748
3106 (HLA-B)	434,731,480,748
3107 (HLA-C)	434,731,480,748
3133 (HLA-E)	434,731,480,748
3134 (HLA-F)	434,731,480,748
3135 (HLA-G)	434,731,480,748
3108 (HLA-DMA)	434,752,480,769
3109 (HLA-DMB)	434,752,480,769
3111 (HLA-DOA)	434,752,480,769
3112 (HLA-DOB)	434,752,480,769
3113 (HLA-DPA1)	434,752,480,769
3115 (HLA-DPB1)	434,752,480,769
3117 (HLA-DQA1)	434,752,480,769
3118 (HLA-DQA2)	434,752,480,769
3119 (HLA-DQB1)	434,752,480,769
3122 (HLA-DRA)	434,752,480,769
3123 (HLA-DRB1)	434,752,480,769
3125 (HLA-DRB3)	434,752,480,769
3126 (HLA-DRB4)	434,752,480,769
3127 (HLA-DRB5)	434,752,480,769
3108 (HLA-DMA)	644,584,690,601
3109 (HLA-DMB)	644,584,690,601
3111 (HLA-DOA)	644,584,690,601
3112 (HLA-DOB)	644,584,690,601
3113 (HLA-DPA1)	644,584,690,601
3115 (HLA-DPB1)	644,584,690,601
3117 (HLA-DQA1)	644,584,690,601
3118 (HLA-DQA2)	644,584,690,601
3119 (HLA-DQB1)	644,584,690,601
3122 (HLA-DRA)	644,584,690,601
3123 (HLA-DRB1)	644,584,690,601
3125 (HLA-DRB3)	644,584,690,601
3126 (HLA-DRB4)	644,584,690,601
3127 (HLA-DRB5)	644,584,690,601
3108 (HLA-DMA)	232,584,278,601
3109 (HLA-DMB)	232,584,278,601
3111 (HLA-DOA)	232,584,278,601
3112 (HLA-DOB)	232,584,278,601
3113 (HLA-DPA1)	232,584,278,601
3115 (HLA-DPB1)	232,584,278,601
3117 (HLA-DQA1)	232,584,278,601
3118 (HLA-DQA2)	232,584,278,601
3119 (HLA-DQB1)	232,584,278,601
3122 (HLA-DRA)	232,584,278,601
3123 (HLA-DRB1)	232,584,278,601
3125 (HLA-DRB3)	232,584,278,601
3126 (HLA-DRB4)	232,584,278,601
3127 (HLA-DRB5)	232,584,278,601
3105 (HLA-A)	644,296,690,313
3106 (HLA-B)	644,296,690,313
3107 (HLA-C)	644,296,690,313
3133 (HLA-E)	644,296,690,313
3134 (HLA-F)	644,296,690,313
3135 (HLA-G)	644,296,690,313
3105 (HLA-A)	485,297,531,314
3106 (HLA-B)	485,297,531,314
3107 (HLA-C)	485,297,531,314
3133 (HLA-E)	485,297,531,314
3134 (HLA-F)	485,297,531,314
3135 (HLA-G)	485,297,531,314
3105 (HLA-A)	264,297,310,314
3106 (HLA-B)	264,297,310,314
3107 (HLA-C)	264,297,310,314
3133 (HLA-E)	264,297,310,314
3134 (HLA-F)	264,297,310,314
3135 (HLA-G)	264,297,310,314
6890 (TAP1)	409,232,455,249
6891 (TAP2)	409,232,455,249
3105 (HLA-A)	164,297,210,314
3106 (HLA-B)	164,297,210,314
3107 (HLA-C)	164,297,210,314
3133 (HLA-E)	164,297,210,314
3134 (HLA-F)	164,297,210,314
3135 (HLA-G)	164,297,210,314
821 (CANX)	164,280,210,297
3309 (HSPA5)	164,263,210,280
3320 (HSP90AA1)	365,207,411,224
3326 (HSP90AB1)	365,207,411,224
3303 (HSPA1A)	365,186,411,203
3304 (HSPA1B)	365,186,411,203
3305 (HSPA1L)	365,186,411,203
3306 (HSPA2)	365,186,411,203
3308 (HSPA4)	365,186,411,203
3310 (HSPA6)	365,186,411,203
3312 (HSPA8)	365,186,411,203
10197 (PSME3)	282,140,328,157
5720 (PSME1)	282,140,328,157
5721 (PSME2)	282,140,328,157
7124 (TNF)	306,102,352,119
3458 (IFNG)	257,102,303,119
hsa03050: Proteasome	261,167,350,192
hsa04660: T cell receptor signaling pathway	772,610,889,644
hsa04650: Natural killer cell mediated cytotoxicity	772,391,889,425
hsa04660: T cell receptor signaling pathway	772,246,889,280
hsa04612: Antigen processing and presentation	40,45,369,70
