C00575 (3',5'-Cyclic AMP)	413,270,4
C00788 (L-Adrenaline)	170,193,4
C00547 (L-Noradrenaline)	170,238,4
C00942 (3',5'-Cyclic GMP)	413,364,4
C00116 (Glycerol)	216,459,4
C00162 (Fatty acid)	217,509,4
C00165 (Diacylglycerol)	803,283,4
C01885 (1-Acylglycerol)	803,390,4
C00116 (Glycerol)	803,459,4
C00422 (Triacylglycerol)	803,199,4
C00575 (3',5'-Cyclic AMP)	412,895,4
C00212 (Adenosine)	170,760,4
C00020 (AMP)	557,787,4
C00584 (Prostaglandin E2)	170,795,4
C00219 (Arachidonate)	436,679,4
C00584 (Prostaglandin E2)	436,733,4
C00165 (Diacylglycerol)	804,803,4
C00422 (Triacylglycerol)	803,706,4
C02140 (Corticosterone)	170,129,4
C00162 (Fatty acid)	952,238,4
C00162 (Fatty acid)	952,345,4
C00162 (Fatty acid)	952,423,4
2778 (GNAS)	361,205,407,222
107 (ADCY1)	255,262,301,279
108 (ADCY2)	255,262,301,279
109 (ADCY3)	255,262,301,279
111 (ADCY5)	255,262,301,279
112 (ADCY6)	255,262,301,279
113 (ADCY7)	255,262,301,279
114 (ADCY8)	255,262,301,279
115 (ADCY9)	255,262,301,279
196883 (ADCY4)	255,262,301,279
5566 (PRKACA)	488,262,534,279
5567 (PRKACB)	488,262,534,279
5568 (PRKACG)	488,262,534,279
153 (ADRB1)	255,205,301,222
154 (ADRB2)	255,205,301,222
155 (ADRB3)	255,205,301,222
3991 (LIPE)	753,313,799,330
4881 (NPR1)	255,354,301,371
5592 (PRKG1)	492,354,538,371
5593 (PRKG2)	492,354,538,371
5346 (PLIN1)	675,213,721,230
364 (AQP7)	255,450,301,467
11343 (MGLL)	753,417,799,434
57104 (PNPLA2)	753,218,799,235
51099 (ABHD5)	736,235,782,252
5733 (PTGER3)	255,787,301,804
2770 (GNAI1)	364,791,410,808
2771 (GNAI2)	364,791,410,808
2773 (GNAI3)	364,791,410,808
107 (ADCY1)	255,887,301,904
108 (ADCY2)	255,887,301,904
109 (ADCY3)	255,887,301,904
111 (ADCY5)	255,887,301,904
112 (ADCY6)	255,887,301,904
113 (ADCY7)	255,887,301,904
114 (ADCY8)	255,887,301,904
115 (ADCY9)	255,887,301,904
196883 (ADCY4)	255,887,301,904
5566 (PRKACA)	491,887,537,904
5567 (PRKACB)	491,887,537,904
5568 (PRKACG)	491,887,537,904
3630 (INS)	147,610,193,627
3643 (INSR)	255,610,301,627
5140 (PDE3B)	450,798,496,815
5290 (PIK3CA)	407,610,453,627
5291 (PIK3CB)	407,610,453,627
5293 (PIK3CD)	407,610,453,627
5295 (PIK3R1)	407,610,453,627
5296 (PIK3R2)	407,610,453,627
8503 (PIK3R3)	407,610,453,627
3667 (IRS1)	333,610,379,627
8471 (IRS4)	333,610,379,627
8660 (IRS2)	333,610,379,627
11145 (PLAAT3)	332,671,378,688
5742 (PTGS1)	386,696,432,713
5743 (PTGS2)	386,696,432,713
3991 (LIPE)	619,825,665,842
5346 (PLIN1)	673,725,719,742
11343 (MGLL)	753,911,799,928
57104 (PNPLA2)	748,728,794,745
51099 (ABHD5)	731,745,777,762
134 (ADORA1)	255,751,301,768
7253 (TSHR)	255,162,301,179
2167 (FABP4)	929,197,975,214
2167 (FABP4)	929,307,975,324
2167 (FABP4)	929,386,975,403
1081 (CGA)	147,162,193,179
7252 (TSHB)	147,162,193,179
4886 (NPY1R)	255,827,301,844
4852 (NPY)	147,827,193,844
3991 (LIPE)	622,313,668,330
10000 (AKT3)	504,610,550,627
207 (AKT1)	504,610,550,627
208 (AKT2)	504,610,550,627
4878 (NPPA)	147,354,193,371
hsa04024: cAMP signaling pathway	40,45,384,70
hsa04024: cAMP signaling pathway	437,216,565,250
hsa04022: cGMP-PKG signaling pathway	448,382,576,416
hsa00561: Glycerolipid metabolism	826,257,950,291
hsa04910: Insulin signaling pathway	419,568,547,602
hsa00561: Glycerolipid metabolism	821,756,945,790
hsa04024: cAMP signaling pathway	476,843,604,877
hsa00590: Arachidonic acid metabolism	445,685,554,719
