C05981 (Phosphatidylinositol-3,4,5-trisphosphate)	444,234,4
673 (BRAF)	365,121,411,138
999 (CDH1)	189,500,235,517
4893 (NRAS)	265,418,311,435
1019 (CDK4)	799,165,845,182
595 (CCND1)	799,141,845,158
4286 (MITF)	708,643,754,660
5728 (PTEN)	392,273,438,290
1956 (EGFR)	189,188,235,205
2260 (FGFR1)	189,188,235,205
3480 (IGF1R)	189,188,235,205
4233 (MET)	189,188,235,205
5156 (PDGFRA)	189,188,235,205
5159 (PDGFRB)	189,188,235,205
1950 (EGF)	111,188,157,205
2246 (FGF1)	111,188,157,205
2247 (FGF2)	111,188,157,205
2248 (FGF3)	111,188,157,205
2249 (FGF4)	111,188,157,205
2250 (FGF5)	111,188,157,205
2251 (FGF6)	111,188,157,205
2252 (FGF7)	111,188,157,205
2253 (FGF8)	111,188,157,205
2254 (FGF9)	111,188,157,205
2255 (FGF10)	111,188,157,205
26281 (FGF20)	111,188,157,205
26291 (FGF21)	111,188,157,205
27006 (FGF22)	111,188,157,205
3082 (HGF)	111,188,157,205
3479 (IGF1)	111,188,157,205
5154 (PDGFA)	111,188,157,205
5155 (PDGFB)	111,188,157,205
56034 (PDGFC)	111,188,157,205
80310 (PDGFD)	111,188,157,205
8074 (FGF23)	111,188,157,205
8817 (FGF18)	111,188,157,205
8822 (FGF17)	111,188,157,205
8823 (FGF16)	111,188,157,205
9965 (FGF19)	111,188,157,205
572 (BAD)	549,253,595,270
1029 (CDKN2A)	840,284,886,301
1026 (CDKN1A)	711,383,757,400
4193 (MDM2)	759,284,805,301
7157 (TP53)	712,313,758,330
1869 (E2F1)	858,456,904,473
1870 (E2F2)	858,456,904,473
1871 (E2F3)	858,456,904,473
5925 (RB1)	858,419,904,436
1019 (CDK4)	775,426,821,443
1021 (CDK6)	775,426,821,443
595 (CCND1)	775,409,821,426
10000 (AKT3)	471,225,517,242
207 (AKT1)	471,225,517,242
208 (AKT2)	471,225,517,242
5290 (PIK3CA)	365,226,411,243
5291 (PIK3CB)	365,226,411,243
5293 (PIK3CD)	365,226,411,243
5295 (PIK3R1)	365,226,411,243
5296 (PIK3R2)	365,226,411,243
8503 (PIK3R3)	365,226,411,243
1029 (CDKN2A)	712,451,758,468
5594 (MAPK1)	525,153,571,170
5595 (MAPK3)	525,153,571,170
5604 (MAP2K1)	446,153,492,170
5605 (MAP2K2)	446,153,492,170
369 (ARAF)	365,153,411,170
5894 (RAF1)	365,153,411,170
673 (BRAF)	365,153,411,170
3265 (HRAS)	272,188,318,205
3845 (KRAS)	272,188,318,205
4893 (NRAS)	272,188,318,205
7157 (TP53)	760,560,806,577
1026 (CDKN1A)	890,540,936,557
10912 (GADD45G)	942,540,988,557
1647 (GADD45A)	942,540,988,557
4616 (GADD45B)	942,540,988,557
581 (BAX)	890,562,936,579
578 (BAK1)	942,562,988,579
1643 (DDB2)	890,584,936,601
51426 (POLK)	942,584,988,601
hsa04115: p53 signaling pathway	552,527,654,561
hsa04916: Melanogenesis	552,634,654,668
hsa04520: Adherens junction	246,533,348,567
hsa04010: MAPK signaling pathway	464,101,566,135
hsa05218: Melanoma	40,45,146,70
hsa04110: Cell cycle	827,341,929,375
hsa04151: PI3K-Akt signaling pathway	464,288,566,322
