C00027 (Hydrogen peroxide)	1146,549,4
C00434 (Double-stranded DNA)	457,139,4
C02737 (Phosphatidylserine)	474,208,4
102723407 (IGH)	613,414,659,431
2209 (FCGR1A)	1055,592,1101,609
2212 (FCGR2A)	1055,592,1101,609
2214 (FCGR3A)	1055,592,1101,609
2215 (FCGR3B)	1055,592,1101,609
2209 (FCGR1A)	1056,693,1102,710
2212 (FCGR2A)	1056,693,1102,710
2214 (FCGR3A)	1056,693,1102,710
2215 (FCGR3B)	1056,693,1102,710
102723407 (IGH)	1133,592,1179,609
102723407 (IGH)	1135,693,1181,710
102723407 (IGH)	1128,144,1174,161
102723407 (IGH)	794,440,840,457
1991 (ELANE)	1122,524,1168,541
1511 (CTSG)	1122,503,1168,520
727 (C5)	942,377,988,394
720 (C4A)	920,182,966,199
721 (C4B)	920,182,966,199
718 (C3)	920,264,966,281
717 (C2)	920,203,966,220
716 (C1S)	1004,153,1050,170
712 (C1QA)	1050,144,1096,161
713 (C1QB)	1050,144,1096,161
714 (C1QC)	1050,144,1096,161
715 (C1R)	1004,136,1050,153
729 (C6)	1086,377,1132,394
730 (C7)	1135,377,1181,394
731 (C8A)	1086,398,1132,415
732 (C8B)	1086,398,1132,415
733 (C8G)	1086,398,1132,415
727 (C5)	1227,346,1273,363
729 (C6)	1227,346,1273,363
730 (C7)	1227,346,1273,363
731 (C8A)	1227,346,1273,363
732 (C8B)	1227,346,1273,363
733 (C8G)	1227,346,1273,363
735 (C9)	1135,398,1181,415
7124 (TNF)	527,522,573,539
3458 (IFNG)	527,549,573,566
3586 (IL10)	527,571,573,588
712 (C1QA)	677,638,723,655
713 (C1QB)	677,638,723,655
714 (C1QC)	677,638,723,655
720 (C4A)	730,638,776,655
721 (C4B)	730,638,776,655
712 (C1QA)	256,141,302,158
713 (C1QB)	256,141,302,158
714 (C1QC)	256,141,302,158
720 (C4A)	309,141,355,158
721 (C4B)	309,141,355,158
717 (C2)	283,118,329,135
717 (C2)	703,661,749,678
941 (CD80)	183,471,229,488
942 (CD86)	183,471,229,488
940 (CD28)	265,471,311,488
3108 (HLA-DMA)	183,448,229,465
3109 (HLA-DMB)	183,448,229,465
3111 (HLA-DOA)	183,448,229,465
3112 (HLA-DOB)	183,448,229,465
3113 (HLA-DPA1)	183,448,229,465
3115 (HLA-DPB1)	183,448,229,465
3117 (HLA-DQA1)	183,448,229,465
3118 (HLA-DQA2)	183,448,229,465
3119 (HLA-DQB1)	183,448,229,465
3122 (HLA-DRA)	183,448,229,465
3123 (HLA-DRB1)	183,448,229,465
3125 (HLA-DRB3)	183,448,229,465
3126 (HLA-DRB4)	183,448,229,465
3127 (HLA-DRB5)	183,448,229,465
3108 (HLA-DMA)	571,472,617,489
3109 (HLA-DMB)	571,472,617,489
3111 (HLA-DOA)	571,472,617,489
3112 (HLA-DOB)	571,472,617,489
3113 (HLA-DPA1)	571,472,617,489
3115 (HLA-DPB1)	571,472,617,489
3117 (HLA-DQA1)	571,472,617,489
3118 (HLA-DQA2)	571,472,617,489
3119 (HLA-DQB1)	571,472,617,489
3122 (HLA-DRA)	571,472,617,489
3123 (HLA-DRB1)	571,472,617,489
3125 (HLA-DRB3)	571,472,617,489
3126 (HLA-DRB4)	571,472,617,489
3127 (HLA-DRB5)	571,472,617,489
959 (CD40LG)	490,446,536,463
958 (CD40)	571,446,617,463
221613 (HIST1H2AA)	496,140,542,157
3012 (HIST1H2AE)	496,140,542,157
3013 (HIST1H2AD)	496,140,542,157
3014 (H2AFX)	496,140,542,157
3015 (H2AFZ)	496,140,542,157
317772 (HIST2H2AB)	496,140,542,157
474381 (H2AFB2)	496,140,542,157
474382 (H2AFB1)	496,140,542,157
55506 (H2AFY2)	496,140,542,157
55766 (H2AFJ)	496,140,542,157
723790 (HIST2H2AA4)	496,140,542,157
8329 (HIST1H2AI)	496,140,542,157
8330 (HIST1H2AK)	496,140,542,157
8331 (HIST1H2AJ)	496,140,542,157
8332 (HIST1H2AL)	496,140,542,157
8334 (HIST1H2AC)	496,140,542,157
8335 (HIST1H2AB)	496,140,542,157
8336 (HIST1H2AM)	496,140,542,157
8337 (HIST2H2AA3)	496,140,542,157
8338 (HIST2H2AC)	496,140,542,157
83740 (H2AFB3)	496,140,542,157
85235 (HIST1H2AH)	496,140,542,157
8969 (HIST1H2AG)	496,140,542,157
92815 (HIST3H2A)	496,140,542,157
94239 (H2AFV)	496,140,542,157
9555 (H2AFY)	496,140,542,157
128312 (HIST3H2BB)	548,140,594,157
158983 (H2BFWT)	548,140,594,157
255626 (HIST1H2BA)	548,140,594,157
286436 (H2BFM)	548,140,594,157
3017 (HIST1H2BD)	548,140,594,157
3018 (HIST1H2BB)	548,140,594,157
440689 (HIST2H2BF)	548,140,594,157
8339 (HIST1H2BG)	548,140,594,157
8340 (HIST1H2BL)	548,140,594,157
8341 (HIST1H2BN)	548,140,594,157
8342 (HIST1H2BM)	548,140,594,157
8343 (HIST1H2BF)	548,140,594,157
8344 (HIST1H2BE)	548,140,594,157
8345 (HIST1H2BH)	548,140,594,157
8346 (HIST1H2BI)	548,140,594,157
8347 (HIST1H2BC)	548,140,594,157
8348 (HIST1H2BO)	548,140,594,157
8349 (HIST2H2BE)	548,140,594,157
85236 (HIST1H2BK)	548,140,594,157
8970 (HIST1H2BJ)	548,140,594,157
126961 (HIST2H3C)	496,162,542,179
3020 (H3F3A)	496,162,542,179
3021 (H3F3B)	496,162,542,179
333932 (HIST2H3A)	496,162,542,179
440093 (H3F3C)	496,162,542,179
653604 (HIST2H3D)	496,162,542,179
8290 (HIST3H3)	496,162,542,179
8350 (HIST1H3A)	496,162,542,179
8351 (HIST1H3D)	496,162,542,179
8352 (HIST1H3C)	496,162,542,179
8353 (HIST1H3E)	496,162,542,179
8354 (HIST1H3I)	496,162,542,179
8355 (HIST1H3G)	496,162,542,179
8356 (HIST1H3J)	496,162,542,179
8357 (HIST1H3H)	496,162,542,179
8358 (HIST1H3B)	496,162,542,179
8968 (HIST1H3F)	496,162,542,179
121504 (HIST4H4)	548,162,594,179
554313 (HIST2H4B)	548,162,594,179
8294 (HIST1H4I)	548,162,594,179
8359 (HIST1H4A)	548,162,594,179
8360 (HIST1H4D)	548,162,594,179
8361 (HIST1H4F)	548,162,594,179
8362 (HIST1H4K)	548,162,594,179
8363 (HIST1H4J)	548,162,594,179
8364 (HIST1H4C)	548,162,594,179
8365 (HIST1H4H)	548,162,594,179
8366 (HIST1H4B)	548,162,594,179
8367 (HIST1H4E)	548,162,594,179
8368 (HIST1H4L)	548,162,594,179
8369 (HIST1H4G)	548,162,594,179
8370 (HIST2H4A)	548,162,594,179
6737 (TRIM21)	519,202,565,219
6738 (RO60)	519,202,565,219
6628 (SNRPB)	613,140,659,157
6632 (SNRPD1)	613,162,659,179
6634 (SNRPD3)	613,162,659,179
2903 (GRIN2A)	678,140,724,157
81 (ACTN4)	625,202,671,219
87 (ACTN1)	625,202,671,219
712 (C1QA)	678,202,724,219
713 (C1QB)	678,202,724,219
714 (C1QC)	678,202,724,219
6741 (SSB)	572,202,618,219
2904 (GRIN2B)	678,162,724,179
hsa04660: T cell receptor signaling pathway	286,372,399,406
hsa04514: Cell adhesion molecules (CAMs)	482,371,595,405
hsa04612: Antigen processing and presentation	185,545,298,579
hsa04060: Cytokine-cytokine receptor interaction	337,619,450,653
hsa04630: JAK-STAT signaling pathway	337,686,450,720
hsa04610: Complement and coagulation cascades	1011,196,1124,230
hsa04670: Leukocyte transendothelial migration	841,632,954,677
hsa04662: B cell receptor signaling pathway	646,331,759,365
hsa05322: Systemic lupus erythematosus	40,45,312,70
