65018 (PINK1)	260,232,306,249
55669 (MFN1)	387,157,433,174
9927 (MFN2)	387,157,433,174
84749 (USP30)	568,185,614,202
9958 (USP15)	488,185,534,202
55626 (AMBRA1)	577,281,623,298
9101 (USP8)	426,281,472,298
5071 (PRKN)	388,232,434,249
10133 (OPTN)	740,263,786,280
29110 (TBK1)	847,218,893,235
8878 (SQSTM1)	740,203,786,220
10241 (CALCOCO2)	740,233,786,250
4077 (NBR1)	740,293,786,310
11337 (GABARAP)	973,233,1019,250
11345 (GABARAPL2)	973,233,1019,250
23710 (GABARAPL1)	973,233,1019,250
6714 (SRC)	259,496,305,513
8408 (ULK1)	260,522,306,539
139341 (FUNDC1)	387,496,433,513
1457 (CSNK2A1)	259,469,305,486
1459 (CSNK2A2)	259,469,305,486
1460 (CSNK2B)	259,469,305,486
283106 (CSNK2A3)	259,469,305,486
192111 (PGAM5)	387,447,433,464
598 (BCL2L1)	437,403,483,420
664 (BNIP3)	387,611,433,628
665 (BNIP3L)	387,649,433,666
55288 (RHOT1)	387,307,433,324
89941 (RHOT2)	387,307,433,324
441925 (BECN2)	388,357,434,374
8678 (BECN1)	388,357,434,374
54543 (TOMM7)	260,193,306,210
9474 (ATG5)	582,324,628,341
285973 (ATG9B)	582,361,628,378
79065 (ATG9A)	582,361,628,378
7942 (TFEB)	669,342,715,359
4286 (MITF)	669,321,715,338
7030 (TFE3)	669,363,715,380
8887 (TAX1BP1)	740,173,786,190
64786 (TBC1D15)	1005,310,1051,327
79735 (TBC1D17)	1005,310,1051,327
338382 (RAB7B)	1090,310,1136,327
7879 (RAB7A)	1090,310,1136,327
51024 (FIS1)	1006,354,1052,371
23786 (BCL2L13)	387,90,433,107
9451 (EIF2AK3)	181,122,227,139
468 (ATF4)	250,122,296,139
3091 (HIF1A)	213,611,259,628
1869 (E2F1)	213,568,259,585
5970 (RELA)	278,565,324,582
7157 (TP53)	213,684,259,701
22800 (RRAS2)	213,656,259,673
22808 (MRAS)	213,656,259,673
3265 (HRAS)	213,656,259,673
3845 (KRAS)	213,656,259,673
4893 (NRAS)	213,656,259,673
6237 (RRAS)	213,656,259,673
6667 (SP1)	213,770,259,787
5599 (MAPK8)	181,164,227,181
5601 (MAPK9)	181,164,227,181
5602 (MAPK10)	181,164,227,181
3725 (JUN)	250,164,296,181
2309 (FOXO3)	158,733,204,750
10370 (CITED2)	220,733,266,750
9927 (MFN2)	326,201,372,218
7314 (UBB)	352,262,398,279
7314 (UBB)	537,254,583,271
hsa04137: Mitophagy - animal	40,45,230,70
hsa04140: Autophagy - animal	1039,223,1139,257
