C00643 (5-Hydroxy-L-tryptophan)	121,536,4
C00780 (Serotonin)	194,539,4
C00780 (Serotonin)	446,475,4
C00575 (3',5'-Cyclic AMP)	980,651,4
C01245 (D-myo-Inositol 1,4,5-trisphosphate)	979,455,4
C00165 (Diacylglycerol)	977,486,4
C00076 (Calcium cation)	1038,450,4
C00780 (Serotonin)	629,584,4
C00780 (Serotonin)	682,772,4
C00076 (Calcium cation)	668,465,4
C00078 (L-Tryptophan)	121,656,4
C00780 (Serotonin)	560,774,4
C05635 (5-Hydroxyindoleacetate)	433,771,4
C00219 (Arachidonate)	980,549,4
C01330 (Sodium cation)	709,572,4
C01245 (D-myo-Inositol 1,4,5-trisphosphate)	616,163,4
C00076 (Calcium cation)	548,170,4
C00076 (Calcium cation)	487,262,4
C00780 (Serotonin)	703,267,4
C00780 (Serotonin)	767,266,4
C14771 (14,15-EET)	1121,536,4
C14770 (11,12-EET)	1121,536,4
C14769 (8,9-EET)	1121,536,4
C14768 (5,6-EET)	1121,536,4
C14775 (14,15-DHET)	1159,536,4
C14774 (11,12-DHET)	1159,536,4
C14773 (8,9-DHET)	1159,536,4
C14772 (5,6-DHET)	1159,536,4
C05356 (5(S)-HPETE)	1121,563,4
C04822 (8(R)-HPETE)	1121,563,4
C14823 (8(S)-HPETE)	1121,563,4
C14821 (9(S)-HPETE)	1121,563,4
C14820 (11(R)-HPETE)	1121,563,4
C14812 (12(R)-HPETE)	1121,563,4
C05965 (12(S)-HPETE)	1121,563,4
C05966 (15(S)-HPETE)	1121,563,4
C00909 (Leukotriene A4)	1160,563,4
C02165 (Leukotriene B4)	1160,563,4
C02166 (Leukotriene C4)	1160,563,4
C05956 (Prostaglandin G2)	1121,593,4
C00427 (Prostaglandin H2)	1121,593,4
C00584 (Prostaglandin E2)	1121,593,4
C05953 (Prostaglandin A2)	1121,593,4
C05955 (Prostaglandin C2)	1121,593,4
C05954 (Prostaglandin B2)	1121,593,4
C00639 (Prostaglandin F2alpha)	1121,593,4
C00696 (Prostaglandin D2)	1121,593,4
C05957 (Prostaglandin J2)	1121,593,4
C02198 (Thromboxane A2)	1160,593,4
C05963 (Thromboxane B2)	1160,593,4
C05964 (11-Dehydro-thromboxane B2)	1160,593,4
C00165 (Diacylglycerol)	986,699,4
C01245 (D-myo-Inositol 1,4,5-trisphosphate)	968,733,4
C00076 (Calcium cation)	1041,732,4
C00238 (Potassium cation)	805,797,4
C00076 (Calcium cation)	718,389,4
C00076 (Calcium cation)	714,741,4
3360 (HTR4)	732,609,778,626
3362 (HTR6)	732,609,778,626
3363 (HTR7)	732,609,778,626
3356 (HTR2A)	662,210,708,227
3357 (HTR2B)	662,210,708,227
3358 (HTR2C)	662,210,708,227
6570 (SLC18A1)	219,532,265,549
6571 (SLC18A2)	219,532,265,549
2778 (GNAS)	815,610,861,627
111 (ADCY5)	898,641,944,658
5566 (PRKACA)	1019,616,1065,633
5567 (PRKACB)	1019,616,1065,633
5568 (PRKACG)	1019,616,1065,633
2776 (GNAQ)	819,476,865,493
23236 (PLCB1)	897,476,943,493
5330 (PLCB2)	897,476,943,493
5331 (PLCB3)	897,476,943,493
5332 (PLCB4)	897,476,943,493
3708 (ITPR1)	1016,407,1062,424
3709 (ITPR2)	1016,407,1062,424
3710 (ITPR3)	1016,407,1062,424
5578 (PRKCA)	1019,476,1065,493
5579 (PRKCB)	1019,476,1065,493
5582 (PRKCG)	1019,476,1065,493
1644 (DDC)	130,548,176,565
6532 (SLC6A4)	601,764,647,781
773 (CACNA1A)	601,457,647,474
774 (CACNA1B)	601,457,647,474
3350 (HTR1A)	732,656,778,673
3351 (HTR1B)	732,656,778,673
3352 (HTR1D)	732,656,778,673
3354 (HTR1E)	732,656,778,673
3355 (HTR1F)	732,656,778,673
10681 (GNB5)	818,691,864,708
2770 (GNAI1)	818,691,864,708
2771 (GNAI2)	818,691,864,708
2773 (GNAI3)	818,691,864,708
2775 (GNAO1)	818,691,864,708
2782 (GNB1)	818,691,864,708
2783 (GNB2)	818,691,864,708
2784 (GNB3)	818,691,864,708
2785 (GNG3)	818,691,864,708
2786 (GNG4)	818,691,864,708
2787 (GNG5)	818,691,864,708
2788 (GNG7)	818,691,864,708
2790 (GNG10)	818,691,864,708
2791 (GNG11)	818,691,864,708
2792 (GNGT1)	818,691,864,708
2793 (GNGT2)	818,691,864,708
51764 (GNG13)	818,691,864,708
54331 (GNG2)	818,691,864,708
55970 (GNG12)	818,691,864,708
59345 (GNB4)	818,691,864,708
94235 (GNG8)	818,691,864,708
10411 (RAPGEF3)	1019,656,1065,673
121278 (TPH2)	126,610,172,627
7166 (TPH1)	126,610,172,627
3361 (HTR5A)	732,691,778,708
4128 (MAOA)	473,780,519,797
4129 (MAOB)	473,780,519,797
6532 (SLC6A4)	743,211,789,228
3351 (HTR1B)	541,312,587,329
3356 (HTR2A)	732,472,778,489
3357 (HTR2B)	732,472,778,489
3358 (HTR2C)	732,472,778,489
100137049 (PLA2G4B)	896,540,942,557
123745 (PLA2G4E)	896,540,942,557
255189 (PLA2G4F)	896,540,942,557
283748 (PLA2G4D)	896,540,942,557
5321 (PLA2G4A)	896,540,942,557
8605 (PLA2G4C)	896,540,942,557
8681 (JMJD7-PLA2G4B)	896,540,942,557
775 (CACNA1C)	732,380,778,397
776 (CACNA1D)	732,380,778,397
778 (CACNA1F)	732,380,778,397
779 (CACNA1S)	732,380,778,397
170572 (HTR3C)	732,563,778,580
200909 (HTR3D)	732,563,778,580
285242 (HTR3E)	732,563,778,580
3359 (HTR3A)	732,563,778,580
9177 (HTR3B)	732,563,778,580
2776 (GNAQ)	662,156,708,173
23236 (PLCB1)	663,103,709,120
5330 (PLCB2)	663,103,709,120
5331 (PLCB3)	663,103,709,120
5332 (PLCB4)	663,103,709,120
7220 (TRPC1)	462,210,508,227
3708 (ITPR1)	524,129,570,146
3709 (ITPR2)	524,129,570,146
3710 (ITPR3)	524,129,570,146
107987478	1019,514,1065,531
107987479 (CYP2D6)	1019,514,1065,531
1557 (CYP2C19)	1019,514,1065,531
1558 (CYP2C8)	1019,514,1065,531
1559 (CYP2C9)	1019,514,1065,531
1562 (CYP2C18)	1019,514,1065,531
1564 (CYP2D7)	1019,514,1065,531
1565 (CYP2D6)	1019,514,1065,531
1573 (CYP2J2)	1019,514,1065,531
260293 (CYP4X1)	1019,514,1065,531
239 (ALOX12)	1019,540,1065,557
240 (ALOX5)	1019,540,1065,557
242 (ALOX12B)	1019,540,1065,557
246 (ALOX15)	1019,540,1065,557
247 (ALOX15B)	1019,540,1065,557
5742 (PTGS1)	1019,569,1065,586
5743 (PTGS2)	1019,569,1065,586
23236 (PLCB1)	899,691,945,708
5330 (PLCB2)	899,691,945,708
5331 (PLCB3)	899,691,945,708
5332 (PLCB4)	899,691,945,708
3708 (ITPR1)	975,759,1021,776
3709 (ITPR2)	975,759,1021,776
3710 (ITPR3)	975,759,1021,776
836 (CASP3)	1188,690,1234,707
5594 (MAPK1)	1188,724,1234,741
5595 (MAPK3)	1188,724,1234,741
5578 (PRKCA)	1099,690,1145,707
5579 (PRKCB)	1099,690,1145,707
5582 (PRKCG)	1099,690,1145,707
1843 (DUSP1)	1099,724,1145,741
773 (CACNA1A)	732,734,778,751
774 (CACNA1B)	732,734,778,751
3760 (KCNJ3)	732,790,778,807
3762 (KCNJ5)	732,790,778,807
3763 (KCNJ6)	732,790,778,807
3765 (KCNJ9)	732,790,778,807
3265 (HRAS)	1064,810,1110,827
3845 (KRAS)	1064,810,1110,827
4893 (NRAS)	1064,810,1110,827
369 (ARAF)	1124,783,1170,800
5894 (RAF1)	1124,783,1170,800
673 (BRAF)	1124,783,1170,800
5604 (MAP2K1)	1159,755,1205,772
351 (APP)	1120,658,1166,675
3751 (KCND2)	1120,611,1166,628
3781 (KCNN2)	1120,611,1166,628
2560 (GABRB1)	1120,634,1166,651
2561 (GABRB2)	1120,634,1166,651
2562 (GABRB3)	1120,634,1166,651
5594 (MAPK1)	1127,477,1173,494
5595 (MAPK3)	1127,477,1173,494
hsa04976: Bile secretion	40,45,252,70
hsa00380: Tryptophan metabolism	99,679,191,713
hsa04721: Synaptic vesicle cycle	382,544,488,578
hsa04020: Calcium signaling pathway	843,406,949,440
hsa00590: Arachidonic acid metabolism	1214,495,1318,529
