C00054 (Adenosine 3',5'-bisphosphate)	1165,610,4
C00053 (3'-Phosphoadenylyl sulfate)	1164,586,4
G00160	1134,463,4
G00159	1134,413,4
G00158	1134,363,4
G00157	1134,313,4
G00156	1134,263,4
G00155	1134,213,4
G00154	1134,163,4
C02189 ([Protein]-L-serine)	1134,113,4
C00401 (Chondroitin)	1134,561,4
C01490 (Dermatan)	1061,632,4
C00054 (Adenosine 3',5'-bisphosphate)	1092,678,4
C00053 (3'-Phosphoadenylyl sulfate)	1091,653,4
26229 (B3GAT3)	1112,274,1158,291
64131 (XYLT1)	1112,124,1158,141
64132 (XYLT2)	1112,124,1158,141
11285 (B4GALT7)	1112,175,1158,192
22856 (CHSY1)	324,149,367,149,367,153,324,153
337876 (CHSY3)	324,149,367,149,367,153,324,153
55454 (CSGALNACT2)	324,149,367,149,367,153,324,153
55790 (CSGALNACT1)	324,149,367,149,367,153,324,153
79586 (CHPF)	324,149,367,149,367,153,324,153
22856 (CHSY1)	415,149,458,149,458,153,415,153
337876 (CHSY3)	415,149,458,149,458,153,415,153
54480 (CHPF2)	415,149,458,149,458,153,415,153
79586 (CHPF)	415,149,458,149,458,153,415,153
55454 (CSGALNACT2)	519,149,562,149,562,153,519,153
55790 (CSGALNACT1)	519,149,562,149,562,153,519,153
26229 (B3GAT3)	611,149,654,149,654,153,611,153
126792 (B3GALT6)	698,149,741,149,741,153,698,153
11285 (B4GALT7)	784,149,827,149,827,153,784,153
64131 (XYLT1)	871,149,914,149,914,153,871,153
64132 (XYLT2)	871,149,914,149,914,153,871,153
22856 (CHSY1)	210,150,260,150,260,152,210,152
337876 (CHSY3)	210,150,260,150,260,152,210,152
54480 (CHPF2)	210,150,260,150,260,152,210,152
55454 (CSGALNACT2)	210,150,260,150,260,152,210,152
55790 (CSGALNACT1)	210,150,260,150,260,152,210,152
79586 (CHPF)	210,150,260,150,260,152,210,152
22856 (CHSY1)	108,149,151,149,151,153,108,153
337876 (CHSY3)	108,149,151,149,151,153,108,153
54480 (CHPF2)	108,149,151,149,151,153,108,153
79586 (CHPF)	108,149,151,149,151,153,108,153
166012 (CHST13)	176,388,222,405
50515 (CHST11)	176,388,222,405
55501 (CHST12)	176,388,222,405
56548 (CHST7)	347,388,393,405
9469 (CHST3)	347,388,393,405
51363 (CHST15)	173,596,219,613
10090 (UST)	345,596,391,613
29940 (DSE)	521,295,567,312
10090 (UST)	867,596,913,613
126792 (B3GALT6)	1112,225,1158,242
55454 (CSGALNACT2)	1112,323,1158,340
55790 (CSGALNACT1)	1112,323,1158,340
22856 (CHSY1)	1112,374,1158,391
337876 (CHSY3)	1112,374,1158,391
54480 (CHPF2)	1112,374,1158,391
79586 (CHPF)	1112,374,1158,391
22856 (CHSY1)	1112,425,1158,442
337876 (CHSY3)	1112,425,1158,442
55454 (CSGALNACT2)	1112,425,1158,442
55790 (CSGALNACT1)	1112,425,1158,442
79586 (CHPF)	1112,425,1158,442
29940 (DSE)	1039,584,1085,601
10090 (UST)	521,596,567,613
51363 (CHST15)	696,596,742,613
113189 (CHST14)	671,388,717,405
56548 (CHST7)	866,388,912,405
9469 (CHST3)	866,388,912,405
55501 (CHST12)	721,388,767,405
hsa00534: Glycosaminoglycan biosynthesis - heparan sulfate / heparin	1329,296,1428,330
hsa00532: Glycosaminoglycan biosynthesis - chondroitin sulfate / dermatan sulfate	40,45,669,70
hsa00531: Glycosaminoglycan degradation	1042,755,1158,789
