C06314 (Lipoxin A4)	589,830,4
C05981 (Phosphatidylinositol-3,4,5-trisphosphate)	530,702,4
C00076 (Calcium cation)	75,460,4
4615 (MYD88)	379,323,425,340
3654 (IRAK1)	456,323,502,340
51135 (IRAK4)	456,323,502,340
7189 (TRAF6)	533,323,579,340
6885 (MAP3K7)	610,323,656,340
10454 (TAB1)	610,340,656,357
23118 (TAB2)	610,340,656,357
1147 (CHUK)	816,323,862,340
3551 (IKBKB)	816,323,862,340
8517 (IKBKG)	816,323,862,340
4792 (NFKBIA)	906,323,952,340
4793 (NFKBIB)	906,323,952,340
4790 (NFKB1)	906,363,952,380
5970 (RELA)	906,363,952,380
5594 (MAPK1)	779,214,825,231
5595 (MAPK3)	779,214,825,231
5599 (MAPK8)	779,246,825,263
5601 (MAPK9)	779,246,825,263
5602 (MAPK10)	779,246,825,263
1432 (MAPK14)	779,278,825,295
5600 (MAPK11)	779,278,825,295
5603 (MAPK13)	779,278,825,295
6300 (MAPK12)	779,278,825,295
5606 (MAP2K3)	699,278,745,295
5608 (MAP2K6)	699,278,745,295
2770 (GNAI1)	375,758,421,775
2771 (GNAI2)	375,758,421,775
2773 (GNAI3)	375,758,421,775
2775 (GNAO1)	375,758,421,775
3592 (IL12A)	1144,353,1190,370
3593 (IL12B)	1144,353,1190,370
7124 (TNF)	1144,373,1190,390
596 (BCL2)	1144,451,1190,468
598 (BCL2L1)	1144,451,1190,468
329 (BIRC2)	1144,471,1190,488
330 (BIRC3)	1144,471,1190,488
331 (XIAP)	1144,471,1190,488
79444 (BIRC7)	1144,471,1190,488
4843 (NOS2)	1144,237,1190,254
3592 (IL12A)	1144,747,1190,764
3593 (IL12B)	1144,747,1190,764
3716 (JAK1)	342,169,388,186
3717 (JAK2)	342,169,388,186
6772 (STAT1)	601,169,647,186
4261 (CIITA)	779,127,825,144
345611 (IRGM)	1144,171,1190,188
3108 (HLA-DMA)	1144,126,1190,143
3109 (HLA-DMB)	1144,126,1190,143
3111 (HLA-DOA)	1144,126,1190,143
3112 (HLA-DOB)	1144,126,1190,143
3113 (HLA-DPA1)	1144,126,1190,143
3115 (HLA-DPB1)	1144,126,1190,143
3117 (HLA-DQA1)	1144,126,1190,143
3118 (HLA-DQA2)	1144,126,1190,143
3119 (HLA-DQB1)	1144,126,1190,143
3122 (HLA-DRA)	1144,126,1190,143
3123 (HLA-DRB1)	1144,126,1190,143
3125 (HLA-DRB3)	1144,126,1190,143
3126 (HLA-DRB4)	1144,126,1190,143
3127 (HLA-DRB5)	1144,126,1190,143
240 (ALOX5)	465,822,511,839
8651 (SOCS1)	394,217,440,234
54205 (CYCS)	624,622,670,639
6774 (STAT3)	602,922,648,939
842 (CASP9)	707,622,753,639
836 (CASP3)	790,622,836,639
841 (CASP8)	707,650,753,667
2770 (GNAI1)	375,693,421,710
2771 (GNAI2)	375,693,421,710
2773 (GNAI3)	375,693,421,710
2775 (GNAO1)	375,693,421,710
146850 (PIK3R6)	455,693,501,710
23533 (PIK3R5)	455,693,501,710
5294 (PIK3CG)	455,693,501,710
5170 (PDPK1)	559,693,605,710
10000 (AKT3)	639,693,685,710
207 (AKT1)	639,693,685,710
208 (AKT2)	639,693,685,710
3655 (ITGA6)	303,372,349,389
3688 (ITGB1)	303,372,349,389
10319 (LAMC3)	165,405,211,422
22798 (LAMB4)	165,405,211,422
284217 (LAMA1)	165,405,211,422
3908 (LAMA2)	165,405,211,422
3909 (LAMA3)	165,405,211,422
3910 (LAMA4)	165,405,211,422
3911 (LAMA5)	165,405,211,422
3912 (LAMB1)	165,405,211,422
3913 (LAMB2)	165,405,211,422
3914 (LAMB3)	165,405,211,422
3915 (LAMC1)	165,405,211,422
3918 (LAMC2)	165,405,211,422
23643 (LY96)	257,281,303,298
7099 (TLR4)	303,293,349,310
3303 (HSPA1A)	241,342,287,359
3304 (HSPA1B)	241,342,287,359
3305 (HSPA1L)	241,342,287,359
3306 (HSPA2)	241,342,287,359
3310 (HSPA6)	241,342,287,359
3312 (HSPA8)	241,342,287,359
7097 (TLR2)	303,323,349,340
3458 (IFNG)	240,152,286,169
3459 (IFNGR1)	303,152,349,169
3460 (IFNGR2)	303,152,349,169
1234 (CCR5)	303,758,349,775
10105 (PPIF)	241,758,287,775
959 (CD40LG)	241,735,287,752
958 (CD40)	303,735,349,752
572 (BAD)	740,693,786,710
7124 (TNF)	241,650,287,667
7132 (TNFRSF1A)	303,650,349,667
596 (BCL2)	676,586,722,603
598 (BCL2L1)	676,586,722,603
329 (BIRC2)	748,586,794,603
330 (BIRC3)	748,586,794,603
331 (XIAP)	748,586,794,603
79444 (BIRC7)	748,586,794,603
3949 (LDLR)	303,556,349,573
3586 (IL10)	1144,996,1190,1013
7040 (TGFB1)	1144,1017,1190,1034
7042 (TGFB2)	1144,1017,1190,1034
7043 (TGFB3)	1144,1017,1190,1034
3587 (IL10RA)	303,904,349,921
3588 (IL10RB)	303,904,349,921
3586 (IL10)	241,904,287,921
3716 (JAK1)	342,921,388,938
7297 (TYK2)	342,921,388,938
hsa04210: Apoptosis	851,619,943,644
hsa04630: JAK-STAT signaling pathway	410,148,563,173
hsa04010: MAPK signaling pathway	873,219,1011,244
hsa04620: Toll-like receptor signaling pathway	442,282,538,316
hsa00590: Arachidonic acid metabolism	426,843,580,868
hsa04144: Endocytosis	367,588,441,613
hsa04630: JAK-STAT signaling pathway	410,933,563,958
hsa05145: Toxoplasmosis	40,45,190,70
