23127 (COLGALT2)	163,589,193,589,193,593,163,593
79709 (COLGALT1)	163,589,193,589,193,593,163,593
8985 (PLOD3)	163,589,193,589,193,593,163,593
145173 (B3GLCT)	281,287,296,272,300,272,285,287
8985 (PLOD3)	92,589,122,589,122,593,92,593
6480 (ST6GAL1)	114,241,144,241,144,245,114,245
6487 (ST3GAL3)	114,241,144,241,144,245,114,245
84620 (ST6GAL2)	114,241,144,241,144,245,114,245
3955 (LFNG)	283,243,298,258,302,258,287,243
4242 (MFNG)	283,243,298,258,302,258,287,243
5986 (RFNG)	283,243,298,258,302,258,287,243
2683 (B4GALT1)	195,241,225,241,225,245,195,245
8703 (B4GALT3)	195,241,225,241,225,245,195,245
8704 (B4GALT2)	195,241,225,241,225,245,195,245
23275 (POFUT2)	349,264,379,264,379,268,349,268
23509 (POFUT1)	349,264,379,264,379,268,349,268
152002 (XXYLT1)	88,492,118,492,118,496,88,496
56983 (POGLUT1)	221,492,251,492,251,496,221,496
283464 (GXYLT1)	153,492,183,492,183,496,153,496
727936 (GXYLT2)	153,492,183,492,183,496,153,496
285203 (EOGT)	113,145,143,145,143,149,113,149
8473 (OGT)	113,145,143,145,143,149,113,149
10585 (POMT1)	841,149,871,149,871,153,841,153
29954 (POMT2)	841,149,871,149,871,153,841,153
10585 (POMT1)	841,173,871,173,871,177,841,177
29954 (POMT2)	841,173,871,173,871,177,841,177
10585 (POMT1)	841,198,871,198,871,202,841,202
29954 (POMT2)	841,198,871,198,871,202,841,202
10585 (POMT1)	757,249,787,249,787,253,757,253
29954 (POMT2)	757,249,787,249,787,253,757,253
3955 (LFNG)	116,352,131,367,135,367,120,352
4242 (MFNG)	116,352,131,367,135,367,120,352
5986 (RFNG)	116,352,131,367,135,367,120,352
23275 (POFUT2)	182,373,212,373,212,377,182,377
23509 (POFUT1)	182,373,212,373,212,377,182,377
29071 (C1GALT1C1)	606,654,616,644,620,644,610,654
56913 (C1GALT1)	606,654,616,644,620,644,610,654
100528030 (POC1B-GALNT4)	681,637,701,637,701,641,681,641
11226 (GALNT6)	681,637,701,637,701,641,681,641
11227 (GALNT5)	681,637,701,637,701,641,681,641
114805 (GALNT13)	681,637,701,637,701,641,681,641
117248 (GALNT15)	681,637,701,637,701,641,681,641
168391 (GALNTL5)	681,637,701,637,701,641,681,641
2589 (GALNT1)	681,637,701,637,701,641,681,641
2590 (GALNT2)	681,637,701,637,701,641,681,641
2591 (GALNT3)	681,637,701,637,701,641,681,641
26290 (GALNT8)	681,637,701,637,701,641,681,641
374378 (GALNT18)	681,637,701,637,701,641,681,641
442117 (GALNTL6)	681,637,701,637,701,641,681,641
50614 (GALNT9)	681,637,701,637,701,641,681,641
51809 (GALNT7)	681,637,701,637,701,641,681,641
55568 (GALNT10)	681,637,701,637,701,641,681,641
57452 (GALNT16)	681,637,701,637,701,641,681,641
63917 (GALNT11)	681,637,701,637,701,641,681,641
64409 (GALNT17)	681,637,701,637,701,641,681,641
79623 (GALNT14)	681,637,701,637,701,641,681,641
79695 (GALNT12)	681,637,701,637,701,641,681,641
8693 (GALNT4)	681,637,701,637,701,641,681,641
29071 (C1GALT1C1)	548,751,558,741,562,741,552,751
56913 (C1GALT1)	548,751,558,741,562,741,552,751
100528030 (POC1B-GALNT4)	623,734,643,734,643,738,623,738
11226 (GALNT6)	623,734,643,734,643,738,623,738
11227 (GALNT5)	623,734,643,734,643,738,623,738
114805 (GALNT13)	623,734,643,734,643,738,623,738
117248 (GALNT15)	623,734,643,734,643,738,623,738
168391 (GALNTL5)	623,734,643,734,643,738,623,738
2589 (GALNT1)	623,734,643,734,643,738,623,738
2590 (GALNT2)	623,734,643,734,643,738,623,738
2591 (GALNT3)	623,734,643,734,643,738,623,738
26290 (GALNT8)	623,734,643,734,643,738,623,738
374378 (GALNT18)	623,734,643,734,643,738,623,738
442117 (GALNTL6)	623,734,643,734,643,738,623,738
50614 (GALNT9)	623,734,643,734,643,738,623,738
51809 (GALNT7)	623,734,643,734,643,738,623,738
55568 (GALNT10)	623,734,643,734,643,738,623,738
57452 (GALNT16)	623,734,643,734,643,738,623,738
63917 (GALNT11)	623,734,643,734,643,738,623,738
64409 (GALNT17)	623,734,643,734,643,738,623,738
79623 (GALNT14)	623,734,643,734,643,738,623,738
79695 (GALNT12)	623,734,643,734,643,738,623,738
8693 (GALNT4)	623,734,643,734,643,738,623,738
hsa00514: Other types of O-glycan biosynthesis	40,45,373,70
