D00346 (Isoniazid (JP17/USP/INN))	839,730,4
C07054 (Isoniazid)	839,730,4
C04646 (6-Thioinosine-5'-monophosphate)	295,272,4
D01223 (Capecitabine (JAN/USAN/INN))	78,545,4
C12650 (Capecitabine)	78,545,4
C07446 (Isonicotinic acid)	985,787,4
C16614 (6-Methylmercaptopurine)	181,187,4
C16615 (6-Methylthiopurine 5'-monophosphate ribonucleotide)	295,187,4
C16620 (6-Methylthioguanosine monophosphate)	502,184,4
C16619 (6-Thioguanosine monophosphate)	502,271,4
D08603 (Tioguanine (INN))	502,348,4
C07648 (Thioguanine)	502,348,4
C16618 (6-Thioxanthine 5'-monophosphate)	408,271,4
D04931 (Mercaptopurine (INN))	181,271,4
C02380 (6-Mercaptopurine)	181,271,4
D00238 (Azathioprine (JP17/USP/INN))	94,271,4
C06837 (Azathioprine)	94,271,4
C16621 (1-Methyl-4-nitroimidazole)	128,331,4
C16613 (6-Thiourate)	181,361,4
C16617 (6-Mercaptopurine ribonucleoside triphosphate)	295,432,4
C16616 (6-Mercaptopurine ribonucleoside 5'-diphosphate)	295,351,4
C16624 (Isoniazid pyruvate)	913,688,4
C16625 (Isoniazid alpha-ketoglutaric acid)	913,655,4
C07585 (N-Acetylisoniazid)	1031,731,4
C07447 (Acetylhydrazine)	1031,847,4
C16623 (Isonicotinylglycine)	1132,791,4
C16622 (N,N'-Diacetylhydrazine)	1132,847,4
C05361 (Hydrazine)	839,847,4
D00584 (Fluorouracil (JP17/USP/INN))	269,662,4
C07649 (5-FU)	269,662,4
D01244 (Tegafur (JP17/USAN/INN))	103,610,4
C12673 (Tegafur)	103,610,4
C16630 (5,6-Dihydro-5-fluorouracil)	370,610,4
C16631 (alpha-Fluoro-beta-ureidopropionic acid)	471,610,4
C16632 (alpha-Fluoro-beta-alanine)	572,610,4
C16634 (5-Fluorouridine monophosphate)	269,735,4
C16633 (5-Fluorouridine)	167,667,4
D04197 (Floxuridine (USP/INN))	391,662,4
C11736 (5-Fluorodeoxyuridine)	391,662,4
C04242 (5-Fluorodeoxyuridine monophosphate)	391,735,4
D01309 (Doxifluridine (JP17/INN))	269,546,4
C12739 (5'-Deoxy-5-fluorouridine)	269,546,4
C16635 (5'-Deoxy-5-fluorocytidine)	173,545,4
D08086 (Irinotecan (INN))	817,189,4
C16641 (Irinotecan)	817,189,4
C16542 (APC)	807,304,4
C16543 (NPC)	825,304,4
C11173 (SN-38)	981,190,4
C11376 (SN38 glucuronide)	981,304,4
D01784 (Carmofur (JP17/INN))	103,658,4
C13252 (Carmofur)	103,658,4
C21750 (5-Fluorodeoxyuridine diphosphate)	391,812,4
C21751 (5-Fluorodeoxyuridine triphosphate)	391,889,4
C21748 (5-Fluorouridine diphosphate)	269,812,4
C21749 (5-Fluorouridine triphosphate)	269,889,4
C21754 (Isonicotinoyl radical)	835,597,4
C00003 (NAD+)	945,627,4
C21759 (Isonicotinoyl-NAD adduct)	1031,597,4
C21758 (Hepatotoxins)	1031,926,4
C06108 (Fluoroacetate)	572,684,4
C00006 (NADP+)	945,523,4
C21760 (Isonicotinoyl-NADP adduct)	1031,554,4
C02320 (R-S-Glutathione)	1132,926,4
7172 (TPMT)	159,224,205,241
7172 (TPMT)	273,224,319,241
7172 (TPMT)	480,223,526,240
3251 (HPRT1)	215,179,261,196
3251 (HPRT1)	215,262,261,279
3251 (HPRT1)	480,304,526,321
8833 (GMPS)	429,263,475,280
3704 (ITPA)	309,344,355,361
7498 (XDH)	159,313,205,330
10 (NAT2)	913,722,959,739
9 (NAT1)	913,722,959,739
10 (NAT2)	1057,840,1103,857
9 (NAT1)	1057,840,1103,857
151531 (UPP2)	194,662,240,679
7378 (UPP1)	194,662,240,679
1890 (TYMP)	308,654,354,671
1806 (DPYD)	296,602,342,619
1807 (DPYS)	391,602,437,619
51733 (UPB1)	492,602,538,619
7372 (UMPS)	247,688,293,705
54963 (UCKL1)	194,728,240,745
7371 (UCK2)	194,728,240,745
83549 (UCK1)	194,728,240,745
7083 (TK1)	369,688,415,705
7084 (TK2)	369,688,415,705
3614 (IMPDH1)	331,263,377,280
3615 (IMPDH2)	331,263,377,280
1890 (TYMP)	247,570,293,587
978 (CDA)	194,537,240,554
1066 (CES1)	99,537,145,554
8824 (CES2)	99,537,145,554
10720 (UGT2B11)	959,229,1005,246
10941 (UGT2A1)	959,229,1005,246
54490 (UGT2B28)	959,229,1005,246
54575 (UGT1A10)	959,229,1005,246
54576 (UGT1A8)	959,229,1005,246
54577 (UGT1A7)	959,229,1005,246
54578 (UGT1A6)	959,229,1005,246
54579 (UGT1A5)	959,229,1005,246
54600 (UGT1A9)	959,229,1005,246
54657 (UGT1A4)	959,229,1005,246
54658 (UGT1A1)	959,229,1005,246
54659 (UGT1A3)	959,229,1005,246
574537 (UGT2A2)	959,229,1005,246
7363 (UGT2B4)	959,229,1005,246
7364 (UGT2B7)	959,229,1005,246
7365 (UGT2B10)	959,229,1005,246
7366 (UGT2B15)	959,229,1005,246
7367 (UGT2B17)	959,229,1005,246
79799 (UGT2A3)	959,229,1005,246
1576 (CYP3A4)	795,229,841,246
2990 (GUSB)	1012,229,1058,246
1066 (CES1)	892,229,938,246
8824 (CES2)	892,229,938,246
1066 (CES1)	854,180,900,197
8824 (CES2)	854,180,900,197
51727 (CMPK1)	247,764,293,781
10201 (NME6)	247,842,293,859
29922 (NME7)	247,842,293,859
4830 (NME1)	247,842,293,859
4831 (NME2)	247,842,293,859
4832 (NME3)	247,842,293,859
4833 (NME4)	247,842,293,859
654364 (NME1-NME2)	247,842,293,859
51727 (CMPK1)	369,764,415,781
10201 (NME6)	369,842,415,859
29922 (NME7)	369,842,415,859
4830 (NME1)	369,842,415,859
4831 (NME2)	369,842,415,859
4832 (NME3)	369,842,415,859
4833 (NME4)	369,842,415,859
654364 (NME1-NME2)	369,842,415,859
50484 (RRM2B)	308,804,354,821
6240 (RRM1)	308,804,354,821
6241 (RRM2)	308,804,354,821
1854 (DUT)	493,764,539,781
1548 (CYP2A6)	158,602,204,619
4353 (MPO)	837,624,883,641
10 (NAT2)	935,830,981,847
9 (NAT1)	935,830,981,847
1571 (CYP2E1)	1009,881,1055,898
1066 (CES1)	841,759,887,776
1066 (CES1)	1033,759,1079,776
119391 (GSTO2)	1057,918,1103,935
221357 (GSTA5)	1057,918,1103,935
2938 (GSTA1)	1057,918,1103,935
2939 (GSTA2)	1057,918,1103,935
2940 (GSTA3)	1057,918,1103,935
2941 (GSTA4)	1057,918,1103,935
2944 (GSTM1)	1057,918,1103,935
2946 (GSTM2)	1057,918,1103,935
2947 (GSTM3)	1057,918,1103,935
2948 (GSTM4)	1057,918,1103,935
2949 (GSTM5)	1057,918,1103,935
2950 (GSTP1)	1057,918,1103,935
2952 (GSTT1)	1057,918,1103,935
2953 (GSTT2)	1057,918,1103,935
4257 (MGST1)	1057,918,1103,935
4258 (MGST2)	1057,918,1103,935
4259 (MGST3)	1057,918,1103,935
653689 (GSTT2B)	1057,918,1103,935
9446 (GSTO1)	1057,918,1103,935
hsa00983: Drug metabolism - other enzymes	40,45,329,70
