C00001 (H2O)	144,940,4
C01330 (Sodium cation)	112,651,4
C00698 (Cl-)	112,632,4
C00698 (Cl-)	732,692,4
C00238 (Potassium cation)	112,612,4
C01330 (Sodium cation)	143,926,4
C00575 (3',5'-Cyclic AMP)	309,419,4
C01245 (D-myo-Inositol 1,4,5-trisphosphate)	413,531,4
C00076 (Calcium cation)	374,591,4
C00076 (Calcium cation)	231,587,4
C00165 (Diacylglycerol)	412,469,4
C00001 (H2O)	730,732,4
C00547 (L-Noradrenaline)	108,421,4
C01996 (Acetylcholine)	108,511,4
C00942 (3',5'-Cyclic GMP)	374,793,4
C00238 (Potassium cation)	243,686,4
C00076 (Calcium cation)	130,815,4
C00238 (Potassium cation)	243,711,4
C13050 (Cyclic ADP-ribose)	481,703,4
C00533 (Nitric oxide)	374,719,4
C00076 (Calcium cation)	535,575,4
C00076 (Calcium cation)	536,603,4
C01330 (Sodium cation)	240,554,4
C00238 (Potassium cation)	126,545,4
C01330 (Sodium cation)	130,779,4
C00080 (H+)	240,787,4
C00698 (Cl-)	130,743,4
C00288 (HCO3-)	240,751,4
C01353 (Carbonic acid)	294,770,4
C00001 (H2O)	333,758,4
C00011 (CO2)	334,784,4
153 (ADRB1)	158,361,204,378
154 (ADRB2)	158,361,204,378
155 (ADRB3)	158,361,204,378
146 (ADRA1D)	158,465,204,482
147 (ADRA1B)	158,465,204,482
148 (ADRA1A)	158,465,204,482
1131 (CHRM3)	158,504,204,521
54831 (BEST2)	654,681,700,698
6558 (SLC12A2)	158,629,204,646
2778 (GNAS)	227,384,273,401
107 (ADCY1)	158,407,204,424
108 (ADCY2)	158,407,204,424
109 (ADCY3)	158,407,204,424
111 (ADCY5)	158,407,204,424
112 (ADCY6)	158,407,204,424
113 (ADCY7)	158,407,204,424
114 (ADCY8)	158,407,204,424
115 (ADCY9)	158,407,204,424
196883 (ADCY4)	158,407,204,424
5566 (PRKACA)	459,407,505,424
5567 (PRKACB)	459,407,505,424
5568 (PRKACG)	459,407,505,424
6844 (VAMP2)	563,374,609,391
2776 (GNAQ)	240,486,286,503
23236 (PLCB1)	320,486,366,503
5330 (PLCB2)	320,486,366,503
5331 (PLCB3)	320,486,366,503
5332 (PLCB4)	320,486,366,503
3708 (ITPR1)	466,567,512,584
3709 (ITPR2)	466,567,512,584
3710 (ITPR3)	466,567,512,584
490 (ATP2B1)	158,579,204,596
491 (ATP2B2)	158,579,204,596
492 (ATP2B3)	158,579,204,596
493 (ATP2B4)	158,579,204,596
5578 (PRKCA)	458,462,504,479
5579 (PRKCB)	458,462,504,479
5582 (PRKCG)	458,462,504,479
362 (AQP5)	654,722,700,739
6263 (RYR3)	466,593,512,610
163688 (CALML6)	351,633,397,650
51806 (CALML5)	351,633,397,650
801 (CALM1)	351,633,397,650
805 (CALM2)	351,633,397,650
808 (CALM3)	351,633,397,650
810 (CALML3)	351,633,397,650
91860 (CALML4)	351,633,397,650
4842 (NOS1)	351,672,397,689
2977 (GUCY1A2)	351,747,397,764
2982 (GUCY1A1)	351,747,397,764
2983 (GUCY1B1)	351,747,397,764
5592 (PRKG1)	406,809,452,826
5593 (PRKG2)	406,809,452,826
683 (BST1)	458,747,504,764
952 (CD38)	458,747,504,764
3783 (KCNN4)	158,677,204,694
55503 (TRPV6)	158,807,204,824
727897 (MUC5B)	713,416,759,433
4589 (MUC7)	768,416,814,433
3778 (KCNMA1)	158,704,204,721
5554 (PRH1)	713,441,759,458
5555 (PRH2)	713,441,759,458
5542 (PRB1)	768,441,814,458
653247 (PRB2)	768,441,814,458
276 (AMY1A)	823,416,869,433
277 (AMY1B)	823,416,869,433
278 (AMY1C)	823,416,869,433
1469 (CST1)	713,466,759,483
1470 (CST2)	713,466,759,483
1471 (CST3)	713,466,759,483
1472 (CST4)	713,466,759,483
1473 (CST5)	713,466,759,483
3346 (HTN1)	768,466,814,483
3347 (HTN3)	768,466,814,483
1755 (DMBT1)	823,441,869,458
6779 (STATH)	823,466,869,483
23439 (ATP1B4)	158,540,204,557
476 (ATP1A1)	158,540,204,557
477 (ATP1A2)	158,540,204,557
478 (ATP1A3)	158,540,204,557
480 (ATP1A4)	158,540,204,557
481 (ATP1B1)	158,540,204,557
482 (ATP1B2)	158,540,204,557
483 (ATP1B3)	158,540,204,557
486 (FXYD2)	158,540,204,557
362 (AQP5)	570,755,616,772
6522 (SLC4A2)	158,739,204,756
6548 (SLC9A1)	158,774,204,791
4069 (LYZ)	713,491,759,508
4025 (LPO)	768,491,814,508
820 (CAMP)	823,491,869,508
hsa04970: Salivary secretion	40,45,232,70
hsa04530: Tight junction	545,174,660,199
hsa04020: Calcium signaling pathway	271,530,378,564
hsa04973: Carbohydrate digestion and absorption	771,721,903,755
