C16845 (Peroxynitrite)	551,911,4
C00533 (Nitric oxide)	566,203,4
C00076 (Calcium cation)	299,276,4
C00704 (O2.-)	454,911,4
C00533 (Nitric oxide)	464,878,4
C00272 (Tetrahydrobiopterin)	353,121,4
C00925 (Heparan sulfate)	204,204,4
C00607 (Chondroitin sulfate)	204,204,4
C00518 (Hyaluronate)	204,204,4
1432 (MAPK14)	737,794,783,811
5600 (MAPK11)	737,794,783,811
5603 (MAPK13)	737,794,783,811
6300 (MAPK12)	737,794,783,811
7412 (VCAM1)	1003,715,1049,732
3383 (ICAM1)	1057,715,1103,732
2353 (FOS)	853,770,899,787
3725 (JUN)	853,770,899,787
10000 (AKT3)	472,328,518,345
207 (AKT1)	472,328,518,345
208 (AKT2)	472,328,518,345
5599 (MAPK8)	737,748,783,765
5601 (MAPK9)	737,748,783,765
5602 (MAPK10)	737,748,783,765
5290 (PIK3CA)	383,328,429,345
5291 (PIK3CB)	383,328,429,345
5293 (PIK3CD)	383,328,429,345
5295 (PIK3R1)	383,328,429,345
5296 (PIK3R2)	383,328,429,345
8503 (PIK3R3)	383,328,429,345
6347 (CCL2)	1003,691,1049,708
9817 (KEAP1)	686,244,732,261
4780 (NFE2L2)	686,284,732,301
5598 (MAPK7)	596,410,642,427
4205 (MEF2A)	691,410,737,427
4208 (MEF2C)	691,410,737,427
10365 (KLF2)	903,409,949,426
4780 (NFE2L2)	847,284,893,301
1728 (NQO1)	1111,207,1157,224
5609 (MAP2K7)	624,748,670,765
6416 (MAP2K4)	624,748,670,765
5608 (MAP2K6)	624,794,670,811
6416 (MAP2K4)	624,794,670,811
9817 (KEAP1)	507,1033,553,1050
4780 (NFE2L2)	540,1050,586,1067
27035 (NOX1)	309,893,355,910
1535 (CYBA)	309,910,355,927
653361 (NCF1)	355,885,401,902
4688 (NCF2)	355,902,401,919
5879 (RAC1)	355,919,401,936
5880 (RAC2)	355,919,401,936
5881 (RAC3)	355,919,401,936
652 (BMP4)	341,797,387,814
657 (BMPR1A)	223,902,269,919
658 (BMPR1B)	223,902,269,919
659 (BMPR2)	223,902,269,919
90 (ACVR1)	223,902,269,919
92 (ACVR2A)	223,902,269,919
93 (ACVR2B)	223,902,269,919
652 (BMP4)	140,902,186,919
5590 (PRKCZ)	908,911,954,928
5607 (MAP2K5)	499,410,545,427
1003 (CDH5)	223,319,269,336
5175 (PECAM1)	223,372,269,389
3791 (KDR)	223,336,269,353
3162 (HMOX1)	1003,207,1049,224
119391 (GSTO2)	1057,207,1103,224
221357 (GSTA5)	1057,207,1103,224
2938 (GSTA1)	1057,207,1103,224
2939 (GSTA2)	1057,207,1103,224
2940 (GSTA3)	1057,207,1103,224
2941 (GSTA4)	1057,207,1103,224
2944 (GSTM1)	1057,207,1103,224
2946 (GSTM2)	1057,207,1103,224
2947 (GSTM3)	1057,207,1103,224
2948 (GSTM4)	1057,207,1103,224
2949 (GSTM5)	1057,207,1103,224
2950 (GSTP1)	1057,207,1103,224
2952 (GSTT1)	1057,207,1103,224
2953 (GSTT2)	1057,207,1103,224
4257 (MGST1)	1057,207,1103,224
4258 (MGST2)	1057,207,1103,224
4259 (MGST3)	1057,207,1103,224
653689 (GSTT2B)	1057,207,1103,224
9446 (GSTO1)	1057,207,1103,224
25828 (TXN2)	1057,231,1103,248
7295 (TXN)	1057,231,1103,248
8878 (SQSTM1)	1003,231,1049,248
4846 (NOS3)	1003,276,1049,293
4880 (NPPC)	1057,276,1103,293
445 (ASS1)	1111,276,1157,293
4846 (NOS3)	1003,322,1049,339
7056 (THBD)	1003,364,1049,381
5327 (PLAT)	1111,364,1157,381
4846 (NOS3)	1057,364,1103,381
1499 (CTNNB1)	269,328,315,345
4313 (MMP2)	1003,655,1049,672
4318 (MMP9)	1003,655,1049,672
1514 (CTSL)	1057,655,1103,672
6401 (SELE)	1111,715,1157,732
7124 (TNF)	1003,738,1049,755
3552 (IL1A)	1057,738,1103,755
3553 (IL1B)	1057,738,1103,755
3458 (IFNG)	1111,738,1157,755
5154 (PDGFA)	1003,804,1049,821
5155 (PDGFB)	1003,804,1049,821
1906 (EDN1)	1057,804,1103,821
7422 (VEGFA)	1111,804,1157,821
3674 (ITGA2B)	223,447,269,464
3685 (ITGAV)	223,447,269,464
3690 (ITGB3)	223,447,269,464
6714 (SRC)	300,447,346,464
5747 (PTK2)	378,447,424,464
60 (ACTB)	607,447,653,464
71 (ACTG1)	607,447,653,464
387 (RHOA)	531,447,577,464
3383 (ICAM1)	223,985,269,1002
7412 (VCAM1)	223,1009,269,1026
6401 (SELE)	223,1032,269,1049
4846 (NOS3)	340,144,386,161
7157 (TP53)	974,874,1020,891
387082 (SUMO4)	1023,906,1069,923
6612 (SUMO3)	1023,906,1069,923
6613 (SUMO2)	1023,906,1069,923
7341 (SUMO1)	1023,906,1069,923
51588 (PIAS4)	828,876,874,893
5590 (PRKCZ)	603,902,649,919
51588 (PIAS4)	908,894,954,911
7157 (TP53)	974,960,1020,977
387082 (SUMO4)	1020,960,1066,977
6612 (SUMO3)	1020,960,1066,977
6613 (SUMO2)	1020,960,1066,977
7341 (SUMO1)	1020,960,1066,977
596 (BCL2)	706,959,752,976
5562 (PRKAA1)	383,288,429,305
5563 (PRKAA2)	383,288,429,305
4846 (NOS3)	490,254,536,271
4217 (MAP3K5)	475,771,521,788
7132 (TNFRSF1A)	223,742,269,759
3554 (IL1R1)	223,765,269,782
7850 (IL1R2)	223,765,269,782
6885 (MAP3K7)	475,712,521,729
1147 (CHUK)	624,712,670,729
3551 (IKBKB)	624,712,670,729
8517 (IKBKG)	624,712,670,729
4790 (NFKB1)	853,712,899,729
5970 (RELA)	853,712,899,729
406902 (MIR10A)	475,677,521,694
857 (CAV1)	317,161,363,178
858 (CAV2)	317,161,363,178
859 (CAV3)	317,161,363,178
163688 (CALML6)	340,178,386,195
51806 (CALML5)	340,178,386,195
801 (CALM1)	340,178,386,195
805 (CALM2)	340,178,386,195
808 (CALM3)	340,178,386,195
810 (CALML3)	340,178,386,195
91860 (CALML4)	340,178,386,195
3320 (HSP90AA1)	363,127,409,144
3326 (HSP90AB1)	363,127,409,144
7184 (HSP90B1)	363,127,409,144
2817 (GPC1)	223,220,269,237
6382 (SDC1)	223,220,269,237
6383 (SDC2)	223,220,269,237
6385 (SDC4)	223,220,269,237
59341 (TRPV4)	223,266,269,283
1843 (DUSP1)	568,504,614,521
4780 (NFE2L2)	480,524,526,541
10365 (KLF2)	726,360,772,377
9181 (ARHGEF2)	454,447,500,464
1003 (CDH5)	223,601,269,618
5175 (PECAM1)	223,635,269,652
3791 (KDR)	223,618,269,635
3685 (ITGAV)	223,659,269,676
3690 (ITGB3)	223,659,269,676
5598 (MAPK7)	737,847,783,864
hsa05418: Fluid shear stress and atherosclerosis	40,45,402,70
hsa04010: MAPK signaling pathway	510,793,614,827
hsa04151: PI3K-Akt signaling pathway	542,318,651,352
hsa04514: Cell adhesion molecules (CAMs)	40,273,149,307
hsa04510: Focal adhesion	347,471,466,496
hsa04270: Vascular smooth muscle contraction	952,132,1061,166
hsa04670: Leukocyte transendothelial migration	66,1016,215,1050
hsa04210: Apoptosis	517,954,609,979
hsa04064: NF-kappa B signaling pathway	277,699,386,733
