3265 (HRAS)	346,300,392,317
3845 (KRAS)	346,300,392,317
4893 (NRAS)	346,300,392,317
5468 (PPARG)	739,401,785,418
673 (BRAF)	424,300,470,317
673 (BRAF)	424,177,470,194
5594 (MAPK1)	579,300,625,317
5595 (MAPK3)	579,300,625,317
5604 (MAP2K1)	502,300,548,317
5605 (MAP2K2)	502,300,548,317
5468 (PPARG)	685,354,731,371
7849 (PAX8)	685,354,731,371
6256 (RXRA)	739,374,785,391
6257 (RXRB)	739,374,785,391
6258 (RXRG)	739,374,785,391
1499 (CTNNB1)	467,674,513,691
4609 (MYC)	812,662,858,679
999 (CDH1)	199,674,245,691
5594 (MAPK1)	579,158,625,175
5595 (MAPK3)	579,158,625,175
595 (CCND1)	812,685,858,702
5604 (MAP2K1)	502,158,548,175
5605 (MAP2K2)	502,158,548,175
673 (BRAF)	424,142,470,159
3265 (HRAS)	346,141,392,158
3845 (KRAS)	346,141,392,158
4893 (NRAS)	346,141,392,158
5979 (RET)	255,109,301,126
8030 (CCDC6)	255,109,301,126
8031 (NCOA4)	255,109,301,126
10342 (TFG)	199,156,245,173
4914 (NTRK1)	199,156,245,173
7170 (TPM3)	199,156,245,173
7175 (TPR)	199,156,245,173
51176 (LEF1)	699,674,745,691
6932 (TCF7)	699,674,745,691
6934 (TCF7L2)	699,674,745,691
83439 (TCF7L1)	699,674,745,691
7157 (TP53)	740,586,786,603
1026 (CDKN1A)	870,566,916,583
10912 (GADD45G)	922,566,968,583
1647 (GADD45A)	922,566,968,583
4616 (GADD45B)	922,566,968,583
581 (BAX)	870,588,916,605
578 (BAK1)	922,588,968,605
1643 (DDB2)	870,610,916,627
51426 (POLK)	922,610,968,627
hsa05216: Thyroid cancer	40,45,195,70
hsa04010: MAPK signaling pathway	516,221,619,255
hsa03320: PPAR signaling pathway	433,378,536,412
hsa04115: p53 signaling pathway	730,540,833,574
hsa04520: Adherens junction	351,709,454,743
hsa04310: Wnt signaling pathway	525,709,628,743
