C00410 (Progesterone)	206,102,4
C01245 (D-myo-Inositol 1,4,5-trisphosphate)	1129,302,4
C00076 (Calcium cation)	1129,379,4
C00575 (3',5'-Cyclic AMP)	157,225,4
4342 (MOS)	235,310,281,327
983 (CDK1)	414,704,460,721
10459 (MAD2L2)	902,535,948,552
4085 (MAD2L1)	902,535,948,552
8379 (MAD1L1)	902,535,948,552
9133 (CCNB2)	414,688,460,705
9088 (PKMYT1)	369,548,415,565
27330 (RPS6KA6)	369,353,415,370
6195 (RPS6KA1)	369,353,415,370
6196 (RPS6KA2)	369,353,415,370
6197 (RPS6KA3)	369,353,415,370
5594 (MAPK1)	369,310,415,327
5595 (MAPK3)	369,310,415,327
5604 (MAP2K1)	302,310,348,327
10393 (ANAPC10)	630,601,676,618
246184 (CDC26)	630,601,676,618
25847 (ANAPC13)	630,601,676,618
29882 (ANAPC2)	630,601,676,618
29945 (ANAPC4)	630,601,676,618
51433 (ANAPC5)	630,601,676,618
51434 (ANAPC7)	630,601,676,618
51529 (ANAPC11)	630,601,676,618
64682 (ANAPC1)	630,601,676,618
8697 (CDC23)	630,601,676,618
8881 (CDC16)	630,601,676,618
996 (CDC27)	630,601,676,618
991 (CDC20)	630,618,676,635
10744 (PTTG2)	630,674,676,691
9232 (PTTG1)	630,674,676,691
891 (CCNB1)	763,686,809,703
983 (CDK1)	763,703,809,720
26271 (FBXO5)	187,546,233,563
6500 (SKP1)	1184,487,1230,504
8454 (CUL1)	1184,487,1230,504
9978 (RBX1)	1184,487,1230,504
898 (CCNE1)	984,531,1030,548
9134 (CCNE2)	984,531,1030,548
286151 (FBXO43)	1106,546,1152,563
10393 (ANAPC10)	984,604,1030,621
246184 (CDC26)	984,604,1030,621
25847 (ANAPC13)	984,604,1030,621
29882 (ANAPC2)	984,604,1030,621
29945 (ANAPC4)	984,604,1030,621
51433 (ANAPC5)	984,604,1030,621
51434 (ANAPC7)	984,604,1030,621
51529 (ANAPC11)	984,604,1030,621
64682 (ANAPC1)	984,604,1030,621
8697 (CDC23)	984,604,1030,621
8881 (CDC16)	984,604,1030,621
996 (CDC27)	984,604,1030,621
991 (CDC20)	984,621,1030,638
10744 (PTTG2)	984,674,1030,691
9232 (PTTG1)	984,674,1030,691
6500 (SKP1)	187,479,233,496
8454 (CUL1)	187,479,233,496
9978 (RBX1)	187,479,233,496
995 (CDC25C)	471,546,517,563
286151 (FBXO43)	680,546,726,563
1017 (CDK2)	984,548,1030,565
23291 (FBXW11)	187,496,233,513
8945 (BTRC)	187,496,233,513
23291 (FBXW11)	1184,504,1230,521
8945 (BTRC)	1184,504,1230,521
815 (CAMK2A)	1106,457,1152,474
816 (CAMK2B)	1106,457,1152,474
817 (CAMK2D)	1106,457,1152,474
818 (CAMK2G)	1106,457,1152,474
5347 (PLK1)	1155,457,1201,474
6790 (AURKA)	301,174,347,191
10393 (ANAPC10)	232,601,278,618
246184 (CDC26)	232,601,278,618
25847 (ANAPC13)	232,601,278,618
29882 (ANAPC2)	232,601,278,618
29945 (ANAPC4)	232,601,278,618
51433 (ANAPC5)	232,601,278,618
51434 (ANAPC7)	232,601,278,618
51529 (ANAPC11)	232,601,278,618
64682 (ANAPC1)	232,601,278,618
8697 (CDC23)	232,601,278,618
8881 (CDC16)	232,601,278,618
996 (CDC27)	232,601,278,618
991 (CDC20)	232,618,278,635
89869 (PLCZ1)	1106,254,1152,271
3708 (ITPR1)	1107,332,1153,349
3709 (ITPR2)	1107,332,1153,349
3710 (ITPR3)	1107,332,1153,349
163688 (CALML6)	1106,409,1152,426
51806 (CALML5)	1106,409,1152,426
801 (CALM1)	1106,409,1152,426
805 (CALM2)	1106,409,1152,426
808 (CALM3)	1106,409,1152,426
810 (CALML3)	1106,409,1152,426
91860 (CALML4)	1106,409,1152,426
5530 (PPP3CA)	1043,457,1089,474
5532 (PPP3CB)	1043,457,1089,474
5533 (PPP3CC)	1043,457,1089,474
5534 (PPP3R1)	1043,457,1089,474
5535 (PPP3R2)	1043,457,1089,474
132864 (CPEB2)	255,228,301,245
22849 (CPEB3)	255,228,301,245
64506 (CPEB1)	255,228,301,245
80315 (CPEB4)	255,228,301,245
132864 (CPEB2)	763,286,809,303
22849 (CPEB3)	763,286,809,303
64506 (CPEB1)	763,286,809,303
80315 (CPEB4)	763,286,809,303
5347 (PLK1)	819,240,865,257
6500 (SKP1)	680,479,726,496
8454 (CUL1)	680,479,726,496
9978 (RBX1)	680,479,726,496
23291 (FBXW11)	680,496,726,513
8945 (BTRC)	680,496,726,513
5566 (PRKACA)	134,248,180,265
5567 (PRKACB)	134,248,180,265
5568 (PRKACG)	134,248,180,265
107 (ADCY1)	134,182,180,199
108 (ADCY2)	134,182,180,199
109 (ADCY3)	134,182,180,199
111 (ADCY5)	134,182,180,199
112 (ADCY6)	134,182,180,199
113 (ADCY7)	134,182,180,199
114 (ADCY8)	134,182,180,199
115 (ADCY9)	134,182,180,199
196883 (ADCY4)	134,182,180,199
10971 (YWHAQ)	411,569,457,586
7529 (YWHAB)	411,569,457,586
7531 (YWHAE)	411,569,457,586
7532 (YWHAG)	411,569,457,586
7533 (YWHAH)	411,569,457,586
7534 (YWHAZ)	411,569,457,586
5499 (PPP1CA)	538,474,584,491
5500 (PPP1CB)	538,474,584,491
5501 (PPP1CC)	538,474,584,491
1432 (MAPK14)	503,450,549,467
5600 (MAPK11)	503,450,549,467
5603 (MAPK13)	503,450,549,467
6300 (MAPK12)	503,450,549,467
5347 (PLK1)	555,507,601,524
9700 (ESPL1)	630,713,676,730
9700 (ESPL1)	984,713,1030,730
27127 (SMC1B)	607,794,653,811
8243 (SMC1A)	607,794,653,811
9985 (REC8)	630,760,676,777
10734 (STAG3)	630,777,676,794
27127 (SMC1B)	961,794,1007,811
8243 (SMC1A)	961,794,1007,811
9985 (REC8)	984,760,1030,777
10734 (STAG3)	984,777,1030,794
151648 (SGO1)	927,674,973,691
5525 (PPP2R5A)	927,713,973,730
5526 (PPP2R5B)	927,713,973,730
5527 (PPP2R5C)	927,713,973,730
5528 (PPP2R5D)	927,713,973,730
5529 (PPP2R5E)	927,713,973,730
5515 (PPP2CA)	927,730,973,747
5516 (PPP2CB)	927,730,973,747
5518 (PPP2R1A)	927,730,973,747
5519 (PPP2R1B)	927,730,973,747
9126 (SMC3)	653,794,699,811
5515 (PPP2CA)	1071,481,1117,498
5516 (PPP2CB)	1071,481,1117,498
5518 (PPP2R1A)	1071,481,1117,498
5519 (PPP2R1B)	1071,481,1117,498
5241 (PGR)	183,145,229,162
367 (AR)	232,145,278,162
3480 (IGF1R)	75,145,121,162
3630 (INS)	50,94,96,111
3479 (IGF1)	100,94,146,111
100310812 (SPDYE2B)	408,424,454,441
100505767 (SPDYE18)	408,424,454,441
100996746 (SPDYE11)	408,424,454,441
102723555 (SPDYE16)	408,424,454,441
102723849 (SPDYE17)	408,424,454,441
245711 (SPDYA)	408,424,454,441
285955 (SPDYE1)	408,424,454,441
387778 (SPDYC)	408,424,454,441
388333 (SPDYE4)	408,424,454,441
441272 (SPDYE3)	408,424,454,441
441273 (SPDYE2)	408,424,454,441
442590 (SPDYE5)	408,424,454,441
729597 (SPDYE6)	408,424,454,441
983 (CDK1)	408,441,454,458
1017 (CDK2)	464,427,510,444
9748 (SLK)	555,547,601,564
699 (BUB1)	837,491,883,508
995 (CDC25C)	1181,627,1227,644
9126 (SMC3)	1007,794,1053,811
hsa04114: Oocyte meiosis	40,45,187,70
hsa04914: Progesterone-mediated oocyte maturation	353,97,492,131
hsa04120: Ubiquitin mediated proteolysis	79,603,198,637
hsa04010: MAPK signaling pathway	301,261,412,295
