C05981 (Phosphatidylinositol-3,4,5-trisphosphate)	521,621,4
C05981 (Phosphatidylinositol-3,4,5-trisphosphate)	591,1001,4
C00039 (DNA)	1165,446,4
C00039 (DNA)	1170,977,4
C00777 (Retinoate)	813,359,4
C15493 (9-cis-Retinoic acid)	813,359,4
3265 (HRAS)	608,534,654,551
3845 (KRAS)	608,534,654,551
4893 (NRAS)	608,534,654,551
369 (ARAF)	683,534,729,551
5894 (RAF1)	683,534,729,551
673 (BRAF)	683,534,729,551
5604 (MAP2K1)	758,534,804,551
5605 (MAP2K2)	758,534,804,551
5594 (MAPK1)	834,534,880,550
5595 (MAPK3)	834,534,880,550
25759 (SHC2)	382,534,428,551
399694 (SHC4)	382,534,428,551
53358 (SHC3)	382,534,428,551
6464 (SHC1)	382,534,428,551
2885 (GRB2)	458,534,504,551
6654 (SOS1)	533,534,579,551
6655 (SOS2)	533,534,579,551
2475 (MTOR)	703,597,749,614
6198 (RPS6KB1)	800,597,846,614
6199 (RPS6KB2)	800,597,846,614
3265 (HRAS)	587,924,633,941
3845 (KRAS)	587,924,633,941
4893 (NRAS)	587,924,633,941
369 (ARAF)	673,924,719,941
5894 (RAF1)	673,924,719,941
673 (BRAF)	673,924,719,941
5604 (MAP2K1)	760,924,806,941
5605 (MAP2K2)	760,924,806,941
5594 (MAPK1)	847,924,893,940
5595 (MAPK3)	847,924,893,940
2885 (GRB2)	417,924,463,941
6654 (SOS1)	502,924,548,941
6655 (SOS2)	502,924,548,941
2475 (MTOR)	738,976,784,993
5290 (PIK3CA)	419,613,465,630
5291 (PIK3CB)	419,613,465,630
5293 (PIK3CD)	419,613,465,630
5295 (PIK3R1)	419,613,465,630
5296 (PIK3R2)	419,613,465,630
8503 (PIK3R3)	419,613,465,630
10000 (AKT3)	582,613,628,630
207 (AKT1)	582,613,628,630
208 (AKT2)	582,613,628,630
5290 (PIK3CA)	502,992,548,1009
5291 (PIK3CB)	502,992,548,1009
5293 (PIK3CD)	502,992,548,1009
5295 (PIK3R1)	502,992,548,1009
5296 (PIK3R2)	502,992,548,1009
8503 (PIK3R3)	502,992,548,1009
10000 (AKT3)	637,992,683,1009
207 (AKT1)	637,992,683,1009
208 (AKT2)	637,992,683,1009
595 (CCND1)	1060,413,1106,430
4609 (MYC)	1060,390,1106,407
51176 (LEF1)	944,402,990,419
6932 (TCF7)	944,402,990,419
6934 (TCF7L2)	944,402,990,419
83439 (TCF7L1)	944,402,990,419
122011 (CSNK1A1L)	668,419,714,436
1452 (CSNK1A1)	668,419,714,436
8312 (AXIN1)	562,419,608,436
8313 (AXIN2)	562,419,608,436
10297 (APC2)	608,419,654,436
324 (APC)	608,419,654,436
1499 (CTNNB1)	638,402,684,419
2932 (GSK3B)	531,402,577,419
10023 (FRAT1)	469,389,515,406
23401 (FRAT2)	469,389,515,406
1855 (DVL1)	423,402,469,419
1856 (DVL2)	423,402,469,419
1857 (DVL3)	423,402,469,419
4040 (LRP6)	301,419,347,436
4041 (LRP5)	301,419,347,436
11211 (FZD10)	301,402,347,419
2535 (FZD2)	301,402,347,419
7855 (FZD5)	301,402,347,419
7976 (FZD3)	301,402,347,419
8321 (FZD1)	301,402,347,419
8322 (FZD4)	301,402,347,419
8323 (FZD6)	301,402,347,419
8324 (FZD7)	301,402,347,419
8325 (FZD8)	301,402,347,419
8326 (FZD9)	301,402,347,419
51384 (WNT16)	192,411,238,428
54361 (WNT4)	192,411,238,428
7471 (WNT1)	192,411,238,428
7472 (WNT2)	192,411,238,428
7473 (WNT3)	192,411,238,428
7474 (WNT5A)	192,411,238,428
7475 (WNT6)	192,411,238,428
7476 (WNT7A)	192,411,238,428
7477 (WNT7B)	192,411,238,428
7478 (WNT8A)	192,411,238,428
7479 (WNT8B)	192,411,238,428
7480 (WNT10B)	192,411,238,428
7481 (WNT11)	192,411,238,428
7482 (WNT2B)	192,411,238,428
7483 (WNT9A)	192,411,238,428
7484 (WNT9B)	192,411,238,428
80326 (WNT10A)	192,411,238,428
81029 (WNT5B)	192,411,238,428
89780 (WNT3A)	192,411,238,428
7157 (TP53)	1079,297,1125,314
1026 (CDKN1A)	1209,277,1255,294
10912 (GADD45G)	1261,277,1307,294
1647 (GADD45A)	1261,277,1307,294
4616 (GADD45B)	1261,277,1307,294
581 (BAX)	1209,299,1255,316
578 (BAK1)	1261,299,1307,316
1643 (DDB2)	1209,321,1255,338
51426 (POLK)	1261,321,1307,338
7040 (TGFB1)	192,714,238,731
7042 (TGFB2)	192,714,238,731
7043 (TGFB3)	192,714,238,731
4087 (SMAD2)	452,715,498,732
4088 (SMAD3)	452,715,498,732
7046 (TGFBR1)	301,706,347,723
4089 (SMAD4)	452,747,498,764
7048 (TGFBR2)	301,723,347,740
3082 (HGF)	192,949,238,966
4233 (MET)	301,949,347,966
7015 (TERT)	1060,444,1106,461
7012 (TERC)	1060,461,1106,478
2549 (GAB1)	417,992,463,1009
2064 (ERBB2)	301,585,347,602
7015 (TERT)	1065,975,1111,992
7012 (TERC)	1065,992,1111,1009
1045 (CDX2)	813,219,859,236
999 (CDH1)	301,867,347,884
1495 (CTNNA1)	362,845,408,862
1496 (CTNNA2)	362,845,408,862
29119 (CTNNA3)	362,845,408,862
1499 (CTNNB1)	414,866,460,883
3728 (JUP)	362,890,408,907
4609 (MYC)	1094,857,1140,874
595 (CCND1)	1094,880,1140,897
898 (CCNE1)	1143,636,1189,653
9134 (CCNE2)	1143,636,1189,653
1017 (CDK2)	1143,619,1189,636
1027 (CDKN1B)	1065,619,1111,636
1869 (E2F1)	1222,665,1268,682
1870 (E2F2)	1222,665,1268,682
1871 (E2F3)	1222,665,1268,682
5925 (RB1)	1222,628,1268,645
6469 (SHH)	1058,239,1104,256
7157 (TP53)	703,635,749,652
596 (BCL2)	800,635,846,652
2263 (FGFR2)	301,981,347,998
2246 (FGF1)	192,981,238,998
2247 (FGF2)	192,981,238,998
2248 (FGF3)	192,981,238,998
2249 (FGF4)	192,981,238,998
2250 (FGF5)	192,981,238,998
2251 (FGF6)	192,981,238,998
2252 (FGF7)	192,981,238,998
2253 (FGF8)	192,981,238,998
2254 (FGF9)	192,981,238,998
2255 (FGF10)	192,981,238,998
26281 (FGF20)	192,981,238,998
26291 (FGF21)	192,981,238,998
27006 (FGF22)	192,981,238,998
8074 (FGF23)	192,981,238,998
8817 (FGF18)	192,981,238,998
8822 (FGF17)	192,981,238,998
8823 (FGF16)	192,981,238,998
9965 (FGF19)	192,981,238,998
1030 (CDKN2B)	1052,703,1098,720
1026 (CDKN1A)	1052,725,1098,742
5915 (RARB)	1060,342,1106,359
6256 (RXRA)	1060,359,1106,376
6257 (RXRB)	1060,359,1106,376
6258 (RXRG)	1060,359,1106,376
7157 (TP53)	1122,917,1168,934
1026 (CDKN1A)	1252,897,1298,914
10912 (GADD45G)	1304,897,1350,914
1647 (GADD45A)	1304,897,1350,914
4616 (GADD45B)	1304,897,1350,914
581 (BAX)	1252,919,1298,936
578 (BAK1)	1304,919,1350,936
1643 (DDB2)	1252,941,1298,958
51426 (POLK)	1304,941,1350,958
4292 (MLH1)	1222,563,1268,580
51176 (LEF1)	961,867,1007,884
6932 (TCF7)	961,867,1007,884
6934 (TCF7L2)	961,867,1007,884
83439 (TCF7L1)	961,867,1007,884
4583 (MUC2)	1058,191,1104,208
83998 (REG4)	1058,213,1104,230
5243 (ABCB1)	1109,213,1155,230
1015 (CDH17)	1109,191,1155,208
2932 (GSK3B)	738,1011,784,1028
1956 (EGFR)	301,568,347,585
1950 (EGF)	192,576,238,593
hsa05226: Gastric cancer	40,45,206,70
hsa04151: PI3K-Akt signaling pathway	481,567,597,601
hsa04310: Wnt signaling pathway	774,418,890,452
hsa04115: p53 signaling pathway	939,257,1055,291
hsa04110: Cell cycle	1323,632,1426,657
hsa05120: Epithelial cell signaling in Helicobacter pylori infection	381,108,549,142
hsa04350: TGF-beta signaling pathway	774,680,890,714
hsa04010: MAPK signaling pathway	486,947,602,981
hsa04520: Adherens junction	650,844,772,869
