C00001 (H2O)	332,563,4
C00080 (H+)	102,333,4
C00011 (CO2)	374,565,4
C00080 (H+)	302,336,4
C00288 (HCO3-)	608,334,4
C00698 (Cl-)	486,345,4
C00288 (HCO3-)	401,336,4
C00014 (Ammonia)	33,511,4
C01353 (Carbonic acid)	355,439,4
C00238 (Potassium cation)	605,476,4
C00698 (Cl-)	605,465,4
C00698 (Cl-)	606,519,4
C00080 (H+)	106,410,4
C00238 (Potassium cation)	215,421,4
C00080 (H+)	63,374,4
C00011 (CO2)	604,562,4
10312 (TCIRG1)	134,325,180,342
127124 (ATP6V1G3)	134,325,180,342
155066 (ATP6V0E2)	134,325,180,342
23545 (ATP6V0A2)	134,325,180,342
245972 (ATP6V0D2)	134,325,180,342
245973 (ATP6V1C2)	134,325,180,342
50617 (ATP6V0A4)	134,325,180,342
51382 (ATP6V1D)	134,325,180,342
523 (ATP6V1A)	134,325,180,342
525 (ATP6V1B1)	134,325,180,342
526 (ATP6V1B2)	134,325,180,342
527 (ATP6V0C)	134,325,180,342
528 (ATP6V1C1)	134,325,180,342
529 (ATP6V1E1)	134,325,180,342
534 (ATP6V1G2)	134,325,180,342
535 (ATP6V0A1)	134,325,180,342
8992 (ATP6V0E1)	134,325,180,342
90423 (ATP6V1E2)	134,325,180,342
9114 (ATP6V0D1)	134,325,180,342
9296 (ATP6V1F)	134,325,180,342
9550 (ATP6V1G1)	134,325,180,342
6521 (SLC4A1)	521,330,567,347
495 (ATP4A)	136,406,182,423
496 (ATP4B)	136,406,182,423
760 (CA2)	369,493,415,510
10723 (SLC12A7)	519,461,565,478
1188 (CLCNKB)	520,508,566,525
hsa04966: Collecting duct acid secretion	40,45,334,70
hsa04530: Tight junction	194,104,309,129
