C00388 (Histamine)	1031,148,4
C02166 (Leukotriene C4)	1030,179,4
C00696 (Prostaglandin D2)	1030,239,4
C04598 (2-Acetyl-1-alkyl-sn-glycero-3-phosphocholine)	1030,120,4
C05951 (Leukotriene D4)	1026,507,4
C04598 (2-Acetyl-1-alkyl-sn-glycero-3-phosphocholine)	1027,560,4
C05951 (Leukotriene D4)	1030,209,4
C05951 (Leukotriene D4)	1026,533,4
3108 (HLA-DMA)	142,287,188,304
3109 (HLA-DMB)	142,287,188,304
3111 (HLA-DOA)	142,287,188,304
3112 (HLA-DOB)	142,287,188,304
3113 (HLA-DPA1)	142,287,188,304
3115 (HLA-DPB1)	142,287,188,304
3117 (HLA-DQA1)	142,287,188,304
3118 (HLA-DQA2)	142,287,188,304
3119 (HLA-DQB1)	142,287,188,304
3122 (HLA-DRA)	142,287,188,304
3123 (HLA-DRB1)	142,287,188,304
3125 (HLA-DRB3)	142,287,188,304
3126 (HLA-DRB4)	142,287,188,304
3127 (HLA-DRB5)	142,287,188,304
959 (CD40LG)	445,274,491,291
958 (CD40)	526,274,572,291
3108 (HLA-DMA)	526,298,572,315
3109 (HLA-DMB)	526,298,572,315
3111 (HLA-DOA)	526,298,572,315
3112 (HLA-DOB)	526,298,572,315
3113 (HLA-DPA1)	526,298,572,315
3115 (HLA-DPB1)	526,298,572,315
3117 (HLA-DQA1)	526,298,572,315
3118 (HLA-DQA2)	526,298,572,315
3119 (HLA-DQB1)	526,298,572,315
3122 (HLA-DRA)	526,298,572,315
3123 (HLA-DRB1)	526,298,572,315
3125 (HLA-DRB3)	526,298,572,315
3126 (HLA-DRB4)	526,298,572,315
3127 (HLA-DRB5)	526,298,572,315
3586 (IL10)	680,105,726,122
3578 (IL9)	680,81,726,98
2205 (FCER1A)	818,143,864,160
2206 (MS4A2)	818,143,864,160
2207 (FCER1G)	818,143,864,160
2205 (FCER1A)	818,167,864,184
2206 (MS4A2)	818,167,864,184
2207 (FCER1G)	818,167,864,184
3565 (IL4)	680,59,726,76
3565 (IL4)	480,346,526,363
3596 (IL13)	480,372,526,389
6037 (RNASE3)	1004,448,1050,465
5553 (PRG2)	1004,424,1050,441
102723407 (IGH)	659,196,705,213
3565 (IL4)	444,427,490,444
3596 (IL13)	444,450,490,467
3565 (IL4)	181,228,227,245
8288 (EPX)	1004,472,1050,489
6356 (CCL11)	715,533,761,550
3567 (IL5)	618,455,664,472
3562 (IL3)	875,312,921,329
3567 (IL5)	875,337,921,354
102723407 (IGH)	569,244,615,261
102723407 (IGH)	759,168,805,185
102723407 (IGH)	760,142,806,159
3565 (IL4)	774,328,820,345
7124 (TNF)	774,375,820,392
3596 (IL13)	774,351,820,368
hsa04060: Cytokine-cytokine receptor interaction	268,435,380,469
hsa04630: JAK-STAT signaling pathway	268,502,381,536
hsa04664: Fc epsilon RI signaling pathway	845,63,958,97
hsa04660: T cell receptor signaling pathway	233,175,346,209
hsa04612: Antigen processing and presentation	133,369,245,403
hsa04514: Cell adhesion molecules (CAMs)	359,175,472,209
hsa04662: B cell receptor signaling pathway	618,349,730,383
hsa05310: Asthma	40,45,123,70
