C00031 (D-Glucose)	119,283,4
C00575 (3',5'-Cyclic AMP)	421,397,4
C00076 (Calcium cation)	837,183,4
C00002 (ATP)	586,233,4
C00092 (D-Glucose 6-phosphate)	296,283,4
C00022 (Pyruvate)	362,283,4
C00031 (D-Glucose)	225,283,4
C01245 (D-myo-Inositol 1,4,5-trisphosphate)	519,527,4
C00165 (Diacylglycerol)	516,675,4
C01996 (Acetylcholine)	96,582,4
C00076 (Calcium cation)	667,524,4
C00162 (Fatty acid)	96,629,4
C00238 (Potassium cation)	690,70,4
C01330 (Sodium cation)	459,186,4
C00238 (Potassium cation)	580,187,4
C01330 (Sodium cation)	567,71,4
C00238 (Potassium cation)	979,70,4
C00076 (Calcium cation)	560,522,4
6513 (SLC2A1)	151,274,197,291
6514 (SLC2A2)	151,274,197,291
3767 (KCNJ11)	665,121,711,138
775 (CACNA1C)	813,121,859,138
776 (CACNA1D)	813,121,859,138
778 (CACNA1F)	813,121,859,138
779 (CACNA1S)	813,121,859,138
1131 (CHRM3)	151,574,197,591
2740 (GLP1R)	151,348,197,365
23236 (PLCB1)	331,574,377,591
5330 (PLCB2)	331,574,377,591
5331 (PLCB3)	331,574,377,591
5332 (PLCB4)	331,574,377,591
107 (ADCY1)	329,389,375,406
108 (ADCY2)	329,389,375,406
109 (ADCY3)	329,389,375,406
111 (ADCY5)	329,389,375,406
112 (ADCY6)	329,389,375,406
113 (ADCY7)	329,389,375,406
114 (ADCY8)	329,389,375,406
115 (ADCY9)	329,389,375,406
196883 (ADCY4)	329,389,375,406
5566 (PRKACA)	523,348,569,365
5567 (PRKACB)	523,348,569,365
5568 (PRKACG)	523,348,569,365
2778 (GNAS)	244,389,290,406
2767 (GNA11)	244,574,290,591
2776 (GNAQ)	244,574,290,591
2641 (GCG)	70,348,116,365
2645 (GCK)	232,259,278,276
3630 (INS)	832,346,878,363
5578 (PRKCA)	645,666,691,683
5579 (PRKCB)	645,666,691,683
5582 (PRKCG)	645,666,691,683
6262 (RYR2)	645,551,691,568
10488 (CREB3)	663,314,709,331
1385 (CREB1)	663,314,709,331
1386 (ATF2)	663,314,709,331
1388 (ATF6B)	663,314,709,331
148327 (CREB3L4)	663,314,709,331
468 (ATF4)	663,314,709,331
64764 (CREB3L2)	663,314,709,331
84699 (CREB3L3)	663,314,709,331
90993 (CREB3L1)	663,314,709,331
9586 (CREB5)	663,314,709,331
815 (CAMK2A)	708,492,754,509
816 (CAMK2B)	708,492,754,509
817 (CAMK2D)	708,492,754,509
818 (CAMK2G)	708,492,754,509
2864 (FFAR1)	151,620,197,637
54795 (TRPM4)	435,121,481,138
23439 (ATP1B4)	551,121,597,138
476 (ATP1A1)	551,121,597,138
477 (ATP1A2)	551,121,597,138
478 (ATP1A3)	551,121,597,138
480 (ATP1A4)	551,121,597,138
481 (ATP1B1)	551,121,597,138
482 (ATP1B2)	551,121,597,138
483 (ATP1B3)	551,121,597,138
486 (FXYD2)	551,121,597,138
11069 (RAPGEF4)	526,452,572,469
6833 (ABCC8)	620,121,666,138
9699 (RIMS2)	626,445,672,462
6804 (STX1A)	1046,398,1092,415
6616 (SNAP25)	1046,415,1092,432
6844 (VAMP2)	988,405,1034,422
886 (CCKAR)	151,522,197,539
2695 (GIP)	70,389,116,406
139760 (GPR119)	151,389,197,406
116 (ADCYAP1)	70,430,116,447
117 (ADCYAP1R1)	151,430,197,447
3710 (ITPR3)	538,551,584,568
3651 (PDX1)	663,378,709,395
27445 (PCLO)	626,462,672,479
5864 (RAB3A)	710,452,756,469
3630 (INS)	1107,311,1153,328
815 (CAMK2A)	814,242,860,259
816 (CAMK2B)	814,242,860,259
817 (CAMK2D)	814,242,860,259
818 (CAMK2G)	814,242,860,259
10242 (KCNMB2)	956,121,1002,138
157855 (KCNU1)	956,121,1002,138
27094 (KCNMB3)	956,121,1002,138
27345 (KCNMB4)	956,121,1002,138
3778 (KCNMA1)	956,121,1002,138
3779 (KCNMB1)	956,121,1002,138
3780 (KCNN1)	956,121,1002,138
3781 (KCNN2)	956,121,1002,138
3782 (KCNN3)	956,121,1002,138
3783 (KCNN4)	956,121,1002,138
885 (CCK)	70,521,116,538
hsa05211: Renal cell carcinoma	40,45,219,70
hsa00020: Citrate cycle (TCA cycle)	435,266,547,300
hsa04020: Calcium signaling pathway	252,625,375,659
