C05981 (Phosphatidylinositol-3,4,5-trisphosphate)	486,586,4
C00020 (AMP)	242,284,4
C00123 (L-Leucine)	449,112,4
C00062 (L-Arginine)	449,137,4
3480 (IGF1R)	127,621,173,638
3643 (INSR)	127,621,173,638
3667 (IRS1)	315,620,361,637
5290 (PIK3CA)	463,620,509,637
5291 (PIK3CB)	463,620,509,637
5293 (PIK3CD)	463,620,509,637
5295 (PIK3R1)	463,620,509,637
5296 (PIK3R2)	463,620,509,637
8503 (PIK3R3)	463,620,509,637
5894 (RAF1)	315,515,361,532
673 (BRAF)	315,515,361,532
5594 (MAPK1)	315,441,361,458
5595 (MAPK3)	315,441,361,458
3265 (HRAS)	315,552,361,569
3845 (KRAS)	315,552,361,569
4893 (NRAS)	315,552,361,569
5604 (MAP2K1)	315,478,361,495
5605 (MAP2K2)	315,478,361,495
5728 (PTEN)	524,578,570,595
5170 (PDPK1)	463,535,509,552
10000 (AKT3)	463,485,509,502
207 (AKT1)	463,485,509,502
208 (AKT2)	463,485,509,502
7248 (TSC1)	463,365,509,382
7249 (TSC2)	463,365,509,382
6009 (RHEB)	556,373,602,390
1978 (EIF4EBP1)	913,432,959,449
23175 (LPIN1)	913,358,959,375
6198 (RPS6KB1)	913,469,959,486
6199 (RPS6KB2)	913,469,959,486
387 (RHOA)	913,569,959,586
5578 (PRKCA)	913,605,959,622
5579 (PRKCB)	913,605,959,622
5582 (PRKCG)	913,605,959,622
6446 (SGK1)	913,641,959,658
107080638	463,382,509,399
51256 (TBC1D7)	463,382,509,399
10325 (RRAGB)	662,197,708,214
10670 (RRAGA)	662,197,708,214
58528 (RRAGD)	662,214,708,231
64121 (RRAGC)	662,214,708,231
27330 (RPS6KA6)	315,404,361,421
6195 (RPS6KA1)	315,404,361,421
6196 (RPS6KA2)	315,404,361,421
6197 (RPS6KA3)	315,404,361,421
5562 (PRKAA1)	315,275,361,292
5563 (PRKAA2)	315,275,361,292
2885 (GRB2)	218,589,264,606
54541 (DDIT4)	315,308,361,325
1977 (EIF4E)	1001,433,1047,450
253314 (EIF4E1B)	1001,433,1047,450
9470 (EIF4E2)	1001,433,1047,450
8408 (ULK1)	913,395,959,412
9706 (ULK2)	913,395,959,412
6194 (RPS6)	1001,479,1047,496
7124 (TNF)	44,372,90,389
3551 (IKBKB)	315,372,361,389
7132 (TNFRSF1A)	127,372,173,389
6198 (RPS6KB1)	315,664,361,681
6199 (RPS6KB2)	315,664,361,681
8140 (SLC7A5)	127,197,173,214
6520 (SLC3A2)	127,214,173,231
6654 (SOS1)	315,589,361,606
6655 (SOS2)	315,589,361,606
10641 (NPRL2)	646,117,692,134
8131 (NPRL3)	646,117,692,134
9681 (DEPDC5)	646,117,692,134
220441 (RNF152)	725,165,771,182
6502 (SKP2)	725,145,771,162
54468 (MIOS)	556,117,602,134
6396 (SEC13)	556,117,602,134
79726 (WDR59)	556,117,602,134
81929 (SEH1L)	556,117,602,134
84219 (WDR24)	556,117,602,134
83667 (SESN2)	474,104,520,121
127124 (ATP6V1G3)	337,184,383,201
245973 (ATP6V1C2)	337,184,383,201
51382 (ATP6V1D)	337,184,383,201
51606 (ATP6V1H)	337,184,383,201
523 (ATP6V1A)	337,184,383,201
525 (ATP6V1B1)	337,184,383,201
526 (ATP6V1B2)	337,184,383,201
528 (ATP6V1C1)	337,184,383,201
529 (ATP6V1E1)	337,184,383,201
534 (ATP6V1G2)	337,184,383,201
90423 (ATP6V1E2)	337,184,383,201
9296 (ATP6V1F)	337,184,383,201
9550 (ATP6V1G1)	337,184,383,201
153129 (SLC38A9)	337,163,383,180
10542 (LAMTOR5)	556,174,602,191
28956 (LAMTOR2)	556,174,602,191
389541 (LAMTOR4)	556,174,602,191
55004 (LAMTOR1)	556,174,602,191
8649 (LAMTOR3)	556,174,602,191
1147 (CHUK)	594,485,640,502
3479 (IGF1)	44,621,90,638
3630 (INS)	44,621,90,638
2887 (GRB10)	219,664,265,681
2887 (GRB10)	913,321,959,338
201163 (FLCN)	556,241,602,258
57600 (FNIP2)	556,224,602,241
96459 (FNIP1)	556,224,602,241
1975 (EIF4B)	1001,459,1047,476
2475 (MTOR)	728,376,774,393
64798 (DEPTOR)	794,339,840,356
64223 (MLST8)	794,362,840,379
57521 (RPTOR)	662,355,708,372
84335 (AKT1S1)	662,400,708,417
9675 (TTI1)	794,410,840,427
9894 (TELO2)	794,386,840,403
2475 (MTOR)	728,606,774,623
55615 (PRR5)	662,636,708,653
64798 (DEPTOR)	794,569,840,586
64223 (MLST8)	794,593,840,610
253260 (RICTOR)	662,606,708,623
79109 (MAPKAP1)	662,576,708,593
9675 (TTI1)	794,641,840,658
9894 (TELO2)	794,617,840,634
2932 (GSK3B)	315,340,361,357
51384 (WNT16)	44,340,90,357
54361 (WNT4)	44,340,90,357
7471 (WNT1)	44,340,90,357
7472 (WNT2)	44,340,90,357
7473 (WNT3)	44,340,90,357
7474 (WNT5A)	44,340,90,357
7475 (WNT6)	44,340,90,357
7476 (WNT7A)	44,340,90,357
7477 (WNT7B)	44,340,90,357
7478 (WNT8A)	44,340,90,357
7479 (WNT8B)	44,340,90,357
7480 (WNT10B)	44,340,90,357
7481 (WNT11)	44,340,90,357
7482 (WNT2B)	44,340,90,357
7483 (WNT9A)	44,340,90,357
7484 (WNT9B)	44,340,90,357
80326 (WNT10A)	44,340,90,357
81029 (WNT5B)	44,340,90,357
89780 (WNT3A)	44,340,90,357
11211 (FZD10)	127,331,173,348
2535 (FZD2)	127,331,173,348
7855 (FZD5)	127,331,173,348
7976 (FZD3)	127,331,173,348
8321 (FZD1)	127,331,173,348
8322 (FZD4)	127,331,173,348
8323 (FZD6)	127,331,173,348
8324 (FZD7)	127,331,173,348
8325 (FZD8)	127,331,173,348
8326 (FZD9)	127,331,173,348
4040 (LRP6)	127,348,173,365
4041 (LRP5)	127,348,173,365
1855 (DVL1)	219,340,265,357
1856 (DVL2)	219,340,265,357
1857 (DVL3)	219,340,265,357
6249 (CLIP1)	913,284,959,301
6794 (STK11)	314,228,360,245
55437 (STRADB)	268,228,314,245
92335 (STRADA)	268,228,314,245
51719 (CAB39)	360,228,406,245
81617 (CAB39L)	360,228,406,245
729438 (CASTOR2)	474,152,520,169
652968 (CASTOR1)	474,128,520,145
hsa04150: mTOR signaling pathway	40,45,260,70
hsa04010: MAPK signaling pathway	187,471,290,506
hsa04910: Insulin signaling pathway	36,650,130,682
hsa04152: AMPK signaling pathway	423,268,518,300
hsa04810: Regulation of actin cytoskeleton	1178,577,1276,609
hsa04151: PI3K-Akt signaling pathway	435,648,532,680
hsa04140: Autophagy - animal	1200,390,1290,419
hsa00561: Glycerolipid metabolism	1199,349,1289,378
