7124 (TNF)	143,323,189,340
7132 (TNFRSF1A)	234,323,280,340
8717 (TRADD)	351,323,397,340
7186 (TRAF2)	397,314,443,331
7188 (TRAF5)	397,314,443,331
8737 (RIPK1)	397,331,443,348
329 (BIRC2)	399,211,445,228
330 (BIRC3)	399,211,445,228
6885 (MAP3K7)	480,314,526,331
5609 (MAP2K7)	638,297,684,314
6416 (MAP2K4)	638,297,684,314
5606 (MAP2K3)	638,328,684,345
5608 (MAP2K6)	638,328,684,345
1432 (MAPK14)	716,328,762,345
5600 (MAPK11)	716,328,762,345
5603 (MAPK13)	716,328,762,345
6300 (MAPK12)	716,328,762,345
5599 (MAPK8)	716,297,762,314
5601 (MAPK9)	716,297,762,314
5602 (MAPK10)	716,297,762,314
8517 (IKBKG)	559,461,605,478
3551 (IKBKB)	559,427,605,444
4792 (NFKBIA)	638,427,684,444
4790 (NFKB1)	638,457,684,474
5970 (RELA)	638,457,684,474
4790 (NFKB1)	559,363,605,380
5970 (RELA)	559,363,605,380
1326 (MAP3K8)	559,346,605,363
5604 (MAP2K1)	638,379,684,396
5594 (MAPK1)	716,379,762,396
5595 (MAPK3)	716,379,762,396
8986 (RPS6KA4)	797,360,843,377
9252 (RPS6KA5)	797,360,843,377
10488 (CREB3)	874,360,920,377
1385 (CREB1)	874,360,920,377
1386 (ATF2)	874,360,920,377
1388 (ATF6B)	874,360,920,377
148327 (CREB3L4)	874,360,920,377
468 (ATF4)	874,360,920,377
64764 (CREB3L2)	874,360,920,377
84699 (CREB3L3)	874,360,920,377
90993 (CREB3L1)	874,360,920,377
9586 (CREB5)	874,360,920,377
1051 (CEBPB)	874,328,920,345
2353 (FOS)	873,297,919,314
3725 (JUN)	873,297,919,314
8772 (FADD)	635,143,681,160
841 (CASP8)	713,161,759,178
840 (CASP7)	791,133,837,150
836 (CASP3)	791,155,837,172
8737 (RIPK1)	397,525,443,542
6347 (CCL2)	1094,123,1140,140
6352 (CCL5)	1144,123,1190,140
6364 (CCL20)	1194,123,1240,140
2919 (CXCL1)	1094,143,1140,160
2920 (CXCL2)	1094,143,1140,160
2921 (CXCL3)	1094,143,1140,160
2919 (CXCL1)	1144,143,1190,160
2920 (CXCL2)	1144,143,1190,160
2921 (CXCL3)	1144,143,1190,160
2919 (CXCL1)	1194,143,1240,160
2920 (CXCL2)	1194,143,1240,160
2921 (CXCL3)	1194,143,1240,160
6372 (CXCL6)	1094,164,1140,181
6374 (CXCL5)	1094,164,1140,181
3627 (CXCL10)	1144,164,1190,181
6376 (CX3CL1)	1194,164,1240,181
1435 (CSF1)	1094,200,1140,217
1437 (CSF2)	1144,200,1190,217
355 (FAS)	1094,236,1140,253
8809 (IL18R1)	1144,236,1190,253
182 (JAG1)	1193,236,1239,253
3553 (IL1B)	1094,272,1140,289
3569 (IL6)	1144,273,1190,290
3600 (IL15)	1193,273,1239,290
3976 (LIF)	1242,273,1288,290
4049 (LTA)	1292,273,1338,290
7124 (TNF)	1292,273,1338,290
602 (BCL3)	1094,308,1140,325
4792 (NFKBIA)	1144,307,1190,324
9021 (SOCS3)	1193,307,1239,324
7128 (TNFAIP3)	1242,307,1288,324
7185 (TRAF1)	1292,307,1338,324
2353 (FOS)	1094,380,1140,397
3725 (JUN)	1145,380,1191,397
3726 (JUNB)	1196,380,1242,397
4314 (MMP3)	1094,416,1140,433
4318 (MMP9)	1145,416,1191,433
4323 (MMP14)	1196,416,1242,433
1906 (EDN1)	1094,452,1140,469
2277 (VEGFD)	1145,452,1191,469
7424 (VEGFC)	1145,452,1191,469
64127 (NOD2)	1094,488,1140,505
3383 (ICAM1)	1094,524,1140,541
6401 (SELE)	1145,524,1191,541
7412 (VCAM1)	1196,524,1242,541
5743 (PTGS2)	1094,560,1140,577
4049 (LTA)	143,734,189,751
7124 (TNF)	143,734,189,751
7133 (TNFRSF1B)	236,734,282,751
7185 (TRAF1)	397,717,443,734
7186 (TRAF2)	397,734,443,751
329 (BIRC2)	559,735,605,752
330 (BIRC3)	559,735,605,752
5290 (PIK3CA)	559,645,605,662
5291 (PIK3CB)	559,645,605,662
5293 (PIK3CD)	559,645,605,662
5295 (PIK3R1)	559,645,605,662
5296 (PIK3R2)	559,645,605,662
8503 (PIK3R3)	559,645,605,662
10000 (AKT3)	716,645,762,662
207 (AKT1)	716,645,762,662
208 (AKT2)	716,645,762,662
9020 (MAP3K14)	559,686,605,703
1147 (CHUK)	797,686,843,703
3551 (IKBKB)	797,686,843,703
8517 (IKBKG)	797,686,843,703
7187 (TRAF3)	397,751,443,768
11035 (RIPK3)	476,525,522,542
9530 (BAG4)	292,370,338,387
843 (CASP10)	713,119,759,136
197259 (MLKL)	559,525,605,542
192111 (PGAM5)	638,525,684,542
192111 (PGAM5)	638,542,684,559
10059 (DNM1L)	716,534,762,551
10454 (TAB1)	480,297,526,314
23118 (TAB2)	480,297,526,314
257397 (TAB3)	480,297,526,314
4217 (MAP3K5)	481,271,527,288
1147 (CHUK)	559,444,605,461
83737 (ITCH)	714,211,760,228
8837 (CFLAR)	793,211,839,228
5599 (MAPK8)	720,797,766,814
5601 (MAPK9)	720,797,766,814
5602 (MAPK10)	720,797,766,814
4790 (NFKB1)	883,656,929,673
5970 (RELA)	883,656,929,673
4792 (NFKBIA)	883,686,929,703
3725 (JUN)	880,797,926,814
153090 (DAB2IP)	558,797,604,814
8737 (RIPK1)	716,735,762,752
9020 (MAP3K14)	481,372,527,389
5606 (MAP2K3)	797,734,843,751
1432 (MAPK14)	883,734,929,751
5600 (MAPK11)	883,734,929,751
5603 (MAPK13)	883,734,929,751
6300 (MAPK12)	883,734,929,751
3659 (IRF1)	883,859,929,876
3456 (IFNB1)	1094,859,1140,876
hsa04668: TNF signaling pathway	40,45,245,70
hsa04210: Apoptosis	963,108,1055,133
hsa04064: NF-kappa B signaling pathway	694,473,800,507
hsa04010: MAPK signaling pathway	575,250,681,284
hsa04151: PI3K-Akt signaling pathway	604,609,710,643
hsa04120: Ubiquitin mediated proteolysis	806,393,912,427
