C00681 (1-Acyl-sn-glycerol 3-phosphate)	196,119,4
C00076 (Calcium cation)	671,623,4
C01245 (D-myo-Inositol 1,4,5-trisphosphate)	599,695,4
C00942 (3',5'-Cyclic GMP)	750,590,4
C00165 (Diacylglycerol)	600,624,4
C00575 (3',5'-Cyclic AMP)	537,590,4
C00533 (Nitric oxide)	197,764,4
C00780 (Serotonin)	196,677,4
C00025 (L-Glutamate)	196,708,4
C03758 (Dopamine)	197,624,4
C00547 (L-Noradrenaline)	197,572,4
1453 (CSNK1D)	333,275,379,292
5578 (PRKCA)	626,470,672,487
5579 (PRKCB)	626,470,672,487
5582 (PRKCG)	626,470,672,487
2770 (GNAI1)	346,111,392,128
2771 (GNAI2)	346,111,392,128
2773 (GNAI3)	346,111,392,128
2697 (GJA1)	253,417,299,434
57369 (GJD2)	253,417,299,434
2697 (GJA1)	93,417,139,434
57369 (GJD2)	93,417,139,434
2697 (GJA1)	253,350,299,367
57369 (GJD2)	253,350,299,367
2697 (GJA1)	93,350,139,367
57369 (GJD2)	93,350,139,367
2697 (GJA1)	253,249,299,266
2697 (GJA1)	253,196,299,213
2697 (GJA1)	93,267,139,284
5598 (MAPK7)	619,268,665,285
10746 (MAP3K2)	593,212,639,229
5607 (MAP2K5)	671,212,717,229
5592 (PRKG1)	700,457,746,474
5593 (PRKG2)	700,457,746,474
3356 (HTR2A)	253,669,299,686
3357 (HTR2B)	253,669,299,686
3358 (HTR2C)	253,669,299,686
983 (CDK1)	322,478,368,495
1902 (LPAR1)	253,111,299,128
5566 (PRKACA)	555,482,601,499
5567 (PRKACB)	555,482,601,499
5568 (PRKACG)	555,482,601,499
7082 (TJP1)	396,478,442,495
10381 (TUBB3)	333,207,379,224
10382 (TUBB4A)	333,207,379,224
10383 (TUBB4B)	333,207,379,224
203068 (TUBB)	333,207,379,224
347688 (TUBB8)	333,207,379,224
347733 (TUBB2B)	333,207,379,224
7280 (TUBB2A)	333,207,379,224
81027 (TUBB1)	333,207,379,224
84617 (TUBB6)	333,207,379,224
107 (ADCY1)	433,581,479,598
108 (ADCY2)	433,581,479,598
109 (ADCY3)	433,581,479,598
111 (ADCY5)	433,581,479,598
112 (ADCY6)	433,581,479,598
113 (ADCY7)	433,581,479,598
114 (ADCY8)	433,581,479,598
115 (ADCY9)	433,581,479,598
196883 (ADCY4)	433,581,479,598
6714 (SRC)	515,212,561,229
10376 (TUBA1B)	333,185,379,202
112714 (TUBA3E)	333,185,379,202
113457 (TUBA3D)	333,185,379,202
51807 (TUBA8)	333,185,379,202
7277 (TUBA4A)	333,185,379,202
7278 (TUBA3C)	333,185,379,202
7846 (TUBA1A)	333,185,379,202
79861 (TUBAL3)	333,185,379,202
84790 (TUBA1C)	333,185,379,202
2697 (GJA1)	93,214,139,231
2977 (GUCY1A2)	769,756,815,773
2982 (GUCY1A1)	769,756,815,773
2983 (GUCY1B1)	769,756,815,773
5594 (MAPK1)	700,285,746,302
5595 (MAPK3)	700,285,746,302
5604 (MAP2K1)	769,129,815,146
5605 (MAP2K2)	769,129,815,146
5894 (RAF1)	648,129,694,146
3265 (HRAS)	526,129,572,146
3845 (KRAS)	526,129,572,146
4893 (NRAS)	526,129,572,146
6654 (SOS1)	430,144,476,161
6655 (SOS2)	430,144,476,161
2885 (GRB2)	346,144,392,161
1956 (EGFR)	253,144,299,161
5156 (PDGFRA)	253,144,299,161
5159 (PDGFRB)	253,144,299,161
1950 (EGF)	172,144,218,161
5154 (PDGFA)	172,144,218,161
5155 (PDGFB)	172,144,218,161
56034 (PDGFC)	172,144,218,161
80310 (PDGFD)	172,144,218,161
153 (ADRB1)	253,564,299,581
2778 (GNAS)	345,581,391,598
2767 (GNA11)	345,686,391,703
2776 (GNAQ)	345,686,391,703
2770 (GNAI1)	345,634,391,651
2771 (GNAI2)	345,634,391,651
2773 (GNAI3)	345,634,391,651
2911 (GRM1)	253,700,299,717
2915 (GRM5)	253,700,299,717
1813 (DRD2)	253,634,299,651
23236 (PLCB1)	494,686,540,703
5330 (PLCB2)	494,686,540,703
5331 (PLCB3)	494,686,540,703
5332 (PLCB4)	494,686,540,703
1812 (DRD1)	253,599,299,616
3708 (ITPR1)	657,686,703,703
3709 (ITPR2)	657,686,703,703
3710 (ITPR3)	657,686,703,703
hsa04540: Gap junction	40,45,164,70
hsa04060: Cytokine-cytokine receptor interaction	43,120,153,165
hsa04080: Neuroactive ligand-receptor interaction	42,602,156,647
hsa04070: Phosphatidylinositol signaling system	445,630,555,664
hsa04020: Calcium signaling pathway	533,715,646,749
hsa04010: MAPK signaling pathway	572,164,684,198
