C00031 (D-Glucose)	113,607,4
C00668 (alpha-D-Glucose 6-phosphate)	310,607,4
C01172 (beta-D-Glucose 6-phosphate)	310,607,4
C00022 (Pyruvate)	784,607,4
C00031 (D-Glucose)	231,607,4
C00158 (Citrate)	997,548,4
C00311 (Isocitrate)	1076,500,4
C00026 (2-Oxoglutarate)	1150,530,4
C00042 (Succinate)	1171,585,4
C00122 (Fumarate)	1154,646,4
C00149 ((S)-Malate)	1086,687,4
C00036 (Oxaloacetate)	1008,653,4
C00085 (D-Fructose 6-phosphate)	381,607,4
C00074 (Phosphoenolpyruvate)	698,607,4
C00197 (3-Phospho-D-glycerate)	551,607,4
C00631 (2-Phospho-D-glycerate)	621,607,4
C00354 (D-Fructose 1,6-bisphosphate)	482,607,4
C00024 (Acetyl-CoA)	947,608,4
C00575 (3',5'-Cyclic AMP)	441,182,4
C00103 (D-Glucose 1-phosphate)	309,406,4
C00182 (Glycogen)	524,406,4
C01245 (D-myo-Inositol 1,4,5-trisphosphate)	426,260,4
C00076 (Calcium cation)	488,258,4
C00665 (beta-D-Fructose 2,6-bisphosphate)	564,490,4
C00149 ((S)-Malate)	1086,756,4
C00036 (Oxaloacetate)	1011,756,4
C00158 (Citrate)	795,547,4
C00024 (Acetyl-CoA)	821,489,4
C00083 (Malonyl-CoA)	843,432,4
C00040 (Acyl-CoA)	945,511,4
C00186 ((S)-Lactate)	831,697,4
6513 (SLC2A1)	155,598,201,615
6514 (SLC2A2)	155,598,201,615
5160 (PDHA1)	880,615,926,632
5161 (PDHA2)	880,615,926,632
5162 (PDHB)	880,615,926,632
5315 (PKM)	720,624,766,641
2645 (GCK)	242,626,288,643
5211 (PFKL)	404,624,450,641
5213 (PFKM)	404,624,450,641
5214 (PFKP)	404,624,450,641
441531 (PGAM4)	557,627,603,644
5223 (PGAM1)	557,627,603,644
5224 (PGAM2)	557,627,603,644
2641 (GCG)	60,173,106,190
2642 (GCGR)	153,173,199,190
2778 (GNAS)	247,173,293,190
108 (ADCY2)	340,173,386,190
5566 (PRKACA)	567,173,613,190
5567 (PRKACB)	567,173,613,190
5568 (PRKACG)	567,173,613,190
2997 (GYS1)	414,376,460,393
2998 (GYS2)	414,376,460,393
5834 (PYGB)	414,419,460,436
5836 (PYGL)	414,419,460,436
5837 (PYGM)	414,419,460,436
2776 (GNAQ)	247,251,293,268
23236 (PLCB1)	336,251,382,268
5330 (PLCB2)	336,251,382,268
5331 (PLCB3)	336,251,382,268
5332 (PLCB4)	336,251,382,268
10488 (CREB3)	696,115,742,132
1385 (CREB1)	696,115,742,132
1386 (ATF2)	696,115,742,132
148327 (CREB3L4)	696,115,742,132
468 (ATF4)	696,115,742,132
64764 (CREB3L2)	696,115,742,132
84699 (CREB3L3)	696,115,742,132
90993 (CREB3L1)	696,115,742,132
9586 (CREB5)	696,115,742,132
5531 (PPP4C)	696,176,742,193
55671 (PPP4R3A)	696,176,742,193
57223 (PPP4R3B)	696,176,742,193
200186 (CRTC2)	811,176,857,193
23235 (SIK2)	696,226,742,243
10488 (CREB3)	998,116,1044,133
1385 (CREB1)	998,116,1044,133
1386 (ATF2)	998,116,1044,133
148327 (CREB3L4)	998,116,1044,133
468 (ATF4)	998,116,1044,133
64764 (CREB3L2)	998,116,1044,133
84699 (CREB3L3)	998,116,1044,133
90993 (CREB3L1)	998,116,1044,133
9586 (CREB5)	998,116,1044,133
200186 (CRTC2)	998,133,1044,150
1387 (CREBBP)	998,150,1044,167
2033 (EP300)	998,150,1044,167
10891 (PPARGC1A)	1150,120,1196,137
5105 (PCK1)	1149,270,1195,287
5106 (PCK2)	1149,270,1195,287
2538 (G6PC)	1149,244,1195,261
57818 (G6PC2)	1149,244,1195,261
92579 (G6PC3)	1149,244,1195,261
2308 (FOXO1)	998,294,1044,311
3276 (PRMT1)	981,334,1027,351
10891 (PPARGC1A)	998,277,1044,294
102724428 (SIK1B)	1150,143,1196,160
150094 (SIK1)	1150,143,1196,160
10000 (AKT3)	382,119,428,136
207 (AKT1)	382,119,428,136
208 (AKT2)	382,119,428,136
5140 (PDE3B)	470,119,516,136
126129 (CPT1C)	1149,296,1195,313
1374 (CPT1A)	1149,296,1195,313
1375 (CPT1B)	1149,296,1195,313
126129 (CPT1C)	921,457,967,474
1374 (CPT1A)	921,457,967,474
1375 (CPT1B)	921,457,967,474
5255 (PHKA1)	499,443,545,460
5256 (PHKA2)	499,443,545,460
5257 (PHKB)	499,443,545,460
5260 (PHKG1)	499,443,545,460
5261 (PHKG2)	499,443,545,460
163688 (CALML6)	499,460,545,477
51806 (CALML5)	499,460,545,477
801 (CALM1)	499,460,545,477
805 (CALM2)	499,460,545,477
808 (CALM3)	499,460,545,477
810 (CALML3)	499,460,545,477
91860 (CALML4)	499,460,545,477
2538 (G6PC)	242,576,288,593
57818 (G6PC2)	242,576,288,593
92579 (G6PC3)	242,576,288,593
5530 (PPP3CA)	696,250,742,267
5532 (PPP3CB)	696,250,742,267
5533 (PPP3CC)	696,250,742,267
5534 (PPP3R1)	696,250,742,267
5535 (PPP3R2)	696,250,742,267
2203 (FBP1)	407,577,453,594
8789 (FBP2)	407,577,453,594
5207 (PFKFB1)	590,420,636,437
5105 (PCK1)	742,731,788,748
5106 (PCK2)	742,731,788,748
31 (ACACA)	776,448,822,465
32 (ACACB)	776,448,822,465
51422 (PRKAG2)	670,384,716,401
53632 (PRKAG3)	670,384,716,401
5562 (PRKAA1)	670,384,716,401
5563 (PRKAA2)	670,384,716,401
5564 (PRKAB1)	670,384,716,401
5565 (PRKAB2)	670,384,716,401
5571 (PRKAG1)	670,384,716,401
815 (CAMK2A)	700,321,746,338
816 (CAMK2B)	700,321,746,338
817 (CAMK2D)	700,321,746,338
818 (CAMK2G)	700,321,746,338
2308 (FOXO1)	811,321,857,338
3708 (ITPR1)	466,280,512,297
3709 (ITPR2)	466,280,512,297
3710 (ITPR3)	466,280,512,297
160287 (LDHAL6A)	818,637,864,654
3939 (LDHA)	818,637,864,654
3945 (LDHB)	818,637,864,654
3948 (LDHC)	818,637,864,654
92483 (LDHAL6B)	818,637,864,654
23411 (SIRT1)	1112,212,1158,229
23411 (SIRT1)	918,308,964,325
10891 (PPARGC1A)	998,225,1044,242
5465 (PPARA)	998,242,1044,259
hsa04922: Glucagon signaling pathway	40,45,325,70
hsa00020: Citrate cycle (TCA cycle)	1028,579,1140,613
hsa00010: Glycolysis / Gluconeogenesis	232,663,344,697
hsa00190: Oxidative phosphorylation	910,680,1022,714
hsa04910: Insulin signaling pathway	228,109,340,143
hsa04024: cAMP signaling pathway	309,197,421,231
hsa04020: Calcium signaling pathway	309,285,421,319
hsa04068: FoxO signaling pathway	784,279,896,313
hsa00061: Fatty acid biosynthesis	754,377,847,411
