7156 (TOP3A)	613,747,659,764
8940 (TOP3B)	613,747,659,764
641 (BLM)	882,876,928,893
7979 (SEM1)	1064,342,1110,359
5893 (RAD52)	992,364,1038,381
4361 (MRE11)	975,210,1021,227
10111 (RAD50)	975,193,1021,210
7517 (XRCC3)	623,349,669,366
5889 (RAD51C)	623,366,669,383
7516 (XRCC2)	724,383,770,400
7516 (XRCC2)	570,366,616,383
5892 (RAD51D)	724,366,770,383
5892 (RAD51D)	570,349,616,366
5889 (RAD51C)	678,366,724,383
5890 (RAD51B)	678,349,724,366
5889 (RAD51C)	570,317,616,334
80198 (MUS81)	665,730,711,747
4361 (MRE11)	879,210,925,227
10111 (RAD50)	879,193,925,210
5890 (RAD51B)	570,300,616,317
4683 (NBN)	975,227,1021,244
29935 (RPA4)	992,320,1038,337
6117 (RPA1)	992,320,1038,337
6118 (RPA2)	992,320,1038,337
6119 (RPA3)	992,320,1038,337
5888 (RAD51)	992,342,1038,359
146956 (EME1)	665,747,711,764
675 (BRCA2)	1110,342,1156,359
25788 (RAD54B)	989,484,1035,501
8438 (RAD54L)	989,484,1035,501
10714 (POLD3)	894,659,940,676
5424 (POLD1)	894,659,940,676
5425 (POLD2)	894,659,940,676
57804 (POLD4)	894,659,940,676
641 (BLM)	613,730,659,747
6742 (SSBP1)	230,193,276,210
50511 (SYCP3)	1191,342,1237,359
672 (BRCA1)	1110,227,1156,244
5932 (RBBP8)	1064,210,1110,227
79728 (PALB2)	1110,325,1156,342
51720 (UIMC1)	1136,284,1182,301
84142 (ABRAXAS1)	1136,267,1182,284
83990 (BRIP1)	1156,227,1202,244
580 (BARD1)	1064,227,1110,244
11073 (TOPBP1)	1156,199,1202,216
472 (ATM)	1110,108,1156,125
9577 (BABAM2)	1191,267,1237,284
29086 (BABAM1)	1191,250,1237,267
79184 (BRCC3)	1191,284,1237,301
hsa03440: Homologous recombination	40,45,279,70
