4609 (MYC)	877,231,923,248
10000 (AKT3)	406,418,452,435
207 (AKT1)	406,418,452,435
208 (AKT2)	406,418,452,435
5290 (PIK3CA)	323,417,369,434
5291 (PIK3CB)	323,417,369,434
5293 (PIK3CD)	323,417,369,434
5295 (PIK3R1)	323,417,369,434
5296 (PIK3R2)	323,417,369,434
8503 (PIK3R3)	323,417,369,434
6654 (SOS1)	406,352,452,369
6655 (SOS2)	406,352,452,369
2885 (GRB2)	323,360,369,377
1154 (CISH)	877,165,923,182
596 (BCL2)	877,188,923,205
122809 (SOCS4)	925,165,971,182
30837 (SOCS7)	925,165,971,182
8651 (SOCS1)	925,165,971,182
8835 (SOCS2)	925,165,971,182
9021 (SOCS3)	925,165,971,182
9306 (SOCS6)	925,165,971,182
9655 (SOCS5)	925,165,971,182
1387 (CREBBP)	665,264,711,281
2033 (EP300)	665,264,711,281
10379 (IRF9)	561,264,607,281
6772 (STAT1)	329,231,375,248
6773 (STAT2)	329,231,375,248
6774 (STAT3)	329,231,375,248
6775 (STAT4)	329,231,375,248
6776 (STAT5A)	329,231,375,248
6777 (STAT5B)	329,231,375,248
6778 (STAT6)	329,231,375,248
10401 (PIAS3)	720,197,766,214
51588 (PIAS4)	720,197,766,214
8554 (PIAS1)	720,197,766,214
9063 (PIAS2)	720,197,766,214
5777 (PTPN6)	249,275,295,292
10254 (STAM2)	261,185,307,202
8027 (STAM)	261,185,307,202
3716 (JAK1)	202,231,248,248
3717 (JAK2)	202,231,248,248
3718 (JAK3)	202,231,248,248
7297 (TYK2)	202,231,248,248
2273 (FHL1)	723,264,769,281
116379 (IL22RA2)	157,231,203,248
1271 (CNTFR)	157,231,203,248
1438 (CSF2RA)	157,231,203,248
1439 (CSF2RB)	157,231,203,248
1441 (CSF3R)	157,231,203,248
149233 (IL23R)	157,231,203,248
163702 (IFNLR1)	157,231,203,248
1956 (EGFR)	157,231,203,248
2057 (EPOR)	157,231,203,248
2690 (GHR)	157,231,203,248
3454 (IFNAR1)	157,231,203,248
3455 (IFNAR2)	157,231,203,248
3459 (IFNGR1)	157,231,203,248
3460 (IFNGR2)	157,231,203,248
3559 (IL2RA)	157,231,203,248
3560 (IL2RB)	157,231,203,248
3561 (IL2RG)	157,231,203,248
3563 (IL3RA)	157,231,203,248
3566 (IL4R)	157,231,203,248
3568 (IL5RA)	157,231,203,248
3570 (IL6R)	157,231,203,248
3572 (IL6ST)	157,231,203,248
3575 (IL7R)	157,231,203,248
3581 (IL9R)	157,231,203,248
3587 (IL10RA)	157,231,203,248
3588 (IL10RB)	157,231,203,248
3590 (IL11RA)	157,231,203,248
3594 (IL12RB1)	157,231,203,248
3595 (IL12RB2)	157,231,203,248
3597 (IL13RA1)	157,231,203,248
3598 (IL13RA2)	157,231,203,248
3601 (IL15RA)	157,231,203,248
3953 (LEPR)	157,231,203,248
3977 (LIFR)	157,231,203,248
4352 (MPL)	157,231,203,248
50615 (IL21R)	157,231,203,248
5156 (PDGFRA)	157,231,203,248
5159 (PDGFRB)	157,231,203,248
53832 (IL20RA)	157,231,203,248
53833 (IL20RB)	157,231,203,248
5618 (PRLR)	157,231,203,248
58985 (IL22RA1)	157,231,203,248
64109 (CRLF2)	157,231,203,248
9180 (OSMR)	157,231,203,248
9466 (IL27RA)	157,231,203,248
5771 (PTPN2)	666,197,712,214
4170 (MCL1)	925,188,971,205
5292 (PIM1)	925,207,971,224
595 (CCND1)	925,231,971,248
894 (CCND2)	925,231,971,248
896 (CCND3)	925,231,971,248
5781 (PTPN11)	323,343,369,360
1026 (CDKN1A)	877,250,923,267
598 (BCL2L1)	877,207,923,224
3265 (HRAS)	487,352,533,369
5894 (RAF1)	569,352,615,369
316 (AOX1)	877,269,923,286
2475 (MTOR)	487,418,533,435
2670 (GFAP)	877,288,923,305
5771 (PTPN2)	200,275,246,292
11009 (IL24)	76,206,122,223
1437 (CSF2)	76,206,122,223
1489 (CTF1)	76,206,122,223
282616 (IFNL2)	76,206,122,223
282617 (IFNL3)	76,206,122,223
282618 (IFNL1)	76,206,122,223
29949 (IL19)	76,206,122,223
338376 (IFNE)	76,206,122,223
3439 (IFNA1)	76,206,122,223
3440 (IFNA2)	76,206,122,223
3441 (IFNA4)	76,206,122,223
3442 (IFNA5)	76,206,122,223
3443 (IFNA6)	76,206,122,223
3444 (IFNA7)	76,206,122,223
3445 (IFNA8)	76,206,122,223
3446 (IFNA10)	76,206,122,223
3447 (IFNA13)	76,206,122,223
3448 (IFNA14)	76,206,122,223
3449 (IFNA16)	76,206,122,223
3451 (IFNA17)	76,206,122,223
3452 (IFNA21)	76,206,122,223
3456 (IFNB1)	76,206,122,223
3458 (IFNG)	76,206,122,223
3467 (IFNW1)	76,206,122,223
3558 (IL2)	76,206,122,223
3562 (IL3)	76,206,122,223
3565 (IL4)	76,206,122,223
3567 (IL5)	76,206,122,223
3569 (IL6)	76,206,122,223
3574 (IL7)	76,206,122,223
3578 (IL9)	76,206,122,223
3586 (IL10)	76,206,122,223
3589 (IL11)	76,206,122,223
3592 (IL12A)	76,206,122,223
3593 (IL12B)	76,206,122,223
3596 (IL13)	76,206,122,223
3600 (IL15)	76,206,122,223
3976 (LIF)	76,206,122,223
5008 (OSM)	76,206,122,223
50604 (IL20)	76,206,122,223
50616 (IL22)	76,206,122,223
51561 (IL23A)	76,206,122,223
53342 (IL17D)	76,206,122,223
56832 (IFNK)	76,206,122,223
59067 (IL21)	76,206,122,223
85480 (TSLP)	76,206,122,223
1270 (CNTF)	76,238,122,255
1440 (CSF3)	76,238,122,255
1442 (CSH1)	76,238,122,255
1443 (CSH2)	76,238,122,255
2056 (EPO)	76,238,122,255
2688 (GH1)	76,238,122,255
2689 (GH2)	76,238,122,255
3952 (LEP)	76,238,122,255
5617 (PRL)	76,238,122,255
7066 (THPO)	76,238,122,255
6772 (STAT1)	431,222,477,239
6773 (STAT2)	431,222,477,239
6774 (STAT3)	431,222,477,239
6775 (STAT4)	431,222,477,239
6776 (STAT5A)	431,222,477,239
6777 (STAT5B)	431,222,477,239
6778 (STAT6)	431,222,477,239
6772 (STAT1)	431,239,477,256
6773 (STAT2)	431,239,477,256
6774 (STAT3)	431,239,477,256
6775 (STAT4)	431,239,477,256
6776 (STAT5A)	431,239,477,256
6777 (STAT5B)	431,239,477,256
6778 (STAT6)	431,239,477,256
1950 (EGF)	76,270,122,287
5154 (PDGFA)	76,270,122,287
5155 (PDGFB)	76,270,122,287
hsa04120: Ubiquitin mediated proteolysis	321,105,448,139
hsa04010: MAPK signaling pathway	520,315,625,349
hsa04151: PI3K-Akt signaling pathway	537,388,642,422
hsa04060: Cytokine-cytokine receptor interaction	51,160,158,194
hsa04630: JAK-STAT signaling pathway	40,45,288,70
hsa04210: Apoptosis	1091,188,1178,213
hsa04110: Cell cycle	1121,239,1208,264
