C05981 (Phosphatidylinositol-3,4,5-trisphosphate)	581,158,4
5914 (RARA)	917,662,963,679
7704 (ZBTB16)	917,662,963,679
3845 (KRAS)	475,281,521,298
4893 (NRAS)	474,232,520,249
2322 (FLT3)	252,272,298,289
6688 (SPI1)	1010,541,1056,558
1050 (CEBPA)	1010,464,1056,481
861 (RUNX1)	917,541,963,558
862 (RUNX1T1)	917,541,963,558
5467 (PPARD)	1140,808,1186,825
4609 (MYC)	1140,786,1186,803
4790 (NFKB1)	817,107,863,124
5970 (RELA)	817,107,863,124
6774 (STAT3)	462,324,508,341
6776 (STAT5A)	462,324,508,341
6777 (STAT5B)	462,324,508,341
3728 (JUP)	751,787,797,804
890 (CCNA2)	1140,619,1186,636
8900 (CCNA1)	1140,619,1186,636
595 (CCND1)	1140,764,1186,781
51176 (LEF1)	819,822,865,839
6932 (TCF7)	819,822,865,839
6934 (TCF7L2)	819,822,865,839
83439 (TCF7L1)	819,822,865,839
5371 (PML)	917,617,963,634
5914 (RARA)	917,617,963,634
6688 (SPI1)	1010,499,1056,516
5292 (PIM1)	1034,312,1080,329
3265 (HRAS)	474,256,520,273
3845 (KRAS)	474,256,520,273
4893 (NRAS)	474,256,520,273
861 (RUNX1)	1010,389,1056,406
1147 (CHUK)	717,108,763,125
3551 (IKBKB)	717,108,763,125
8517 (IKBKG)	717,108,763,125
572 (BAD)	717,151,763,168
11040 (PIM2)	1034,336,1080,353
1050 (CEBPA)	1010,433,1056,450
6198 (RPS6KB1)	758,212,804,229
6199 (RPS6KB2)	758,212,804,229
6654 (SOS1)	406,256,452,273
6655 (SOS2)	406,256,452,273
2885 (GRB2)	337,256,383,273
3815 (KIT)	252,246,298,263
2475 (MTOR)	686,196,732,213
1978 (EIF4EBP1)	758,183,804,200
10000 (AKT3)	614,151,660,168
207 (AKT1)	614,151,660,168
208 (AKT2)	614,151,660,168
5290 (PIK3CA)	529,175,575,192
5291 (PIK3CB)	529,175,575,192
5293 (PIK3CD)	529,175,575,192
5295 (PIK3R1)	529,175,575,192
5296 (PIK3R2)	529,175,575,192
8503 (PIK3R3)	529,175,575,192
5594 (MAPK1)	761,256,807,273
5595 (MAPK3)	761,256,807,273
5604 (MAP2K1)	662,256,708,273
5605 (MAP2K2)	662,256,708,273
369 (ARAF)	566,256,612,273
5894 (RAF1)	566,256,612,273
673 (BRAF)	566,256,612,273
4609 (MYC)	1140,652,1186,669
1053 (CEBPE)	1140,584,1186,601
597 (BCL2A1)	1191,584,1237,601
8864 (PER2)	1140,464,1186,481
929 (CD14)	1140,533,1186,550
3684 (ITGAM)	1191,533,1237,550
2209 (FCGR1A)	1140,554,1186,571
1848 (DUSP6)	1140,684,1186,701
1436 (CSF1R)	1140,379,1186,396
4353 (MPO)	1193,379,1239,396
1437 (CSF2)	1140,401,1186,418
3562 (IL3)	1193,401,1239,418
1436 (CSF1R)	1140,499,1186,516
hsa04630: JAK-STAT signaling pathway	587,340,698,374
hsa04150: mTOR signaling pathway	946,194,1057,228
hsa04640: Hematopoietic cell lineage	50,271,161,305
hsa04210: Apoptosis	945,146,1056,180
hsa04010: MAPK signaling pathway	639,280,750,314
hsa05221: Acute myeloid leukemia	39,45,262,70
hsa04110: Cell cycle	1196,747,1307,781
hsa04151: PI3K-Akt signaling pathway	545,100,656,134
