C05981 (Phosphatidylinositol-3,4,5-trisphosphate)	872,282,4
C00165 (Diacylglycerol)	888,660,4
C01245 (D-myo-Inositol 1,4,5-trisphosphate)	889,703,4
C00076 (Calcium cation)	949,703,4
C00044 (GTP)	684,421,4
C00035 (GDP)	357,116,4
C00076 (Calcium cation)	280,467,4
C00165 (Diacylglycerol)	400,305,4
C01245 (D-myo-Inositol 1,4,5-trisphosphate)	400,262,4
C00076 (Calcium cation)	449,260,4
C00575 (3',5'-Cyclic AMP)	278,423,4
5594 (MAPK1)	1022,418,1068,435
5595 (MAPK3)	1022,418,1068,435
5604 (MAP2K1)	949,418,995,435
5605 (MAP2K2)	949,418,995,435
5894 (RAF1)	831,418,877,435
22800 (RRAS2)	660,441,706,458
22808 (MRAS)	660,441,706,458
3265 (HRAS)	660,441,706,458
3845 (KRAS)	660,441,706,458
4893 (NRAS)	660,441,706,458
6237 (RRAS)	660,441,706,458
2885 (GRB2)	248,211,294,228
6654 (SOS1)	375,224,421,241
6655 (SOS2)	375,224,421,241
10000 (AKT3)	911,274,957,291
207 (AKT1)	911,274,957,291
208 (AKT2)	911,274,957,291
5290 (PIK3CA)	784,274,830,291
5291 (PIK3CB)	784,274,830,291
5293 (PIK3CD)	784,274,830,291
5295 (PIK3R1)	784,274,830,291
5296 (PIK3R2)	784,274,830,291
8503 (PIK3R3)	784,274,830,291
25759 (SHC2)	248,237,294,254
399694 (SHC4)	248,237,294,254
53358 (SHC3)	248,237,294,254
6464 (SHC1)	248,237,294,254
1435 (CSF1)	99,296,145,313
1942 (EFNA1)	99,296,145,313
1943 (EFNA2)	99,296,145,313
1944 (EFNA3)	99,296,145,313
1945 (EFNA4)	99,296,145,313
1946 (EFNA5)	99,296,145,313
1950 (EGF)	99,296,145,313
2246 (FGF1)	99,296,145,313
2247 (FGF2)	99,296,145,313
2248 (FGF3)	99,296,145,313
2249 (FGF4)	99,296,145,313
2250 (FGF5)	99,296,145,313
2251 (FGF6)	99,296,145,313
2252 (FGF7)	99,296,145,313
2253 (FGF8)	99,296,145,313
2254 (FGF9)	99,296,145,313
2255 (FGF10)	99,296,145,313
2277 (VEGFD)	99,296,145,313
2323 (FLT3LG)	99,296,145,313
26281 (FGF20)	99,296,145,313
26291 (FGF21)	99,296,145,313
27006 (FGF22)	99,296,145,313
284 (ANGPT1)	99,296,145,313
285 (ANGPT2)	99,296,145,313
3082 (HGF)	99,296,145,313
3479 (IGF1)	99,296,145,313
3481 (IGF2)	99,296,145,313
3630 (INS)	99,296,145,313
4254 (KITLG)	99,296,145,313
4803 (NGF)	99,296,145,313
4908 (NTF3)	99,296,145,313
4909 (NTF4)	99,296,145,313
51378 (ANGPT4)	99,296,145,313
5154 (PDGFA)	99,296,145,313
5155 (PDGFB)	99,296,145,313
5228 (PGF)	99,296,145,313
56034 (PDGFC)	99,296,145,313
627 (BDNF)	99,296,145,313
7039 (TGFA)	99,296,145,313
7422 (VEGFA)	99,296,145,313
7423 (VEGFB)	99,296,145,313
7424 (VEGFC)	99,296,145,313
80310 (PDGFD)	99,296,145,313
8074 (FGF23)	99,296,145,313
8817 (FGF18)	99,296,145,313
8822 (FGF17)	99,296,145,313
8823 (FGF16)	99,296,145,313
9965 (FGF19)	99,296,145,313
1436 (CSF1R)	177,296,223,313
1956 (EGFR)	177,296,223,313
1969 (EPHA2)	177,296,223,313
2260 (FGFR1)	177,296,223,313
2261 (FGFR3)	177,296,223,313
2263 (FGFR2)	177,296,223,313
2264 (FGFR4)	177,296,223,313
2321 (FLT1)	177,296,223,313
2322 (FLT3)	177,296,223,313
2324 (FLT4)	177,296,223,313
3480 (IGF1R)	177,296,223,313
3643 (INSR)	177,296,223,313
3791 (KDR)	177,296,223,313
3815 (KIT)	177,296,223,313
4233 (MET)	177,296,223,313
4804 (NGFR)	177,296,223,313
4914 (NTRK1)	177,296,223,313
4915 (NTRK2)	177,296,223,313
5156 (PDGFRA)	177,296,223,313
5159 (PDGFRB)	177,296,223,313
7010 (TEK)	177,296,223,313
2549 (GAB1)	300,211,346,228
9846 (GAB2)	300,211,346,228
5781 (PTPN11)	300,237,346,254
7074 (TIAM1)	784,180,830,197
5879 (RAC1)	858,180,904,197
5880 (RAC2)	858,180,904,197
5881 (RAC3)	858,180,904,197
5900 (RALGDS)	784,563,830,580
23179 (RGL1)	784,586,830,603
5863 (RGL2)	784,610,830,627
5898 (RALA)	862,586,908,603
5899 (RALB)	862,586,908,603
5337 (PLD1)	946,585,992,602
5338 (PLD2)	946,585,992,602
51196 (PLCE1)	784,673,830,690
5578 (PRKCA)	940,653,986,670
5579 (PRKCB)	940,653,986,670
5582 (PRKCG)	940,653,986,670
25 (ABL1)	866,737,912,754
27 (ABL2)	866,737,912,754
9610 (RIN1)	784,752,830,769
572 (BAD)	1002,274,1048,291
598 (BCL2L1)	1083,274,1129,291
1147 (CHUK)	1002,236,1048,253
3551 (IKBKB)	1002,236,1048,253
8517 (IKBKG)	1002,236,1048,253
4790 (NFKB1)	1082,236,1128,253
5970 (RELA)	1082,236,1128,253
4303 (FOXO4)	1003,311,1049,328
356 (FASLG)	1084,311,1130,328
5599 (MAPK8)	944,533,990,550
5601 (MAPK9)	944,533,990,550
5602 (MAPK10)	944,533,990,550
10928 (RALBP1)	946,616,992,633
998 (CDC42)	1046,605,1092,622
5879 (RAC1)	1046,627,1092,644
5880 (RAC2)	1046,627,1092,644
5881 (RAC3)	1046,627,1092,644
100137049 (PLA2G4B)	1114,379,1160,396
11145 (PLAAT3)	1114,379,1160,396
123745 (PLA2G4E)	1114,379,1160,396
255189 (PLA2G4F)	1114,379,1160,396
26279 (PLA2G2D)	1114,379,1160,396
283748 (PLA2G4D)	1114,379,1160,396
30814 (PLA2G2E)	1114,379,1160,396
391013 (PLA2G2C)	1114,379,1160,396
50487 (PLA2G3)	1114,379,1160,396
51365 (PLA1A)	1114,379,1160,396
5319 (PLA2G1B)	1114,379,1160,396
5320 (PLA2G2A)	1114,379,1160,396
5321 (PLA2G4A)	1114,379,1160,396
5322 (PLA2G5)	1114,379,1160,396
64600 (PLA2G2F)	1114,379,1160,396
81579 (PLA2G12A)	1114,379,1160,396
8398 (PLA2G6)	1114,379,1160,396
8399 (PLA2G10)	1114,379,1160,396
84647 (PLA2G12B)	1114,379,1160,396
8605 (PLA2G4C)	1114,379,1160,396
8681 (JMJD7-PLA2G4B)	1114,379,1160,396
2002 (ELK1)	1114,409,1160,426
2113 (ETS1)	1114,430,1160,447
2114 (ETS2)	1114,430,1160,447
5868 (RAB5A)	866,773,912,790
5869 (RAB5B)	866,773,912,790
5878 (RAB5C)	866,773,912,790
22800 (RRAS2)	334,136,380,153
22808 (MRAS)	334,136,380,153
3265 (HRAS)	334,136,380,153
3845 (KRAS)	334,136,380,153
4893 (NRAS)	334,136,380,153
6237 (RRAS)	334,136,380,153
10125 (RASGRP1)	438,296,484,313
10235 (RASGRP2)	438,296,484,313
115727 (RASGRP4)	438,296,484,313
25780 (RASGRP3)	438,296,484,313
5923 (RASGRF1)	523,379,569,396
5924 (RASGRF2)	523,379,569,396
100271927 (RASA4B)	512,222,558,239
10156 (RASA4)	512,222,558,239
22821 (RASA3)	512,222,558,239
5921 (RASA1)	512,222,558,239
5922 (RASA2)	512,222,558,239
64926 (RASAL3)	512,222,558,239
8437 (RASAL1)	512,222,558,239
8831 (SYNGAP1)	512,222,558,239
9462 (RASAL2)	512,222,558,239
4763 (NF1)	484,191,530,208
387 (RHOA)	1002,199,1048,216
4301 (AFDN)	784,346,830,363
83593 (RASSF5)	784,124,830,141
11186 (RASSF1)	784,96,830,113
6789 (STK4)	858,96,904,113
6789 (STK4)	858,124,904,141
9771 (RAPGEF5)	784,493,830,510
5906 (RAP1A)	862,493,908,510
5908 (RAP1B)	862,493,908,510
83593 (RASSF5)	573,513,619,530
7074 (TIAM1)	573,545,619,562
5290 (PIK3CA)	573,572,619,589
5291 (PIK3CB)	573,572,619,589
5293 (PIK3CD)	573,572,619,589
5295 (PIK3R1)	573,572,619,589
5296 (PIK3R2)	573,572,619,589
8503 (PIK3R3)	573,572,619,589
4301 (AFDN)	573,602,619,619
5894 (RAF1)	573,632,619,649
9771 (RAPGEF5)	573,679,619,696
5900 (RALGDS)	573,708,619,725
51196 (PLCE1)	573,736,619,753
9610 (RIN1)	573,766,619,783
3265 (HRAS)	454,593,500,610
3845 (KRAS)	454,593,500,610
4893 (NRAS)	454,593,500,610
22808 (MRAS)	454,657,500,674
6237 (RRAS)	455,702,501,719
10928 (RALBP1)	573,792,619,809
10928 (RALBP1)	784,813,830,830
382 (ARF6)	866,813,912,830
5879 (RAC1)	947,813,993,830
6654 (SOS1)	367,593,413,610
6655 (SOS2)	367,593,413,610
5923 (RASGRF1)	367,702,413,719
10125 (RASGRP1)	367,657,413,674
10235 (RASGRP2)	367,657,413,674
115727 (RASGRP4)	367,657,413,674
25780 (RASGRP3)	367,657,413,674
2902 (GRIN1)	177,458,223,475
2903 (GRIN2A)	177,458,223,475
2904 (GRIN2B)	177,458,223,475
163688 (CALML6)	327,456,373,473
51806 (CALML5)	327,456,373,473
801 (CALM1)	327,456,373,473
805 (CALM2)	327,456,373,473
808 (CALM3)	327,456,373,473
810 (CALML3)	327,456,373,473
91860 (CALML4)	327,456,373,473
10681 (GNB5)	288,379,334,396
2782 (GNB1)	288,379,334,396
2783 (GNB2)	288,379,334,396
2784 (GNB3)	288,379,334,396
2785 (GNG3)	288,379,334,396
2786 (GNG4)	288,379,334,396
2787 (GNG5)	288,379,334,396
2788 (GNG7)	288,379,334,396
2790 (GNG10)	288,379,334,396
2791 (GNG11)	288,379,334,396
2792 (GNGT1)	288,379,334,396
2793 (GNGT2)	288,379,334,396
51764 (GNG13)	288,379,334,396
54331 (GNG2)	288,379,334,396
55970 (GNG12)	288,379,334,396
59345 (GNB4)	288,379,334,396
94235 (GNG8)	288,379,334,396
3363 (HTR7)	177,379,223,396
5335 (PLCG1)	310,296,356,313
5336 (PLCG2)	310,296,356,313
7535 (ZAP70)	248,334,294,351
27040 (LAT)	318,334,364,351
10298 (PAK4)	1002,167,1048,184
106821730 (BUB1B-PAK6)	1002,167,1048,184
5058 (PAK1)	1002,167,1048,184
5062 (PAK2)	1002,167,1048,184
5063 (PAK3)	1002,167,1048,184
56924 (PAK6)	1002,167,1048,184
57144 (PAK5)	1002,167,1048,184
55770 (EXOC2)	944,559,990,576
29110 (TBK1)	1044,560,1090,577
5966 (REL)	1119,560,1165,577
8315 (BRAP)	784,466,830,483
283455 (KSR2)	909,438,955,455
8844 (KSR1)	909,438,955,455
8315 (BRAP)	573,656,619,673
5566 (PRKACA)	328,416,374,433
5567 (PRKACB)	328,416,374,433
5568 (PRKACG)	328,416,374,433
8036 (SHOC2)	760,397,806,414
hsa04010: MAPK signaling pathway	882,372,992,406
hsa04014: Ras signaling pathway	40,45,273,70
hsa04151: PI3K-Akt signaling pathway	842,305,952,339
hsa04020: Calcium signaling pathway	996,669,1106,703
hsa04144: Endocytosis	1091,750,1183,775
hsa04810: Regulation of actin cytoskeleton	1062,145,1172,179
hsa04720: Long-term potentiation	481,430,617,455
hsa04660: T cell receptor signaling pathway	388,331,498,365
hsa04015: Rap1 signaling pathway	930,486,1040,520
