C05981 (Phosphatidylinositol-3,4,5-trisphosphate)	506,174,4
2122 (MECOM)	921,770,967,787
861 (RUNX1)	921,770,967,787
598 (BCL2L1)	1032,364,1078,381
5781 (PTPN11)	473,226,519,243
25 (ABL1)	278,165,324,182
613 (BCR)	278,165,324,182
7157 (TP53)	892,199,938,216
7040 (TGFB1)	146,812,192,829
7042 (TGFB2)	146,812,192,829
7043 (TGFB3)	146,812,192,829
3065 (HDAC1)	1001,777,1047,794
3066 (HDAC2)	1001,777,1047,794
1487 (CTBP1)	1001,760,1047,777
1488 (CTBP2)	1001,760,1047,777
2122 (MECOM)	921,748,967,765
4609 (MYC)	891,335,937,352
7048 (TGFBR2)	228,821,274,838
7046 (TGFBR1)	228,804,274,821
6776 (STAT5A)	370,362,416,379
6777 (STAT5B)	370,362,416,379
4089 (SMAD4)	403,844,449,861
4790 (NFKB1)	772,175,818,192
5970 (RELA)	772,175,818,192
4792 (NFKBIA)	772,141,818,158
1027 (CDKN1B)	693,232,739,249
4193 (MDM2)	693,199,739,216
1147 (CHUK)	693,140,739,157
3551 (IKBKB)	693,140,739,157
8517 (IKBKG)	693,140,739,157
598 (BCL2L1)	693,112,739,129
572 (BAD)	622,112,668,129
1029 (CDKN2A)	1016,435,1062,452
1026 (CDKN1A)	886,531,932,548
6654 (SOS1)	449,254,495,271
6655 (SOS2)	449,254,495,271
2885 (GRB2)	389,234,435,251
25759 (SHC2)	389,295,435,312
399694 (SHC4)	389,295,435,312
53358 (SHC3)	389,295,435,312
6464 (SHC1)	389,295,435,312
9846 (GAB2)	410,199,456,216
1398 (CRK)	354,182,400,199
1399 (CRKL)	354,182,400,199
867 (CBL)	354,165,400,182
1398 (CRK)	354,148,400,165
1399 (CRKL)	354,148,400,165
4193 (MDM2)	934,435,980,452
7157 (TP53)	886,465,932,482
1869 (E2F1)	1033,604,1079,621
1870 (E2F2)	1033,604,1079,621
1871 (E2F3)	1033,604,1079,621
5925 (RB1)	1033,567,1079,584
4088 (SMAD3)	403,812,449,829
1019 (CDK4)	950,574,996,591
1021 (CDK6)	950,574,996,591
595 (CCND1)	950,557,996,574
10000 (AKT3)	535,165,581,182
207 (AKT1)	535,165,581,182
208 (AKT2)	535,165,581,182
5290 (PIK3CA)	429,166,475,183
5291 (PIK3CB)	429,166,475,183
5293 (PIK3CD)	429,166,475,183
5295 (PIK3R1)	429,166,475,183
5296 (PIK3R2)	429,166,475,183
8503 (PIK3R3)	429,166,475,183
1029 (CDKN2A)	887,599,933,616
5594 (MAPK1)	772,264,818,281
5595 (MAPK3)	772,264,818,281
5604 (MAP2K1)	693,264,739,281
5605 (MAP2K2)	693,264,739,281
369 (ARAF)	612,264,658,281
5894 (RAF1)	612,264,658,281
673 (BRAF)	612,264,658,281
3265 (HRAS)	530,264,576,281
3845 (KRAS)	530,264,576,281
4893 (NRAS)	530,264,576,281
7157 (TP53)	921,684,967,701
1026 (CDKN1A)	1051,664,1097,681
10912 (GADD45G)	1103,664,1149,681
1647 (GADD45A)	1103,664,1149,681
4616 (GADD45B)	1103,664,1149,681
581 (BAX)	1051,686,1097,703
578 (BAK1)	1103,686,1149,703
1643 (DDB2)	1051,708,1097,725
51426 (POLK)	1103,708,1149,725
hsa04115: p53 signaling pathway	732,678,834,712
hsa04350: TGF-beta signaling pathway	522,774,624,808
hsa04640: Hematopoietic cell lineage	114,575,225,609
hsa04210: Apoptosis	868,102,970,136
hsa04010: MAPK signaling pathway	622,289,724,323
hsa05220: Chronic myeloid leukemia	40,45,278,70
hsa04110: Cell cycle	1001,489,1103,523
hsa04151: PI3K-Akt signaling pathway	458,117,560,151
