C20640 (Cyclic GMP-AMP)	511,586,4
C05981 (Phosphatidylinositol-3,4,5-trisphosphate)	439,1160,4
C20935 (2-5A)	556,720,4
4049 (LTA)	157,89,203,106
8740 (TNFSF14)	157,109,203,126
8764 (TNFRSF14)	240,122,286,139
5818 (NECTIN1)	240,153,286,170
29992 (PILRA)	240,203,286,220
7186 (TRAF2)	316,122,362,139
7188 (TRAF5)	316,122,362,139
4790 (NFKB1)	799,158,845,175
5970 (RELA)	799,158,845,175
5781 (PTPN11)	320,203,366,220
718 (C3)	40,327,86,344
727 (C5)	120,364,166,381
5199 (CFP)	120,383,166,400
7098 (TLR3)	337,407,383,424
54106 (TLR9)	337,351,383,368
7097 (TLR2)	240,285,286,302
148022 (TICAM1)	432,407,478,424
4615 (MYD88)	432,319,478,336
10454 (TAB1)	625,415,671,432
23118 (TAB2)	625,415,671,432
6885 (MAP3K7)	625,398,671,415
3661 (IRF3)	726,494,772,511
3665 (IRF7)	726,494,772,511
4792 (NFKBIA)	799,122,845,139
3439 (IFNA1)	1044,496,1090,513
3440 (IFNA2)	1044,496,1090,513
3441 (IFNA4)	1044,496,1090,513
3442 (IFNA5)	1044,496,1090,513
3443 (IFNA6)	1044,496,1090,513
3444 (IFNA7)	1044,496,1090,513
3445 (IFNA8)	1044,496,1090,513
3446 (IFNA10)	1044,496,1090,513
3447 (IFNA13)	1044,496,1090,513
3448 (IFNA14)	1044,496,1090,513
3449 (IFNA16)	1044,496,1090,513
3451 (IFNA17)	1044,496,1090,513
3452 (IFNA21)	1044,496,1090,513
3592 (IL12A)	1096,460,1142,477
3593 (IL12B)	1096,460,1142,477
7124 (TNF)	1044,460,1090,477
3553 (IL1B)	1096,416,1142,433
3569 (IL6)	1096,438,1142,455
6347 (CCL2)	1044,416,1090,433
6352 (CCL5)	1044,438,1090,455
25833 (POU2F3)	991,674,1037,691
5451 (POU2F1)	991,674,1037,691
5452 (POU2F2)	991,674,1037,691
29915 (HCFC2)	991,657,1037,674
3054 (HCFC1)	991,657,1037,674
7189 (TRAF6)	525,424,571,441
9641 (IKBKE)	625,486,671,503
29110 (TBK1)	625,503,671,520
23586 (DDX58)	358,484,404,501
57506 (MAVS)	437,494,483,511
64135 (IFIH1)	358,505,404,522
5371 (PML)	1010,874,1056,891
6672 (SP100)	1033,857,1079,874
1616 (DAXX)	987,857,1033,874
7157 (TP53)	1128,302,1174,319
27102 (EIF2AK1)	456,664,502,681
440275 (EIF2AK4)	456,664,502,681
5610 (EIF2AK2)	456,664,502,681
9451 (EIF2AK3)	456,664,502,681
1965 (EIF2S1)	541,664,587,681
5499 (PPP1CA)	470,638,516,655
5500 (PPP1CB)	470,638,516,655
5501 (PPP1CC)	470,638,516,655
4938 (OAS1)	458,712,504,729
4939 (OAS2)	458,712,504,729
4940 (OAS3)	458,712,504,729
6041 (RNASEL)	609,712,655,729
10189 (ALYREF)	1028,1143,1074,1160
10482 (NXF1)	1052,1195,1098,1212
55998 (NXF5)	1052,1195,1098,1212
56000 (NXF3)	1052,1195,1098,1212
56001 (NXF2)	1052,1195,1098,1212
728343 (NXF2B)	1052,1195,1098,1212
3454 (IFNAR1)	240,821,286,838
3455 (IFNAR2)	240,821,286,838
3459 (IFNGR1)	240,843,286,860
3460 (IFNGR2)	240,843,286,860
3439 (IFNA1)	161,821,207,838
3440 (IFNA2)	161,821,207,838
3441 (IFNA4)	161,821,207,838
3442 (IFNA5)	161,821,207,838
3443 (IFNA6)	161,821,207,838
3444 (IFNA7)	161,821,207,838
3445 (IFNA8)	161,821,207,838
3446 (IFNA10)	161,821,207,838
3447 (IFNA13)	161,821,207,838
3448 (IFNA14)	161,821,207,838
3449 (IFNA16)	161,821,207,838
3451 (IFNA17)	161,821,207,838
3452 (IFNA21)	161,821,207,838
3456 (IFNB1)	161,821,207,838
3716 (JAK1)	319,821,365,838
7297 (TYK2)	319,821,365,838
6772 (STAT1)	475,821,521,838
6773 (STAT2)	475,821,521,838
10379 (IRF9)	840,787,886,804
6772 (STAT1)	476,843,522,860
3716 (JAK1)	319,843,365,860
3717 (JAK2)	319,843,365,860
3458 (IFNG)	161,843,207,860
6732 (SRPK1)	1142,1029,1188,1046
10929 (SRSF8)	1065,1030,1111,1047
6426 (SRSF1)	1065,1030,1111,1047
6427 (SRSF2)	1065,1030,1111,1047
6428 (SRSF3)	1065,1030,1111,1047
6429 (SRSF4)	1065,1030,1111,1047
6430 (SRSF5)	1065,1030,1111,1047
6431 (SRSF6)	1065,1030,1111,1047
6432 (SRSF7)	1065,1030,1111,1047
8683 (SRSF9)	1065,1030,1111,1047
9021 (SOCS3)	348,775,394,792
972 (CD74)	783,1036,829,1053
3108 (HLA-DMA)	783,1073,829,1090
3109 (HLA-DMB)	783,1073,829,1090
3111 (HLA-DOA)	783,1073,829,1090
3112 (HLA-DOB)	783,1073,829,1090
3113 (HLA-DPA1)	783,1073,829,1090
3115 (HLA-DPB1)	783,1073,829,1090
3117 (HLA-DQA1)	783,1073,829,1090
3118 (HLA-DQA2)	783,1073,829,1090
3119 (HLA-DQB1)	783,1073,829,1090
3122 (HLA-DRA)	783,1073,829,1090
3123 (HLA-DRB1)	783,1073,829,1090
3125 (HLA-DRB3)	783,1073,829,1090
3126 (HLA-DRB4)	783,1073,829,1090
3127 (HLA-DRB5)	783,1073,829,1090
355 (FAS)	240,1259,286,1276
7132 (TNFRSF1A)	240,1281,286,1298
356 (FASLG)	163,1259,209,1276
8772 (FADD)	388,1269,434,1286
841 (CASP8)	509,1269,555,1286
7124 (TNF)	163,1281,209,1298
1147 (CHUK)	726,122,772,139
3551 (IKBKB)	726,122,772,139
8517 (IKBKG)	726,122,772,139
329 (BIRC2)	1044,136,1090,153
330 (BIRC3)	1044,136,1090,153
329 (BIRC2)	1096,136,1142,153
330 (BIRC3)	1096,136,1142,153
4790 (NFKB1)	1044,158,1090,175
5970 (RELA)	1096,158,1142,175
6347 (CCL2)	1044,180,1090,197
4790 (NFKB1)	799,438,845,455
5970 (RELA)	799,438,845,455
4792 (NFKBIA)	799,407,845,424
1147 (CHUK)	726,407,772,424
3551 (IKBKB)	726,407,772,424
8517 (IKBKG)	726,407,772,424
51135 (IRAK4)	525,390,571,407
3654 (IRAK1)	525,407,571,424
3665 (IRF7)	726,319,772,336
7187 (TRAF3)	525,494,571,511
115004 (CGAS)	417,577,463,594
340061 (TMEM173)	558,577,604,594
29110 (TBK1)	646,577,692,594
3105 (HLA-A)	607,1003,653,1020
3106 (HLA-B)	607,1003,653,1020
3107 (HLA-C)	607,1003,653,1020
3133 (HLA-E)	607,1003,653,1020
3134 (HLA-F)	607,1003,653,1020
3135 (HLA-G)	607,1003,653,1020
6890 (TAP1)	607,918,653,935
6891 (TAP2)	607,918,653,935
6892 (TAPBP)	607,935,653,952
2923 (PDIA3)	573,957,619,974
811 (CALR)	573,974,619,991
567 (B2M)	572,1042,618,1059
3105 (HLA-A)	240,1003,286,1020
3106 (HLA-B)	240,1003,286,1020
3107 (HLA-C)	240,1003,286,1020
3133 (HLA-E)	240,1003,286,1020
3134 (HLA-F)	240,1003,286,1020
3135 (HLA-G)	240,1003,286,1020
8717 (TRADD)	320,1281,366,1298
10000 (AKT3)	480,1152,526,1169
207 (AKT1)	480,1152,526,1169
208 (AKT2)	480,1152,526,1169
7248 (TSC1)	568,1143,614,1160
7249 (TSC2)	568,1160,614,1177
6009 (RHEB)	647,1152,693,1169
2475 (MTOR)	731,1152,777,1169
1978 (EIF4EBP1)	813,1152,859,1169
5290 (PIK3CA)	351,1152,397,1169
5291 (PIK3CB)	351,1152,397,1169
5293 (PIK3CD)	351,1152,397,1169
5295 (PIK3R1)	351,1152,397,1169
5296 (PIK3R2)	351,1152,397,1169
8503 (PIK3R3)	351,1152,397,1169
572 (BAD)	575,1383,621,1400
3678 (ITGA5)	240,234,286,251
3690 (ITGB3)	240,251,286,268
6714 (SRC)	357,243,403,260
6850 (SYK)	476,243,522,260
64170 (CARD9)	597,243,643,260
3661 (IRF3)	726,243,772,260
3456 (IFNB1)	1044,243,1090,260
100129543 (ZNF730)	1154,818,1200,835
100129842 (ZNF737)	1154,818,1200,835
100131017 (ZNF316)	1154,818,1200,835
100131539 (ZNF705E)	1154,818,1200,835
100131827 (ZNF717)	1154,818,1200,835
100287226 (ZNF729)	1154,818,1200,835
100289635 (ZNF605)	1154,818,1200,835
100289678 (ZNF783)	1154,818,1200,835
100529215 (ZNF559-ZNF177)	1154,818,1200,835
101060200 (ZNF891)	1154,818,1200,835
10172 (ZNF256)	1154,818,1200,835
10224 (ZNF443)	1154,818,1200,835
10308 (ZNF267)	1154,818,1200,835
10520 (ZNF211)	1154,818,1200,835
10780 (ZNF234)	1154,818,1200,835
10793 (ZNF273)	1154,818,1200,835
10794 (ZNF460)	1154,818,1200,835
10795 (ZNF268)	1154,818,1200,835
10838 (ZNF275)	1154,818,1200,835
113835 (ZNF257)	1154,818,1200,835
114026 (ZIM3)	1154,818,1200,835
115196 (ZNF554)	1154,818,1200,835
115509 (ZNF689)	1154,818,1200,835
117608 (ZNF354B)	1154,818,1200,835
121274 (ZNF641)	1154,818,1200,835
125893 (ZNF816)	1154,818,1200,835
125919 (ZNF543)	1154,818,1200,835
126017 (ZNF813)	1154,818,1200,835
126070 (ZNF440)	1154,818,1200,835
126295 (ZNF57)	1154,818,1200,835
126375 (ZNF792)	1154,818,1200,835
127396 (ZNF684)	1154,818,1200,835
136051 (ZNF786)	1154,818,1200,835
139735 (ZFP92)	1154,818,1200,835
140612 (ZFP28)	1154,818,1200,835
146198 (ZFP90)	1154,818,1200,835
146434 (ZNF597)	1154,818,1200,835
146540 (ZNF785)	1154,818,1200,835
146542 (ZNF688)	1154,818,1200,835
147657 (ZNF480)	1154,818,1200,835
147658 (ZNF534)	1154,818,1200,835
147686 (ZNF418)	1154,818,1200,835
147687 (ZNF417)	1154,818,1200,835
147694 (ZNF548)	1154,818,1200,835
147741 (ZNF560)	1154,818,1200,835
147837 (ZNF563)	1154,818,1200,835
147923 (ZNF420)	1154,818,1200,835
147929 (ZNF565)	1154,818,1200,835
147948 (ZNF582)	1154,818,1200,835
147949 (ZNF583)	1154,818,1200,835
148103 (ZNF599)	1154,818,1200,835
148156 (ZNF558)	1154,818,1200,835
148198 (ZNF98)	1154,818,1200,835
148206 (ZNF714)	1154,818,1200,835
148254 (ZNF555)	1154,818,1200,835
148266 (ZNF569)	1154,818,1200,835
148268 (ZNF570)	1154,818,1200,835
152687 (ZNF595)	1154,818,1200,835
155054 (ZNF425)	1154,818,1200,835
155061 (ZNF746)	1154,818,1200,835
158431 (ZNF782)	1154,818,1200,835
162239 (ZFP1)	1154,818,1200,835
162655 (ZNF519)	1154,818,1200,835
162962 (ZNF836)	1154,818,1200,835
162963 (ZNF610)	1154,818,1200,835
162966 (ZNF600)	1154,818,1200,835
162967 (ZNF320)	1154,818,1200,835
162972 (ZNF550)	1154,818,1200,835
162993 (ZNF846)	1154,818,1200,835
163049 (ZNF791)	1154,818,1200,835
163050 (ZNF564)	1154,818,1200,835
163051 (ZNF709)	1154,818,1200,835
163059 (ZNF433)	1154,818,1200,835
163071 (ZNF114)	1154,818,1200,835
163081 (ZNF567)	1154,818,1200,835
163087 (ZNF383)	1154,818,1200,835
163131 (ZNF780B)	1154,818,1200,835
163223 (ZNF676)	1154,818,1200,835
163227 (ZNF100)	1154,818,1200,835
163255 (ZNF540)	1154,818,1200,835
168417 (ZNF679)	1154,818,1200,835
169270 (ZNF596)	1154,818,1200,835
169841 (ZNF169)	1154,818,1200,835
170959 (ZNF431)	1154,818,1200,835
170960 (ZNF721)	1154,818,1200,835
171392 (ZNF675)	1154,818,1200,835
197320 (ZNF778)	1154,818,1200,835
199692 (ZNF627)	1154,818,1200,835
199704 (ZNF585A)	1154,818,1200,835
201514 (ZNF584)	1154,818,1200,835
219749 (ZNF25)	1154,818,1200,835
22835 (ZFP30)	1154,818,1200,835
22869 (ZNF510)	1154,818,1200,835
253639 (ZNF620)	1154,818,1200,835
255403 (ZNF718)	1154,818,1200,835
256051 (ZNF549)	1154,818,1200,835
25799 (ZNF324)	1154,818,1200,835
25888 (ZNF473)	1154,818,1200,835
26149 (ZNF658)	1154,818,1200,835
26152 (ZNF337)	1154,818,1200,835
26974 (ZNF285)	1154,818,1200,835
27153 (ZNF777)	1154,818,1200,835
27300 (ZNF544)	1154,818,1200,835
282890 (ZNF311)	1154,818,1200,835
284306 (ZNF547)	1154,818,1200,835
284307 (ZIK1)	1154,818,1200,835
284323 (ZNF780A)	1154,818,1200,835
284349 (ZNF283)	1154,818,1200,835
284370 (ZNF615)	1154,818,1200,835
284371 (ZNF841)	1154,818,1200,835
284390 (ZNF763)	1154,818,1200,835
284406 (ZFP82)	1154,818,1200,835
284459 (ZNF875)	1154,818,1200,835
285267 (ZNF619)	1154,818,1200,835
285268 (ZNF621)	1154,818,1200,835
285676 (ZNF454)	1154,818,1200,835
286075 (ZNF707)	1154,818,1200,835
30832 (ZNF354C)	1154,818,1200,835
339318 (ZNF181)	1154,818,1200,835
339327 (ZNF546)	1154,818,1200,835
339559 (ZFP69)	1154,818,1200,835
340252 (ZNF680)	1154,818,1200,835
340385 (ZNF517)	1154,818,1200,835
342892 (ZNF850)	1154,818,1200,835
342908 (ZNF404)	1154,818,1200,835
342909 (ZNF284)	1154,818,1200,835
342926 (ZNF677)	1154,818,1200,835
344787 (ZNF860)	1154,818,1200,835
345462 (ZNF879)	1154,818,1200,835
346171 (ZFP57)	1154,818,1200,835
347344 (ZNF81)	1154,818,1200,835
348327 (ZNF530)	1154,818,1200,835
349075 (ZNF713)	1154,818,1200,835
353088 (ZNF429)	1154,818,1200,835
353355 (ZNF233)	1154,818,1200,835
374879 (ZNF699)	1154,818,1200,835
374899 (ZNF829)	1154,818,1200,835
374900 (ZNF568)	1154,818,1200,835
374928 (ZNF773)	1154,818,1200,835
388536 (ZNF790)	1154,818,1200,835
388561 (ZNF761)	1154,818,1200,835
388566 (ZNF470)	1154,818,1200,835
388567 (ZNF749)	1154,818,1200,835
388569 (ZNF324B)	1154,818,1200,835
389114 (ZNF662)	1154,818,1200,835
390927 (ZNF793)	1154,818,1200,835
400720 (ZNF772)	1154,818,1200,835
440077 (ZNF705A)	1154,818,1200,835
440515 (ZNF506)	1154,818,1200,835
441234 (ZNF716)	1154,818,1200,835
442319 (ZNF727)	1154,818,1200,835
51276 (ZNF571)	1154,818,1200,835
51385 (ZNF589)	1154,818,1200,835
51427 (ZNF107)	1154,818,1200,835
51710 (ZNF44)	1154,818,1200,835
54753 (ZNF853)	1154,818,1200,835
54811 (ZNF562)	1154,818,1200,835
54925 (ZSCAN32)	1154,818,1200,835
55422 (ZNF331)	1154,818,1200,835
55552 (ZNF823)	1154,818,1200,835
55659 (ZNF416)	1154,818,1200,835
55713 (ZNF334)	1154,818,1200,835
55762 (ZNF701)	1154,818,1200,835
55769 (ZNF83)	1154,818,1200,835
55786 (ZNF415)	1154,818,1200,835
55900 (ZNF302)	1154,818,1200,835
56242 (ZNF253)	1154,818,1200,835
57209 (ZNF248)	1154,818,1200,835
57232 (ZNF630)	1154,818,1200,835
57335 (ZNF286A)	1154,818,1200,835
57343 (ZNF304)	1154,818,1200,835
57474 (ZNF490)	1154,818,1200,835
57541 (ZNF398)	1154,818,1200,835
57547 (ZNF624)	1154,818,1200,835
57573 (ZNF471)	1154,818,1200,835
57615 (ZNF492)	1154,818,1200,835
57677 (ZFP14)	1154,818,1200,835
57693 (ZNF317)	1154,818,1200,835
57711 (ZNF529)	1154,818,1200,835
57786 (RBAK)	1154,818,1200,835
58492 (ZNF77)	1154,818,1200,835
58500 (ZNF250)	1154,818,1200,835
59348 (ZNF350)	1154,818,1200,835
63934 (ZNF667)	1154,818,1200,835
641339 (ZNF674)	1154,818,1200,835
646915 (ZNF806)	1154,818,1200,835
65243 (ZFP69B)	1154,818,1200,835
65251 (ZNF649)	1154,818,1200,835
6940 (ZNF354A)	1154,818,1200,835
728927 (ZNF736)	1154,818,1200,835
728957 (ZNF705D)	1154,818,1200,835
729747 (ZNF878)	1154,818,1200,835
730051 (ZNF814)	1154,818,1200,835
730087 (ZNF726)	1154,818,1200,835
730291 (ZNF735)	1154,818,1200,835
7539 (ZFP37)	1154,818,1200,835
7549 (ZNF2)	1154,818,1200,835
7551 (ZNF3)	1154,818,1200,835
7553 (ZNF7)	1154,818,1200,835
7554 (ZNF8)	1154,818,1200,835
7556 (ZNF10)	1154,818,1200,835
7559 (ZNF12)	1154,818,1200,835
7561 (ZNF14)	1154,818,1200,835
7562 (ZNF708)	1154,818,1200,835
7565 (ZNF17)	1154,818,1200,835
7567 (ZNF19)	1154,818,1200,835
7568 (ZNF20)	1154,818,1200,835
7569 (ZNF182)	1154,818,1200,835
7571 (ZNF23)	1154,818,1200,835
7574 (ZNF26)	1154,818,1200,835
7581 (ZNF33A)	1154,818,1200,835
7582 (ZNF33B)	1154,818,1200,835
7587 (ZNF37A)	1154,818,1200,835
7592 (ZNF41)	1154,818,1200,835
7594 (ZNF43)	1154,818,1200,835
7596 (ZNF45)	1154,818,1200,835
7625 (ZNF74)	1154,818,1200,835
7633 (ZNF79)	1154,818,1200,835
7637 (ZNF84)	1154,818,1200,835
7638 (ZNF221)	1154,818,1200,835
7639 (ZNF85)	1154,818,1200,835
7643 (ZNF90)	1154,818,1200,835
7644 (ZNF91)	1154,818,1200,835
7652 (ZNF99)	1154,818,1200,835
7673 (ZNF222)	1154,818,1200,835
7678 (ZNF124)	1154,818,1200,835
7691 (ZNF132)	1154,818,1200,835
7692 (ZNF133)	1154,818,1200,835
7694 (ZNF135)	1154,818,1200,835
7695 (ZNF136)	1154,818,1200,835
7699 (ZNF140)	1154,818,1200,835
7700 (ZNF141)	1154,818,1200,835
7710 (ZNF154)	1154,818,1200,835
7711 (ZNF155)	1154,818,1200,835
7712 (ZNF157)	1154,818,1200,835
7728 (ZNF175)	1154,818,1200,835
7730 (ZNF177)	1154,818,1200,835
7733 (ZNF180)	1154,818,1200,835
7738 (ZNF184)	1154,818,1200,835
7743 (ZNF189)	1154,818,1200,835
7748 (ZNF195)	1154,818,1200,835
7752 (ZNF200)	1154,818,1200,835
7755 (ZNF205)	1154,818,1200,835
7757 (ZNF208)	1154,818,1200,835
7761 (ZNF214)	1154,818,1200,835
7766 (ZNF223)	1154,818,1200,835
7767 (ZNF224)	1154,818,1200,835
7768 (ZNF225)	1154,818,1200,835
7769 (ZNF226)	1154,818,1200,835
7770 (ZNF227)	1154,818,1200,835
7771 (ZNF112)	1154,818,1200,835
7772 (ZNF229)	1154,818,1200,835
7773 (ZNF230)	1154,818,1200,835
79088 (ZNF426)	1154,818,1200,835
79175 (ZNF343)	1154,818,1200,835
79230 (ZNF557)	1154,818,1200,835
79724 (ZNF768)	1154,818,1200,835
79744 (ZNF419)	1154,818,1200,835
79788 (ZNF665)	1154,818,1200,835
79818 (ZNF552)	1154,818,1200,835
79862 (ZNF669)	1154,818,1200,835
7988 (ZNF212)	1154,818,1200,835
79891 (ZNF671)	1154,818,1200,835
79898 (ZNF613)	1154,818,1200,835
79973 (ZNF442)	1154,818,1200,835
80032 (ZNF556)	1154,818,1200,835
80095 (ZNF606)	1154,818,1200,835
80110 (ZNF614)	1154,818,1200,835
80264 (ZNF430)	1154,818,1200,835
80778 (ZNF34)	1154,818,1200,835
80818 (ZNF436)	1154,818,1200,835
81856 (ZNF611)	1154,818,1200,835
81931 (ZNF93)	1154,818,1200,835
83744 (ZNF484)	1154,818,1200,835
8427 (ZNF282)	1154,818,1200,835
84436 (ZNF528)	1154,818,1200,835
84449 (ZNF333)	1154,818,1200,835
84503 (ZNF527)	1154,818,1200,835
84527 (ZNF559)	1154,818,1200,835
84671 (ZNF347)	1154,818,1200,835
84765 (ZNF577)	1154,818,1200,835
84775 (ZNF607)	1154,818,1200,835
84874 (ZNF514)	1154,818,1200,835
84911 (ZNF382)	1154,818,1200,835
84914 (ZNF587)	1154,818,1200,835
84924 (ZNF566)	1154,818,1200,835
90075 (ZNF30)	1154,818,1200,835
90233 (ZNF551)	1154,818,1200,835
90317 (ZNF616)	1154,818,1200,835
90321 (ZNF766)	1154,818,1200,835
90333 (ZNF468)	1154,818,1200,835
90338 (ZNF160)	1154,818,1200,835
90576 (ZNF799)	1154,818,1200,835
90592 (ZNF700)	1154,818,1200,835
90594 (ZNF439)	1154,818,1200,835
90649 (ZNF486)	1154,818,1200,835
90827 (ZNF479)	1154,818,1200,835
90987 (ZNF251)	1154,818,1200,835
91120 (ZNF682)	1154,818,1200,835
91661 (ZNF765)	1154,818,1200,835
91664 (ZNF845)	1154,818,1200,835
91975 (ZNF300)	1154,818,1200,835
92283 (ZNF461)	1154,818,1200,835
92285 (ZNF585B)	1154,818,1200,835
92595 (ZNF764)	1154,818,1200,835
9310 (ZNF235)	1154,818,1200,835
93134 (ZNF561)	1154,818,1200,835
93474 (ZNF670)	1154,818,1200,835
94039 (ZNF101)	1154,818,1200,835
9422 (ZNF264)	1154,818,1200,835
9534 (ZNF254)	1154,818,1200,835
9668 (ZNF432)	1154,818,1200,835
9831 (ZNF623)	1154,818,1200,835
684 (BST2)	1205,818,1251,835
27102 (EIF2AK1)	1154,839,1200,856
440275 (EIF2AK4)	1154,839,1200,856
5610 (EIF2AK2)	1154,839,1200,856
9451 (EIF2AK3)	1154,839,1200,856
4938 (OAS1)	1205,839,1251,856
4939 (OAS2)	1205,839,1251,856
4940 (OAS3)	1205,839,1251,856
3456 (IFNB1)	1096,496,1142,513
581 (BAX)	664,1326,710,1343
578 (BAK1)	664,1348,710,1365
54205 (CYCS)	780,1337,826,1354
836 (CASP3)	959,1337,1005,1354
842 (CASP9)	883,1337,929,1354
637 (BID)	582,1337,628,1354
596 (BCL2)	664,1376,710,1393
598 (BCL2L1)	664,1398,710,1415
10482 (NXF1)	1051,1069,1097,1086
55998 (NXF5)	1051,1069,1097,1086
56000 (NXF3)	1051,1069,1097,1086
56001 (NXF2)	1051,1069,1097,1086
728343 (NXF2B)	1051,1069,1097,1086
1147 (CHUK)	625,319,671,336
1967 (EIF2B1)	624,664,670,681
8890 (EIF2B4)	624,664,670,681
8891 (EIF2B3)	624,664,670,681
8892 (EIF2B2)	624,664,670,681
8893 (EIF2B5)	624,664,670,681
317 (APAF1)	780,1367,826,1384
3108 (HLA-DMA)	240,1073,286,1090
3109 (HLA-DMB)	240,1073,286,1090
3111 (HLA-DOA)	240,1073,286,1090
3112 (HLA-DOB)	240,1073,286,1090
3113 (HLA-DPA1)	240,1073,286,1090
3115 (HLA-DPB1)	240,1073,286,1090
3117 (HLA-DQA1)	240,1073,286,1090
3118 (HLA-DQA2)	240,1073,286,1090
3119 (HLA-DQB1)	240,1073,286,1090
3122 (HLA-DRA)	240,1073,286,1090
3123 (HLA-DRB1)	240,1073,286,1090
3125 (HLA-DRB3)	240,1073,286,1090
3126 (HLA-DRB4)	240,1073,286,1090
3127 (HLA-DRB5)	240,1073,286,1090
hsa05168: Herpes simplex virus 1 infection	40,45,329,70
hsa04610: Complement and coagulation cascades	60,437,195,471
hsa04622: RIG-I-like receptor signaling pathway	819,511,937,545
hsa04620: Toll-like receptor signaling pathway	489,285,607,319
hsa04630: JAK-STAT signaling pathway	696,787,814,821
hsa03040: Spliceosome	1043,957,1135,982
hsa04612: Antigen processing and presentation	296,961,415,995
hsa04210: Apoptosis	682,1245,767,1270
hsa03050: Proteasome	741,886,850,911
hsa04151: PI3K-Akt signaling pathway	382,1112,500,1146
hsa04115: p53 signaling pathway	1053,329,1171,363
